frame,id,lobeDist,intensity[photon],offset[photon],UncertaintyX,UncertaintyY,UncertaintyZ,x[nm],y[nm],z[nm],Probe
32,1,9.42366773767736,4933.77216254368,23.1110038697724,11.4818899130986,11.7338640433729,17.6421934986396,33402.9085561143,15999.2426898383,-1224.0057232401,0
32,2,5.04266885710116,3723.00270212499,23.2858146532192,13.8599736586301,14.2403207562202,21.3171968867462,34425.475987564,15936.8252750136,682.660605673108,0
33,3,9.92176628025686,4674.74640254368,23.1110038697724,11.8949973498762,12.1677415435659,18.2801751985092,33377.426631027,15985.7007979197,-1214.17792646352,0
33,4,7.85827467485256,3478.18371212499,23.2858146532192,14.5138875909366,14.9321109354486,22.3284363332581,34264.5956762642,15556.5563133469,172.887323727446,0
34,5,9.35294128283058,4084.27339454368,23.1110038697724,13.007852632006,13.3392399449712,19.9995478775513,33410.262545111,15991.841028072,-1246.13241229356,0
62,6,6.25602908045255,2045.34098192197,22.244414006579,20.8639452702066,21.6875828337655,32.1587628697715,23818.3521697883,24733.1767236311,868.75136501592,0
63,7,7.23325037747643,2966.62673290085,22.1035727988385,16.0292567471501,16.5267582950473,24.6695203535714,23432.776668354,23970.6821989365,1078.00320980982,0
64,8,7.38921947459018,2807.64306490085,22.1035727988385,16.6514981120862,17.1878473218895,25.6325499648017,23463.3341178117,23971.1077898201,1107.67625369495,0
65,9,7.19769031636803,3077.88412248651,22.0827981955524,15.625811128735,16.0984037577737,24.0451926648946,23450.3487251259,23948.0445170346,1085.24609896919,0
66,10,7.35850123660422,3301.00343890085,22.1035727988385,14.8987909223905,15.3281597414953,22.9205937960206,23498.2989139895,23960.7518177034,1137.46287879919,0
66,11,7.61376669462776,2349.18625938839,22.3163550672107,18.9072406077973,19.5946598344322,29.1265338337746,24040.3031842709,23224.8047084129,-7.9350621121208,0
73,12,7.17491155411061,2125.15789807446,22.1112164338599,20.2697875934107,21.0490359123142,31.2371845927475,25447.8496555126,21477.9106202902,1006.65884382799,0
74,13,6.90775817945117,3303.859855905,22.0850620761137,14.8877752073773,15.3163091708396,22.9035044219333,25445.4440758384,21477.0743495481,1030.35632559856,0
75,14,7.18759398097361,2824.19706007446,22.1112164338599,16.5848584798743,17.1170918985514,25.5294255574129,25452.6506079997,21476.0390703565,987.093292093717,0
76,15,8.85417776304246,2659.46937849385,22.7991867711329,17.3992119315146,17.9918934298543,26.7924282841482,30809.7624938601,27436.1192052583,-1241.2817467498,0
76,16,6.69576744982751,3071.309347905,22.0850620761137,15.6490535468694,16.1230813186385,24.0811601041547,25426.1810583797,21486.9470188907,947.812361945986,0
77,17,8.65894067548869,2791.88969049385,22.7991867711329,16.8182298176151,17.3732478959205,25.8928718783554,30792.0140997484,27445.5174314887,-1213.61234707736,0
77,18,7.04330853442513,2829.85774207446,22.1112164338599,16.561854478223,17.0926387839415,25.4938192034858,25450.4748649541,21484.4223821049,942.683710067297,0
78,19,6.10063297734632,3201.423815564,22.5008326703994,15.2630097267342,15.7180886533859,23.4851072476392,26675.1510212829,23496.0078019199,485.004669801711,0
78,20,9.2910605987668,2877.92324649385,22.7991867711329,16.4669158379631,16.9995364907695,25.3490231167674,30789.1272750196,27420.8670847866,-1225.30917240339,0
79,21,9.02386867408254,3000.91643049385,22.7991867711329,15.9965394873774,16.4996311223107,24.6209870518433,30808.0935412166,27425.7508965766,-1253.06068750149,0
80,22,8.76074968084,3007.99759632654,22.8388047903528,15.9758080299802,16.4780369899178,24.5890203113682,30834.6654226984,27416.9697169465,-1214.00658576393,0
81,23,8.58316921928293,3197.61943032654,22.8388047903528,15.3176418225604,15.779475756661,23.5705816443822,30814.5128109058,27433.9305835925,-1226.37472586743,0
82,24,9.00423457072251,2507.52282432654,22.8388047903528,18.140977371237,18.7833346605602,27.941369506885,30816.0871069012,27433.1001597351,-1214.92610297874,0
91,25,11.209140216914,5410.36891560591,23.621970624799,10.8486418712177,11.0730988733635,16.6654295825139,25097.8317086958,35486.8682499892,-945.070993713725,0
91,26,5.18671296698485,3757.78716312212,23.6838552543413,13.8141955086425,14.1953986426973,21.2473705330047,26209.283525716,35638.5040477853,710.540726791615,0
92,27,11.2767810008413,5481.18217293714,23.6097390261587,10.7567719013823,10.9767710036137,16.5235942878468,25114.0752913461,35517.4674838082,-932.93716399026,0
92,28,4.8271652382279,4242.19970817253,23.7022061790566,12.7364537932472,13.0578167577777,19.5814147311862,26161.8469756544,35662.506451948,586.232400008133,0
93,29,11.8433018043761,5162.54794708925,23.6137217618204,11.1838774387399,11.424520038728,17.1829666239219,25099.5168356616,35520.5573794811,-907.226818233977,0
93,30,4.67019670119903,3284.15110674714,23.6312854242885,15.1353388472878,15.5940161061386,23.2907008986699,26172.6696662737,35738.0363203856,651.761191943767,0
93,31,7.71406870577439,3839.08166024274,23.4170064200979,13.5893543023467,13.9554980355654,20.8991050837179,23854.5862987123,35627.3990196312,501.312833034979,0
94,32,11.5134033216784,5299.25082802397,23.6005111313828,10.9943077701198,11.2256371089393,16.8902644944774,25076.4664328026,35509.672837712,-941.187855945923,0
94,33,4.44773490529669,3924.01738512212,23.6838552543413,13.417005217463,13.7757074089219,20.6332775305605,26105.1985673315,35668.9030169081,563.081099593875,0
95,34,11.7316981487145,5231.71911202397,23.6005111313828,11.0864033000412,11.3222000133881,17.0324474318485,25047.5052656569,35474.870594052,-939.964655150491,0
95,35,5.72138221067573,3596.82115512212,23.6838552543413,14.2300080397128,14.6352446373021,21.8903860776574,26238.005593375,35603.3139661621,694.34398722878,0
96,36,11.0326252310817,5422.50359814731,23.616661088099,10.8325303514587,11.0561835943506,16.6405494246763,25092.7633610341,35493.5681526788,-928.677705109207,0
96,37,8.56490711288407,1636.47140928176,23.139162321993,24.8057151974212,25.9418607886122,38.2777368906508,32740.5979924475,21689.2961067989,-1248.37423170104,0
97,38,9.1084758514013,2289.49825728176,23.139162321993,19.4061593603209,20.1391795842204,29.9026822662092,32768.884176168,21682.2002502817,-1264.13153478109,0
98,39,9.30128428784593,2785.12878808154,23.1232838207915,16.8937368348813,17.4573290747107,26.0107955904576,32755.2342177895,21736.5030855168,-1206.7735896131,0
100,40,8.85769262888834,2314.22947125324,23.1475269112041,19.2591394848719,19.9820077971078,29.6748742799374,32793.7343711168,21732.0436043927,-1186.62341758234,0
101,41,8.84202726389455,2087.80219125324,23.1475269112041,20.7395575405778,21.5676646977484,31.9696230167938,32743.4645443523,21756.3145976748,-1275.98005874251,0
111,42,8.7985745145472,1974.0714633836,23.1637139059215,21.604464931025,22.4961427448243,33.3108678615822,32729.7073409454,21729.0915820344,-1235.34899484458,0
118,43,9.29525806468962,2506.7922993836,23.1637139059215,18.1978209995992,18.8480805202493,28.0305443214151,32718.0953509519,21722.1892338575,-1275.3790628825,0
124,44,6.33999386684201,1177.02353172482,23.0613024262451,31.8698183271759,33.5910183983581,49.250841058349,26709.6878738251,25427.1262322879,526.070724112586,0
125,45,5.7349177026367,1488.86763972482,23.0613024262451,26.6092150332019,27.8882342389233,41.0773905250046,26699.172793716,25389.6674577076,570.942680802832,0
127,46,8.98758835635376,3192.22645572992,23.1993002341893,15.3802292433048,15.84952673791,23.6684266315665,32741.6178921708,21693.1010972179,-1254.34204581007,0
127,47,10.5118845352655,2312.85093391085,22.831781900555,19.2107913445806,19.926057754973,29.5987839577636,25675.3447236671,24163.8108693605,-942.459749599217,0
128,48,9.07224776420935,6291.59301972992,23.1993002341893,9.82036852370125,9.99518651832101,15.0779754023769,32750.9109876293,21713.858660239,-1215.87967316617,0
129,49,9.01587862916734,4660.47961572992,23.1993002341893,11.9260970452256,12.2010652765486,18.3283862468129,32754.2994637753,21694.4869600975,-1217.15265368262,0
130,50,8.94172538696837,5988.29439204795,23.200841953815,10.1353702736685,10.3241822569424,15.5639426471258,32752.5079725602,21721.2482176,-1211.41257642824,0
131,51,9.08575391042429,6557.88675204795,23.200841953815,9.5649777845268,9.72873839138569,14.6840518973389,32730.4485246411,21711.2791145869,-1217.65900873132,0
132,52,9.07009164166888,6514.73781804795,23.200841953815,9.60514133994404,9.77062577536105,14.7459974135113,32746.6527472843,21709.5556232804,-1220.37064920051,0
132,53,7.50766226749652,3412.32921199325,23.3633148968916,14.7130171438793,15.1437423341744,22.6366448162399,27440.6177240949,28723.765491184,1215.96046145086,0
133,54,9.02521906997041,7048.42779804795,23.200841953815,9.13854656611755,9.28438967049377,14.0264593619503,32751.4188241396,21720.0644471371,-1208.1187772084,0
133,55,7.52446182364192,3547.65695599325,23.3633148968916,14.3286204501811,14.7367050125694,22.0420950225282,27424.9436196827,28728.0628785608,1196.49301737145,0
134,56,8.79615742173882,6744.73331004795,23.200841953815,9.39621832399703,9.55280349135672,14.4237874746158,32745.4785005901,21716.9450656632,-1222.02372081706,0
135,57,9.02043744722982,6539.95758804795,23.200841953815,9.58161060180583,9.74608434441154,14.7097050096531,32734.0182694156,21714.5483308714,-1227.01409137164,0
136,58,9.07597434521263,6739.46909604795,23.200841953815,9.40086174362857,9.55764287091141,14.4309482505114,32738.109353052,21718.9500177862,-1231.1860742854,0
136,59,8.95445088661209,5338.50799042363,22.9872895842562,10.8990117445812,11.1218543449673,16.7420723212051,32749.5470090122,21716.2565699849,-1223.5471738973,0
137,60,9.10706629532332,5106.13106604795,23.200841953815,11.234159535868,11.4745466746977,17.2598507875107,32746.7892757371,21731.1627380319,-1205.62863065333,0
137,61,6.35075824433002,3879.88712266539,22.8269223200424,13.4341769439738,13.786597573376,20.6578262587454,24467.5646964721,26861.3866949606,859.332672817748,0
137,62,7.63729997012107,3265.44561416672,22.5084353759424,15.0587462571983,15.5016764087931,23.169138903586,31840.0445377125,34796.8396566029,1256.04339800246,0
138,63,9.07283584777853,3680.69645004795,23.200841953815,13.9584144472507,14.3436317382547,21.4692006307512,32757.3034547733,21740.1189851268,-1193.7317390082,0
138,64,6.30648382461738,3989.81888866539,22.8269223200424,13.1853034655798,13.5240238964883,20.2731539338115,24458.017953651,26868.091135595,847.869021679297,0
138,65,5.80877343937661,2398.61777901196,23.2183390927772,18.7857026678984,19.4767255792633,28.941515185446,30775.5727792338,32109.1587188654,133.146341787434,0
139,66,6.47511543684236,3790.32940666539,22.8269223200424,13.6464215683141,14.0106678383589,20.9859218731124,24466.4088628123,26845.839213202,859.307083615219,0
139,67,5.34755980622517,2053.00781301196,23.2183390927772,21.0081818469691,21.8568619253755,32.3864171818833,30771.0949864458,32164.5720886341,192.225875355012,0
139,68,5.7690650158782,3725.6908235252,23.0295246252926,13.8264815342339,14.2026617747234,21.2647893112702,24738.3730417899,26201.7123050789,-291.637922341654,0
140,69,8.46746086434526,1931.0101034393,22.9263432273631,21.903103309009,22.8132536912508,33.7730193439291,31373.5354989435,33367.2256795158,-1306.2394773232,0
140,70,6.87629914535257,2298.0317359331,22.852347659801,19.3028429777647,20.0247776810488,29.7415043078395,24456.9476594208,26845.7380742735,856.341732222626,0
141,71,9.06234487894372,2439.7886774393,22.9263432273631,18.5106342535928,19.1790786553681,28.5143083731398,31362.3454718835,33390.7552302419,-1232.32301276593,0
142,72,8.93780881463181,2072.52018372569,22.983360615449,20.8169483626749,21.6482579727122,32.0889504260138,31319.0482632621,33387.7264020352,-1279.35840944921,0
143,73,8.8562607172951,2192.31959772569,22.983360615449,19.9899309256148,20.761934341381,30.8068739578593,31334.8239461195,33358.7975087174,-1380.69949066607,0
144,74,8.90819723392662,2233.6253174393,22.9263432273631,19.7131898659827,20.4648422256559,30.3777198120525,31355.4114565841,33357.6083269135,-1363.02949063584,0
145,75,8.5029951607834,2900.78588772569,22.983360615449,16.402318611432,16.9328967759804,25.2495956419033,31344.9586354261,33354.4763585944,-1376.21042123923,0
146,76,7.10461821703524,3426.80482328951,22.3812692765293,14.5575145997513,14.9696728769785,22.3935350121612,32576.0585270482,33819.2900342213,1107.10415568817,0
147,77,7.12380587059501,2955.26359411806,22.4183629660813,16.1149677249332,16.6212654601742,24.8031224160102,32529.0638900731,33776.475028062,1169.56230375978,0
148,78,6.96138260002226,2046.16247011806,22.4183629660813,20.8940781266172,21.7225270680853,32.2062067548683,32470.9743114745,33714.2995817566,1254.55243934469,0
149,79,7.77203821891703,2435.36189011806,22.4183629660813,18.448233280942,19.1058656295907,28.4158265479218,32528.2392812767,33733.8998962255,1218.85455477197,0
167,80,10.2899106790709,2698.83826749254,21.7624524390929,17.0633095864209,17.6217402833506,26.268902074476,35816.0276274423,27284.4027853474,-1022.21810647109,0
172,81,6.88609235762499,5113.04345725776,23.6023331255388,11.253549180458,11.4975397187415,17.2905214283229,27813.9439993077,32229.6299263599,1062.76769595219,0
173,82,7.18406314020636,5479.77635725776,23.6023331255388,10.7580607402724,10.9780754067158,16.5255711032518,27826.3770027003,32211.7748131088,1029.55288575288,0
174,83,6.97897547307238,4884.19331725776,23.6023331255388,11.5957089704096,11.8567419325975,17.8188913058703,27834.6559202838,32206.9881863565,1016.57929850699,0
174,84,6.64574192214898,3701.93628370976,23.5558846272984,13.9414470616425,14.328832432153,21.4438300920983,27429.117315547,32880.0279565476,-191.407724712294,0
176,85,9.81664584538012,4962.83708291544,23.5679422656182,11.4724055104436,11.7270198463081,17.628407256284,28409.9660437973,32282.0131563405,-1115.49121842149,0
176,86,5.44254191659383,2935.93118386692,23.3829528577678,16.3203271628483,16.8500786362026,25.1238814921614,29465.2558920181,32235.6102149347,654.680954495337,0
178,87,9.57218747220127,1842.49635624153,23.0346104477109,22.6941455445729,23.6653264669749,35.0005199507049,28403.889390543,24045.9182963425,-1210.32742664067,0
179,88,9.21632328151452,2459.86311024153,23.0346104477109,18.4215433382236,19.0853215206358,28.376671028533,28414.6134587153,24025.8367675052,-1208.76857371819,0
180,89,9.41445511650474,2049.88566455568,22.904883588894,20.9670943520649,21.8081363933084,32.3214279356935,28408.5153342909,24030.7743158253,-1123.57751518074,0
181,90,9.75624535763378,2400.23122055568,22.904883588894,18.7229470666883,19.4055907397749,28.8431605896753,28419.4493502189,24059.5218659652,-1140.08889120112,0
182,91,9.44525190097463,2464.72334855568,22.904883588894,18.3741687524252,19.0330819870037,28.3028250013777,28423.5515105661,24058.8467506018,-1207.61591991244,0
183,92,9.68763163464119,2295.49759055568,22.904883588894,19.3275646355928,20.0519314509484,29.7800103950665,28441.5334376627,24032.2049130723,-1195.80744761144,0
185,93,9.40301351798989,1931.84124190908,22.8212849067993,21.8730955923353,22.7793738990985,33.7260254431153,28253.1991468294,23142.3159484204,-1224.39095403387,0
186,94,9.19961711307663,1853.2017434774,22.8021186710635,22.5441106027935,23.5002049388319,34.7667338568777,28213.608640289,23171.3067553089,-1220.69577281075,0
187,95,9.37278154414694,1910.38791790908,22.8212849067993,22.052228351884,22.9718163069684,34.0038535476262,28213.2456858341,23157.7846960342,-1230.53712708768,0
188,96,8.62629527919711,1860.25674190908,22.8212849067993,22.4857740478169,23.4377923293615,34.6763272068055,28252.9519058394,23149.8786069251,-1308.45672816576,0
189,97,9.49988806679686,1495.8959714774,22.8021186710635,26.4384105745098,27.698647176295,40.8107889431105,28245.3166338307,23162.6619957469,-1237.84162456775,0
190,98,8.86365172237036,1667.67211975248,22.6089731355719,24.3206633803296,25.4094238979689,37.5222977285181,28263.5051290193,23128.9288277973,-1236.53609388232,0
191,99,8.91364070571506,1719.41119375248,22.6089731355719,23.7758951947899,24.8225058373272,36.6769148782823,28190.3559051279,23164.6627731794,-1194.19695759561,0
199,100,5.67711888520616,2456.99461671427,22.7495020252323,18.389025631788,19.0469536912866,28.3252918001248,33064.2478624594,20468.9766723394,401.474866091489,0
260,101,5.56827339249208,2258.75165425455,22.998864404405,19.5691888845989,20.3117224254936,30.1548167538684,29326.4272334972,32463.6498299068,234.827864911708,0
261,102,5.75762194186022,4448.92899025455,22.998864404405,12.2800065012328,12.5717570705227,18.8746653583452,29336.3447408965,32468.1957716773,231.473062688462,0
262,103,5.6489269422185,4635.81960025455,22.998864404405,11.9514162824814,12.2262246239573,18.3670922898025,29337.6268364087,32486.2952804666,244.635104890997,0
263,104,5.86527067868545,5268.53847625455,22.998864404405,10.9934216969586,11.220841605361,16.8878279583716,29320.7036509608,32471.5045303039,265.029135113364,0
264,105,5.67003918200101,4839.60415225455,22.998864404405,11.6188110512234,11.8768228121723,17.853413768965,29316.0007155765,32473.0329637229,255.663674205012,0
278,106,5.79644313479678,5153.47028024745,23.0505388738498,11.1559509196697,11.3915366370207,17.1388289397989,28891.17419628,32717.0719491756,480.562859876168,0
279,107,5.70441210831931,5883.52205024745,23.0505388738498,10.241288580624,10.4340051163185,15.7271258106603,28889.5361875684,32711.4125461119,473.809158936078,0
280,108,5.80242231570485,6182.09953666896,23.0238210620889,9.92053854651212,10.0987809064997,15.2322284170155,28889.0153420076,32698.0303895734,459.256233920297,0
281,109,5.98667166375311,6243.19966066897,23.0238210620889,9.85852987552425,10.0340482382526,15.1365733150186,28879.5447920465,32704.5436544842,461.930551543554,0
282,110,5.75945616237163,6064.78906066897,23.0238210620889,10.0426354606867,10.2262832126066,15.4205876116735,28873.0165600357,32691.7419608375,478.493323141086,0
283,111,5.73194119633444,6044.28285466897,23.0238210620889,10.0644016954361,10.2490188539677,15.4541680204515,28888.0247484051,32700.3046407508,440.379580260075,0
294,112,6.44188900405804,3855.34838496465,22.7631874377637,13.485017650292,13.8397085325066,20.7362626310881,32652.5355258168,16894.6768704189,684.747771507971,0
295,113,6.44335537554321,5385.76783222074,22.728752344092,10.8190503231721,11.0364537317275,16.6181911801051,32647.2068577384,16911.998982594,744.969103788607,0
296,114,6.26339748615831,2027.83709610172,22.7573663741993,21.1014191658331,21.9500171827939,32.5290915419765,32485.7590392446,17327.2561041325,687.717652216319,0
306,115,5.57759048115774,2500.39085429007,22.7106441525476,18.1564268205857,18.7982011798821,27.9648540393463,32925.4002033144,19912.5312233829,392.823927275884,0
307,116,5.80082837488499,4454.09705429007,22.7106441525476,12.2458457249244,12.5336368618631,18.8212905068274,32946.1669032531,19928.1163671063,369.00417471885,0
308,117,5.66356984731239,4728.67317029007,22.7106441525476,11.7735807112061,12.0372956455453,18.0918580751718,32943.8076734756,19929.1122658278,349.310272199161,0
309,118,5.71709641715785,4786.62357629007,22.7106441525476,11.6800418148897,11.9390731894257,17.9474067532052,32933.3381306121,19928.7997236517,373.098165021959,0
310,119,5.90528120703214,4632.53657009428,22.696974175602,11.9321755277361,12.2037957291523,18.3367646923032,32939.6376893574,19937.4260545461,337.505191105569,0
311,120,5.68399887403233,3962.19728609428,22.696974175602,13.2339392879547,13.5742266488067,20.3480218532745,32929.2407448468,19911.3680068346,348.686414845711,0
312,121,5.87447997770949,4686.65445209428,22.696974175602,11.8415671206796,12.1086046067312,18.1968263380658,32945.6372882553,19935.2176511619,344.754325809377,0
313,122,5.68370826437991,4750.06859961147,22.6905448262949,11.7372013054141,11.9989469167908,18.0356368611119,32972.260923799,19958.8115704791,369.205788467386,0
314,123,5.79858921783184,4469.08162409428,22.696974175602,12.2175793583322,12.503805808441,18.7775978685818,32946.728179333,19934.0997003725,334.020079079131,0
346,124,5.7043611207103,1279.53687279551,22.2620856158434,29.5898907566527,31.098718469579,45.7027186446267,28874.8197283197,24856.3883744196,533.737571354987,0
348,125,5.43820791976727,1250.12759085459,22.2645054639708,30.1243499135169,31.6782477635495,46.53315377491,32472.2569286799,24819.3136471047,156.747217773686,0
359,126,7.0403424171097,2453.22707625741,21.9483905000058,18.2733853844874,18.9131309694583,28.1432981863919,34460.8555133331,29619.9135789002,1031.15351675683,0
387,127,10.3896457295012,6716.65054376305,22.3181815029764,9.3730341605558,9.52402607452082,14.3867563711833,33293.4480721047,30822.9350996119,-989.386373764592,0
387,128,4.75210332959207,4701.44712808137,21.8258156225826,11.7459887420919,12.0018550184609,18.047461696008,34360.2875362089,31015.4381588342,899.77945417745,0
387,129,3.88107603926428,5481.63791156931,22.5426672637127,10.6837824771281,10.8936793153588,16.4090941786185,32401.8944541368,30399.4465278961,-441.834659841051,0
388,130,11.0361332045905,6531.67619576305,22.3181815029764,9.53977680243749,9.6977249665726,14.6438737546862,33244.7737126558,30803.9812052935,-990.096233638904,0
388,131,4.08365630429993,4824.22005208137,21.8258156225826,11.5502263063691,11.7964889402284,17.74520173216,34255.6819923962,30999.8117549685,709.450566104131,0
388,132,6.90272498630329,5001.57722115876,22.6440595817321,11.3447904460245,11.5868147152092,17.4296193062526,32122.1601735445,30988.5379104075,411.532738738241,0
389,133,6.89352164103157,3925.63515093216,21.934802331085,13.2401669267786,13.5742547626487,20.3558429766418,34413.1595600077,30767.4425002125,553.505833741272,0
389,134,10.879285419218,5144.07235046278,22.3746392668087,11.1196671667378,11.3489919919048,17.08156785881,33251.7856328732,30841.6713546634,-994.433928988522,0
390,135,11.1627653958331,4718.87649658698,22.3481068624775,11.760249818648,12.0206677937353,18.0705450458631,33232.1200238385,30787.8920931386,-965.054555848316,0
390,136,7.61177955613434,2818.81864125745,21.7833698239391,16.559030295395,17.0858167174439,25.4883956535214,34467.5781515734,30730.6197287874,597.837263593158,0
391,137,10.7109441002777,3583.68853528425,22.4049849212105,14.1257591373911,14.5132806865798,21.7259527638872,33290.0843903822,30836.7630545436,-979.591216513167,0
417,138,11.7558364133618,3677.65199375886,21.5138933896451,13.7852113189813,14.1453025632669,21.1971900536205,35932.9412199026,26536.8062977029,-853.459207592496,0
418,139,5.79412247129854,1712.46775604423,22.7354667358255,23.8792544376469,24.9360249332376,36.8379071045005,31050.3928846599,29700.2730248691,221.261502077563,0
419,140,6.06938704936953,3906.16925204423,22.7354667358255,13.3644355460576,13.7122176678129,20.5498097700777,31056.1316738718,29695.864569226,299.984807663382,0
424,141,7.90107560992923,2248.85621905054,22.3754317222071,19.5150082128617,20.2451201021521,30.0684717359563,32310.0879423633,16528.0785912253,1188.88016431857,0
432,142,9.0394627599161,2769.51921693796,21.9261948339697,16.7839835451025,17.3266258320076,25.8370498914713,34902.1030507392,26434.46598265,-1185.62727689406,0
433,143,10.4861010231857,2693.54900103249,21.8817015355063,17.1049440857626,17.6674884536644,26.3337559647375,35071.9639254722,26276.5717992184,-1096.5577404373,0
491,144,7.70856882084002,2457.22988276938,22.5788831913046,18.3590971832156,19.0128078434211,28.2783251574484,26044.803993259,28932.276453781,1260.06758321076,0
492,145,7.9793470886962,2573.83552676938,22.5788831913046,17.7687152638437,18.3830218476786,27.363902786894,26037.0617848817,28941.3620997515,1235.55799717145,0
493,146,8.10653468863065,2600.80230031141,22.5597449913982,17.6360599048143,18.2413806183192,27.1584011262469,26015.5050032381,28911.4902315505,1257.56534410372,0
493,147,8.67617156779864,1520.67910539321,22.2135890837105,25.9419468930941,27.1510372960011,40.0368369759872,29903.8392597899,20951.5298499681,-1176.49569193331,0
494,148,7.63379866492269,2298.81889076938,22.5788831913046,19.2485890638788,19.9630379225296,29.6564073356143,25994.4312849748,28914.7501708427,1237.93639894831,0
500,149,9.68891983034426,1838.57361191157,22.2664032644218,22.5502080662651,23.4979679829888,34.7737660869279,29886.1044445257,22384.969428977,-1157.78410362798,0
506,150,11.0670326728185,1826.51312321166,22.315461365892,22.6707982665091,23.6284097645807,34.9610431786502,30704.4238713815,22342.5932363811,-984.421918457497,0
510,151,6.81876574718779,2228.94022019762,22.3767614258153,19.6396888151301,20.3785038105326,30.2616907152295,30191.9369575981,22074.1082570142,1081.64103167437,0
511,152,7.48032871623291,3067.71232619762,22.3767614258153,15.7000921779567,16.1803635540707,24.1609937829499,30190.4143580893,22064.6534813014,1104.56343543417,0
512,153,7.23426814300138,3028.30781219762,22.3767614258153,15.840346546993,16.3292135157129,24.3780183029512,30160.3436799452,22045.680893173,1039.46201934172,0
513,154,7.48648558090812,2705.51360524898,22.3740845715076,17.1271481788673,17.6970577178309,26.3697675037709,30182.2919696281,22029.5425259148,1080.07362879766,0
514,155,7.41224841280333,2936.76775619762,22.3767614258153,16.1792775011297,16.6891157595385,24.9025225939038,30233.3283127778,22069.6148026061,1157.24317067946,0
515,156,9.11235528926331,2670.328068817,22.3920814718533,17.287230768821,17.8677130144873,26.6176830917001,30359.2817030101,22289.7262403563,-1264.35943402654,0
516,157,9.36460230450131,3059.747748817,22.3920814718533,15.7301975728446,16.2124742536014,24.2076219344373,30350.9700634226,22276.6653456767,-1258.40370033617,0
517,158,8.59232706547416,2751.50324747431,22.3919100976637,16.9297039349159,17.4871316889076,26.064144743247,30296.3346930018,22423.6438053286,-1339.22700117301,0
518,159,6.82198742624327,2414.46333849305,22.4135319668586,18.5602441430179,19.2253775719354,28.589323312042,30833.7756999767,22756.3278629635,757.825779053183,0
519,160,6.82795056833207,2780.99800449305,22.4135319668586,16.8076901496809,17.3575698799075,25.8753258551917,30838.2616684958,22721.3935118678,808.292818471661,0
520,161,6.42399445566996,2506.11538263945,22.4572889949372,18.0854333629774,18.719240738138,27.854005387725,30835.7206442071,22712.4320275003,806.0724361298,0
521,162,6.77454089087988,2577.19328463945,22.4572889949372,17.7330245760882,18.3434643357529,27.3082137782879,30844.7896382067,22732.185386747,798.201313971963,0
548,163,8.94950934843518,2266.55956182448,22.3907483805421,19.4089268847403,20.1318868234814,29.9041459720097,29861.5934874695,24954.299014353,-1317.08114093957,0
549,164,9.20115694893024,2497.17178182448,22.3907483805421,18.1200465877997,18.7553125988522,27.9073820706301,29808.6201318546,24956.9769090751,-1251.10182496822,0
550,165,8.71047015579,2535.60901865964,22.364388598245,17.9218762417343,18.5436323641615,27.6003647865737,29807.5343843305,24965.0605451263,-1219.18541611096,0
551,166,9.15024003351358,2500.01500265964,22.364388598245,18.1011530697407,18.7348219205975,27.8780259602777,29807.3791482278,24952.6577082215,-1233.44779653058,0
551,167,5.76522259141825,2511.67902419553,22.1787286348616,18.0112496954554,18.6365648493067,27.7381295421352,32922.303629497,26566.7466229796,567.207402724375,0
552,168,5.92380685189231,4155.14901419553,22.1787286348616,12.7726788478385,13.0838251517736,19.6340371639271,32907.6926833501,26574.1980078518,559.325205127242,0
552,169,7.12839454029978,2500.91387280272,22.5942787137621,18.134566507647,18.7733994387728,27.9305870256231,32020.2281322474,18489.3259911309,972.807548554183,0
553,170,6.02426994766431,2301.10029732178,22.6225764389219,19.2429024360496,19.9575543597255,29.6477600161082,30799.7859368178,21524.5296396306,611.801017329102,0
553,171,7.5457982497071,2767.73683680272,22.5942787137621,16.8903247201378,17.4475975131002,26.0038328678297,32003.9434406252,18484.7326876465,926.902824146096,0
553,172,5.7832302811379,1982.52640019553,22.1787286348616,21.326042159388,22.1820840092711,32.8749229933386,32879.2911941631,26572.3931539848,583.348574090925,0
554,173,6.0240796978403,2222.46747732178,22.6225764389219,19.7269973178299,20.4753811961554,30.3979511372337,30762.0358216921,21523.5650571828,624.38413515267,0
555,174,6.10332995217049,2388.80782932178,22.6225764389219,18.7376037484317,19.4175410188221,28.8648467977757,30769.0749584414,21492.5971416191,559.151758566077,0
556,175,5.9844150369156,2718.11855532178,22.6225764389219,17.1090656283347,17.6807611162086,26.3425843730057,30796.4272526438,21524.0264204045,589.470641231649,0
557,176,6.33135953967391,2444.70981732178,22.6225764389219,18.4329409344248,19.0921986282791,28.3928696088011,30792.7123530636,21532.5485644062,598.416433745982,0
558,177,6.19301389851511,2239.44952332178,22.6225764389219,19.6198014496775,20.3606766409213,30.231821205268,30789.1415212966,21503.6707348959,590.699605203407,0
559,178,6.15795726797861,2613.18669132178,22.6225764389219,17.5872253063497,18.1901047404031,27.0829882365952,30750.6268089952,21508.7814268223,565.924786030659,0
560,179,7.17938261944905,1692.96367160728,22.5758051429922,24.0419508400357,25.1085108729748,37.0896098144546,31478.399389861,20566.8585880488,405.859510247579,0
561,180,6.06798370598509,2444.20570011443,22.5826965521359,18.4288799130427,19.0873463883078,28.3864363439686,31598.0609587857,20104.5557385998,541.57011787985,0
562,181,6.01634278187651,2367.00457011443,22.5826965521359,18.8530023377466,19.5402910438313,29.0434872630132,31596.5414942426,20079.5668307609,563.857202647213,0
573,182,4.60531404884445,4437.95845926018,22.4361700586443,12.2514329796725,12.5374125736454,18.8293415127637,30966.3602370855,35248.1008842718,128.570502281619,0
574,183,5.57221895875618,4774.62586926018,22.4361700586443,11.6773328232014,11.9342619384595,17.942680067318,30993.6276225393,35318.801629622,84.1750569131191,0
575,184,5.39620304996451,4313.51155926018,22.4361700586443,12.4835992290164,12.7816225508794,19.1879885701745,30976.7628690835,35309.9871980491,141.513298667892,0
578,185,5.66660083029081,4964.10162566746,22.725436809745,11.406712359026,11.6523244312392,17.5253796187343,29905.4349783033,32965.0757112668,322.320287053716,0
579,186,5.67500697451696,5992.73785166746,22.725436809745,10.1012908946023,10.2858263322934,15.5106025656602,29913.1867869449,32966.7051020637,313.216135658887,0
580,187,5.81481431082679,6009.12722498219,22.6982439792824,10.0820025821428,10.2655229228139,15.4808018497872,29901.040123403,32958.0945996102,307.67397949449,0
584,188,9.12299716735201,2501.86698489841,21.6576602396003,17.9740328937285,18.5901496397032,27.6786363580006,35245.4755950364,27887.0054617324,-1175.1456883485,0
585,189,9.02607203203252,3052.5610368984,21.6576602396003,15.6579732691905,16.1278919455826,24.0936794929128,35284.0487454849,27875.2531529754,-1197.86835601397,0
587,190,7.60975992493101,2736.9004595826,21.9234780277969,16.9222888751322,17.4736786465123,26.0511330865593,27049.9338385423,24140.9965176523,1223.48903036746,0
588,191,6.93428372400642,3164.71975300485,21.7678794377674,15.2905800247378,15.7396605082497,23.5256502629746,34990.8366798822,26874.112660481,1022.31968357412,0
589,192,6.89941723628234,2898.95403700485,21.7678794377674,16.2391644897386,16.7458495977275,24.9933099572077,35011.5131410871,26868.0205090191,1010.92223681969,0
590,193,5.97260682322838,2852.64176755528,22.2859178441523,16.4951073347757,17.0236997924473,25.3910601800036,30663.96817419,23757.9771044452,501.333814783022,0
590,194,6.96839694785527,2727.67394250572,21.7909154040674,16.9419979516852,17.4930470259648,26.0812036395191,34994.8816739614,26899.4001430475,1007.55312305041,0
591,195,6.12331154261801,2660.15655355528,22.2859178441523,17.317022532291,17.8981504611826,26.6634567009198,30659.2121678009,23733.8406441075,557.335877406787,0
591,196,7.09141371472835,2668.12549169933,21.7374769525227,17.1959416675391,17.7625494426497,26.4741453360339,35010.7453931897,26878.392907602,1001.32499441595,0
592,197,6.1417737879805,2884.29312955528,22.2859178441523,16.369519546555,16.8902233570475,25.1966774711038,30647.5022207481,23768.9244023391,507.394088416467,0
592,198,6.8620131575195,2717.43185250571,21.7909154040674,16.9863602819725,17.5402316249446,26.1498767412394,35001.105084545,26891.2329621409,1001.16475211385,0
593,199,7.00668945711242,2618.01634169933,21.7374769525227,17.4248337415099,18.006172415497,26.82851791131,35013.5173761196,26877.209740335,988.775329974735,0
593,200,5.5570277575358,2528.41904755528,22.2859178441523,17.9448747810679,18.5671597488951,27.6357093029752,30675.3261846956,23731.1216532236,537.280191881957,0
594,201,6.65425673552344,2857.04249369933,21.7374769525227,16.3988837532084,16.9151322547564,25.2403916367985,35002.6143290879,26876.7997604002,994.886934359051,0
595,202,6.61827089954621,3179.30489969933,21.7374769525227,15.2387939474887,15.6844737480213,23.4454557279655,35006.6966317067,26891.9278851841,982.525826020778,0
596,203,6.88951855558799,3242.61979650571,21.7909154040674,15.0420934145026,15.4766978846657,23.1413579067786,34990.8542613566,26877.8238962894,995.659862604436,0
597,204,7.00551904173734,2725.05284850572,21.7909154040674,16.9533220514113,17.5050911188928,26.0987332823403,35022.5261061332,26880.2487494224,968.817825330489,0
598,205,6.75690771285369,2843.97122250572,21.7909154040674,16.4586660973499,16.979262546781,25.3330850663816,34993.8667475325,26887.0726771187,1004.94850263963,0
599,206,6.77116971613498,1348.63593569933,21.7374769525227,28.2468744614001,29.6327849903683,43.6132919797478,35005.4539081415,26922.8135872249,1023.68422126587,0
600,207,6.8655184657718,2656.71559716215,21.7321898533491,17.2465432829515,17.8163321042783,26.5524663647733,35023.9473387903,26896.109160847,991.013120588425,0
601,208,6.89745447108647,2695.30514916215,21.7321898533491,17.0742169208811,17.6329744517728,26.2856855768239,35002.8986385585,26885.7780290296,1009.36612669423,0
602,209,7.13052871594055,2988.03068916215,21.7321898533491,15.8993817349246,16.3847789113993,24.4674146607562,35020.9340875046,26885.104906622,1003.48409058707,0
603,210,6.69558025280471,2723.72172238244,21.7856039449431,16.9582740721391,17.510293905962,26.1063813312247,34988.0719879702,26889.8536240528,1025.59992324116,0
604,211,6.62038958610009,3029.92414116215,21.7321898533491,15.7481166079941,16.2243098262852,24.2333707327245,35024.0229958302,26891.9348385957,1015.48267147466,0
605,212,6.85838416879596,3060.34204716215,21.7321898533491,15.6406313620068,16.1103189975353,24.0670743994697,35009.5383188694,26886.9740314914,988.064168515824,0
606,213,6.4542633451068,3052.17040116215,21.7321898533491,15.6693169121189,16.1407379311701,24.1114546173082,35017.2494118689,26885.4955577605,986.714237203327,0
607,214,6.8189092967113,2752.86212038244,21.7856039449431,16.8333776374828,17.3774720035744,25.913046621527,35000.2618272479,26867.8581193993,987.580323237529,0
615,215,6.17111980845448,2015.89073704243,22.1498826905986,21.0637862208597,21.9003776112255,32.4681851012509,26158.4412448879,26653.8959126832,721.782937176588,0
616,216,6.11311293581222,1627.5492818002,22.1713152894733,24.6474044725343,25.7536973045313,38.0272015533426,26190.0565106751,26716.5062084045,754.573685667483,0
617,217,6.11643010580013,1782.3039578002,22.1713152894733,23.0471750719865,24.0306902022315,35.5442216681995,26154.183314578,26702.3390804101,655.00009836937,0
618,218,6.21474679806988,1622.2850678002,22.1713152894733,24.706848401713,25.8177738085325,38.1194572435994,26150.9434086886,26712.4493306441,701.464625541756,0
619,219,6.57181462973908,1809.6382238002,22.1713152894733,22.7911365136782,23.7553667953253,35.1470426975506,26137.1533538045,26647.7307616121,648.201720636643,0
632,220,6.94261939677639,1271.39410166044,22.3181789009168,29.7553552766284,31.2793219222444,45.9601437130755,32479.4603091115,16884.2876977004,953.672162038045,0
633,221,7.02901182877729,2748.21263491673,22.2958914480585,16.9295230967334,17.4858067090824,26.0635528448378,32445.785796347,16864.8632815685,970.182246341101,0
634,222,7.1267767659155,2946.22637491673,22.2958914480585,16.132238340396,16.638251505962,24.8294763860629,32376.1455576895,16910.4479351933,925.135629179114,0
635,223,7.18148576584477,3082.90270840483,22.3171711919004,15.6390944399478,16.1150071997263,24.066437189533,32302.6235527107,16978.3111380634,934.761230973526,0
635,224,2.56704751912267,2560.41435938329,22.0666981094614,17.7515104879401,18.3582671824573,27.3354917172549,31702.0584150985,17305.4766340518,357.570654261429,0
643,225,6.40195332191368,2646.25074048761,22.177660441143,17.3637470025513,17.9465841169524,26.7354384363375,31658.3752045774,18932.9922928717,488.088651567434,0
644,226,6.397295833245,2223.96826848761,22.177660441143,19.6333611544135,20.3689147184156,30.2511077323736,31670.3108602308,18920.7367750451,514.671167393348,0
645,227,6.38228724646212,2642.94684048761,22.177660441143,17.3789189347178,17.9627404672936,26.7589299460865,31636.5699622629,18944.2710771988,507.189815650056,0
646,228,6.2184524558459,2685.03852648761,22.177660441143,17.1881732603419,17.7596560212953,26.463598625978,31655.6043092793,18922.9872854153,506.912175504927,0
647,229,6.50428008175418,2371.69665048761,22.177660441143,18.755296953436,19.4305033878553,28.8906227014133,31647.3104510652,18930.2407552713,492.101918182384,0
648,230,5.79306834590735,3102.53515331843,22.3260568162983,15.5722422767427,16.0441832137707,23.9630270579052,33209.5976436784,18388.6566171338,430.989851428345,0
649,231,6.30544742540323,3472.04557451681,22.3245510314342,14.4221531824609,14.8259191894655,22.1840544577185,33420.0303608962,17354.9994847639,568.954124454157,0
649,232,6.06857315733501,2825.41761281103,21.9658105524371,16.5587961416864,17.0876997565655,25.4886204540798,25395.3988220721,24249.4181120807,608.750462127449,0
650,233,6.14074960261762,3289.46074971259,22.3550923713287,14.9650033944827,15.4008183534375,23.0237068724771,33407.6726468759,17311.0568179639,558.634416393228,0
650,234,6.12144147149893,3065.76033977647,22.0742428568503,15.6670566421232,16.1420612366149,24.1089825966693,25392.348480261,24245.7822667951,571.217852204199,0
651,235,5.94358244404732,2373.94570577647,22.0742428568503,18.7244676423035,19.396190696203,28.8424794775049,25413.844704726,24239.5026150097,597.469468823739,0
651,236,6.41633937410301,2362.16459989243,22.363533689618,18.8417917151626,19.5253814240776,29.0253106263893,33408.910846997,17339.0313866579,516.806504708921,0
652,237,7.29348095193527,3735.16710570313,22.6100154109019,13.7589370726838,14.1275745086305,21.1593346567964,25618.8615071911,29375.7333107514,1092.425071468,0
652,238,6.20581071495635,1706.90609880523,22.1067957288451,23.7764133253508,24.8142675827029,36.6752899674751,25371.2844551251,24269.9076947515,592.124951771738,0
653,239,7.15899450362699,3987.80532570313,22.6100154109019,13.1686277506396,13.504616166706,20.2468786629288,25566.4063154802,29376.6857057223,1104.57226144707,0
669,240,6.11651024610993,3400.52495796741,22.2693445273788,14.6206671857552,15.035408808584,22.4909005793883,33150.4814054437,16558.8091260528,589.424737141386,0
678,241,11.7277173893983,2129.93358915761,22.5710702761358,20.328522920716,21.118695935081,31.3300884698445,25938.4943654076,25588.5254308937,-1012.97121910047,0
679,242,10.6800544700029,1574.83433715761,22.5710702761358,25.3713894574451,26.5419291607237,39.1529753254267,25955.8786015087,25590.3727513924,-991.950683148695,0
690,243,10.3597249443278,1619.95848877535,22.625722307854,24.8563915912463,25.987320420445,38.3538523538785,25973.3715703258,25591.8585946085,-1065.57219381482,0
692,244,10.2684981877207,2398.13706877535,22.625722307854,18.6863989965998,19.3628887028402,28.7855291958532,26022.95081856,25643.7213719941,-936.832375327989,0
693,245,6.76705845877386,5134.78570309088,22.3924429452039,11.1340171023847,11.3641480582575,17.1037526428745,34630.5208552155,16907.2574412858,738.387630074825,0
693,246,10.3698073059013,1919.52665206372,22.6482012639069,21.937003852073,22.8452919945016,33.8243892784484,25920.4476652814,25596.157055305,-987.932680819119,0
694,247,6.64762685019775,5278.64372967115,22.3956751955332,10.9368074476707,11.1575925393691,16.7993482562543,34454.3282181037,16722.6879411251,809.593671663793,0
695,248,6.61837363200048,5793.43540167115,22.3956751955332,10.3011700309841,10.4926815148328,15.8184381981222,34441.9563445741,16716.355094169,816.941869633015,0
696,249,6.75798047515849,5994.11428767115,22.3956751955332,10.0793744785986,10.2610105660495,15.4762582596001,34447.7955384543,16711.007081841,814.777920354459,0
696,250,6.7790719543462,5374.10890156475,22.1341642423946,10.7925137647166,11.0048304628615,16.5761717137618,34445.1754935533,16710.0263193157,819.004893896336,0
697,251,6.72332582053801,5518.39673967115,22.3956751955332,10.6278768482866,10.8342569076872,16.322560604492,34463.5532685982,16712.2031737255,813.486466112694,0
698,252,6.72848446808958,3421.10304567115,22.3956751955332,14.5756485962918,14.9890019986322,22.4216180606314,34463.2494983058,16702.9013404214,830.830191061062,0
699,253,11.5274461851581,1971.24370006372,22.6482012639069,21.5162189141586,22.3934672966494,33.1718304966033,26017.3419842302,25632.3504212434,-996.913377523905,0
700,254,11.083517556783,2086.89606762588,22.6600794651127,20.6478385995752,21.4621709414238,31.8254522211059,26037.3226290039,25578.9212615305,-1033.54679124103,0
701,255,10.6428555518363,2052.91640501421,22.6237681554239,20.88681113173,21.7178311132691,32.1957936090738,25945.351217155,25620.8650367619,-932.68778597894,0
704,256,10.9728170442783,2065.62540701421,22.6237681554239,20.7938051669977,21.6181091864988,32.0515990378736,25962.7306951947,25620.5208505312,-1012.16554167111,0
705,257,7.10012295085787,3612.72970059581,22.8467588669003,14.0971782794649,14.4871451702036,21.6828845501026,28418.971026399,30013.5031118846,1035.24404253334,0
705,258,4.69735923610876,2915.46307145804,22.6828572959465,16.3034331195774,16.8244417889016,25.0956173651526,28977.6995755115,29498.3684226304,88.4128798813325,0
706,259,7.06160630869641,4736.51824659582,22.8467588669003,11.7717248423319,12.0363256620708,18.089262395601,28399.5871495164,30017.8543656409,1011.23027594529,0
706,260,11.1806422882798,2050.44949301421,22.6237681554239,20.9049878890201,21.7373222150505,32.2239749874867,26005.0899965889,25678.369370203,-1005.76537569282,0
707,261,6.97751680641665,4544.89204659582,22.8467588669003,12.0955435539559,12.3766113268411,18.5894021680966,28422.2414348888,30020.6201283033,1061.5767702805,0
707,262,10.4183915972605,2153.75287349191,22.6464373209945,20.1812800408621,20.9620714933028,31.1021511751183,25991.7369538568,25642.649676052,-991.642811186312,0
708,263,6.97850149163582,3900.71965059581,22.8467588669003,13.3880305715795,13.7380667367142,20.5865429316234,28399.4025646611,30030.5746871568,1036.22097568343,0
708,264,11.8361877309191,2184.86859735993,22.6071744779319,19.9668291466912,20.7318724805575,30.7695991040015,25951.2009989921,25614.4203403545,-995.469290918897,0
709,265,7.14451506368473,4080.05534259582,22.8467588669003,12.9918509786397,13.3202106988909,19.9742226513194,28424.7736696712,30022.9624794787,1020.86033140669,0
709,266,6.70437716593391,3250.80847385741,22.9026805734611,15.153321235203,15.6058820934932,23.3165374770676,28023.4988265937,30699.2756298782,-215.145553603225,0
709,267,10.5791925170842,1902.78073362588,22.6600794651127,22.0804708224718,22.9995992171247,34.0469508890886,26002.1528345935,25621.2160225501,-1021.04618820521,0
710,268,6.87542834912677,3701.43358284598,22.8659853919472,13.8702772934654,14.2474851281099,21.3321009103125,28409.7738647317,30021.2415812451,1041.75516892983,0
710,269,6.03788483867655,3140.03476604738,22.8927803197939,15.5167707595075,15.9912704823424,23.8788339078124,27986.0444804991,30627.1155521684,-177.793998871929,0
711,270,7.00996401263995,3950.17320084598,22.8659853919472,13.2774693674852,13.6215722698824,20.4156957653196,28413.5807056779,30019.3441120087,1037.77259601144,0
712,271,6.84157525336902,4787.84400684598,22.8659853919472,11.6904106087082,11.9510661738686,17.9637243989856,28421.5426222341,30004.312111184,1046.16356174229,0
712,272,10.5161628085407,2301.76395460786,22.5593513914227,19.227487530725,19.9402102988686,29.6236363175496,25987.3729160079,25585.6417351994,-980.378127759876,0
713,273,7.49059600863843,6642.54643774054,22.8811337257109,9.46996527489764,9.62799219481948,14.5370526117111,27629.0356721253,29643.1806967481,1236.38505861354,0
714,274,5.69416545684495,4502.90874236132,22.8673338215083,12.1714800388501,12.4566122790512,18.706742388651,28561.7495219827,30567.6529204811,228.001233271114,0
717,275,6.09608199998189,3358.04909323529,22.1817866577073,14.7355953831095,15.1561783081932,22.6684054218141,31383.0818498744,24405.62220387,630.790660318691,0
718,276,5.86385881164962,2869.93090723529,22.1817866577073,16.4114008652412,16.933545005455,25.2611728000104,31385.8620239355,24391.9005017233,591.393445318368,0
719,277,5.99642699148024,2626.65373723529,22.1817866577073,17.4548956823366,18.0437055190822,26.8765849311187,31375.367346183,24410.2605072692,587.49228242187,0
720,278,5.97712619570027,3362.42128526227,22.1990451567111,14.7246294467196,15.1447427466348,22.6514928787182,31391.2688388218,24399.1675351603,600.284333522374,0
728,279,7.80276721259529,4153.34694365885,22.0481310547746,12.7640745287628,13.0736910980336,19.6204463828124,30832.3121989279,16740.2504740722,1168.24551045201,0
729,280,7.82995477084157,3994.89189965885,22.0481310547746,13.0980583823516,13.4254618510722,20.136506071736,30859.4352913434,16711.245512064,1190.1745372423,0
729,281,5.6719502975786,2166.41399450593,22.7481362190247,20.116136392705,20.8937617092348,31.0015777948077,29068.2712556273,28959.2698721582,243.678222367142,0
730,282,7.79676977036256,3720.92293323162,22.0359911425387,13.7335262932707,14.095566755698,21.1186250787093,30849.6157263144,16720.9994266675,1167.9677605527,0
731,283,7.6861001500428,4013.40618723162,22.0359911425387,13.0566399198384,13.3817162330355,20.0724743328183,30857.3618032998,16719.5405418183,1190.54956532705,0
742,284,8.03992101363304,5355.78889159492,22.5330824859143,10.8444307049535,11.0617659115685,16.6570158954437,35419.0855691743,18823.7572430109,-1504.35469274452,0
745,285,6.16322382328773,2944.85031985097,22.2730294488236,16.1342902931187,16.6401765262259,24.8325818970697,31024.1599549892,25311.5783894799,726.747955847146,0
745,286,6.19422211909611,2724.54883745047,22.1879287723194,17.0155604591102,17.5760710231634,26.196395732678,31020.1574701586,25311.4647307571,730.919383734518,0
746,287,8.06318487957725,5377.30829359492,22.5330824859143,10.8163803972501,11.0323997266336,16.6137223156461,35414.0551518362,18827.8384678261,-1522.68790707465,0
746,288,6.11838324786194,3405.10561585097,22.2730294488236,14.607748307248,15.0217739607208,22.4709312077547,31043.5853563782,25353.5093951754,716.464904704462,0
747,289,10.154554879149,4575.00525471726,22.7040383947806,12.0311624724816,12.3078717448735,18.489665845945,34842.0246380795,18486.5413735411,-1106.56632705544,0
747,290,3.89577743205861,3379.9542816676,22.3570708391921,14.6913764234592,15.1111061702867,22.6004941726073,35803.3989461517,18598.7730737125,773.02345821778,0
748,291,9.8454159945051,4486.65896871726,22.7040383947806,12.1866097183221,12.4712921682251,18.7297736677582,34812.0603050981,18448.542769688,-1097.14468784296,0
748,292,5.74131020333122,2948.93365465677,22.27594368131,16.1192655850592,16.6242516433866,24.8093389001073,35875.0188880662,18389.8297727069,625.866509597191,0
749,293,9.73408071766844,4569.69698871726,22.7040383947806,12.0403523141696,12.3175308178826,18.5038601284696,34812.3858427947,18447.4146336516,-1092.78767529995,0
749,294,4.92802622756946,2753.25467065677,22.27594368131,16.9049653966043,17.4594429776733,26.0254702852747,35823.8841333946,18470.4733034484,701.59902738044,0
750,295,6.17229093945324,4098.98933750534,22.1277949655053,12.8836659033868,13.2002776801226,19.8054074851882,33000.4241176374,29829.2142448331,691.338645411561,0
750,296,9.95288005891259,4405.58670799964,22.6235436815813,12.3270825566905,12.6184164490991,18.9465986509052,34820.6704041699,18456.1278609713,-1114.40770806704,0
751,297,9.20497121053705,4835.77651399964,22.6235436815813,11.5954104764715,11.8496127944207,17.8165478435854,34813.1227553767,18467.0266887296,-1102.13565274366,0
751,298,6.41972273155208,3006.65391950534,22.1277949655053,15.8852791481492,16.3741910538822,24.4467991685457,33000.9467311561,29830.0455699508,720.48539742122,0
751,299,5.57428525174171,2970.5447405859,22.2150219082871,16.0299353574222,16.5287145687836,24.6709109074715,35869.108772838,18452.7662406865,755.541592485399,0
752,300,5.59472878724883,4887.5537172533,22.7020502137839,11.5211400709072,11.7722205340654,17.7020174748525,33880.3090041472,18240.352381136,549.713070582508,0
753,301,6.17728077476585,7836.25822767468,22.6996353766567,8.52854290727937,8.64774332495705,13.0854994685111,33887.5420317258,18224.9708211921,543.785827304491,0
754,302,6.02944431725054,7179.97153167468,22.6996353766567,9.00757105397778,9.14559514912335,13.8238423086956,33903.3967441468,18215.9764582055,544.091786131832,0
755,303,6.0879208441523,6649.71760767468,22.6996353766567,9.45352069911162,9.60989399356708,14.5114271403217,33909.5992464692,18228.8257657577,537.763197034128,0
756,304,6.91224523480634,5348.03950314724,22.7006441921631,10.8663582871018,11.0858092626248,16.6911600374303,34030.1329013431,18073.7445387191,939.007939046769,0
757,305,7.53021003644127,2456.76131532906,22.5519643706235,18.357039327844,19.0102636036633,28.2750416716053,35235.5380961927,17905.1104191792,951.028206443151,0
757,306,6.94742551201719,1465.02771712714,21.6011843516481,26.4919291164497,27.7327857792403,40.8873340069257,26562.8186859582,20975.315338239,1156.90599516155,0
758,307,7.66719105375555,2330.18697112714,21.6011843516481,18.8874480920678,19.5637169944185,29.0931701984169,26516.6104221186,21023.4630503165,1028.3416118718,0
758,308,7.31168268690238,2412.97362732906,22.5519643706235,18.5921813498391,19.2612983573175,28.6392999336237,35222.5245809818,17952.6684560013,1019.8923284236,0
759,309,6.68333697075495,2610.15037932906,22.5519643706235,17.5904815891647,18.192709981881,27.0877926046851,35255.3255757092,17915.4315208743,993.898158344096,0
760,310,7.34116864675965,2440.49089001635,22.6270231405908,18.4562411630176,19.1171313033813,28.4289798448134,35224.268803196,17907.1420751988,1006.13806189166,0
761,311,7.58103663647543,2643.74681801635,22.6270231405908,17.4450862598445,18.0386963983963,26.8628939094513,35261.3204723055,17948.7721747878,919.797269310506,0
762,312,7.25344471764991,3053.91499001635,22.6270231405908,15.7818337762232,16.2697934109301,24.2882156759025,35229.7282707527,17897.3651970504,932.162863518109,0
763,313,7.33845317375638,3121.51278401635,22.6270231405908,15.5459716653907,16.0194874787961,23.9232542708366,35245.0872476706,17946.0123748367,959.371324327441,0
763,314,7.67042580675044,1473.62819795772,22.3205594526124,26.5945002136179,27.8579672415536,41.0505667384825,30330.1348142782,20158.327295862,1019.30806420966,0
764,315,7.31544569115651,1597.06190195772,22.3205594526124,25.0379723082465,26.177567265585,38.6341463983963,30285.6896286982,20190.805101033,977.775345073073,0
764,316,7.32912395555331,2891.32811922129,22.6261541368465,16.3897036227206,16.9155089304757,25.2289740047462,35234.3156938734,17892.8619752214,1039.5362446723,0
765,317,7.35316384691528,2416.98914801635,22.6270231405908,18.5831644783566,19.2526530990465,28.6256021497846,35235.2985673239,17934.1706672098,1000.43577953871,0
765,318,7.68342687054926,1678.33784195772,22.3205594526124,24.1307949658539,25.1997075854723,37.2262311813278,30335.3311349535,20177.6053445729,1057.96025701011,0
766,319,7.36290981124984,2688.96619601635,22.6270231405908,17.2391709084255,17.8193537032085,26.5440458414205,35257.2630650465,17913.6770494803,948.283227533252,0
766,320,6.97149293311917,1889.34692195772,22.3205594526124,22.1179968167491,23.0344522778913,34.103645802161,30348.342860311,20167.8033607827,966.617076407579,0
767,321,6.77376285585959,1857.62948195772,22.3205594526124,22.393294570123,23.3302263601963,34.5306281788894,30356.2543001338,20146.8969891398,1050.37166833136,0
768,322,7.25613412894622,1826.46269195772,22.3205594526124,22.672463946853,23.630285397278,34.9636503725756,30295.650273636,20149.4508083953,973.728358357612,0
769,323,7.13620146826749,1511.00631995772,22.3205594526124,26.0979306766726,27.3215375930688,40.2795746287274,30273.9802800124,20144.8566459181,1068.15922128705,0
770,324,7.29485341726992,1716.06699679824,22.3201040597191,23.7369397555952,24.7755253242651,36.615079373825,30316.9073335281,20138.1039914585,987.074924374284,0
771,325,7.70847488902721,1733.09309479824,22.3201040597191,23.5645074262374,24.5898914829652,36.347534448934,30314.6938503055,20162.5874115621,1083.21315776332,0
772,326,7.59720164855359,1649.68063279824,22.3201040597191,24.4409800605848,25.5339213624145,37.7075911733417,30321.5502427704,20150.8730064486,1010.96548260987,0
773,327,6.95108913184577,1808.46606679824,22.3201040597191,22.8376307695703,23.807862199358,35.2198563936597,30307.2384866639,20161.6344861269,1033.78325066715,0
774,328,7.61772372419196,1538.44933279824,22.3201040597191,25.7476871494437,26.9433608646989,39.7358247988579,30302.979767237,20118.398089625,952.796028544892,0
775,329,7.19744495322055,1433.31923479824,22.3201040597191,27.1571614879108,28.4661553636233,41.9242774247335,30325.2774063838,20169.7363503507,1032.90556863613,0
776,330,7.13873036466292,1519.55102479824,22.3201040597191,25.9875115335228,27.2022889263065,40.1081434271299,30324.3701409378,20186.1287046776,1040.60372027023,0
777,331,7.1778354945136,1246.12026079824,22.3201040597191,30.2192675831346,31.7824307751723,46.6809856683381,30343.5614257806,20155.2073233036,1070.49540008053,0
777,332,6.29986019673188,1378.40601579473,21.9599738579701,27.8559139909007,29.2144968345268,43.0073915809074,34249.6684060407,24322.558352289,528.931308799298,0
778,333,6.0828044958216,965.044073794734,21.9599738579701,36.7403224839758,38.8646420981823,56.8166008778642,34280.0680651098,24295.9913002024,500.585284311218,0
781,334,6.81450347638846,2349.34465660755,21.9032606913436,18.8326010128528,19.5093242714888,29.0093529331833,27554.5638705539,22212.0599158998,915.076912060141,0
782,335,6.87415880144821,2153.33839540751,21.8765183671076,20.0327649696818,20.7918543562229,30.8688716777019,27563.2445470645,22240.1530013557,917.571591356157,0
784,336,6.45308957918003,3798.23226806793,22.5487714045377,13.5987107182483,13.9578477532991,20.911492854152,32245.7914778149,21644.9174438361,846.32567911323,0
785,337,6.29646919628201,3351.08244206793,22.5487714045377,14.8001013114348,15.2281029908995,22.7691747708233,32274.4985823062,21621.3531631285,869.583939169134,0
786,338,6.58341389306769,3923.80249406793,22.5487714045377,13.3056680553107,13.6486220415348,20.4585361765426,32298.2907088156,21609.6447318999,882.373038691465,0
787,339,5.8808062280585,2348.32160412497,22.4716194351636,18.9397802827358,19.6315192607537,29.1775251840374,31352.8300432103,21607.8617707022,558.812319242077,0
788,340,5.86692000639115,1410.69681012497,22.4716194351636,27.5343728772877,28.8771877561587,42.5109330323537,31330.5371856592,21605.3847011553,531.662059804149,0
789,341,5.81607492390699,1729.02158862671,22.4886002730465,23.6478491894962,24.6825367354295,36.4776539982664,31364.8567667029,21639.3524701974,520.054797066095,0
790,342,5.79347813400038,1836.85965236488,22.5039666742976,22.6214273472947,23.5784569029604,34.8853222646175,31354.8698463347,21617.4536913838,542.574281036755,0
793,343,5.72120065911317,1856.3877350457,22.5065788233729,22.4474119673157,23.391436824881,34.6154098721496,32356.0679122499,22244.2575687269,395.077913302397,0
794,344,6.01291421108288,2068.7183750457,22.5065788233729,20.7473472205263,21.5665530907119,31.9790909845079,32371.5134461877,22237.4635757623,398.463590299103,0
795,345,5.87344963683131,2089.9954910457,22.5065788233729,20.5946845580774,21.4029278242807,31.7424228744091,32402.3429324658,22266.0275809912,431.017496427284,0
806,346,6.58373231450256,2280.0648372271,22.3728584431117,19.3235775292883,20.0403791087698,29.7718238366622,35370.8728692681,19685.4857745009,978.892454119327,0
807,347,6.68274680254236,2029.8396184568,22.3297419812384,20.996870798071,21.8313925608502,32.3652023087606,35343.3160488237,19669.0476910753,999.150259057547,0
808,348,6.83190417871434,3441.4517652271,22.3728584431117,14.5144875708579,14.9240645776287,22.3269717133363,35304.9045181692,19678.4208258895,1012.87717601708,0
809,349,6.63306417283458,3871.9058832271,22.3728584431117,13.4069389860418,13.7539307633915,20.6146421136144,35286.1195876212,19697.2201811637,1038.17009505031,0
810,350,6.86745697098763,3828.3144989757,22.2225939747778,13.4935080212593,13.8439435078474,20.7480833537912,35266.8248908362,19696.2728464273,959.073663486218,0
811,351,6.61363910480653,2424.5754929757,22.2225939747778,18.4726513823586,19.1293572343815,28.452942792968,35298.2508754633,19717.4628334162,1011.7605356732,0
812,352,6.55546655536676,2426.7340409757,22.2225939747778,18.4610367466034,19.1169610609276,28.434951531271,35276.376552978,19699.1358874417,1009.83664518366,0
813,353,6.67050160770124,2394.1575869757,22.2225939747778,18.6383608218088,19.3062476092747,28.7096378643663,35239.4681317278,19686.8670159891,1038.58339008938,0
814,354,6.73959330310218,2062.3579229757,22.2225939747778,20.7350360436144,21.549085132657,31.9588275569867,35267.6870287995,19722.5965891412,995.67494598993,0
817,355,6.97868991655742,1756.3286789757,22.2225939747778,23.3100752615311,24.314383550874,35.9523187782872,35276.0553013063,19713.5637580077,969.106385470394,0
850,356,7.67886061342023,3468.31434330318,23.1414173296607,14.5256705111837,14.9432319964197,22.3462874389651,29648.0337879239,34524.6333956061,1178.99071183302,0
851,357,7.38801205531588,5449.35480930318,23.1414173296607,10.7656015049326,10.9831047109256,16.5364176660098,29651.8300222816,34497.791849837,1186.15615773855,0
851,358,5.14976277852175,4819.77837997064,23.2775324227047,11.6718828931489,11.934506772216,17.9359120289844,28995.9623220554,34966.4083006662,101.307507133226,0
852,359,7.0770925420051,3329.57256930318,23.1414173296607,14.9356733844639,15.3775372457863,22.980484646467,29668.2499893811,34510.7139909626,1205.66612398643,0
853,360,7.68510325255987,2973.16986330318,23.1414173296607,16.1457297543424,16.6618419392495,24.8529065178324,29665.3837197877,34502.1891212361,1205.46892684917,0
854,361,7.17304230756251,4025.28580530318,23.1414173296607,13.1377746840446,13.4765054030262,20.2004153341456,29660.7046105156,34519.554314523,1219.93127334124,0
855,362,7.41654808021414,4238.32127730318,23.1414173296607,12.6937944382754,13.0084849729145,19.5142850402328,29670.4961270121,34500.6751373475,1177.94611977187,0
855,363,7.53213138449318,4002.19528597064,23.2775324227047,13.2015148318725,13.5448711976362,20.2992435927074,28612.19655353,34968.5372512282,679.477754454909,0
856,364,7.82256226958218,2923.22902942784,23.1580902741644,16.3388091378988,16.8672859911225,25.1518167516501,29727.9838779558,34486.8816189412,1270.32502432104,0
857,365,7.68878522174493,2956.36402530318,23.1414173296607,16.2092817523748,16.729393841231,24.9512734416254,29664.6368839745,34517.0488507149,1075.07017240044,0
858,366,7.14576652255871,4020.52818930318,23.1414173296607,13.1481671446409,13.4874676331411,20.2164778478887,29667.5427145755,34513.7402334827,1209.05438496231,0
859,367,7.8441023258298,3564.92037930318,23.1414173296607,14.2571834547555,14.6590752282008,21.9310555738427,29658.8013899804,34532.550472381,1098.10338285844,0
860,368,7.27185943962087,5668.87401525098,23.1371134204967,10.4944191155327,10.6992294564957,16.1178754517405,29657.6692147874,34508.3539243818,1217.9770651185,0
861,369,7.26368300060745,2584.08866325098,23.1371134204967,17.8075078136364,18.4312510920289,27.4258732936499,29642.0153375391,34542.6816377449,1181.70027280469,0
862,370,7.32889288463234,2673.84461325098,23.1371134204967,17.3849873450231,17.9807585933001,26.7715088076892,29656.9502056556,34486.8090849403,1198.87372429531,0
863,371,7.47824433347714,4985.93585925098,23.1371134204967,11.4052561874723,11.6536167230729,17.5239103206675,29658.9745503917,34509.9363450348,1213.44940604153,0
873,372,6.11676155604714,2436.00290037765,22.6263788074224,18.4801961213056,19.1426981715077,28.4660864763311,31696.2530808051,33698.2247666319,704.418623144062,0
874,373,6.17577210536245,3644.50344237766,22.6263788074224,13.9902944938722,14.3721487054884,21.5170651528961,31707.7622576411,33705.0529113853,703.661443450013,0
875,374,6.25467076385349,3530.71712637765,22.6263788074224,14.293394860869,14.6925983867763,21.9857353330054,31708.9810966215,33713.0804434665,725.160087472318,0
876,375,6.1231580596063,3437.81145837765,22.6263788074224,14.5541758711712,14.9685075360203,22.3890241539592,31696.9297755294,33701.1385551159,728.572988023435,0
877,376,6.21180357577433,3864.87357237765,22.6263788074224,13.4489199131871,13.8004270535894,20.6801380479565,31696.3124730227,33703.1718778331,714.36422493204,0
878,377,6.23554681823469,3634.15122237765,22.6263788074224,14.0171667881834,14.4005488809952,21.5586137327503,31707.2492183693,33677.9195516269,689.543419904628,0
879,378,6.22955183896429,3852.1622458688,22.6849346427876,13.4845752596695,13.8385638014856,20.7353918815558,31687.996830656,33687.7782124253,709.433287241651,0
880,379,6.18696163047806,3532.13954281874,22.6249487884399,14.289338162352,14.6882943929702,21.9794584892895,31686.1445167293,33717.9898546094,741.531957074083,0
881,380,6.25105409497248,3493.75087975043,22.5665588766611,14.3888951351513,14.7930500641552,22.1332609956708,31709.8603521659,33700.9123522058,716.484508001907,0
882,381,6.30757088422303,3557.31791575043,22.5665588766611,14.2143461707822,14.6084423550206,21.8633454127714,31705.7688538408,33690.076055317,711.51730527655,0
883,382,6.1305801618887,3869.88888175043,22.5665588766611,13.431204010133,13.7812144096602,20.6526115738097,31704.6730382951,33685.8147121219,727.796622143019,0
884,383,5.95429032875523,3546.76746175043,22.5665588766611,14.2429282888492,14.6386658709859,21.9075421011191,31698.5308031238,33695.7846529801,705.28632728839,0
885,384,6.08984975261512,3631.80984775043,22.5665588766611,14.0167809153688,14.3995930400375,21.5578660358539,31706.4405728877,33687.7353099494,707.473357596837,0
886,385,6.40821661875788,3653.61558775043,22.5665588766611,13.9603147634329,14.3399216926514,21.4705623865596,31702.0339968331,33691.1295028886,688.383160576712,0
886,386,7.93944978167796,2128.50900706254,21.5254030604031,20.1293557354602,20.8899795164339,31.0171245143045,35581.1591559871,23185.6863213678,1255.02705483305,0
887,387,6.43273580188099,3758.08490575043,22.5665588766611,13.6979387354014,14.0627697929903,21.0649287788537,31708.8102936974,33703.4933461914,709.867538485921,0
888,388,6.00805223401342,2554.86794881873,22.6249487884399,17.8688088624557,18.4903184507952,27.5190782060215,31696.6888320292,33693.7304118297,727.5718655959,0
889,389,5.83450378698049,1919.25111029277,22.6143044195826,21.9317559259129,22.8391178276545,33.81610201047,31370.3160405769,31406.5542075188,271.848075992345,0
892,390,8.26854860642009,1834.3238691444,23.05063566177,22.7721893831188,23.7495395219017,35.1216656116089,29550.0614747964,34600.3891234937,1205.85054490727,0
899,391,9.67938412377938,2006.04599663299,22.5866403543823,21.2313684805515,22.0868343245888,32.7298688488552,31604.5173448171,33969.9093724218,-1209.46863396381,0
932,392,10.0128570329361,3583.72375710771,22.0413791189505,14.085415197555,14.4672393993315,21.6626367118754,32671.0804004478,25041.8600481098,-1183.23605279082,0
932,393,4.24218225846491,2474.30409209573,21.8320085225463,18.1439496744958,18.7735639763171,27.9424086252547,33617.4235589181,25022.8493854122,546.877332453365,0
933,394,9.55559205041317,4808.74379910771,22.0413791189505,11.5916795940044,11.8415307089025,17.8096358163156,32665.3355731184,25064.3139159378,-1121.5667211708,0
934,395,9.54947383631205,4530.96069444802,22.0359417651088,12.0512482845258,12.3239467436577,18.5192989482777,32674.2932589372,25060.9733419443,-1177.0761898051,0
935,396,9.5369220825986,4965.42467532022,22.0522431326412,11.3531275615629,11.591445341982,17.4413547096115,32644.5854778112,25064.2553361569,-1148.72792487201,0
935,397,4.46358260737607,3481.96849785847,21.8640583882479,14.3415444059958,14.7362334783638,22.058182644087,33616.0362743376,25080.4621377498,700.549753144135,0
936,398,9.73145393326127,4807.36609932022,22.0522431326412,11.5947138295737,11.8447924090191,17.8143424377611,32633.3273713457,25066.4013337737,-1144.47065613838,0
937,399,9.56774291930212,4902.95893932022,22.0522431326412,11.446966812369,11.6898299190684,17.586227897666,32666.6103059866,25064.2102066026,-1146.82029931749,0
937,400,4.40071994094318,3351.54608778725,21.9035794867001,14.7217124554176,15.1387080571491,22.646169254511,33647.6004392023,25099.6971649091,750.386764850825,0
938,401,9.36236168661225,4922.64024510771,22.0413791189505,11.416328912512,11.6576278635966,17.5389056156477,32648.8853464024,25049.007367931,-1114.45887364255,0
939,402,9.94019568153459,4274.04062310771,22.0413791189505,12.5238632745373,12.8208407319968,19.2493226600545,32667.6492404354,25031.9590049169,-1128.09389392728,0
939,403,5.32994123791945,3031.88921385847,21.8640583882479,15.7588567660586,16.2371526102942,24.2503875986693,33688.1949845491,24944.6890003221,547.098007549033,0
952,404,5.39714608170475,2590.68880996274,21.9812426579138,17.5921738151189,18.1874307828869,27.0884624097352,31855.2792742043,25112.9059841056,-9.50687863352293,0
953,405,5.47058672803351,2731.41292396274,21.9812426579138,16.9546388442811,17.5087818208613,26.1014024589574,31863.6118090044,25133.0523740225,-5.13624621115875,0
954,406,5.80299519739106,2539.3031245458,21.9839991554136,17.8414199365796,18.4530316319637,27.4744337473159,31873.4551202788,25114.1451757389,-64.0705558220415,0
955,407,5.87948242914681,3631.83996740672,21.9000434021625,13.944027821303,14.3165645521222,21.4436863220063,33187.2298649212,25014.1082662127,6.8030395134447,0
967,408,10.0438959282339,2930.46648886729,21.2690304441869,16.0485060904481,16.537753228767,24.6967071961207,37651.9749520413,18736.2613219803,-1189.1813381053,0
978,409,7.29453618997482,4696.27684497839,22.1801848358602,11.7835301775199,12.0438778501422,18.1061553299004,35359.1403495694,17758.4056520162,1131.94587894331,0
978,410,6.17173460775247,3836.30730285098,21.8107030508382,13.4322931804246,13.775719691823,20.6524626131493,35977.6350407412,17145.9483265686,140.758794049445,0
979,411,7.24661621179071,5470.7656087398,22.1877578145236,10.6730335007125,10.8801698448689,16.3918799748956,35372.9388986047,17736.9363304738,1101.60315844337,0
980,412,7.41846084095006,5274.4520335976,22.1043359500016,10.9214984012278,11.1396365081971,16.7751866244563,35368.355313403,17748.9819050351,1083.21484802346,0
981,413,7.30142207485231,5366.8070515976,22.1043359500016,10.7998705357029,11.0123340313257,16.5874715167122,35372.8364029449,17759.4892646132,1118.23651181257,0
982,414,7.52665511477221,5235.3558835976,22.1043359500016,10.9741169086683,11.1947257431906,16.8564000440483,35358.4559379688,17741.5163310392,1062.10579194394,0
982,415,7.73433655174018,3884.37439195061,21.7347866895913,13.3134163718377,13.6497122784491,20.4685581929299,35762.7880206678,16992.4090436307,-179.993758226645,0
983,416,7.36937702736585,5091.7683895976,22.1043359500016,11.1734284721591,11.4034817453779,17.1640486167459,35382.776890242,17752.1553929422,1066.60154969416,0
1008,417,6.11335233456617,3207.92356337437,21.5513230084653,15.1224055526218,15.5592382688343,23.2648879099182,33837.4021318996,23796.5369690511,358.626491502529,0
1009,418,6.06118444324463,3696.52935049292,21.521180368386,13.7388145617884,14.0964125674793,21.1254935088291,33928.6050317747,23802.83148408,498.445518145529,0
1010,419,6.12580977625478,4265.48391809772,21.4676333029705,12.4877641218225,12.778220375114,19.1922739557453,33924.415342123,23799.7149345496,528.153374146607,0
1011,420,6.03679416411296,3127.79404367671,21.4984419341698,15.3785553702788,15.8299921590345,23.6609439318584,33882.0401904003,23784.0377520801,564.499908484507,0
1023,421,8.97031519727071,3744.24289434894,21.2468507103507,13.5920954590449,13.9391082148223,20.8980245585628,34580.9803301813,28602.2237768913,-1262.45917424465,0
1025,422,10.8502998405006,3091.91679285236,20.9019209830945,15.42088029977,15.8683023883498,23.7246150680751,35629.2028001994,29213.8785140136,-942.368784828576,0
1026,423,10.6631822411632,3174.29905882718,20.8338584738445,15.1386781874618,15.5687929108982,23.2879414350674,35715.8442682287,29200.5344896302,-986.103232977,0
1027,424,11.5936208999384,3379.55432685236,20.9019209830945,14.5187313390653,14.9139110666678,22.3294980920924,35710.837332837,29197.5541610095,-994.073102668225,0
1036,425,6.8602548379037,1962.87779028636,21.6266993095244,21.3594241999639,22.2091361306905,32.9242680891123,30674.9522313765,20020.4553260163,918.798783233895,0
1038,426,6.98077186798117,1730.04259216055,21.3510209462328,23.3492113658767,24.3411456405511,36.0087998432656,27723.1791431109,21206.8827039161,1053.95087224619,0
1039,427,6.74668897611625,2260.81179389639,21.3356237372936,19.2465975453591,19.9434804565573,29.6485200861316,27602.276251413,21198.3290802186,1055.37714129775,0
1040,428,7.00792126917796,2841.51936513209,21.468142782826,16.4216308409643,16.9361477719387,25.2747286608863,27443.327322031,23152.1755393253,902.727847855434,0
1041,429,6.59180043543131,2852.48831313209,21.468142782826,16.378023910367,16.8898369394732,25.2072442500867,27444.9243114601,23139.5906031882,921.179346756433,0
1042,430,6.90052304732606,2237.67657513209,21.468142782826,19.4129334181046,20.1230908232612,29.9067507602478,27395.1141616142,23109.1700088776,904.231104920557,0
1043,431,7.38903335096805,2229.72424520805,21.4754525842408,19.4635349818822,20.1772692393801,29.9851808360748,33199.3490168877,32952.6174146531,1238.32451768909,0
1044,432,7.46245863889229,2416.13028320805,21.4754525842408,18.3885117124238,19.0296068543014,28.3198686812362,33194.6094894214,32983.6602546736,1262.62667962441,0
1045,433,9.45920914655382,3128.89839389929,21.0753383619197,15.3194111530845,15.7627519255752,23.5681940830689,33710.0204849217,33955.2242417895,-1112.22196398002,0
1046,434,9.7821534978377,3206.7162518993,21.0753383619197,15.0656391580046,15.4940954631797,23.1756998054177,33710.6389084173,33931.3068878937,-1133.87922038977,0
1047,435,9.89070888945445,3028.10741789929,21.0753383619197,15.6654853624294,16.1293889459603,24.1035193249497,33685.7210193787,33935.9220780731,-1155.09843091444,0
1048,436,9.83617756644867,3209.0069558993,21.0753383619197,15.0583366281656,15.4863670797337,23.1644060849462,33641.256172366,33921.9684028562,-1187.58000212591,0
1049,437,9.72301274491485,3513.41717766154,20.9973153566117,14.1553006949599,14.5309888552226,21.7679028088789,33883.4294608281,33849.8768387457,-1106.21200364667,0
1050,438,9.76402891704884,3316.13832661788,21.0675882236667,14.7259939437673,15.1347107367641,22.6504401162355,33891.1350265361,33840.4008964618,-1090.05756949867,0
1051,439,10.283863165216,3101.53951264465,21.0201579634489,15.4040143935247,15.8517466386167,23.6988876312034,33861.3076956751,33884.7222934101,-1081.34422219998,0
1052,440,10.437330826461,3408.91183861788,21.0675882236667,14.4541788009164,14.8473845882315,22.2301578703684,33867.4273514899,33853.9924922966,-1056.11986319236,0
1052,441,6.78236877207182,2724.12598489909,21.2503254671662,16.8748796341337,17.4151052140235,25.975499070576,26338.7866992919,21222.0142910938,1037.5410816971,0
1052,442,7.64860711579442,2566.65374601414,20.2810312854017,17.4281493545723,17.9908964369975,26.8284717280673,35018.7655377425,33655.9394607114,507.464644010167,0
1053,443,10.19249420111,3507.67642261788,21.0675882236667,14.1789917282905,14.5566972360386,21.8047175678153,33858.2143955384,33840.4329192615,-1077.69044741652,0
1054,444,7.62607267994368,2525.29096306933,21.8901402558187,17.8953832741169,18.509340919212,27.5576698249686,30873.9255051904,34656.3133046825,1168.15572341024,0
1055,445,7.30656793692035,4638.26716906933,21.8901402558187,11.8556476581872,12.1174310477732,18.2169249491665,30820.5999162758,34650.3391691329,1111.79337487694,0
1131,446,6.20923132382891,3462.91821968867,21.509165580895,14.3535931719624,14.7454980396566,22.0758554523966,26118.448244747,23004.4534888502,682.870875184432,0
1140,447,6.34456035688677,2445.23640248602,21.5597740942093,18.2487614037666,18.8817167801544,28.1037413534853,34207.0021255948,24565.9045216338,669.45371225003,0
1141,448,5.92472014417907,4119.60198568637,21.5224548997946,12.7831256714428,13.0893594052945,19.6486699239546,34227.4512709835,24603.2702162471,599.154687858185,0
1142,449,5.96719382424224,3869.60688568637,21.5224548997946,13.3254756671445,13.6605383169391,20.4866743646815,34245.3967822223,24614.9375557882,587.691375231362,0
1143,450,6.10865504971282,3840.81890368637,21.5224548997946,13.3919461367784,13.730601513494,20.5893965457704,34223.050808118,24608.6746236657,606.147596641507,0
1143,451,6.57536328930615,3014.7979550647,22.3356615091841,15.8836824016686,16.3747680694976,24.444954194809,27468.4737816987,29669.1422686256,852.746286906345,0
1144,452,6.07042129139847,4348.43009968637,21.5224548997946,12.3354674481517,12.6185722109079,18.9571595803987,34220.5367180998,24607.6554216306,604.672029231143,0
1144,453,7.52117534157475,4398.78998497213,22.378392068749,12.3181815330389,12.6071583784437,18.9323252868397,27303.1410369911,29919.4214326356,1106.25815049724,0
1158,454,6.21921569634631,2314.28991343196,21.6047318870644,18.9798760130924,19.662452231116,29.2363668182607,25998.9802314972,23080.3745072949,802.35580915289,0
1168,455,8.12559969533033,3117.46129483846,21.6019395227322,15.4268897746239,15.8823251513647,23.7360204863661,35581.9925877451,19572.9154720001,-1103.2170026435,0
1184,456,6.33973142100481,3176.98843884239,21.920699349583,15.2697499904576,15.7192023912849,23.4938728127825,27836.0150507997,25787.5516143708,738.783310587735,0
1185,457,6.43174036145453,3185.31426684239,21.920699349583,15.2424877886541,15.6903157415868,23.4517009867505,27814.7923387858,25793.5160187361,715.941721034493,0
1186,458,6.12636037412777,2957.60947884239,21.920699349583,16.0377162322872,16.5336989304774,24.6820490379323,27811.1412634948,25804.095681384,738.358849943024,0
1195,459,3.1404978960258,2592.79179834893,21.3875598695065,17.4867107055128,18.0676180501616,26.9231007201005,24353.9586347173,22243.7096857862,-301.717422400496,0
1204,460,6.62577359476036,2681.30408892355,22.0505708319127,17.1853413252788,17.7551002424672,26.458789607752,30969.7906415734,19824.178231821,791.888515213474,0
1205,461,6.51213160539076,2804.31929892355,22.0505708319127,16.6574385950871,17.1935440840847,25.6415746376041,30958.8576810868,19830.5773752995,778.749678514286,0
1206,462,6.61453560264203,2590.47420243701,22.0462231094028,17.6035960601896,18.2004131116058,27.1063736426122,30947.0831417096,19797.1273405187,774.551361863995,0
1207,463,6.52743625047749,2787.55751292355,22.0505708319127,16.7268766225427,17.2673719201838,25.7490574097585,30990.9639869775,19838.287969547,778.47675578295,0
1208,464,6.69062185003807,3473.73882843701,22.0462231094028,14.385464670457,14.7844343051283,22.12658150153,30973.7603442224,19795.4106857743,771.165892040606,0
1209,465,6.65594430639304,3250.49998092355,22.0505708319127,15.0495002140133,15.487220123386,23.1535523550967,30966.4591315345,19830.5722601509,742.633889231181,0
1210,466,6.66454466694768,3018.01039307831,22.0369162499674,15.8318997576777,16.3165454793685,24.3639277905725,30984.2398855561,19820.2888074249,776.884736669391,0
1211,467,6.69399639613135,2713.66291748447,22.040781144652,17.040778502319,17.6011401857784,26.2349504976012,30972.0201087914,19820.8824540988,763.295668959287,0
1212,468,6.49050084000046,2808.91757507831,22.0369162499674,16.6365271642036,17.1711534293577,25.6091626332117,30993.5311964769,19811.4991305629,818.855996362921,0
1213,469,6.33648085255435,2503.97539748447,22.040781144652,18.0273158913864,18.6519211701561,27.7625230450633,30997.1303781244,19847.8921455614,789.682547975271,0
1214,470,6.63125458001625,2850.62058548447,22.040781144652,16.4680773147508,16.9921562741558,25.3484480124414,30978.036750409,19827.8141463932,786.664911289579,0
1215,471,6.29424345877044,2703.68513948447,22.040781144652,17.0845575189993,17.6477239615547,26.3027260200937,30974.3185538462,19839.4330159716,793.977654703885,0
1216,472,6.79931559098892,2675.55014507831,22.0369162499674,17.2090058269399,17.7801219360144,26.4953815180811,30975.3372424659,19798.9741645466,812.185983486674,0
1217,473,6.72228059958804,2662.76083148447,22.040781144652,17.2672378389321,17.8421549374316,26.5855514810034,30980.9108858152,19826.292690279,778.413685198464,0
1218,474,6.56389289369579,2559.69338507831,22.0369162499674,17.7501885093581,18.3564815617823,27.333340752461,30972.3498317796,19794.6914608297,792.924503738487,0
1219,475,6.79901707070308,2793.35298548447,22.040781144652,16.7013440488462,17.2401090316618,25.7095036712603,30960.9326918265,19839.4162831165,806.117482038195,0
1220,476,6.79597415770125,2409.24784388425,21.9676962629889,18.5114438906045,19.1673723323062,28.5120998740439,30972.9473373189,19844.990702431,728.586054396711,0
1242,477,7.90847413034947,7790.2994897649,21.922135869182,8.5236636526062,8.63907800922274,13.0769824437844,31416.0829044771,34934.4612376722,-1503.05536415115,0
1242,478,7.45564594019562,6041.51040354654,22.3090807365163,10.0235299508628,10.2022024784207,15.3899707898538,31381.0130129197,34937.1910320728,-1488.48288318043,0
1243,479,8.17744694466642,7000.6013117649,21.922135869182,9.11116411993033,9.24941590399207,13.982448981439,31408.0771344249,34948.624877741,-1498.42045727679,0
1246,480,4.55267629957587,4312.60887447298,22.3424138986381,12.4769150172824,12.773848742927,19.1774578650662,30573.1727368195,35227.4115312879,240.632349510854,0
1247,481,7.95061012438551,5332.67383743106,21.2428391321883,10.7826347658105,10.9885866680074,16.5592921401303,31574.6037128859,36411.7945266478,-1096.12807041415,0
1248,482,3.99759399174581,3999.31105047297,22.3424138986381,13.1172473958821,13.4481878275442,20.1668500489766,30557.9265549601,35170.2665364284,316.672443962708,0
1268,483,7.29718258492671,3819.23613986245,21.7748338171935,13.4686385862282,13.8137274136692,20.7085467204485,34758.3927950736,16740.5620587084,953.94320578586,0
1268,484,4.5364859210942,3313.27917836333,21.465337105583,14.7834757063036,15.1996112362118,22.7404594341943,35499.1133630407,16279.1523919922,533.110655600288,0
1269,485,7.52311258268452,3728.13660386245,21.7748338171935,13.6878878366281,14.0450152814736,21.0474218016819,34759.1635892307,16752.3961648167,983.244437673031,0
1286,486,6.45890228410782,3913.34933265969,21.8032830470449,13.2545855690209,13.5883040902052,20.3778083936401,31344.7950751635,18673.226485271,742.57055438562,0
1287,487,6.61629513336486,3364.40711865836,21.8151467317333,14.6729383826326,15.0862148828829,22.5704966366291,31353.6940129651,18726.8093674242,745.958859990218,0
1288,488,6.6373910851209,3598.14703065836,21.8151467317333,14.022300208888,14.3984328629776,21.5644716425342,31316.4798188551,18719.48818166,754.956453684298,0
1289,489,6.81463997341508,3971.30246146115,21.8057237361761,13.125760798617,13.452568473367,20.1787393943014,31378.7828248502,18444.8725639421,861.118416037657,0
1290,490,6.74343394401563,4943.58032821488,21.823804009564,11.3679710835374,11.6053914789544,17.4638241088298,31473.9796840364,18362.0251215678,859.837186114481,0
1291,491,6.92065899492345,4638.14578621488,21.823804009564,11.8503128639942,12.1113327114602,18.2085493449649,31482.3188109845,18332.6141567023,867.139768655326,0
1292,492,6.64118445516998,4768.87009621488,21.823804009564,11.6372212181034,11.8877214420931,17.8795148048347,31493.0764294705,18342.0231837292,870.335595034869,0
1293,493,6.92678959657209,4517.59748821488,21.823804009564,12.0564178434882,12.3277513091946,18.5268338124892,31468.964431106,18350.0109890031,876.925946506388,0
1294,494,6.69797338759612,5200.24930621488,21.823804009564,11.0013808600264,11.2213811998509,16.8979581047009,31469.9445051669,18348.6326087095,870.59190113221,0
1294,495,10.3538789600479,2681.55204001082,21.2680900160093,17.0630366449386,17.6153633552546,26.2668031086794,23871.8532723628,22148.2392244071,-1054.5639915431,0
1295,496,6.67991075605277,5119.54604221488,21.823804009564,11.1131693836827,11.338433762749,17.0705008912081,31472.3024733083,18347.4886321795,837.836730345376,0
1296,497,6.88918962667438,5268.99245221488,21.823804009564,10.9085288668064,11.1241892852448,16.7546522599353,31479.907461275,18350.818009916,857.702873363338,0
1297,498,6.78354032784517,4510.21877821488,21.823804009564,12.06934873593,12.3413337797776,18.5468040073365,31465.0627209763,18344.6720152652,820.506457243856,0
1303,499,11.371999134855,3492.27062417226,22.4665780132937,14.3816906515443,14.7844784693225,22.1218578923808,26616.2586484845,29405.0363137044,-990.130013598867,0
1304,500,10.7801888968208,2966.63434529642,22.4803606225418,16.0807486307997,16.5856029932498,24.7503531403151,26555.7002683468,29458.0480792825,-973.535578091903,0
1304,501,6.45074280767125,1990.55636679616,22.558154507378,21.3450530988109,22.2083751805463,32.9060260785789,27828.9035409567,29653.527709524,1006.322332566,0
1305,502,7.83320312511627,1672.71767390449,21.9029519663481,24.0812340277587,25.1388241412142,37.1472536432236,30817.2039116088,20308.5364311724,1255.37395992979,0
1307,503,7.68406370251599,1795.68883190449,21.9029519663481,22.8558266783863,23.8203534931735,35.2461303916892,30814.0864945204,20219.8093728809,1227.46338865194,0
1310,504,6.56168961718689,1566.16412051382,21.9354050410737,25.2969949166156,26.449707057677,39.0341910059315,31650.0177477077,21024.4682929354,889.706973203802,0
1311,505,6.53585073981401,1785.54308051382,21.9354050410737,22.9589010361554,23.9317246893638,35.4061712175637,31609.0990415618,21068.9591940213,807.011604938123,0
1312,506,5.9609966636162,1606.21484003024,21.9441866982648,24.8280692163562,25.9442369181728,38.3064276590368,30734.6649927641,21905.7504840625,689.538283983408,0
1313,507,9.32506283997808,1949.52558307379,21.9176524012354,21.5297252582615,22.3964564345092,33.1896013989749,29218.2163400743,22509.1873073178,-1401.96598091678,0
1314,508,8.92129221258829,2026.90292107379,21.9176524012354,20.931931873587,21.7554371052305,32.262778103359,29224.8341243077,22584.5770722554,-1386.54727188422,0
1315,509,9.1675862738414,2015.02553074225,21.9255278080393,21.0226097007869,21.8527539414514,32.4033882350542,29212.1494545921,22681.9710880021,-1314.79929440695,0
1320,510,5.79341932567679,3594.60886906594,22.0583090912367,14.058541238065,14.4390050366093,21.6211317418076,31814.7767246729,28390.4418329326,287.394905241537,0
1321,511,5.81488926826349,3552.78413719328,22.035820402815,14.1673624615119,14.5537792093912,21.7893210451419,31836.089392907,28406.4730583314,299.748938893555,0
1322,512,5.84863380694284,3304.99163719328,22.035820402815,14.8783204667002,15.3058009996498,22.8887438486118,31833.8900136029,28407.9565146304,240.220710089672,0
1323,513,5.81290969347466,3444.32811319328,22.035820402815,14.4672472601515,14.8708188217737,22.2530162785741,31842.8846847276,28427.6435802759,294.557772267579,0
1324,514,5.77268822960751,3614.54504119328,22.035820402815,14.0038075460201,14.3809722495588,21.5364536548398,31833.8674839696,28408.0170788949,272.606320682658,0
1325,515,5.79368027111422,3380.89059106594,22.0583090912367,14.653295439566,15.0678551897847,22.5407872472896,31826.33835905,28408.1912431138,285.165227059399,0
1326,516,5.9757576946197,3403.51393519328,22.035820402815,14.5845277181086,14.9948745930445,22.4343787177458,31844.6079320774,28413.1423767207,257.546444104847,0
1326,517,10.3863386607689,2318.30505869895,21.3461243007441,18.9092208270662,19.5833919206499,29.1259151061362,21835.0374448111,25296.3070270374,-975.000647686544,0
1327,518,5.88093666467745,3525.97849519328,22.035820402815,14.2399428360995,14.6304889881911,21.901541880474,31840.3897029715,28419.4855442098,274.764625924569,0
1328,519,5.90102921394625,3490.12498340135,22.069060935286,14.3423824600745,14.7391017693971,22.0600249181673,31912.9159255945,30156.0216759812,399.345459731363,0
1329,520,5.83957706178581,4255.88165644,22.0703151122092,12.561788280737,12.8609742354747,19.3079751957486,31899.7048845797,30128.0979047493,414.168730755152,0
1329,521,11.0291188240173,2313.98285882345,21.3176503042571,18.9289566047584,19.6040573405114,29.1563764220382,21860.6849314716,25369.9572032723,-998.703021529482,0
1330,522,5.91894803364819,4199.35519207215,22.0650834909764,12.6728771234595,12.977833555506,19.4795856386025,31889.2252929931,30118.9339528885,435.508391094085,0
1330,523,10.7143887879868,2659.74307429699,21.2953819158384,17.1644071441252,17.7235113436519,26.423815599329,21813.0807166629,25307.23021512,-978.20884475118,0
1331,524,5.94444672594771,3855.30907207215,22.0650834909764,13.4141365274326,13.7588265897324,20.6250229031762,31894.3526433138,30123.7644383863,424.676740261204,0
1332,525,5.9005235059334,4584.85424407215,22.0650834909764,11.9606203061775,12.2289717220823,18.3793956873217,31890.7267397523,30124.9446143467,453.492487749417,0
1338,526,6.72665094803956,3957.2374704522,21.8972684107998,13.1659035119368,13.4956593779932,20.2409899739836,27544.3140305859,23880.8271936464,921.665689843523,0
1339,527,6.74242259175388,2642.06249980686,21.9084099493772,17.3408547630009,17.9188959926512,26.6990813574596,27557.3071547135,23887.8009782328,942.991799660356,0
1341,528,10.4189522749448,4005.54166435528,20.9135995439091,12.9625560610346,13.2729374829842,19.9244269395567,36074.5536158196,25493.5007671333,-1082.94934741978,0
1360,529,9.3614047148434,3084.93398130981,21.6902012301836,15.5495832116428,16.0133270517866,23.9260894559761,33771.3227164263,16443.326533589,-1198.39754613671,0
1361,530,9.40885003659318,3234.95306730981,21.6902012301836,15.0537451513043,15.4879894896787,23.1590913919695,33791.6232542401,16473.8128416129,-1188.29391674199,0
1384,531,6.70138329114755,2540.24320113084,21.7406121588391,17.7968514874924,18.4024212634711,27.4045584096395,35021.8091732462,17394.9080996511,789.760319649323,0
1392,532,7.65718154253942,4012.41148609035,21.7465256460957,13.0303974105517,13.3515976260433,20.0312415221996,32897.2416903077,18389.5235818067,1196.02816693969,0
1393,533,7.51089877980197,3989.23516441372,21.7437968590251,13.0803710329219,13.4042143728732,20.1084538805027,32918.2845115303,18433.1987240345,1177.46419947121,0
1394,534,5.85956903537036,2762.31533580877,21.7344259560308,16.7857226657363,17.3261913618029,25.8391128983521,33087.9643753834,18936.1195738682,426.350036783658,0
1396,535,9.19052734740431,1929.53469633453,21.9198703750855,21.6918707867459,22.5704691321994,33.4410326001483,29853.2319909256,35707.0901548699,-1203.03350755028,0
1405,536,6.29881512886234,1600.76215631825,21.5856397219936,24.7914209715339,25.8979936593359,38.2476886929667,30856.417132613,21776.5971717604,647.316825680387,0
1406,537,6.33504484472485,1771.11124031825,21.5856397219936,23.0095162945323,23.9800800021908,35.4830123668174,30832.2220185027,21779.0364692315,646.671521355248,0
1417,538,7.83250478736227,5130.72171150827,21.6671944798176,11.0858003990916,11.3086956865921,17.0279589008793,34605.5835567374,16138.9825750092,1145.58576229821,0
1418,539,7.55185011543189,5794.80561150827,21.6671944798176,10.2523043709297,10.4371844127235,15.7418167772909,34578.6605157574,16158.1679911486,1147.21759525766,0
1418,540,10.1871311134587,2953.73314327187,22.7010457233521,16.1594042928274,16.6715851217858,24.872752276728,27722.6007470379,31974.9503208118,-1094.94499035393,0
1418,541,5.00417854098628,4182.5216876054,21.4209065255373,12.646136814624,12.9443824126155,19.4368082040007,35239.1991776471,15665.5253139044,206.69509183611,0
1419,542,7.41334262769912,5717.29611750827,21.6671944798176,10.340843048879,10.5296451278217,15.8784062371511,34572.3388213027,16149.73602326,1158.72146088077,0
1419,543,10.0450504172286,3211.83381127187,22.7010457233521,15.2540500054001,15.7106385591198,23.4718105029258,27715.8146004849,31997.780816515,-1087.05090121894,0
1420,544,7.33333507654879,4386.81342270907,21.7014658650712,12.2804062330836,12.5621330019682,18.8725098826267,34602.1666453495,16138.8837123506,1154.97110699011,0
1420,545,10.2415255065336,3114.09263354053,22.7493670385342,15.5871450990739,16.0644548572729,23.987314589924,27732.8637551478,32006.9282878052,-1117.99504011687,0
1421,546,7.88036575044782,3161.30929792121,21.6993172828257,15.2930280227275,15.7415266853577,23.5292365552252,33333.4596376604,16048.9573475289,1244.85708948989,0
1421,547,10.139489800587,3030.43788554053,22.7493670385342,15.8821982389833,16.377659663353,24.443888089833,27717.9362011138,32014.1702812513,-1068.75952412482,0
1422,548,9.58933916992443,2641.47865445586,22.6775720548901,17.4634160473853,18.0588382890797,26.8914464287979,28183.9723670019,33186.1351767918,-1092.86675048336,0
1423,549,10.2229929759414,2739.05383445586,22.6775720548901,17.0258458650802,17.592812224641,26.2139154627036,28137.0188647602,33212.7839407559,-1070.98766150051,0
1424,550,9.42618892258581,2978.98305245586,22.6775720548901,16.0614108806671,16.5672211065293,24.7210203690921,28173.5745261764,33237.7641951034,-1112.5101549663,0
1424,551,5.7418046920642,1896.14236150034,22.4919898414118,22.0989624138492,23.0167730566303,34.0748881202762,29190.8007683435,33132.1448954607,573.01035588718,0
1425,552,10.334710826319,2843.73559589668,22.6899780981641,16.588661517968,17.1277747254376,25.5371409806644,28138.0308318805,33287.3177468222,-1113.7282451678,0
1426,553,9.66580394680264,2799.15497189668,22.6899780981641,16.771979514718,17.3227789888836,25.8209246834828,28102.3145584944,33238.5773442834,-1051.91961488698,0
1426,554,5.17100455064516,1926.70790586428,22.5202637196462,21.8489439043329,22.7486882404664,33.6872598188825,29112.3049907422,33244.672644044,641.242495398241,0
1427,555,9.62880253513491,3021.85985789668,22.6899780981641,15.9053903524455,16.4016495726056,24.4796029481042,28094.6576003663,33252.511943307,-1064.35394816847,0
1428,556,8.30210898014852,5014.68571412449,22.7001572821023,11.3297079408764,11.571381493467,17.406439232158,28089.3917791274,33071.7023148259,-1410.56039708125,0
1430,557,5.84976420973086,2944.02613791839,21.8394111273151,16.0773663425686,16.5748763527664,24.7431535091937,30567.1049814568,24391.8167261274,326.738062768972,0
1433,558,6.31048593721811,1980.13191768542,21.7096237597079,21.2428033087341,22.0854173593789,32.7438262257056,25383.1799349318,24734.3293106506,761.25802166138,0
1434,559,6.29200845392595,2120.02753752976,21.7391362758961,20.2301653977177,21.0010735489577,31.1742453788958,25378.812269855,24777.0935609591,816.184926015455,0
1435,560,5.74664519243913,2027.00324568542,21.7096237597079,20.8870727484606,21.7041308919914,32.192345263594,25394.0171961399,24756.3167891193,730.582446952319,0
1436,561,6.24024427052935,2142.18569352976,21.7391362758961,20.0800445315791,20.8404129946803,30.941584451743,25390.6050270942,24745.452801465,737.946716185525,0
1437,562,9.26566269921873,2031.80125353423,21.2552425088634,20.7548847494177,21.5554036023946,31.9854762939645,22078.5364132543,25511.8107034824,-1252.53364575904,0
1438,563,9.2067514415475,2797.38096153423,21.2552425088634,16.5686274337459,17.0897509664609,25.5015240535531,22058.5617865111,25482.949401839,-1258.1317113747,0
1442,564,5.7654900620545,3920.41057554602,22.5869961475993,13.3171675002385,13.6610793219592,20.476399931167,30423.2411480382,30127.3201791649,71.1237956268319,0
1443,565,5.6457715229527,3694.21523574688,22.5582337886255,13.8558866240209,14.2295141786814,21.3090892787358,30428.6575949432,30124.1060022938,44.3515224144392,0
1444,566,5.92016989184318,3998.26819874922,22.4095148756631,13.1260807307392,13.458066724179,20.1806576368524,30579.6350809926,28700.5613383392,202.464937015006,0
1445,567,5.97247680763502,3879.10105803037,22.4322683877427,13.396299618521,13.7432231888917,20.5983400510356,30568.4688502815,28679.9995997982,199.984146814897,0
1446,568,5.81854916254301,3743.42089803037,22.4322683877427,13.7198869628324,14.084746435415,21.0985277923591,30562.7886654769,28696.1877211386,200.182647681827,0
1447,569,5.86986333779243,3984.63410474922,22.4095148756631,13.1560105211728,13.4896185892614,20.2269117537531,30572.9023735797,28684.0270407134,231.233159077059,0
1448,570,5.83538798741734,4015.04553003037,22.4322683877427,13.0917093585899,13.4220273836799,20.1275931458834,30558.6586342454,28690.7254624107,239.076893689128,0
1448,571,6.94459028901401,2194.03541873525,22.6200787038442,19.909410691346,20.6705870747668,30.6806558421112,26432.0414609308,28695.1705000989,1122.40100870056,0
1449,572,5.91338320420439,4558.00845603037,22.4322683877427,12.0378037897203,12.312821169438,18.4993629828114,30573.7505869313,28683.9994625783,232.042332521108,0
1449,573,7.1185393647925,4439.07952073525,22.6200787038442,12.2653315891532,12.5534394391134,18.8512003803688,26425.6367439521,28670.5665879777,1055.81432560428,0
1450,574,5.82649540078618,4142.35067999926,22.4362752422438,12.8230379883478,13.1389692714608,19.712430602898,30560.7622310177,28698.4251674478,209.611476193414,0
1450,575,7.26582278610494,4748.38621805898,22.5999347278069,11.7326558258858,11.9935218905598,18.0284372500288,26437.2613554553,28674.2797478705,1035.3017943806,0
1451,576,7.07990157665183,4372.82089205898,22.5999347278069,12.3859281462973,12.6801389701299,19.0374539480669,26420.5213137177,28681.1949298254,1052.99515449548,0
1451,577,5.73956930353917,3127.63488599926,22.4362752422438,15.5005886227156,15.9693439728307,23.8524849377321,30541.6174614978,28663.7163748623,200.385834507234,0
1452,578,6.93645977779634,4127.40720005898,22.5999347278069,12.8692444100485,13.1889819498125,19.7841982997308,26434.3188971255,28684.973844247,1044.83051058616,0
1452,579,11.366481231302,6140.59467307688,21.2408045090441,9.85489797011693,10.0200153862912,15.12813566254,35879.7021718869,27548.097600218,-951.998626790789,0
1452,580,5.3075348963976,4534.2303978922,20.6119080985024,11.9224490924135,12.1776637152039,18.3173472571328,36955.7489940768,27619.884991594,524.925926306519,0
1453,581,7.07250872285502,4189.19013005898,22.5999347278069,12.7428406734879,13.0558333373682,19.5888802846665,26437.4740755949,28678.6780587713,1048.00611509318,0
1453,582,11.1650709065282,6610.51923644305,21.1692927568962,9.40294632868735,9.54892231394175,14.4311459504343,35859.2179704178,27539.7059717262,-965.594564830645,0
1453,583,4.95867023731597,4546.38799826293,21.6128542175373,11.9882668177464,12.2545576081754,18.4211385158244,34740.8896423661,27476.0288610566,676.273207703996,0
1453,584,4.90579693774369,3944.95683189834,20.3786287439764,13.0392946903202,13.3489058307334,20.041660233684,36604.4549764601,27560.2670601379,-133.424190716694,0
1454,585,11.1603982766345,6403.43093107688,21.2408045090441,9.59737859049003,9.75172108488636,14.7310317410524,35883.4206449437,27538.0582884009,-968.858330054731,0
1454,586,6.58095740292488,3842.28531897651,22.5849085642307,13.497637553308,13.8514801144104,20.7553431056854,26349.8862864378,28662.288435952,1060.02762147763,0
1454,587,4.72063399019244,4149.70648578747,20.516228966727,12.6251847331221,12.9146820166041,19.4023265555846,36934.8481221902,27683.5828520136,642.247296052935,0
1454,588,5.88066507251811,3514.70070034546,21.6929385740537,14.2317424659951,14.6185264879627,21.887954270855,34735.2781526726,27572.4139303539,565.5582550053,0
1455,589,5.74501629012495,3349.82652955178,22.0581574164936,14.7453743138412,15.1652965204732,22.6831897640651,32260.0037934134,27229.1795745738,92.243485014777,0
1456,590,5.79799601370919,3373.28421955178,22.0581574164936,14.6756875543959,15.0915481545586,22.575416387383,32246.0298968205,27216.1582495336,153.280534747966,0
1456,591,4.16967849241145,2325.14527490831,22.2598067104509,19.035734817094,19.7311719180602,29.325400490436,25097.1064974553,28898.1122654845,330.811342672079,0
1460,592,6.53141269190051,5165.18020376308,21.8126021155861,11.0487518701846,11.2709012613436,16.9710515218384,34279.5659386453,18856.902215927,730.16650276761,0
1460,593,8.40482573098189,3511.62757910474,21.3949369597658,14.2059892326632,14.5884225394657,21.8473401079606,35610.1693896668,22746.9533057829,-1477.32234219033,0
1461,594,6.52152360203908,4420.54722176308,21.8126021155861,12.2285483891789,12.5085107059723,18.7926561209167,34286.0069814716,18866.3271486796,730.235344189709,0
1461,595,8.44417394129568,3349.91268710474,21.3949369597658,14.665245277093,15.073832755992,22.5574300952502,35609.8825951906,22790.0363122625,-1374.07685819453,0
1462,596,6.47456061103754,4638.07599776308,21.8126021155861,11.8494936650841,12.1103885839112,18.207261084144,34283.9270366699,18851.1548718874,696.374208929768,0
1462,597,8.37416079273791,3519.31465310474,21.3949369597658,14.1851006883478,14.5663580445956,21.8150465069459,35588.6229765514,22778.1405160071,-1432.36048824338,0
1463,598,6.4796352314376,4565.03239727953,21.8174300944093,11.9736296687188,12.2407554766281,18.3989675391679,34273.4485313093,18852.2181734689,730.025109213548,0
1463,599,8.27623543526651,3349.80255710474,21.3949369597658,14.6655715481665,15.0741778095727,22.5579346225204,35613.1708737294,22758.1381948412,-1440.73714216778,0
1463,600,11.0354519570817,3929.01437557203,21.1008025781865,13.148266867583,13.4700908201415,20.2118091094898,35891.9767734335,28774.9560012382,-938.530617820487,0
1464,601,6.55689294894486,4365.85666376308,21.8126021155861,12.3290815231738,12.6141768998286,18.947935765859,34275.8866180848,18875.1221043683,729.959964710847,0
1464,602,8.49638803558791,3374.29546910474,21.3949369597658,14.5934791262908,14.9979421312536,22.4464568396842,35588.6824061104,22757.9340314623,-1417.62760025568,0
1464,603,11.0859590232522,4503.69474157203,21.1008025781865,12.0180031679112,12.2817876574596,18.4659565809812,35937.1514404436,28796.3771462839,-923.066949953425,0
1465,604,6.43095774752331,4226.25049127953,21.8174300944093,12.5965600121421,12.895504405631,19.3611254836817,34292.6834575563,18847.266970507,708.442391982955,0
1465,605,11.1681799191961,4050.00319357203,21.1008025781865,12.886784954117,13.1948375553877,19.8078190198216,35896.6956851584,28798.4366747112,-931.787137483421,0
1466,606,11.1669327907094,4830.81489024573,21.1736559768134,11.4876017492523,11.7260653603553,17.647202190889,35918.0966098613,28789.2300311071,-974.441643122648,0
1466,607,6.3709812275827,2176.40618576308,21.8126021155861,19.8681181077315,20.6147573461888,30.6134526860351,34276.4191805504,18860.3305027267,727.786352879379,0
1466,608,6.78887479218352,3330.50438515579,20.3479950020379,14.5941912251707,14.9878795845228,22.4445763562887,37083.7965792771,28743.2019591718,545.242307799254,0
1466,609,5.88816844910328,2866.71523542259,21.6565102611241,16.3490197457187,16.8612297648985,25.1629632715406,34736.2371100086,28808.8146309364,631.879658485694,0
1467,610,10.8212949604033,4974.01591957203,21.1008025781865,11.2665468129315,11.4939658389821,17.3058340879448,35917.0115073035,28746.0058449796,-917.915032451129,0
1468,611,10.7559025091676,5241.76397557203,21.1008025781865,10.892019778938,11.1020118980571,16.7278183482373,35882.1685784007,28761.6169061483,-925.957857321575,0
1468,612,5.1312471988963,3327.56665074476,20.1685636252466,14.5805099038685,14.9715290057163,22.4229014971728,36919.5576970895,28867.7105649628,595.128320493666,0
1469,613,10.1589872314744,4446.60334957203,21.1008025781865,12.1186910132399,12.3874860948179,18.6214394987292,35880.6644546457,28720.4640762044,-941.824263117054,0
1469,614,5.49714829794792,2856.93850631852,20.3186123576955,16.1923926938242,16.6791614722156,24.9162400109094,36943.6262352504,28808.9170674841,693.033831277414,0
1475,615,7.04739020163498,3615.13508587282,21.6164284340942,13.9559805847287,14.3265211043787,21.4614292810598,34914.962454703,24568.4945093484,988.587673178768,0
1476,616,7.01861803782205,3893.65385587281,21.6164284340942,13.2802102021092,13.613666370275,20.4169537454003,34911.8734165966,24596.0208767197,1004.64029216973,0
1477,617,6.8452520209371,2263.7603142666,21.6186137655655,19.2820570006623,19.9854107487383,29.7045726690508,34921.8218344698,24522.1623703692,993.310464201564,0
1480,618,5.86350738980494,4615.26618399915,21.8858993046932,11.893912930871,12.1575717794957,18.2760065157942,32858.5356126335,23778.0239512896,498.607584955368,0
1481,619,5.92969852609916,4345.13601173319,21.8796832175969,12.3737788453685,12.6617010260107,19.0171238828221,32847.5731871744,23766.5427837783,462.523191603366,0
1482,620,5.8811516964631,4753.07955773319,21.8796832175969,11.6669521642372,11.9193219128331,17.9255333516161,32857.9510382655,23767.9892990986,464.729351992222,0
1483,621,5.80460958039754,3599.18146973319,21.8796832175969,14.0267448854326,14.4037360820428,21.5715108197822,32852.3561081627,23769.5734777983,449.55748813371,0
1498,622,9.12938835218013,3296.50624717167,21.2063379261882,14.8024593247098,15.2170197490856,22.7690792811345,33890.4682798447,33178.1755966731,-1234.91217492006,0
1499,623,9.65794393030595,2852.61438551438,21.1318245497641,16.3286379384465,16.8334435727985,25.1297296484039,33951.4474336183,33219.5803695431,-1173.70373692801,0
1500,624,7.439216543639,1883.17195769724,22.020330962824,22.1021104538119,23.0124939872995,34.0776574258711,31821.5400293706,31761.3942037994,1071.10029750128,0
1515,625,7.24179776242519,5322.40359320382,21.4296125240353,10.8094950948791,11.017932393216,16.6010880562119,35430.1837016504,23392.8222864428,1146.6329806683,0
1516,626,7.1611460855191,5067.32048720382,21.4296125240353,11.1572358020414,11.3818411316802,17.1377604490423,35418.6832211943,23410.5526028351,1109.65622669325,0
1517,627,7.06944005822334,4611.51444320382,21.4296125240353,11.8617727760301,12.1203737138744,18.2254201045196,35424.5349589172,23388.7823751279,1164.91202033185,0
1518,628,7.18122721070469,5625.12893720382,21.4296125240353,10.4328021046193,10.6241968755234,16.0198625559974,35416.0684340917,23381.5545064053,1126.90779134688,0
1519,629,7.15771283687342,5862.15072320382,21.4296125240353,10.1616718573822,10.3411110367518,15.6016023807231,35421.2775417,23400.4858448218,1099.91857686228,0
1520,630,7.24039429761972,6163.11794245383,21.2864568657177,9.83489247061917,9.99943371637272,15.0973587355119,35430.5766453884,23398.8612287874,1113.3134233605,0
1520,631,7.8532931211676,4616.09737921696,21.1055400415527,11.8265975358464,12.0809822298539,18.1704209660089,34981.3062378457,24123.4123587652,-161.236299125067,0
1521,632,7.06141333583519,1971.94458445383,21.2864568657177,21.2134700414744,22.0471913281048,32.6964810225147,35420.2947402143,23421.1671106618,1068.95566659164,0
1545,633,6.98629779721453,3943.97674641139,21.6840376120685,13.1739995196881,13.5023376405589,20.2529895228258,33836.1478854121,16696.6454332897,894.316136305308,0
1546,634,7.03146146429233,4862.43892041139,21.6840376120685,11.4798155187143,11.7216320920421,17.6362123149249,33854.4154140694,16683.8368773871,876.978320844713,0
1565,635,6.51701825572252,2330.85358179979,21.9887681394812,18.9537965823125,19.6399246868484,29.1974311804057,29778.7563676593,26224.8316140309,586.648613115165,0
1566,636,6.29435106261546,1873.49928936691,22.0336368478034,22.1883295930069,23.1053082961253,34.2114320880296,29726.6179974803,26532.0798739034,591.766450072873,0
1568,637,7.0859081164542,3992.07198103927,22.477399325324,13.1462940861362,13.4799495059464,20.212054099449,29047.5610807867,31480.8236592956,1152.77036322087,0
1573,638,9.49900447290822,4657.44744680184,21.756157672504,11.8125594662867,12.0711979909277,18.1501114273275,32289.2903499581,31967.259619709,-1139.24896045905,0
1573,639,5.08789990952826,3081.10217671485,21.2534290131127,15.5047763509249,15.9610612931091,23.8554583451216,33281.5461244671,31917.0667056312,623.983865937338,0
1582,640,5.7773429816685,4732.56011488889,22.5022375739749,11.7504514656528,12.0115010143522,18.0557234820751,28250.8977146516,29782.4511706459,538.956872098311,0
1583,641,5.87310445646689,4227.97223990314,22.5099322865077,12.6569407235297,12.9646569850652,19.4559571417829,28120.7024257718,29717.72467116,583.610240620197,0
1584,642,6.77895754679272,6480.26988439919,21.7254618317645,9.55358370494879,9.70884379383798,14.6642600965872,34755.5617155179,18682.6092825572,852.490499644244,0
1584,643,5.83804886481402,4248.69870590314,22.5099322865077,12.615993932394,12.9215495173397,19.3926931300214,28121.8524078894,29703.8477899449,588.071242804978,0
1585,644,6.66771830488459,5383.19887639919,21.7254618317645,10.7519040453619,10.9596640948613,16.5127602657038,34760.9238263054,18664.5187947122,846.295196894018,0
1586,645,7.8725946743014,3507.92879258793,21.9320659580605,14.277562078467,14.6692575745741,21.9594340395117,23807.8503165887,28367.4972803706,1255.5171374412,0
1614,646,10.1600499212306,4166.64364256719,21.4030858306774,12.6762363077435,12.9758945271467,19.4832643890606,36095.8869852914,16891.2079710418,-1221.95894193257,0
1632,647,5.93407781448399,3439.32660636827,21.3864748312854,14.4055423596571,14.7991857554829,22.1558416615142,33670.7783088665,24460.6917017362,307.845905031971,0
1633,648,5.72647860420624,1806.39377537278,21.4123559640339,22.6376294771497,23.5774321240997,34.9053662256809,33648.9055350612,24463.051697605,282.319565941148,0
1680,649,9.56092400207727,2521.63071986246,22.460546278172,18.0074928042007,18.6361503181808,27.7333002934448,29014.3844726955,33602.9282360613,-1082.69928865327,0
1681,650,10.0251755001634,2104.43625386246,22.460546278172,20.4834471628159,21.2830498394194,31.5697952014727,29000.5032575988,33638.4530450878,-1097.94044250426,0
1682,651,9.23647893112278,2053.89088157826,22.5157639979953,20.857359008766,21.6846289770957,32.1496841208688,28582.943949152,33717.4544823787,-1110.32115525845,0
1690,652,5.52440728717409,2298.68760312852,22.3284799225174,19.2038196059479,19.9117430985924,29.5860908184682,30052.1498222974,31447.7199908288,325.955086103869,0
1690,653,3.63215326071263,3335.24979079365,19.6226994576943,14.4896130396081,14.8697224518725,22.2807779809651,36676.2069626165,30440.1864349036,-992.787356266801,0
1690,654,4.14026111284597,4238.69517797821,21.1409525472953,12.5092566082629,12.7981213725446,19.224728057449,34851.3203226999,29417.3092170158,-465.417335930057,0
1691,655,5.6057347321058,3612.64863312852,22.3284799225174,14.0408834014506,14.4228681673822,21.5945261943717,30056.6701778677,31444.5421056899,396.109891546745,0
1698,656,10.3933288651853,3069.62266027296,21.2714929032893,15.5467751921247,16.0057655893477,23.9204821426347,24866.5628106085,21320.7009062232,-1006.36843083245,0
1699,657,9.42381070651389,2677.14136627296,21.2714929032893,17.0830852228873,17.6367252826136,26.297848841318,24964.6646312727,21342.4645711517,-1188.44035147133,0
1700,658,9.26389019933255,2304.15569568492,21.3381620000961,18.9898269355118,19.6693269034083,29.2507491283095,25014.5015536393,21344.047115197,-1225.94192052553,0
1702,659,10.4840145981705,3077.1154100758,22.0172440722342,15.6198518803408,16.0913768697334,24.0357780188632,24244.3204186731,28200.3909748498,-1083.06272213631,0
1708,660,5.78130913811146,1925.72152127423,21.6665606560328,21.6661064187919,22.5387185236255,33.3999503425949,33322.5924542426,29008.3240207467,625.967940068975,0
1710,661,6.17745282002031,4820.68156043902,21.7222305554228,11.5474507117758,11.792825430842,17.7407084527702,33036.3427626233,29994.9795973884,820.429577357027,0
1721,662,8.76344120164664,2245.2186416861,22.342309444087,19.531385119921,20.2621712863968,30.0937220264478,25115.8228736527,29395.5999050419,-1417.66961671399,0
1736,663,9.51274622872732,3155.71086757375,21.7154695636853,15.3136211410982,15.7635171494022,23.5611389161608,32487.2417190347,15503.3664209889,-1212.4079195183,0
1737,664,10.0926799753542,4998.91432293276,21.6969433777343,11.2763926106278,11.5085265874972,17.3222060024549,32458.2621903343,15445.4339692881,-1160.86482344733,0
1737,665,4.91356087252552,3746.98765173075,21.7296986186229,13.6369478440305,13.99085445284,20.9685712911483,33472.806049678,15394.413541924,580.932805994934,0
1744,666,11.702537214026,2836.98261973691,22.538239547061,16.5943902684286,17.1321402393546,25.5455332504236,32533.6485966717,19610.5755264096,-928.357168084536,0
1747,667,7.79407756057876,2369.19299842012,22.5069689595348,18.8273378576617,19.5118625942347,29.003446856437,31869.499921972,20626.1841196401,-1457.33851528247,0
1748,668,8.02785835482872,1986.68948242012,22.5069689595348,21.3642366786114,22.2281692798575,32.935554324775,31884.9429783989,20616.9078359314,-1482.76803087063,0
1751,669,8.96899420201099,1973.0141418493,22.4692368546663,21.4635221338181,22.3341271789098,33.0893476734155,31895.0451498241,20592.5168083934,-1508.61323848798,0
1757,670,9.56991828364414,2002.93814517242,21.9138951598131,21.1117000908166,21.9480795111798,32.5414575466684,30173.2673114129,18837.9422526788,-1222.56841425884,0
1758,671,9.8696932263378,2137.67118717242,21.9138951598131,20.1452777250383,20.9128201723653,31.0433992475995,30171.0282478609,18819.2763989175,-1238.10839311377,0
1819,672,8.32478872636516,3907.76394137191,21.1186037574625,13.1974982685423,13.5220968784257,20.2879218411572,34311.4206410988,31709.5899321173,-1379.78757933403,0
1820,673,8.58603973490931,4255.67471243655,21.0996814416504,12.4725569337169,12.7592040178641,19.1679482036752,34293.8971773769,31706.8853249496,-1327.98961537786,0
1821,674,8.4832061892404,3989.09403443655,21.0996814416504,13.0165514024299,13.3314031837833,20.0082987981393,34291.2243947135,31727.9898179702,-1359.78336261763,0
1822,675,8.64604318722215,4229.70605843655,21.0996814416504,12.5228762999066,12.8120946492518,19.2456701360159,34290.4434948492,31715.9790070705,-1365.4757997787,0
1823,676,8.62606043566187,4057.13234843655,21.0996814416504,12.8716992070619,13.1789537970421,19.7845105303666,34297.53312891,31699.732724819,-1364.59120788523,0
1824,677,8.78399621203375,4353.09571043655,21.0996814416504,12.2885217754341,12.5658313192085,18.8837106662121,34317.289272637,31706.8835019515,-1398.91802552972,0
1825,678,8.67500977234658,4133.01191843655,21.0996814416504,12.7151481775746,13.0142626026079,19.542667565429,34286.76106902,31703.1506724912,-1373.12463841627,0
1826,679,8.55315959366609,4164.00250043655,21.0996814416504,12.6526647872748,12.9485509155636,19.4461477034522,34304.5288462669,31691.2543605673,-1350.35007014485,0
1827,680,8.89626277338631,2913.16798643655,21.0996814416504,16.0898467008105,16.5796554610806,24.7601329128464,34264.3558204516,31689.4519589354,-1398.88975638065,0
1827,681,8.09819445150466,2128.1704849698,21.2412380625275,20.0742133465953,20.8266929976686,30.9304862581958,32423.6156548466,34460.8765152506,-1489.70662963505,0
1828,682,7.02445848229533,2829.18576942963,21.6515340338442,16.4978128843713,17.0192243630861,25.3932230059385,31637.9197024537,35076.0156314703,174.295062289454,0
1843,683,6.33002553470769,2165.88383085079,21.5226408810914,19.8799103044675,20.6230975612207,30.6305492657314,32680.4292605571,19688.9322892139,407.257212739384,0
1890,684,10.2349423237449,3194.21881467066,21.3526120398274,15.141188405268,15.5770233296599,23.2933596872742,35613.2758967409,20580.8674009164,-1104.31447419061,0
1891,685,7.65096622252417,3793.85633860498,21.4088325707839,13.490349807146,13.8333148959387,20.7411893020842,35427.8063690067,20194.4796048511,1046.35347100524,0
1892,686,7.08721422819213,4533.60815689057,21.4178311675364,11.9935782146599,12.2586268182781,18.428924305116,35443.4752446645,20104.6752737591,1118.35043086917,0
1893,687,7.22966167162529,4305.22056289057,21.4178311675364,12.4072130778606,12.6931345829965,19.0677414281869,35455.6439312958,20104.4355384937,1086.65688123578,0
1894,688,7.05469360680738,4279.38406489057,21.4178311675364,12.4564549737978,12.7448968353719,19.1438002647437,35412.8390758312,20091.9125767721,1051.83710797011,0
1895,689,10.9320581036221,3153.52521391805,21.4731527196696,15.2895633288589,15.7354426381389,23.5232121546058,34899.7585178928,20798.0698044069,-974.674628162908,0
1896,690,10.4800705163395,2857.82616391805,21.4731527196696,16.3576375370947,16.8682466181888,25.175711645462,34901.3862129042,20723.5905169877,-979.689703341262,0
1897,691,11.2090590229068,3016.64425390876,21.5085336142553,15.7652987990641,16.2400550358092,24.259271842618,34881.0716079864,20738.4994162715,-970.863474037415,0
1903,692,8.37816802706141,5255.3405656556,22.3655026063371,10.9659763782629,11.1879390575989,16.8443155903141,27416.5369930784,31458.4252633407,-1426.77739204366,0
1904,693,8.66347886503103,5321.7709816556,22.3655026063371,10.8772997229439,11.0950869579602,16.7074454688211,27458.4354835426,31443.1958583851,-1436.61703388766,0
1939,694,6.3891949871296,2855.37200514788,22.0570541625054,16.4514374949543,16.9746610525126,25.3227454542281,32964.1617637416,31165.6067445826,960.962498354969,0
1940,695,6.70123152194185,4946.31435218422,22.2629225991097,11.3978986773915,11.6398637789346,17.5108829641968,32967.7290140372,31167.5303594193,956.121795054544,0
1941,696,6.88317493533363,4487.35859018423,22.2629225991097,12.1475604139846,12.4268848025423,18.6685307901267,32960.4737781435,31167.2548443638,940.34078011283,0
1941,697,7.10238703296568,3580.31266063228,22.5185464170217,14.147282816779,14.5370903911324,21.7595244046333,32986.4656268582,31170.7021122958,963.866825181229,0
1942,698,6.76711685739344,4895.10390218423,22.2629225991097,11.4753898433331,11.7211317826425,17.6305236555336,32980.8481170188,31168.3795096716,975.72104518966,0
1942,699,6.86522855813544,4206.51184063228,22.5185464170217,12.700507516554,13.010597696607,19.5232898154205,32990.0438331916,31173.8162622425,990.420043106557,0
1943,700,6.60777844846787,4800.87667418422,22.2629225991097,11.6217662505748,11.8746965052285,17.856532930249,32972.5783853576,31161.8098107468,983.207108198222,0
1944,701,6.7284955507806,4751.51640818422,22.2629225991097,11.7004813391397,11.9573062040847,17.9780791833239,32963.2272073833,31167.8232140692,943.227616896381,0
1945,702,6.47084820820216,4711.84758218423,22.2629225991097,11.7647934042045,12.0248152290772,18.0773894091045,32976.9291389455,31182.2115364777,940.938939540184,0
1945,703,6.36657140247936,2723.06772287407,21.7765858199306,16.9597350772933,17.5117388239817,26.1086129427651,33625.0042321928,19713.2999703591,680.501667458625,0
1946,704,5.99926041098376,3873.81609287407,21.7765858199306,13.3418696040796,13.6800763348099,20.5126321374149,33647.4914145678,19720.5849514917,629.259427628637,0
1946,705,6.54110086439156,4681.67196218423,22.2629225991097,11.8143576372888,12.0768524517608,18.1539286434202,32974.6616575591,31161.8180688693,952.46057219083,0
1947,706,6.67586081211044,4112.98266818423,22.2629225991097,12.8673826109192,13.1842495111211,19.780556815952,32960.7727180515,31165.0835258198,963.620711936346,0
1947,707,6.18489767178792,3212.41936487407,21.7765858199306,15.1364629314253,15.5764891888626,23.287282448917,33633.9986028949,19717.7305087832,645.855157130633,0
1948,708,6.42520948913316,3776.99806418422,22.2629225991097,13.6202403021695,13.9780372198312,20.9440737424928,32973.695934355,31170.9163347069,975.892630917852,0
1948,709,6.6366619957257,3685.08209732642,21.6126216295566,13.7773019423501,14.1378754610673,21.1852179730451,33220.3207064536,16499.2476592514,871.746480060509,0
1948,710,6.18599998195693,3113.64337136388,21.615927113714,15.4416446960052,15.8981127810608,23.7588871309227,33478.024499052,15828.5700693257,-317.105250861548,0
1949,711,6.59026398287381,3697.00127292924,21.6338262041995,13.7498177327025,14.1090681014355,21.1427892536427,33221.3008525622,16497.329910765,834.768305306699,0
1949,712,6.70290163802456,3202.11946418423,22.2629225991097,15.230934642611,15.681637404149,23.4348112516247,33002.4211029198,31187.1427500966,932.384303583059,0
1950,713,6.78447165908026,4190.47942748932,21.5786670923867,12.6451287841383,12.9446339652166,19.4356131376219,33211.7957636359,16467.3225863577,856.62563208747,0
1950,714,6.86714609703216,3924.53688681697,22.3553069564604,13.2847356631551,13.6248840655989,20.4257259111824,33204.9472539057,31229.5205465877,1024.6054550645,0
1951,715,6.85472122216574,4558.62583789356,22.3115018972563,12.0265459141587,12.3000834049849,18.481724568164,33283.6459170487,31238.147822658,1047.99042446542,0
1951,716,6.37840461909447,4043.16953948932,21.5786670923867,12.948116412209,13.2635097032575,19.9037106993562,33211.8584025288,16494.316937511,854.417104151307,0
1952,717,6.55837765711462,3920.88118748932,21.5786670923867,13.2149301846789,13.5445415289866,20.3159839280841,33208.4594712186,16476.5690506494,833.274949397805,0
1960,718,11.646786872636,3502.44658325497,21.6204990935318,14.2569837885744,14.6444956698474,21.9267861400354,35884.2250025468,28172.9625716121,-930.941894451881,0
1961,719,11.4873061281677,3563.72291525497,21.6204990935318,14.0914452836486,14.469613834756,21.6708577115376,35857.5411123568,28194.8416637562,-929.579850670921,0
1961,720,6.29976105295807,2332.48237660023,20.8166460419498,18.7309270210531,19.3856601401164,28.8476855741011,37089.691727718,28318.6136497462,745.310181819046,0
1962,721,6.096649761149,3698.8538425871,21.8766904340462,13.7713621606043,14.1340473934648,21.1767096469689,26881.6052750045,23145.7148003918,698.439118534894,0
1962,722,11.6214932623176,3242.81554653268,21.6997804240149,15.0300959392197,15.4630486237146,23.12254084832,35884.3538698835,28210.4216438446,-945.776434201942,0
1963,723,6.16472824395663,2775.8322865871,21.8766904340462,16.7501347489314,17.2900486724539,25.7844934245359,26874.0172175564,23131.2891393002,721.448949196517,0
1963,724,10.8034732536604,3883.01132049414,21.6230364030331,13.3051171345069,13.6399754339915,20.4554598685589,35860.9947139283,28178.7706055042,-922.182186935534,0
1964,725,10.8608316738756,3925.13697453268,21.6997804240149,13.2176273621202,13.5484471304787,20.3204452694919,35854.1785930425,28196.5150594432,-956.678661645668,0
1964,726,7.88988336784388,2444.47630515144,20.6712746669264,18.0985240152195,18.7095827190991,27.8677747107949,36985.3668040924,28037.6236623995,452.646887785087,0
1965,727,11.345954791297,3717.65205453268,21.6997804240149,13.7056946264935,14.0631164726538,21.0747557894651,35846.6775283146,28210.4259283644,-937.923339392182,0
1965,728,5.29541679200477,2550.94998915144,20.6712746669264,17.5678655258996,18.1446779646859,27.0461788969727,37013.3942096877,28403.4775278468,821.96322007975,0
1966,729,6.12544244318584,2267.23165806843,21.7118998885031,19.2785455171691,19.9829849615537,29.6994975052784,32871.8238196036,22049.7201724984,577.512484084747,0
1966,730,11.1507180665011,3760.31641653268,21.6997804240149,13.6014208297587,13.9531017305156,20.9135843457316,35864.218664447,28201.4461292219,-937.495174723698,0
1967,731,6.16085661679002,2957.28421206843,21.7118998885031,16.010047311769,16.5019852840734,24.6385880617425,32917.0592883504,22043.9426031138,558.505639951142,0
1967,732,10.8179532780077,2983.99859525497,21.6204990935318,15.8988109916075,16.3829243410829,24.4661874697832,35871.1987962724,28249.9393574038,-923.506459224159,0
1968,733,10.4862513752628,3400.99433649414,21.6230364030331,14.5430641860649,14.9469246368016,22.3691318977109,35872.0788520804,28170.7546948157,-949.902669642103,0
1969,734,9.40807837768515,3499.04779388407,22.7038708469673,14.3896385910622,14.7951368273871,22.1347690790231,30472.2075035872,30067.4048185011,-1113.37972151125,0
1969,735,11.2506632729153,3432.26644706313,21.6961672215565,14.4619386290933,14.8618709671585,22.2438884123645,35862.7354759352,28209.0123799388,-900.924559300594,0
1969,736,4.28352460726973,2343.5285651734,22.6580870737874,19.0004298765312,19.6988362902364,29.2721849968352,31452.9443511539,30160.798090747,880.720550741282,0
1970,737,11.4241245186976,3548.45558885351,21.7929625346789,14.1516883687415,14.5349033555843,21.7644495459866,35869.9786207431,28192.8445402419,-950.785186887632,0
1970,738,11.3918862277549,4131.53404384914,22.5909743920741,12.8598560727616,13.1790178242381,19.7696708759001,32576.7675799117,30334.7050399575,-910.218714671366,0
1971,739,6.35129223112315,3822.29753036318,21.8947258430011,13.473862344846,13.8203087730808,20.7169159914517,25896.3218618591,23015.8980453204,879.729204349198,0
1971,740,10.9308830640559,4386.24720082896,22.6261432001606,12.3631720101685,12.6564014375468,19.0023555611216,32563.3677234429,30357.3184876028,-903.375818929607,0
1971,741,4.89521574103581,3127.47286753885,22.2535697243071,15.4776198408747,15.9430594212052,23.8164181717859,33642.0032935766,30580.4410999638,816.722025192607,0
1972,742,10.8935568153274,4122.08938282896,22.6261432001606,12.8827454236876,13.203420621362,19.8051198876002,32581.8233076218,30312.7646563314,-915.309128930977,0
1973,743,10.6441083331666,4398.49365682896,22.6261432001606,12.3404300925747,12.6324771863569,18.967223468456,32581.0644217846,30318.8553911238,-887.735635238152,0
1973,744,5.26337391960659,2981.12416178764,22.2844599213833,16.000150204107,16.4978557316916,24.6250295279264,33685.1282824697,30565.5993526882,909.523272176568,0
1974,745,6.12794882203937,2675.33965840041,22.2090752453442,17.2364752013648,17.8114559201192,26.5384873263672,26618.0688545831,25280.1304049357,708.192485069952,0
1975,746,6.50279778649213,3375.45809440041,22.2090752453442,14.6871681226717,15.1051929929662,22.593583610475,26608.9940763015,25296.226297678,768.877295621533,0
1976,747,6.41624439830489,3897.32045142558,22.2149551591565,13.332520790399,13.6740632346749,20.4992441815091,26596.0703830822,25287.0756014001,763.884016660419,0
1977,748,6.17501138685266,3303.47746542558,22.2149551591565,14.9047222894619,15.3355644649619,22.9300776381034,26579.7232350027,25283.9228699086,780.303658333705,0
1978,749,6.63443182602302,3351.18578142558,22.2149551591565,14.7600545218931,15.1823982244726,22.7063248351826,26598.553085984,25265.3561599788,745.737331741664,0
1983,750,7.30810095272842,2386.81819055951,22.1829180047755,18.6719778071142,19.3416089104523,28.761568519874,23781.7420809231,26356.9251620343,1196.4862503849,0
1984,751,7.09859238703907,2709.74137655951,22.1829180047755,17.0795397073561,17.6440951324431,26.2954289111455,23814.8028077344,26392.5689453529,1225.01527713736,0
1985,752,7.01763597484069,3554.3132348362,21.8827452363483,14.1460719851313,14.529826238413,21.7560024882317,24838.63084912,23370.8977713078,1125.17582790538,0
1985,753,7.67227216833671,2700.09398855951,22.1829180047755,17.1220631172842,17.689351876711,26.3612630755752,23827.1521371059,26418.5209501791,1182.64348028347,0
1986,754,7.22739828413991,3413.34683483619,21.8827452363483,14.5380648242214,14.9442158250184,22.3621118595659,24804.6515328719,23333.7372362182,1082.64390087166,0
1986,755,7.27779540406567,2748.99170855951,22.1829180047755,16.9093345712034,17.4629908688103,26.0319310242949,23807.3603498606,26399.529899359,1209.20550825782,0
1987,756,7.28618062755412,2732.16384455951,22.1829180047755,16.9817624328807,17.5400485490075,26.1440557739374,23815.779955629,26394.0421122165,1197.70662055956,0
1988,757,7.58885284933922,2444.85670055951,22.1829180047755,18.3575047042571,19.0059548543522,28.274438889796,23829.5216104632,26397.7112853915,1238.5212060788,0
1989,758,7.30677508119827,2253.86925455951,22.1829180047755,19.4480921341244,20.1708595713425,29.9640345341589,23791.590522121,26420.5792548357,1204.1357206877,0
1990,759,7.12033543624327,2610.21252912824,22.1757438675945,17.530825041954,18.1245073977045,26.9941355002424,23796.3849513968,26413.615189286,1216.35322849381,0
1991,760,7.38130362523296,2611.90853112824,22.1757438675945,17.5228537483973,18.1160161479593,26.9817923660199,23828.1496254662,26424.7155587649,1160.07704257521,0
1992,761,7.31121990393371,2509.44357912824,22.1757438675945,18.0220432257896,18.6480356878658,27.7548354016989,23808.3575379361,26382.7846535559,1133.63409987883,0
1993,762,7.46432630676685,2512.92368712824,22.1757438675945,18.0044798272863,18.6293080285382,27.7276342562631,23817.9792879683,26384.9679387929,1148.67998027617,0
1994,763,7.50672963119207,2272.81826112824,22.1757438675945,19.331057033704,20.0456346152967,29.7826583366607,23803.9923590027,26428.1575050043,1188.69147874885,0
1995,764,7.17209055775671,2440.21586112824,22.1757438675945,18.3809211165518,19.0308470811693,28.3106837892042,23790.2529128403,26401.6821697081,1234.67776366148,0
1996,765,7.74067371297568,2667.10568712824,22.1757438675945,17.268472733853,17.845116525904,26.5879170413034,23801.3185726823,26422.6296143454,1142.42564198047,0
1997,766,6.59068832552023,3286.20396790591,22.6227283387678,15.0076205545229,15.4486536412944,23.0903693751911,28287.9878476996,32503.8210047485,873.401140742425,0
1998,767,6.3340840400025,4005.22071190592,22.6227283387678,13.131622101981,13.4657042736902,20.1897167792295,28295.0332467925,32496.8458390457,885.13023278492,0
2001,768,5.44443409109984,1109.92721240011,22.3963730019339,33.0914025172363,34.9033891238445,51.1455469813412,30866.0158201258,27463.3728276097,315.491247910831,0
2008,769,9.13052111764344,2731.06057556638,21.9288412344856,16.9482500710787,17.5013572007111,26.0913392507798,35651.3072342902,27324.3308767579,-1135.77503457246,0
2009,770,9.32220938272548,3071.25214556638,21.9288412344856,15.6286110001608,16.0997110098207,24.0490665941475,35636.3872581813,27352.8438084543,-1156.38858243521,0
2010,771,9.31429099798089,2767.55303618879,21.9121535130822,16.7901714295106,17.3330389165321,25.8465823661023,35652.384549986,27351.6473764048,-1152.4548457811,0
2011,772,9.46557836507024,3071.48981018879,21.9121535130822,15.6255737051594,16.0963091010119,24.0443176223873,35643.6839391174,27362.0836838539,-1177.9390461742,0
2012,773,9.44172085569325,2913.98188418879,21.9121535130822,16.2016512666815,16.7076583809725,24.9357099096332,35640.2212681843,27349.4848515002,-1182.23158948674,0
2013,774,9.61064390453416,3349.39185218879,21.9121535130822,14.7291662659301,15.1466816284179,22.6577203893126,35635.4713913387,27348.2515030961,-1196.55401898403,0
2014,775,9.52853873071305,3255.38488418879,21.9121535130822,15.0169691926546,15.4513449282415,23.1028428034623,35646.8119801774,27362.2437616077,-1138.95330507614,0
2015,776,9.30491316848233,2937.02108018879,21.9121535130822,16.113903086488,16.6144851655658,24.799918564163,35635.9257384678,27384.8253914591,-1140.28231270187,0
2016,777,9.73808184593593,2909.13616418879,21.9121535130822,16.2202669344662,16.7274273557847,24.9645185326664,35632.8792526548,27306.6346557575,-1114.36226701662,0
2017,778,9.62080597683872,3893.36809244864,21.9068827478433,13.3103949480024,13.6480425095571,20.4643068590267,35621.1811623766,27252.2120315278,-1111.01729946164,0
2018,779,9.44803890973468,3256.94884844864,21.9068827478433,15.0114060158562,15.445399560609,23.0942231634916,35590.8198698811,27253.4880364325,-1089.26449973067,0
2019,780,9.96588797868268,2830.12902044864,21.9068827478433,16.5311507202808,17.0576328000487,25.4456426410318,35612.2268550786,27253.3023569938,-1102.88156880439,0
2020,781,6.07429707250488,2027.66396667905,22.3558669091042,21.0186529543858,21.8551482394718,32.3990833770861,32964.909868257,29226.6922127569,626.977350994548,0
2021,782,6.05314087882164,3144.40419267905,22.3558669091042,15.4335682038194,15.8974219754781,23.7485611246284,32947.7639638312,29225.4472926626,648.284132891824,0
2022,783,5.82840150692337,3490.70413355555,22.3780541228466,14.376002780144,14.777618176646,22.1128295844434,32947.4277129969,29234.8707184749,659.154090601589,0
2023,784,5.89140145230679,3476.84261067905,22.3558669091042,14.412254472835,14.8157494824867,22.1688300216849,32963.0132239389,29235.8616384131,622.87355842041,0
2027,785,11.2639019504717,3666.53571478869,21.5768672932164,13.8200749906684,14.1826837948787,21.251242224459,35978.1704335474,27010.0892501429,-935.239183835166,0
2028,786,10.6289081773056,3788.20733878869,21.5768672932164,13.5214711951541,13.8676584512417,20.7897084763931,35996.5415063877,27020.8201844177,-940.665302708578,0
2028,787,5.69900792053636,2377.95973019526,20.7657111323162,18.4689747048512,19.1056259953779,28.4417918712743,37103.288274154,27106.575720831,678.542782572964,0
2029,788,10.0091056184448,2858.28145112616,21.4848366146975,16.3575293258518,16.8682682731911,25.1755818033968,35854.0404914013,25540.8913523311,-1060.59569137056,0
2118,789,9.07951113709846,4591.44765892654,21.4274523806797,11.8954209517633,12.1556693826743,18.2773724445307,31382.2594614325,17157.2912139189,-1313.84528092291,0
2118,790,6.17277959207799,3486.39896767235,21.5829855179341,14.2968668174332,14.6862746646615,21.9883488043883,33028.0407999375,17562.5369948869,662.330558854244,0
2119,791,9.01492176961667,3575.85082492654,21.4274523806797,14.0376001618573,14.4109002172792,21.5871067845702,31367.0751041008,17133.5061664782,-1367.01034286834,0
2124,792,6.05934059644637,4091.37268320499,22.216251785787,12.9080332669179,13.226679361489,19.84326229378,29182.865605601,32278.5385347745,443.342081049738,0
2125,793,5.7386127086229,4974.43907520499,22.216251785787,11.3523584684619,11.591787701027,17.4404847882403,29159.4008968295,32248.5563281674,495.63648249933,0
2126,794,5.81587000523795,4239.71779320499,22.216251785787,12.6068255455369,12.9095433480999,19.3778780356738,29186.0579006418,32271.4182972464,490.610628833738,0
2127,795,6.00396742479272,4525.59324720499,22.216251785787,12.0760242227226,12.351351113363,18.5579434363296,29176.6802354095,32276.778924837,492.43260927369,0
2128,796,6.0248267296867,2918.42210520499,22.216251785787,16.2271608229666,16.7381862507162,24.9761341448769,29181.0973172271,32289.3496384885,491.963245592452,0
2144,797,6.64198816031909,1468.47746722296,21.6232210005289,26.4519456655624,27.6900542791392,40.8253819423451,32643.4643397548,17011.7486075529,947.217345499141,0
2158,798,6.25620757135107,3154.11939885803,21.3476459882928,15.2713376129916,15.7147906769032,23.4946495197711,25967.3063509611,23526.5276471037,758.730917863457,0
2159,799,6.08050334127085,3716.76118014919,21.3352855364108,13.6686845467644,14.020701026071,21.0166221034347,25951.2653690608,23526.3409257364,808.455274640703,0
2160,800,6.18475890390445,3377.54825004579,21.3933841445473,14.5837890412979,14.9876805076996,22.4314688544397,25548.508251186,24388.552632878,715.368429831957,0
2161,801,6.18553184624014,2986.91714004579,21.3933841445473,15.8569065202715,16.3359205023744,24.4006486519938,25544.9342282848,24403.4464838139,738.098220615719,0
2162,802,6.39537696360155,3410.32293804579,21.3933841445473,14.4889395686272,14.8874036973423,22.2848079631336,25536.922720903,24402.4651807019,742.365075162729,0
2163,803,6.10718553984503,3695.60369004579,21.3933841445473,13.7272681147377,14.0830406270936,21.1073185333772,25564.7907083256,24396.4381286848,730.212990042334,0
2164,804,6.11108108482935,3661.08894804579,21.3933841445473,13.8137697773307,14.1743095399367,21.2410216746609,25536.3930597858,24391.4254993535,765.168158202118,0
2165,805,6.14846487597989,2609.39150004579,21.3933841445473,17.4099878378466,17.9860319127609,26.8043382466809,25566.6088951892,24373.6670981277,756.147621961416,0
2177,806,5.72841135422408,3221.50475779432,21.5790596691574,15.0824885288042,15.5172628247226,23.2032285400497,31957.3522198315,26128.5332032405,51.4441185104166,0
2178,807,5.8342250089324,3496.58747179432,21.5790596691574,14.2683172220327,14.656067883312,21.9441975023955,31947.7646299953,26111.8908685203,104.157289783994,0
2179,808,5.82046586298134,3622.20174979432,21.5790596691574,13.9335598032344,14.3024964386855,21.4266726105851,31942.7569591596,26117.0029705628,88.6607833591875,0
2180,809,5.78931471454113,3468.42190855943,21.5829211573141,14.3467966452215,14.7390404967482,22.0655469891861,31932.1139393386,26117.6075687448,98.5023458861029,0
2181,810,5.6180617018737,3564.34513855944,21.5829211573141,14.0855601521743,14.4630381104017,21.6616602608376,31950.1087192127,26124.7121709705,137.027070554674,0
2182,811,5.84794985567999,3903.44088739578,21.4128218544131,13.2372960851988,13.5666413609705,20.3501408434616,33226.0988614829,26658.6997548991,365.445208104769,0
2210,812,7.80040421526504,4295.00777305331,21.482815870175,12.4325688182608,12.7203162035473,19.1070516093399,35416.6864266777,16812.7112451163,1190.1816683908,0
2211,813,6.62299103267454,3574.57481861194,21.7046617348441,14.0720922530512,14.4499763677854,21.641159978345,34165.3097315069,17834.3383908084,690.550636340555,0
2211,814,10.6575037516747,3635.78378690732,21.546711359907,13.8950403467456,14.2615274302974,21.3670441487665,35305.7132289625,17087.0776177151,805.728224362583,0
2212,815,6.59644945152051,3215.66114861194,21.7046617348441,15.1169967117477,15.5551204030368,23.2569655476638,34169.4856604653,17840.9272462417,723.600459452531,0
2212,816,6.57776822504753,3115.57371890732,21.546711359907,15.426040324748,15.8808285416098,23.7345421059091,34169.6505967967,17839.3766279113,725.328797054653,0
2213,817,6.27276489277923,3302.66384861194,21.7046617348441,14.845030700518,15.2671954548421,22.8363296395276,34168.5330266182,17866.7814562798,711.363029128824,0
2214,818,6.32274542174485,3330.13027061194,21.7046617348441,14.7618271782152,15.1791483178884,22.7076536348971,34171.4595238013,17873.6340831448,695.802559411192,0
2215,819,6.65827151237386,3622.98796661194,21.7046617348441,13.9454034735557,14.3161853935996,21.4453078589752,34154.6517220277,17830.0802344408,706.26353325163,0
2215,820,4.47403871351433,3261.69420290732,21.546711359907,14.95184060673,15.3786153785143,23.0010702790415,34458.8494567947,17215.43233492,-257.849551960468,0
2216,821,6.42657448171097,3649.41916661194,21.7046617348441,13.8775061330064,14.2445001407077,21.3403482964775,34188.646881514,17839.1880688508,703.837613785648,0
2232,822,6.75157269430719,3904.63788068319,21.8185483456371,13.2758271725346,13.6108273323738,20.4106715954335,32824.9610600119,32341.2204471822,1040.85398917507,0
2233,823,5.6476139767247,6118.91566819199,22.5261022425662,9.95576147314865,10.1327227889539,15.2857808627162,30526.5063048037,31700.564446153,136.522046810318,0
2234,824,5.62134188094899,6499.81128619199,22.5261022425662,9.58113134408339,9.74195645672201,14.7079613737523,30517.3769026893,31698.4305675626,128.070825260676,0
2235,825,5.60638318766264,6197.11364171182,22.4893425290828,9.87339460344251,10.0465542499904,15.1586702218166,30583.4389688147,31778.3147429902,110.866989392388,0
2236,826,5.63052567833883,6187.04775971182,22.4893425290828,9.88361150438232,10.0572151328883,15.1744295716917,30575.0962251787,31788.2904901978,122.64832610418,0
2237,827,5.67300675704067,7151.21388371182,22.4893425290828,9.01958435218806,9.15704597207275,13.8420721727339,30583.4268239529,31788.4616647627,135.414158449152,0
2238,828,5.52522099465582,7016.19450371182,22.4893425290828,9.12815071097443,9.26999431332163,14.0094411675984,30563.1103279923,31780.7296286654,133.841607585683,0
2239,829,5.66715342900121,7224.42830771182,22.4893425290828,8.96218076891645,9.0973444239535,13.7535823907592,30569.5671587704,31789.5263185323,145.971329942427,0
2240,830,5.58995541353113,7222.88620216373,22.5294395490225,8.96540055644042,9.10089114351443,13.7586006878515,30571.175948097,31793.3507521409,132.115050946869,0
2241,831,5.69368740086953,7424.38005016373,22.5294395490225,8.81235592450038,8.94177770723667,13.5226925477356,30573.2939289733,31793.5984804609,149.38678829822,0
2242,832,5.649652565034,4085.69745184649,22.3823051504033,12.9357921612689,13.2573017624702,19.8865364983363,31049.7797820094,32284.2571362104,470.513066478694,0
2242,833,11.4894496570699,3597.41071500575,20.8928029275453,13.92101294293,14.2826880482701,21.405467458624,35101.6672157135,31329.722788533,-1009.38287396788,0
2243,834,5.80062118710184,4306.62413942674,22.2703560935687,12.4818862660061,12.778508025,19.1849800850351,31554.7876258595,32141.7648085319,564.864277376263,0
2243,835,10.6569123657219,3182.12386763413,21.1438090125595,15.1534626378755,15.5877872397848,23.3117289123055,35136.8710002887,31340.0401504927,-998.536773076808,0
2244,836,5.67408596925463,5517.02788905354,22.5641599875297,10.6410400712687,10.8490920021101,16.3431686679957,30279.4558089219,32307.0515594398,161.13807483412,0
2245,837,5.73326684631413,6154.12993905354,22.5641599875297,9.92173071828611,10.0974220070525,15.23334696504,30271.0962060912,32292.134449085,196.663405404195,0
2246,838,5.61835118227526,6994.66412505354,22.5641599875297,9.14970391486397,9.29280398491051,14.0427752683327,30268.2273769415,32289.572924,187.492620819353,0
2247,839,5.60877130714934,7491.68081505354,22.5641599875297,8.76450008099631,8.8922096745558,13.4489773083247,30288.3000480126,32307.7493033244,217.98801560678,0
2248,840,5.67932412624535,5813.2049091912,22.6618475367131,10.2958037210794,10.4886775324571,15.8106021962748,29796.8004353777,32169.3135960187,326.624179946137,0
2254,841,9.03995838056266,4110.84725348831,21.0690133021106,12.7573776292074,13.0584183254985,19.6078300305444,35871.7748625945,22185.7556187883,-1377.79355107544,0
2255,842,8.8126360451001,4418.48439548831,21.0690133021106,12.1662842340823,12.4372040706779,18.6948659804369,35946.2297247626,22193.1287347425,-1267.95252326028,0
2256,843,8.86708747147743,2030.77415996561,21.0194397125074,20.7119554412913,21.5057018743661,31.917907599195,35951.9106327744,22203.1454986452,-1345.74564279096,0
2258,844,6.46427173350735,2527.91729319341,21.9107143009843,17.8857235033002,18.4993102084936,27.5427835487122,25621.9719050462,26209.5153067355,861.074085669863,0
2259,845,6.51498943076231,2941.13043130371,21.8881161221948,16.09504184133,16.594189607971,24.7706566777165,25622.2861111209,26203.395772533,900.947738736815,0
2260,846,6.48760821935189,2688.53338636677,21.9367536362533,17.1356279024258,17.700808444743,26.381443081224,25598.5740978204,26203.5043193233,897.818881410979,0
2261,847,6.49047707979635,2319.10490416716,21.9809927319595,19.0204696113217,19.7110343525399,29.300695147351,25625.4203849532,26189.5330709648,911.53821691536,0
2270,848,11.693234263963,3784.27865978296,21.0084631259804,13.4706795698318,13.808909106826,20.7097782261362,35784.134774451,29819.6985937738,-939.642995758388,0
2271,849,5.76564037144398,2390.02096234963,21.8139174142062,18.5895427776951,19.2486500401555,28.6325043901976,32178.2962504319,25991.1658070265,389.073224412324,0
2271,850,11.6344472928495,3980.6936581767,20.8984058489723,13.0145009377246,13.3274703202568,20.0046411200619,35767.9822659382,29817.8208860457,-919.824459053305,0
2272,851,5.75131839663436,2234.8821157989,21.8277792674346,19.498643943938,20.2198687759742,30.0409780365353,32196.3285898355,26025.6282434994,411.975380546309,0
2272,852,12.0388753998001,4327.12423188222,20.7790669444004,12.3074668737942,12.5831074592116,18.9122445213467,35746.3856909088,29808.4546251312,-897.576490591108,0
2272,853,5.53430619385523,2963.66213088875,19.8612464132744,15.7262394537503,16.1797216817499,24.1936305523229,36936.8382916454,29999.3279151875,712.826325478699,0
2272,854,4.9754108737872,3026.4041677357,21.4067642923331,15.7166317909219,16.1873155586566,24.1836659664238,34584.9361563246,29640.1429894736,697.892701856561,0
2273,855,5.87660678556162,2737.67934634963,21.8139174142062,16.9024238168711,17.4512356919333,26.0200199318144,32206.0173181434,26006.6710354047,445.27396789032,0
2273,856,11.5676670559948,4300.48667989661,20.9109571523378,12.3695841621556,12.649441656174,19.0084772947914,35803.8754515666,29817.8029872089,-898.857448076586,0
2274,857,6.0212222669185,3789.77911027863,23.16968714961,13.682931234949,14.0522216431974,21.0431897296525,28613.1273721602,31151.0089532151,425.614280532091,0
2274,858,11.2233396495783,4722.2650261767,20.8984058489723,11.6356073571359,11.87912667669,17.875115880243,35756.7414780062,29800.3778970792,-960.665593816295,0
2274,859,7.71939586598338,3375.6406988794,20.0981756795709,14.4319780374116,14.8139425955617,22.1930807554159,37019.7397004946,29763.7204388593,635.359806892047,0
2275,860,6.09154974055354,3017.6513662156,21.6859712137339,15.7857759634326,16.2637438623102,24.2914965511721,31721.5302079509,23244.1662566139,380.816330516865,0
2275,861,5.83216589008981,1479.14158027863,23.16968714961,26.7736412302153,28.0680941868483,41.3333043106628,28604.9603878257,31143.600370519,384.601965323518,0
2277,862,8.61509659739072,2834.92170624381,22.7749933224529,16.6366353723299,17.1797656677124,25.6116705468646,29361.250986103,29088.0926954546,-1297.68701746149,0
2278,863,8.86389479460073,2967.60633024381,22.7749933224529,16.1171590298417,16.6275082915773,24.8075921714146,29381.3648136196,29092.0669607601,-1301.37859112378,0
2279,864,8.67948074967075,2985.33726024381,22.7749933224529,16.0509176798903,16.55713340986,24.7050724161853,29390.4907270844,29123.92168948,-1202.01574820018,0
2279,865,7.2845102517121,2076.0607870042,22.578240829622,20.7089511588069,21.5264642543176,31.9198601920116,29509.9417836626,29098.1282665864,-1069.88842946747,0
2280,866,8.72117656184027,2796.82336605359,22.7426287821697,16.7893532508045,17.3418701172811,25.8479878986278,29367.4527736264,29100.5552336602,-1298.36180436977,0
2281,867,8.78675437264255,2798.76165405359,22.7426287821697,16.7812544745569,17.3332527082034,25.8354500182924,29382.2677690191,29096.4009581019,-1251.40511282339,0
2282,868,8.72030525359097,2704.27011405359,22.7426287821697,17.1883375403436,17.7665915211215,26.4657150186874,29400.6880236208,29110.9060281901,-1255.09811938645,0
2283,869,8.60270722330256,2510.94791205359,22.7426287821697,18.1077538223342,18.7466707707569,27.8895738411894,29370.1726793705,29117.124658163,-1279.06907470192,0
2284,870,9.09608737388858,2632.97195205359,22.7426287821697,17.5130701851789,18.1125375730981,26.9685553571932,29384.9211705649,29093.0025740328,-1260.58067280773,0
2285,871,9.31219404221926,2127.05675805359,22.7426287821697,20.3822801106955,21.1787848728294,31.4141076953224,29385.2113886686,29123.0761619999,-1273.42438249752,0
2296,872,8.28066235906214,6290.49933385161,23.0358446569102,9.81194766993397,9.98549565494447,15.0647362069698,27318.9355313692,30880.8998368797,-1511.14445623949,0
2297,873,8.3228445511277,7445.25643585161,23.0358446569102,8.82147171250777,8.95367708878871,13.5374151289256,27314.8247723862,30892.9951004691,-1482.15542248345,0
2297,874,6.87973860834024,4391.66935026996,22.9724474008092,12.3833237763847,12.6802696018618,19.034222934789,27438.4644635768,30875.991454194,-1421.99040444942,0
2298,875,8.41625083945747,6040.46018185161,23.0358446569102,10.0692063233412,10.2541066740372,15.4615996297602,27308.7391222957,30888.0166718313,-1454.28819563355,0
2299,876,8.33895570488403,5455.33949185161,23.0358446569102,10.7507625445536,10.9669033887841,16.5133306450402,27306.5385528944,30899.4628965119,-1483.02005902682,0
2299,877,4.95368720683686,4215.96635400475,22.894021583257,12.7159801164949,13.0298981409332,19.5480263807593,26492.9860082877,31282.5645009833,283.698152464728,0
2299,878,11.0795785401049,4966.98011986035,23.0242304957507,11.4251100467194,11.673680356423,17.5543538284945,27497.9499364075,31721.040975576,411.682938626799,0
2300,879,8.1710478987943,6854.76257338311,22.9711384649792,9.28842954698969,9.43931690606813,14.2572444811649,27299.7100221435,30900.670705253,-1489.39239413643,0
2301,880,4.82368270611035,6379.03534611883,22.9509087513859,9.72019864473612,9.8892936774189,14.9230863401182,26464.7596638043,31304.5650520032,320.639472895622,0
2303,881,8.59255814101312,6637.43203138311,22.9711384649792,9.47953078714768,9.63843738452085,14.5519357118054,27314.8141269996,30906.4808456367,-1523.68632484432,0
2306,882,5.01313381824675,3229.54408308544,22.8715979025752,15.2177543619015,15.6738844937259,23.4161344543603,26523.7498266307,31326.4443854328,210.401835559239,0
2308,883,8.46431776192017,7781.33031538311,22.9711384649792,8.57848770894627,8.70085285922818,13.1628144281601,27314.9645614704,30898.9169997008,-1483.50361104655,0
2308,884,4.82568383006674,5185.58503908544,22.8715979025752,11.0980487830675,11.3296554823762,17.0491124931426,26474.0513993735,31262.1923058049,330.811013586298,0
2309,885,8.23378216916614,10797.3945473831,22.9711384649792,7.01594400408241,7.08310506703133,10.7561199926206,27313.6165891501,30904.5836365165,-1489.29023291782,0
2310,886,8.3427714583072,10742.2629936881,22.9849212281078,7.03814568015981,7.10605991246318,10.7903073690773,27322.2939678142,30888.4321936496,-1488.54592675302,0
2311,887,8.22308850448433,9017.82542768807,22.9849212281078,7.83069246071954,7.9253365589109,12.0106699850617,27318.964141453,30891.4040856079,-1519.21684919208,0
2311,888,7.86232853879725,6960.97049575658,22.927604050229,9.19653894055977,9.34340089488227,14.1154958349216,27352.9549842264,30879.1102054357,-1478.96544650994,0
2312,889,8.22320279628605,7298.12345168807,22.9849212281078,8.93000154331617,9.06630182680722,13.7046487597593,27331.2265881561,30888.4537761935,-1483.86650829993,0
2313,890,8.42751785194897,5407.10324768807,22.9849212281078,10.8091639409576,11.0277355531013,16.60338345673,27325.8717299162,30901.536772103,-1478.77874505037,0
2316,891,8.68633604847501,913.953429688066,22.9849212281078,38.9012645987449,41.249331344217,60.1859483992493,27334.4882493524,30897.0691122805,-1481.03078335518,0
2318,892,8.27107957988579,2712.0894116668,21.5064563913442,16.9661144471585,17.5152387143087,26.1175833501739,33442.0217092634,22971.5084475073,281.539030690505,0
2319,893,5.88111820303199,3513.40916822362,21.4904788809266,14.2121019216729,14.5958110627193,21.857047179535,33546.1282594489,23319.9948779807,488.128788531151,0
2320,894,6.19837555073044,1217.63193703047,21.5073972310081,30.4558487678464,32.0204742601314,47.0434529999868,33565.667347598,23344.3739225797,412.534281607836,0
2338,895,6.81389513598043,2109.97778228778,21.4917061651335,20.2489104124035,21.0174021627879,31.2022683344116,33944.8793503728,22294.8832008391,891.267048176713,0
2360,896,7.65404664927412,8137.62517719318,21.7525822133834,8.28897851234109,8.3949003939242,12.7151781211271,34914.0846138261,16301.8763708646,1204.68825611727,0
2361,897,7.88498015682267,5473.69060719319,21.7525822133834,10.6392197681823,10.841999485729,16.3389246687169,34909.6410359864,16305.9949880984,1143.99912957005,0
2362,898,6.25291394898432,4716.90744390439,21.9494706747551,11.7309689497522,11.9870083704085,18.0245223197687,33864.2702673597,17187.4862514752,709.451777676996,0
2363,899,6.5440000125335,4724.55046590439,21.9494706747551,11.7185735035007,11.9740004067501,18.0053823638422,33840.5272085783,17186.7215373063,732.447975059357,0
2364,900,6.44806276319956,4812.69851790439,21.9494706747551,11.5781240190609,11.8266455966563,17.7885222136593,33786.1761042267,17219.5019381049,772.165435991891,0
2365,901,6.44560077878008,5353.23858390439,21.9494706747551,10.8065242026575,11.0182802088241,16.5974590204716,33769.581146621,17224.6639105743,800.213471060126,0
2366,902,6.68884943448869,5331.24488358515,21.9546655496934,10.835602717687,11.0487419124436,16.6423448750398,33766.0525267294,17209.6820047691,736.846697287369,0
2395,903,6.23629439503722,3837.33033945646,21.8867279022464,13.4377472910613,13.7821484143036,20.6610787991634,33095.398263568,18737.0717210704,536.13028661299,0
2396,904,6.35140413664083,3812.37488145646,21.8867279022464,13.4964613115351,13.8440734450006,20.7518245840915,33073.2658639571,18720.5669252785,521.407955584466,0
2397,905,5.88733423920146,4622.66736945646,21.8867279022464,11.8815186239382,12.1445654171016,18.2568684452501,32971.1654772296,18818.6018532468,483.148614127376,0
2398,906,5.96334368173597,6850.79855091119,21.881797145037,9.23350211025806,9.37647026700218,14.1709873798188,32747.6927698304,19046.8618962618,447.829415286453,0
2399,907,5.87412062876448,6807.27517491119,21.881797145037,9.27054911155821,9.41502025519574,14.2281022076528,32754.5382569396,19053.1244842071,466.965754781327,0
2410,908,9.33436678450913,6308.11823709405,20.4606684298518,9.64152376110247,9.79314557065225,14.7978399915354,37124.4606800722,14914.0578898109,-1203.09137763706,0
2410,909,4.71905051484454,4421.34779049826,19.4042457835505,12.0100992368701,12.2596856437176,18.4499369334188,38068.12443152,14847.4201616932,572.593512269693,0
2411,910,9.38796983383804,6226.68811509405,20.4606684298518,9.72069758024316,9.87556508533792,14.9199103757486,37112.3704172778,14897.2674477017,-1219.52409947175,0
2411,911,4.88614780678748,4356.78958449825,19.4042457835505,12.1253789926772,12.3805185279276,18.6279025081674,38094.6844570926,14824.6476277485,621.382627861293,0
2419,912,7.58216583520303,3014.99070518518,21.6688005471887,15.7930043196748,16.2712207593377,24.3026278796547,28204.7370268398,22843.5185728519,1213.00324388021,0
2419,913,6.54211966571033,1212.51486496622,21.8608745877359,30.6895270926557,32.2821115614123,47.408829669143,32371.9570323286,24077.9446203618,976.673794377369,0
2420,914,7.55232117149977,3888.96057261984,21.6775855614899,13.2971208252315,13.6320302700336,20.4432358671399,28190.1693527517,22854.0724288039,1157.9320439954,0
2424,915,7.46625813221837,2605.17497921767,21.65691184358,17.4718966782912,18.0552645783306,26.9011058111052,23854.5762889828,24786.5523433064,1217.66710932389,0
2425,916,7.5109801155744,2333.24198321767,21.65691184358,18.8800480015948,19.5565902431135,29.0819197927824,23875.3326387212,24824.4399381161,1216.99631480841,0
2427,917,5.96420194353598,1369.45082060102,21.7099918620839,27.9112537782307,29.269084563534,43.0918763594907,33996.5741197009,22313.9610582944,838.923301593952,0
2435,918,6.06690163812708,3019.07858796952,21.7999199201052,15.7960746557006,16.2759282877261,24.3077780069162,31468.2775521864,20668.82257975,713.955229054514,0
2436,919,6.08885954484963,3287.62330371233,21.8306280906747,14.9066032966136,15.3336554118856,22.9319120248895,31482.7555976098,21337.646222345,577.050856872961,0
2436,920,7.42441247266457,2206.08487358231,21.6568058701896,19.6468149476521,20.3758115374772,30.2698919024726,23976.4401348204,24358.6500993638,1226.1332422831,0
2437,921,5.97270463856791,2695.24418160909,21.8520586704328,17.0929030075518,17.6543160414599,26.3150157054196,31962.5433507484,21817.038167857,566.36445131269,0
2438,922,5.93808769408961,4605.72149692616,21.8756714493739,11.9091782788309,12.1735220802513,18.299558739175,31502.4858638322,22653.5097031518,440.022089222333,0
2439,923,5.84500544692779,4675.83038909165,21.8728831858379,11.7918686663372,12.0503547579812,18.1184028500316,31503.0092451347,22660.4089558669,450.084877036426,0
2440,924,5.85793737315817,3871.76892808134,21.9034491877477,13.3595369397154,13.6998238191937,20.5402452807388,31502.7440034602,22653.2668378126,428.626995941235,0
2441,925,6.05967840903329,4712.87579008134,21.9034491877477,11.7337524086367,11.989589502811,18.0287264027491,31494.3032656978,22651.5925861454,427.747980413823,0
2442,926,5.80549884876489,4514.99420608134,21.9034491877477,12.0678264384456,12.34034762131,18.5446222472844,31503.1807633833,22650.38458975,468.634118337385,0
2443,927,5.91053246837884,3158.06045008134,21.9034491877477,15.3299969006312,15.7828635737054,23.5870202013003,31493.5614078274,22660.017234584,484.862693584424,0
2444,928,7.52056833458634,2874.20126435475,21.9162553507414,16.3567405707354,16.8724285795762,25.1757378835723,31622.6578462826,23962.2463233144,995.443393415538,0
2445,929,6.91240144134334,3504.91577435475,21.9162553507414,14.2840430354701,14.6759557194799,21.9694128559967,31582.2599572596,24015.6056473768,960.253549194748,0
2446,930,6.9875421977871,3508.24170035475,21.9162553507414,14.2749007540447,14.6662923657959,21.9552771762217,31625.4778851475,23998.9752737809,988.441202707957,0
2447,931,7.04358611340072,3795.54884435475,21.9162553507414,13.5395187410522,13.8897571074074,20.8184470957356,31586.3839247952,24011.7177032429,977.931784207262,0
2448,932,6.75505564549592,3462.95624435475,21.9162553507414,14.4007308047671,14.7993142224347,22.1498394897671,31597.7286605575,24022.6491529647,991.606956600504,0
2449,933,7.10110858831375,2988.11973635475,21.9162553507414,15.9242193578884,16.413183759269,24.5064108725989,31624.4583729411,23995.109195547,976.903637972701,0
2450,934,6.84892384842414,3717.56888879031,21.8611012213737,13.7231697417735,14.0830385309503,21.1021757854823,31612.1424943944,24037.5257655085,994.841688758429,0
2451,935,6.64049508351738,3903.38022479031,21.8611012213737,13.2829863986336,13.6187470856495,20.4218383794164,31612.9356423276,24017.9755079911,976.015024003796,0
2455,936,5.74829300732663,1105.22944827348,21.9727564293036,33.0232490763094,34.8190070637398,51.0367346355311,29115.3240020139,26279.9176256978,408.625359611004,0
2470,937,6.24575584900656,3318.18159487091,21.4967102368774,14.7725034521761,15.1883247485329,22.7235800465716,26231.286623083,22808.4062535795,791.906398101031,0
2471,938,6.23433739807359,3514.47829774893,21.8033199684741,14.2449412534058,14.6335401633718,21.9086550231973,26717.6912892704,25451.9516493844,723.399553149511,0
2472,939,5.9243585787185,2988.56349574893,21.8033199684741,15.9071657350378,16.3938311528427,24.4796773037584,26726.5421672504,25506.7787204962,725.594073242929,0
2473,940,6.20418824310267,3531.85681174893,21.8033199684741,14.1976440348164,14.5835595017916,21.8355280327489,26723.9067832954,25495.7401947963,694.020375511422,0
2474,941,6.14290759282305,3443.07000574893,21.8033199684741,14.4437651998805,14.8437113296625,22.2160782218784,26723.6278140116,25478.4024569816,719.600973669006,0
2475,942,6.37275825977717,2192.21346574893,21.8033199684741,19.7638604829625,20.5031052645604,30.4518512162245,26722.3536184574,25457.5739580785,698.939009007021,0
2479,943,9.92825821027694,3154.31673467888,21.4010631650363,15.2776118227929,15.722009984468,23.5045124928591,30629.091727762,17813.5409238574,-1097.36483745978,0
2480,944,10.4599358309859,2925.61674657185,21.538348140664,16.1047595529231,16.6005359889148,24.7846007403778,30669.0755317977,17815.9915206813,-1053.4557983079,0
2481,945,9.95997080468501,2656.85549457185,21.538348140664,17.2155598937594,17.780958809342,26.5038377316547,30661.7874185821,17823.9772893192,-1093.53735756039,0
2486,946,5.94332032060531,1985.1150836023,21.78416186797,21.2204486828966,22.0626316615914,32.7094942389532,33726.4910638071,17340.5124715153,500.244652342181,0
2501,947,6.33805123206624,4455.56818222762,21.8697831038479,12.1703126266601,12.4477614956957,18.7028343632714,30983.8005054584,33193.1019200368,854.159175436251,0
2502,948,6.01518698563118,4145.15650562505,21.8307459661244,12.7602367192325,13.0678509959099,19.6140201566977,31114.7353143336,33265.836199868,710.331148196521,0
2504,949,8.80344676475366,3388.44925037296,21.7565441083017,14.5953502292375,15.003553270311,22.4503514222496,30428.3825795042,27060.2403792606,-1283.2660224867,0
2505,950,9.10436144750929,2487.64800637944,21.7650157489544,18.0641832910207,18.6876433677106,27.8186325193608,30400.2113372528,27034.0815694062,-1242.35050083078,0
2524,951,10.3950679281205,4902.96573274248,21.6781751227105,11.4176091638964,11.6563803330217,17.5401664430122,33423.0901731289,16663.6547248099,-1105.08605673746,0
2524,952,7.58542594724793,3596.43155960376,21.6070944639024,14.0036561132689,14.3767730645587,21.5351058318059,32360.2109669081,17029.2233593801,316.382126884939,0
2525,953,8.73786355754459,5663.3175882485,21.6945442084954,10.4055808866314,10.597440863405,15.9783304908068,33518.84281882,16789.4881187411,-1341.81206528507,0
2526,954,8.48610368854745,7012.3440102485,21.6945442084954,9.0895960322189,9.22580765201591,13.9488748973437,33586.0949765085,16801.9467436206,-1421.33747532186,0
2527,955,8.85132735046919,8558.21679424851,21.6945442084954,8.03318128252528,8.12964058118372,12.3210707983951,33567.5429838791,16791.626930165,-1471.63330201731,0
2527,956,5.13596353022176,6039.62827201711,21.5687561450292,9.97953429509231,10.1519234882509,15.3208984674698,34448.8811315133,16530.8991013101,404.161162527599,0
2527,957,4.95552562678177,5423.80820313068,21.5669791782685,10.6889221982593,10.8927559033876,16.4152834810725,32734.2507981961,17150.1667647355,264.353092830224,0
2528,958,8.41068159306014,7662.19911424851,21.6945442084954,8.60099050887414,8.71824410863726,13.1958367382327,33585.2759182842,16803.1485114723,-1391.14070486896,0
2528,959,4.48627044010142,6484.76755623396,21.6089424231364,9.54268195904662,9.69683900294356,14.6472700526488,34448.0929773374,16674.0134672527,567.275875809264,0
2533,960,6.84446804046881,3283.83430142521,21.7454781777725,14.9078190734899,15.3340702001995,22.9335520022917,30842.163723667,34248.6832034761,928.212156164038,0
2586,961,7.69829327709216,2121.33190885385,21.8459692578207,20.242769703625,21.0161649690597,31.1942213542626,31647.9929674857,21239.9584490193,-1506.01198411183,0
2587,962,7.9593228141468,2290.44753685385,21.8459692578207,19.1643215210831,19.8628335446595,29.5230470102646,31648.0712448922,21201.8981901851,-1484.73008671858,0
2590,963,7.92563135763616,2190.40355729106,21.9029739488657,19.7948601830227,20.5377113126381,30.5002892521121,31660.8736401253,21191.7043467966,-1416.98085474483,0
2596,964,9.68244806325361,1865.37095577842,21.9041704700241,22.2287404052159,23.146569891146,34.2735141655375,31865.876584922,20978.9061376721,-1243.69861915888,0
2597,965,9.14867597164864,1865.82357857157,21.8954831044716,22.2227866752401,23.1400315280813,34.2642409208202,31849.3574320353,20951.4992220743,-1229.10742161375,0
2598,966,8.8310266281588,1786.13351057157,21.8954831044716,22.9435761315439,23.9145619539687,35.3822098948253,31899.7648912908,20933.662584108,-1232.11361209895,0
2599,967,8.97232099834036,1891.09732377842,21.9041704700241,22.0079881987985,22.9095240314003,33.9311660914243,31898.6553857925,20951.4653856421,-1247.02254856348,0
2605,968,8.41440995602844,1870.64873717747,21.7744251557454,22.1528674638523,23.0629370405141,34.1552527869582,24347.4580662561,27949.9762024284,-1506.06522735689,0
2607,969,6.34079317015147,2430.68920162722,21.7020932640951,18.3501877479577,18.9917815140097,28.2613518818539,34356.5733213302,22076.4422461949,732.944670098553,0
2630,970,6.75215651708815,2239.07645062575,22.08749728646,19.5216937496361,20.2482122036248,30.0777137404322,29380.2655063555,24595.6114963665,798.701491717406,0
2631,971,5.55930396549893,2628.1394399986,21.8553170600752,17.3965797578414,17.9775632676422,26.7851778634852,32838.8577401333,27996.4740926797,353.10405953325,0
2631,972,7.82468436211606,2099.75896539285,21.9475092601118,20.4124692922941,21.1993783088825,31.4576667805595,24760.9777714443,28983.2512722207,1237.56289602152,0
2632,973,5.78833381139154,2869.1479319986,21.8553170600752,16.3679343760875,16.8836186080067,25.1928687559621,32857.7790092171,28021.9198497692,405.701898035503,0
2632,974,6.12952051190579,1435.15235423394,21.9666736971364,27.0204938255593,28.3112596744347,41.7100729051642,33106.9648894794,25314.6728424449,181.494987096098,0
2633,975,5.78169660646583,4546.87550423394,21.9666736971364,12.0176606177358,12.2881361559056,18.4672803842875,33130.6765294781,25287.421969917,143.687788602329,0
2633,976,5.87884446798325,3433.0135319986,21.8553170600752,14.4784415003776,14.880889441436,22.2698390808589,32837.9253664124,28013.5166300804,386.955387996249,0
2634,977,5.87886582846076,4914.04892423394,21.9666736971364,11.4234743732227,11.6645895958061,17.5497906815795,33121.8475312755,25280.3332339734,96.218558065132,0
2635,978,5.83149923072096,4500.46672223394,21.9666736971364,12.0988226895738,12.3733968480065,18.5926278019466,33112.9202462248,25291.0409617122,115.319970964251,0
2635,979,6.66602124172114,3117.69291602835,21.9467547701924,15.4710859754061,15.9328724399279,23.8054117460673,27101.1398734239,26611.4896022485,976.612315857172,0
2636,980,5.93427538644361,4094.79185423394,21.9666736971364,12.8770237888605,13.1919372544324,19.7947733077763,33107.4354612497,25286.9502463387,111.204342561067,0
2636,981,6.26716306586191,3677.74800836519,21.907603865586,13.8276817036239,14.1937854963703,21.2638478718863,26681.9316891705,26620.5890617369,724.204281554955,0
2637,982,6.06918431947274,2395.0522872314,22.1747856260842,18.6250947233858,19.2914464862193,28.688911511887,30906.5280405729,25400.8701452429,314.060413192064,0
2638,983,5.92530028839926,2491.5261672314,22.1747856260842,18.1130181434392,18.7450394486029,27.8957314448392,30916.7897970276,25434.9663474896,288.245756152878,0
2639,984,5.84134261701736,2245.4076432314,22.1747856260842,19.4988141675545,20.2249812413207,30.0426002056524,30921.2258191681,25437.9617715249,287.319158780459,0
2640,985,5.81443099980605,2145.03330478066,22.2832536534013,20.1688053909679,20.9434425985074,31.0813629412588,30931.6377850081,25432.7556623387,297.333047872261,0
2641,986,5.64391210744101,1989.28745878066,22.2832536534013,21.2959813267078,22.1514684788979,32.828762811154,30913.7261537223,25435.1985285552,335.536258623073,0
2642,987,5.69379381431348,2237.91694678066,22.2832536534013,19.5657804024975,20.2981275858914,30.1467933793532,30914.0242129285,25444.9656358131,280.964418992216,0
2643,988,6.14333475482567,2192.58743878066,22.2832536534013,19.8541921615403,20.6066791942341,30.59375065853,30926.0390227139,25416.6283074581,255.513233048802,0
2644,989,5.87831131520424,1933.12115878066,22.2832536534013,21.7435721948407,22.6317855555528,33.5228115351802,30881.0148840671,25408.820559632,325.418781268045,0
2645,990,5.65059299186393,2236.30904878066,22.2832536534013,19.5758265799847,20.3088725928223,30.162361387656,30924.0035415657,25421.6147273054,284.339505289022,0
2646,991,5.76681076815811,1859.73052678066,22.2832536534013,22.3661343339993,23.3004277005445,34.4883325024447,30897.0346452454,25421.4221114683,349.156443147564,0
2647,992,5.58349491176739,2098.09589878066,22.2832536534013,20.4922139314986,21.2898131911521,31.5826603296781,30902.2729134824,25434.9412116032,303.643383279279,0
2648,993,6.27732804521715,2120.50500926422,22.2697603452115,20.3334646623461,21.1195694215979,31.3365304334189,31004.633213858,24336.1779255783,100.491094320522,0
2648,994,7.27828101314374,2153.22697678066,22.2832536534013,20.1136838481468,20.8844267907091,30.9959275133636,30844.2057120092,25368.4802783339,108.741824116853,0
2649,995,5.86248074771638,2618.28818973483,22.2644927882015,17.50694125237,18.1001628718777,26.9574548807916,30883.0545232372,24187.2576807631,251.623647398121,0
2650,996,5.79054262195686,2538.84841890189,22.2317805651781,17.884175350534,18.5017579247662,27.5415147113923,30932.4622626188,24209.4227393065,301.873001865525,0
2651,997,5.99130802976742,2594.61825090189,22.2317805651781,17.613489570897,18.213270457697,27.1223318052336,30939.2114253965,24228.245480813,274.197113510599,0
2652,998,5.7241857268426,2107.35907890189,22.2317805651781,20.416968999259,21.2084448090023,31.4658120931171,30902.8614153238,24199.4008630178,338.146699574472,0
2653,999,5.97251237530631,2381.86911690189,22.2317805651781,18.7080155844349,19.3807422060684,28.81757635931,30912.5535247703,24231.2857426834,303.860967185534,0
2654,1000,6.01793490360562,1647.91498012655,22.2260953999373,24.4353916304451,25.5261972268742,37.698448390403,30872.7721719911,24232.7719702688,362.743344523824,0
2655,1001,6.83729743960616,2582.38978699847,22.2452014258074,17.6740764012267,18.2779955638705,27.2161986766279,31177.1850455315,24309.6549432551,936.60105904663,0
2685,1002,5.96850082246063,2180.13583458321,22.1501576926229,19.9095373351702,20.663986240055,30.6789958185002,32954.4786198228,26563.0754689502,644.545285266013,0
2736,1003,8.32187340522365,1828.94343509089,21.1839900574165,22.3787542407634,23.2954714771692,34.5027986992529,34768.1593550758,16385.0750351629,-1520.33391783161,0
2748,1004,10.7771550599078,4375.31547277268,21.1032749029131,12.247886383928,12.5231773779991,18.8209622525044,35191.6493214446,30647.6789950582,-1049.69480275449,0
2748,1005,5.05214012523466,3069.40881727246,20.4014558704377,15.4300838293011,15.8724383762751,23.7373043897497,36256.3027228993,30661.3457191632,573.574369994308,0
2749,1006,10.3184633823083,4157.4711241522,21.0036145109194,12.6565716779649,12.9518455769476,19.4519580474232,35217.8952010212,30684.1507721272,-1063.70545416002,0
2749,1007,5.19140199345709,2764.83394428772,20.1964918954716,16.5421525051465,17.0486818049659,25.4569844265583,36286.8305742002,30702.5691912832,659.537377261691,0
2750,1008,9.70129647109781,4867.86369305351,21.146714325359,11.4286619445503,11.6641071565495,17.556163033284,35258.8301962727,29825.0276420204,-1088.62744160057,0
2751,1009,9.90330721377653,5412.21425705351,21.146714325359,10.6738200735204,10.8741863647346,16.3912112440985,35276.9792687,29777.4804882431,-1093.39002614929,0
2751,1010,4.54790495234687,3077.26671077723,21.6279727071303,15.5678386773073,16.0320027980011,23.9541448682869,34317.6068971874,29866.6582817505,453.622536643612,0
2752,1011,9.69443853335791,5127.4180770535,21.146714325359,11.0512510078396,11.2689157881897,16.9736363977272,35252.6369872383,29762.363324786,-1088.03030155455,0
2752,1012,4.7030209141849,3215.74095926341,20.4372949605045,14.9550768152777,15.3702624437213,23.0028290408946,36272.8205891662,29819.7841502539,763.489421353083,0
2753,1013,10.0760952431598,5523.0050370535,21.146714325359,10.5362102801486,10.7303923273236,16.1788950358354,35290.2220037049,29770.9485179455,-1095.5936486722,0
2753,1014,4.93937825590464,3194.90248464834,20.3282651237675,15.0068181925151,15.4237873353501,23.0825095905687,36351.1510341151,29802.8516455981,726.608067762695,0
2753,1015,5.47703656721766,3504.21869477723,21.6279727071303,14.2529809430087,14.6403386343013,21.9206173774872,34281.6248145711,29948.3257915999,409.696471425565,0
2754,1016,9.85794908172251,5058.9392430535,21.146714325359,11.1475261379148,11.3696812323858,17.1222228087166,35249.090151752,29803.8457857679,-1085.27456650675,0
2754,1017,4.94812222118216,3041.95394064834,20.3282651237675,15.5146139912164,15.9610967983375,23.8678135900006,36301.0539352115,29858.2838075169,774.153715713194,0
2754,1018,4.82994034564878,2983.54608077723,21.6279727071303,15.9014942163195,16.3858548316006,24.4703622119241,34270.4345740064,29905.1835683883,479.944731168458,0
2755,1019,9.57440755415994,4879.64760305351,21.146714325359,11.410766087724,11.64535748123,17.5285381810391,35276.8205197768,29793.589613252,-1097.17168296716,0
2755,1020,4.94411598419676,3027.09148277723,21.6279727071303,15.7441494012745,16.2189512911757,24.2269156895743,34302.8753157624,29921.2650820119,490.734346389518,0
2756,1021,9.75149272328845,4728.7474770535,21.146714325359,11.6458373629068,11.8917279590479,17.8914277806045,35258.0752357992,29773.9390543635,-1140.72593159023,0
2756,1022,5.7523681811738,3272.92045526341,20.4372949605045,14.7780481896769,15.1831069297165,22.7290994887507,36332.3712912137,29700.1349502991,662.622052512471,0
2757,1023,9.84828266568533,5053.58692505351,21.146714325359,11.1551471994037,11.3776590790596,17.1339851549303,35281.6561174512,29778.6223854615,-1100.15902125719,0
2757,1024,5.68054754828092,3049.28859864834,20.3282651237675,15.4892199334065,15.9342111937446,23.8285375097738,36359.8032245437,29730.9336136836,664.165178632341,0
2757,1025,5.5612959326672,3340.36728077723,21.6279727071303,14.7218559648354,15.1360802974663,22.6456250956309,34243.0250716974,29941.209519214,505.914243059136,0
2758,1026,9.99365015751562,5274.52973105351,21.146714325359,10.8518417380758,11.0603061556715,16.6659051659982,35247.2008514441,29796.6710731726,-1093.27290732838,0
2759,1027,9.96176158284051,5137.01817093217,21.1660636792188,11.0393933674717,11.2566424259465,16.9553738522982,35311.0011616294,29647.4768504505,-1094.94744799227,0
2759,1028,5.38945386911632,3562.44496759574,20.5024517548285,13.9676836671006,14.3281018044764,21.4765490059487,36384.8028817233,29634.5633903467,688.426616873408,0
2760,1029,9.53669142529751,3618.59356161473,21.0303354784918,13.8818295660215,14.2426732451672,21.3452690975531,35324.4697821734,29561.763053818,-1023.15079921437,0
2762,1030,7.4288562879155,4290.98538887735,21.3828719848398,12.4310700105979,12.7179265637239,19.1045117827289,33339.9319041527,32194.0450498684,1213.99435324778,0
2762,1031,6.39624430214325,2304.5674516588,21.5575153023623,19.0278909041196,19.7130619103,29.3105674738263,33785.1355097857,21649.1927601317,692.967245625982,0
2763,1032,7.36259032486373,3908.72415887735,21.3828719848398,13.2223437108005,13.550622304704,20.3269623935375,33348.0351728229,32195.041525603,1226.39547714977,0
2763,1033,5.92534985766737,2605.43274208552,21.5686826906031,17.4565616291029,18.0378251928254,26.8770561995522,33692.1980072753,21716.4309483529,639.854682404712,0
2764,1034,8.48644654727689,2906.54367768887,21.5730990904862,16.1823634400053,16.6833083719836,24.9047957945847,33893.563348931,22099.7405311877,162.402330435439,0
2779,1035,7.70816842105817,1318.86993220128,22.0077479521605,28.824084390735,30.2634625517422,44.511473491899,30244.5121494444,29057.2211111483,-1434.20969081762,0
2787,1036,6.64676648505511,2019.86662871035,21.669663659334,20.9317258793975,21.7513545757312,32.2613942847287,34631.4431392106,24415.6943865447,-1399.65374346345,0
2790,1037,7.9061467145893,2751.24391678468,21.5308316359077,16.8019151862439,17.3409600539636,25.8635030825482,34719.8174386194,24335.0770978907,-1516.39417971846,0
2803,1038,7.76693674021438,2859.51047679143,21.5472616926057,16.3616941509305,16.8734198056306,25.1822277898574,34738.2531147864,24359.2384469291,-1437.94622876793,0
2805,1039,7.68019747249155,3002.21693079143,21.5472616926057,15.822504885858,16.3011590727396,24.3478985102464,34717.3333206875,24352.2114830255,-1520.40781410772,0
2807,1040,8.63088923443172,3244.08548620901,22.181941216199,15.0860680096969,15.5273027639381,23.2104871096439,26792.9186604779,29038.9379948678,-1276.84698692806,0
2808,1041,9.41004246865329,4526.68149220901,22.181941216199,12.0711915917322,12.3460122937369,18.5504074945328,26793.2193459811,29032.6851212836,-1261.16541105584,0
2809,1042,9.52791211282172,4193.14177420901,22.181941216199,12.6961714220176,13.0033058562195,19.5158378877159,26796.7661315087,29042.2258309281,-1261.64420845034,0
2810,1043,9.26647962667934,3981.4188868564,22.1928577469593,13.1418078975452,13.4728043666148,20.2044546193813,26810.2726880556,29043.3965186127,-1262.74737610198,0
2810,1044,3.30837912547985,2519.41864020117,22.1647817835922,17.9700136241899,18.5924188475447,27.6742169770317,27652.873595115,29107.184474955,774.194997787473,0
2811,1045,8.98982945465137,4108.22803102295,22.1762435813901,12.8690356994701,13.1852722373933,19.782912879276,26773.65710842,29030.0362657279,-1323.18991740678,0
2838,1046,6.20336485010325,3208.88058098106,22.2556092224929,15.2080798364695,15.6573404931992,23.3994351011657,28462.4271844227,29530.1544968434,705.67372976768,0
2864,1047,6.49688525667087,3975.73186225368,21.5110749384843,13.0867119857732,13.4088767425869,20.1176953524542,34643.8820718791,19926.1040262739,778.704923982952,0
2865,1048,6.29020972810514,6686.18534425367,21.5110749384843,9.35515461306624,9.50107114104767,14.3579868149248,34611.6510478802,19935.8816345973,779.878173402521,0
2874,1049,9.18256339348734,2449.21645122623,21.5726850054408,18.2301172688562,18.8620100961602,28.0749141754689,22577.3986617048,27003.3346771438,-1130.16352543923,0
2875,1050,9.99157338887909,2143.74698252817,21.560036917069,20.0338367843045,20.7883033582694,30.8692382657421,22613.5302228032,26954.542166548,-1129.69023149114,0
2876,1051,9.54575282252909,2420.49454722623,21.5726850054408,18.3821084932066,19.0240904076432,28.3103129194267,22579.9461604859,27036.5057519233,-1156.16853792598,0
2877,1052,9.65483828691944,1930.32794322623,21.5726850054408,21.6074886472123,22.4743061078703,33.3086398134953,22596.2619027093,26995.0777666257,-1144.75586502507,0
2917,1053,5.76853748240225,1866.95255817481,21.6010019792902,22.1443518458277,23.05090108438,34.1412489951167,31541.7071319399,26269.1170270754,242.361621955284,0
2918,1054,5.62123065842653,2342.42782017481,21.6010019792902,18.8175232993894,19.4890670602711,28.9848500314668,31532.2355901455,26257.0787050111,218.149973631055,0
2919,1055,5.96719041780783,3458.05989220307,21.7513290873018,14.3953823751433,14.7920484354764,22.1411253159189,30203.2367911477,26858.8619756293,431.638276416029,0
2920,1056,5.89162814494149,3363.18949991145,21.7175281388928,14.6648436766477,15.0766715358208,22.557708603817,30193.246929753,26850.6039890175,453.453371619937,0
2921,1057,6.23016502459105,3428.65077191145,21.7175281388928,14.4747526329522,14.8756305411826,22.2637605830554,30185.7845005009,26845.6308279464,409.520448984389,0
2922,1058,6.75138935880528,2802.23011590686,21.7905972142066,16.6279075034123,17.1591011422934,25.5950249128242,28602.0558686615,27028.1432276522,893.958934140046,0
2923,1059,6.30768696827614,2870.13627390686,21.7905972142066,16.354781053171,16.868900311718,25.1723067591961,28606.584792121,27013.1107109383,924.159846189664,0
2924,1060,6.54993358344598,3120.79215390686,21.7905972142066,15.4402541303564,15.8985180637754,23.757253706919,28608.8898109804,27017.7507744428,927.716971478495,0
2944,1061,6.28829194837633,3141.14175262399,21.5872684812434,15.3454678739871,15.795890692933,23.6100248264133,34322.6822589461,20031.5010817428,824.809986577794,0
2945,1062,6.36639946486862,4995.44461462399,21.5872684812434,11.2730084383437,11.5042064053825,17.3167679501871,34315.951528775,20040.8784014022,815.764451383536,0
2946,1063,6.52221053870442,5158.94361262399,21.5872684812434,11.0406304948005,11.2608553520954,16.958090029411,34310.0568403134,20013.8726274354,818.202346022395,0
2947,1064,6.44719573515135,5239.44864262399,21.5872684812434,10.9308899883512,11.1459964236767,16.7887217823294,34304.9682482633,20015.3363296467,796.052212032035,0
2975,1065,7.18125731982131,3583.02029566433,21.8786260548237,14.0691767331195,14.4485479339093,21.6371078597302,33059.8552673975,16287.715075247,1076.25657655214,0
2976,1066,7.13733417442755,4014.48760966433,21.8786260548237,13.0388904575865,13.3616748882072,20.0446769823721,33060.6303097616,16265.8069079174,1054.10604686904,0
2977,1067,7.07654610723444,3878.36692966433,21.8786260548237,13.3418374352927,13.6809433963105,20.5128309581985,33082.0899282284,16278.8065414005,1025.05392922716,0
2978,1068,7.39759530637822,3974.93347357391,21.9117576714787,13.1283025495683,13.4561615921082,20.1829195347474,33054.6353681679,16303.4207611067,1012.21824090245,0
2979,1069,9.33047116653828,4088.3824585788,21.3870882578359,12.8345286366036,13.1423066256643,19.7277666695069,36226.436653226,20598.5268975633,-1317.43665500408,0
2980,1070,6.20659332325683,3554.35797225028,21.8584520578895,14.1432214236057,14.5265828835918,21.7515314848564,26811.4317670381,22808.6829253128,715.280854192294,0
2980,1071,9.29020563829291,3177.81998035926,21.4486006211999,15.2066533135141,15.6473660811027,23.3948964814195,36276.2955002469,20588.5029416026,-1210.1121961946,0
2981,1072,6.27391381315743,3697.10847825028,21.8584520578895,13.7737610178033,14.136411720437,21.1803715104045,26800.4907693877,22791.2592587546,703.704304801039,0
2981,1073,6.23978001595911,2681.18545006023,22.0349893401224,17.1834736768164,17.7529229341239,26.4558459161272,34279.4895874978,17368.1770738614,782.884158089786,0
2982,1074,6.40700042875238,4257.54221806023,22.0349893401224,12.5553164344062,12.8538799682251,19.2978984534569,34283.1057255961,17385.0424347673,751.893585563345,0
2982,1075,7.75123130527488,2843.78595374571,22.2541821490338,16.526146675101,17.056330392039,25.4390036278902,29367.2777148009,31188.5053507493,-1303.32394793582,0
2983,1076,6.73438025705374,3992.32588873406,22.2323005209734,13.1217501944726,13.4519996122399,20.1735508171979,31923.1809033262,18877.2349398108,953.035008546372,0
2983,1077,4.95364649535155,3611.87125074465,22.2355436827636,14.0327329607605,14.4133929119713,21.581686910666,32525.9020945638,18333.2116896152,267.937120114249,0
2984,1078,7.13573414693198,4306.98932473406,22.2323005209734,12.4777597642676,12.7738644812886,19.1785218978489,31915.6952067959,18884.440033308,970.437760083348,0
2985,1079,6.95940387096657,3928.18617673406,22.2323005209734,13.2642214625584,13.6021920911879,20.3937288163834,31904.6813713269,18883.7345289957,946.388474861402,0
2986,1080,6.89299651445835,3674.97528073406,22.2323005209734,13.869720063226,14.2411611787231,21.3296581612486,31912.2412966322,18867.4307896113,978.710076667157,0
2987,1081,7.37234898785313,3786.88938673406,22.2323005209734,13.5931955203768,13.9492207272998,20.9021938593161,31925.3426601638,18887.736383283,957.434567171424,0
2988,1082,7.00279229185798,3615.74736673406,22.2323005209734,14.0222397802959,14.4022758597535,21.5654553661354,31925.6884407717,18890.1511497372,980.757062375498,0
2989,1083,7.13039767873009,3790.85406673406,22.2323005209734,13.5836669715724,13.9391648500966,20.8874652536953,31897.8134911145,18886.5531669855,935.976425041808,0
2990,1084,7.09450211130657,3919.8883053489,22.2831697863518,13.2880459599594,13.6277531195547,20.4306705153687,31914.9962788677,18871.554628358,963.262835717889,0
2991,1085,7.15602682137901,3862.7308353489,22.2831697863518,13.4191247229424,13.7660030309304,20.6332607428997,31901.2151241081,18872.4917469571,942.951289363172,0
2992,1086,7.06704436835247,2958.3873273489,22.2831697863518,16.0846894523623,16.5876114859895,24.7558522178196,31915.1448351852,18872.2977185817,975.737717737105,0
2996,1087,7.15056510052231,2410.99702936406,21.9441418321953,18.4978635419524,19.1525653921851,28.4909775365716,27070.3897311793,22141.1388815273,954.771861044616,0
2997,1088,6.99802604539935,2895.00491551145,21.932868147152,16.277806265773,16.7887731391912,25.0536299290586,27075.303072341,22056.3668765329,966.152055973188,0
2998,1089,6.98723422853015,2498.18449951145,21.932868147152,18.0386932937173,18.6626552968473,27.7797587776905,27051.7333247811,22109.950511736,1030.62477717644,0
2999,1090,6.71311290137529,2768.72985751145,21.932868147152,16.788297686594,17.3312923510884,25.8437496651768,27051.3857029701,22123.812450234,996.579221834621,0
3000,1091,6.57462911663286,1953.92638606282,21.9927339357832,21.5111110548355,22.3776849032115,33.1610695230159,27036.3902483677,22141.8528805028,1026.13352970933,0
3000,1092,8.98167489337125,1553.0899786083,22.2933161034317,25.5580378313829,26.7381507620442,39.4412759249336,30376.8482443798,21020.8827357557,-1235.23866691582,0
3003,1093,9.98395025351173,3791.50201338696,21.4742712266484,13.5028315789467,13.8470709193745,20.7606437824264,35673.0934329742,16305.8098602506,-1048.27300759601,0
3004,1094,9.92138482653128,4126.34506898267,21.9378773786921,12.8089129348136,13.1199822971945,19.6894710327906,34479.8390577947,17132.3526973509,-1120.50640123301,0
3008,1095,9.18756861610492,3517.15669305781,22.2651888955253,14.2900080221063,14.6856029062683,21.9795571615104,29883.4086261882,22433.4282731252,-1371.29154474911,0
3008,1096,5.9207570094937,1817.73940043872,21.8006465361837,22.6279254591735,23.573665191948,34.8921524089437,32501.5447686595,26809.8821627498,108.006578598215,0
3009,1097,5.86178115865083,4413.28922106912,21.7879244415416,12.2395836123855,12.5199137622606,18.8096466986781,32500.6894710796,26829.438504538,163.925427399664,0
3009,1098,8.98846518033208,3071.59273905781,22.2651888955253,15.6717934253128,16.1491419912671,24.1168778970666,29892.0351370257,22418.2241672812,-1293.11032271273,0
3010,1099,9.06306579632643,2745.59229848921,22.4626613578478,16.9656193119794,17.5261836492735,26.1199764965018,29911.7911682775,22435.3676494862,-1247.24457527881,0
3011,1100,8.92027740333081,2712.36275098706,22.4709713999187,17.1115821604969,17.6816424841696,26.3459855156741,29951.4990351208,22392.5174786016,-1363.05172440178,0
3012,1101,7.5901130072234,2491.3096442447,22.4867082454063,18.1660357960637,18.8056018867556,27.9789521438041,30300.3744460093,22049.3380466738,1042.80642871462,0
3013,1102,6.99699826519682,2724.0143342447,22.4867082454063,17.0628313783088,17.6299338134932,26.2705586205038,30283.7261548673,22095.1817148508,1069.60242634152,0
3014,1103,7.22500424399733,2525.8684382447,22.4867082454063,17.9904877183219,18.6183452910488,27.7070539809798,30310.1044321466,22122.3465492077,1102.36191589917,0
3015,1104,10.5101992087283,3603.38266482938,22.4414560962112,14.0776127313064,14.4627311657031,21.6516034103094,31791.8854136782,23109.3559019546,-1197.41561467908,0
3016,1105,6.05166674897704,3736.42845807641,22.335292279031,13.7269147376656,14.0912960600069,21.1091517680604,31673.2086444299,24192.7984862723,859.717752144977,0
3017,1106,5.85961362458756,2601.94105939515,22.2555511499116,17.5825059363646,18.1805544632737,27.0744347591519,31148.4755230846,25201.4393668042,229.989240548271,0
3018,1107,5.52993175164689,2219.67982939515,22.2555511499116,19.6752521329558,20.4148314211946,30.3163301965621,31175.4645304523,25195.9052917114,251.303649653695,0
3019,1108,5.67581249882805,4389.70027708733,22.2335458010485,12.322239707857,12.6102980442461,18.93828261917,32835.5680268583,23710.5764583409,490.481830032754,0
3020,1109,5.84349487649651,4399.94252810097,22.3323918558431,12.3120157062497,12.6003167564695,18.9227021435159,32841.1337793627,23711.2543999108,510.971225547453,0
3020,1110,9.03585885594173,2678.86636642141,21.7730401028957,17.153398517124,17.717717845892,26.408403491995,25583.1235424585,20772.6433743512,-1115.96470163463,0
3021,1111,5.77119790084544,4308.40247210097,22.3323918558431,12.4840625687545,12.7812896358094,19.1884779195871,32834.3864264979,23716.5801321295,514.149055235095,0
3021,1112,10.1443226903407,2154.29515042141,21.7730401028957,20.0059215970066,20.761603324642,30.8268495080708,25584.207610665,20773.1191051043,-1198.61040809053,0
3022,1113,5.86521540118127,4522.40708810097,22.3323918558431,12.0915129498594,12.3685092241329,18.5821093323261,32816.2403432944,23709.4830733607,495.290466908538,0
3022,1114,9.93430192857097,2629.52812642141,21.7730401028957,17.3771693721372,17.9558744110386,26.7548430598019,25593.930325438,20757.9905645946,-1163.12155844055,0
3023,1115,5.87127997594023,4637.51496410096,22.3323918558431,11.8936666769297,12.1606507719347,18.2765480323733,32836.532508072,23721.5191713943,510.556805202755,0
3023,1116,9.14002270939897,2488.70851046541,21.8048261258312,18.0654673438702,18.6895326204992,27.8207644306284,25573.6904174155,20802.4420817591,-1149.65205804993,0
3024,1117,5.79278360034839,3914.31328010097,22.3323918558431,13.305609547283,13.6466999693368,20.457932622393,32854.9716846271,23763.7389253291,498.130576471131,0
3024,1118,9.74472544195913,2599.00009042141,21.7730401028957,17.5194945766712,18.1074077886553,26.9752054535397,25572.8437777617,20732.7424436171,-1134.08430139051,0
3025,1119,5.99283064167052,3707.402433242,22.3126716728542,13.7966209481872,14.1646956031958,21.2168536623276,32826.603784098,23772.3342718894,428.307457042353,0
3025,1120,10.5928194357607,2297.28794242141,21.7730401028957,19.1103585238783,19.8041636197381,29.4391610306674,25658.549488469,20771.3409418787,-1187.01997990792,0
3026,1121,5.83941022115754,3736.40927810096,22.3323918558431,13.7266562404987,14.0909970333012,21.1087449692796,32839.3395200183,23760.9246035583,467.212910727999,0
3026,1122,7.45857335584812,2101.04772984773,22.01952478897,20.4180916726711,21.2064801215944,31.4666794268581,26185.8957110495,21161.3993878636,1183.87885582255,0
3027,1123,5.92260339030221,3005.85360834652,22.3856770167485,15.9229538147221,16.4170033696387,24.505874810341,32793.2490271055,23269.80232494,518.499940252338,0
3027,1124,7.35973311511383,2044.33077984773,22.01952478897,20.8244114196019,21.641774265812,32.0965276900387,26177.9278007094,21191.8289330888,1147.20004038091,0
3028,1125,5.90103852630964,3322.06363468312,22.4151137118786,14.8720065165894,15.3029249025752,22.8800278636174,32783.1544292345,23273.179253352,518.225878620419,0
3028,1126,7.50909475819176,2096.26808784773,22.01952478897,20.4515492985369,21.2423122103993,31.5185399239318,26155.7943638313,21221.2641507395,1181.91943405505,0
3029,1127,5.95206341096119,3533.96093533946,22.2452056886833,14.2418040738621,14.6344490979048,21.9049690464987,33574.2134396275,23154.4624227632,536.50316017252,0
3030,1128,5.88684640681431,4013.02200801165,22.2092136083216,13.0743927254782,13.4018933917437,20.1003133200861,33585.9319164186,23174.0101738661,493.775191512862,0
3031,1129,6.17848860893699,4117.93184601165,22.2092136083216,12.8520247612167,13.1676300687783,19.7567039977617,33576.8778818761,23179.8897522839,453.251974077728,0
3032,1130,6.01546543402067,3499.37568801165,22.2092136083216,14.3327053819605,14.7302154703955,22.0454323634369,33578.8175076843,23155.909630831,489.540785117958,0
3033,1131,5.92291009560218,2315.65439601165,22.2092136083216,19.0820010242805,19.7799148959874,29.3968923256046,33588.3719519604,23169.2954675215,497.699863768118,0
3034,1132,6.02984197993512,3528.14164401165,22.2092136083216,14.2536163561456,14.6465952429363,21.9231394879967,33600.3760683274,23172.5979934404,451.433763602425,0
3035,1133,5.69192256252338,3795.77957001165,22.2092136083216,13.5694577132991,13.9239642608073,20.8654449886371,33609.7188132446,23164.8235874031,531.070529428569,0
3036,1134,6.00010452597726,3300.77233884382,22.2665097379392,14.9192948118184,15.3515155926005,22.9527604632442,33572.2847580754,23158.5965254593,486.136839789736,0
3037,1135,5.93348441591021,3701.17790001165,22.2092136083216,13.8011736155254,14.1685630397688,21.2236324568739,33579.6151200241,23160.2642387248,481.256066903152,0
3038,1136,11.5984052290367,4015.05393572636,22.1013939173358,13.0594672127694,13.3852511670052,20.0769966544507,34009.5386922521,23661.5715662078,-889.473398100353,0
3038,1137,4.67735794045468,2592.3170827078,21.5139739896201,17.5093597986711,18.0933387938955,26.9586107710608,35150.9313685041,23975.8013616693,963.624270746372,0
3038,1138,5.69361130580585,3028.6504487873,22.3333213221069,15.8333159325779,16.3212802908573,24.3670094354343,32855.1236239347,23582.0388784924,598.402255621036,0
3039,1139,11.721460330897,4409.76383247997,22.0847065214106,12.2721902225834,12.5565127175395,18.8606522555775,34021.4651838532,23645.4859878415,-890.803698797878,0
3039,1140,5.78262223556286,2992.47968217814,22.4006327932193,15.9739935769366,16.4713575935955,24.5849032275747,32841.5583640735,23562.1927223849,618.048568042415,0
3039,1141,5.86609811590693,3016.93996669095,21.6152644521753,15.7787391383606,16.2554960666369,24.2803932091225,35196.0806689739,23797.628505724,680.45420629292,0
3040,1142,4.31951309795564,2974.29580016226,21.582832649772,15.9292273394702,16.4147716312656,24.5131333049358,35008.9095238074,23969.2085762002,695.453973398859,0
3040,1143,11.6942977736566,3994.37400841835,22.1245280001232,13.1066951360749,13.4352152050338,20.1500324157099,33994.9012774692,23659.6719756677,-862.194279681802,0
3041,1144,8.82557454500537,2103.71457418303,22.1754387274682,20.4310313377719,21.2226687856545,31.4873787088464,33378.0104154601,23921.9228391554,-1181.66729748582,0
3053,1145,9.56445574672489,3474.27456755312,22.5075247647993,14.4367899896071,14.8431559719215,22.2071723622519,29544.6846022752,23557.759657159,-1139.84759709153,0
3053,1146,4.46528648170268,1988.88673812153,22.5351132447301,21.353128451038,22.2166847732522,32.9184497556545,30471.9220995727,23520.8438929748,538.787610498911,0
3054,1147,9.47839697759728,4113.20477555311,22.5075247647993,12.8900610250568,13.2101557649974,19.8161560392038,29528.0735665651,23588.3183486324,-1097.19153318183,0
3055,1148,9.65631345237673,4092.65451755312,22.5075247647993,12.9330684838931,13.2554683418466,19.882613616621,29525.537497953,23580.4191249485,-1108.6520202546,0
3055,1149,5.7913927849954,2526.67912755375,22.5376428453859,17.9947397628451,18.6235237460187,27.7138168272258,30531.3356322912,23448.5110052974,506.000205122491,0
3070,1150,7.85757448319112,2212.45818468469,22.0478595998938,19.6814927605029,20.4185419572801,30.3251842213162,28560.2141252992,21902.9507197665,-1444.71236560646,0
3071,1151,6.11545417075523,3961.47837161734,21.8458712394976,13.1514037827598,13.4799351760927,20.2184607623894,32021.105562838,28726.8191015758,499.395738725002,0
3072,1152,5.96433905342466,3986.25762161734,21.8458712394976,13.0969669246948,13.4225776264211,20.1343410100919,32074.2608585258,28766.9448528503,475.232608133464,0
3073,1153,5.89806932301425,2747.20518416043,21.7680963141815,16.8548018442713,17.400043129939,25.9461518894761,33053.9566363783,27403.7631324431,400.66858846478,0
3073,1154,6.20883942951291,2623.00235668408,21.8755993846862,17.423579384936,18.0065621184796,26.8270509560734,32098.2829539934,28756.8892637592,481.236820467864,0
3074,1155,5.64246093349318,2306.77328816043,21.7680963141815,19.0536593094876,19.7435310876426,29.3513004461813,33067.4137797275,27377.1066136394,379.635082177328,0
3074,1156,9.06107490035856,2065.71484529121,22.1678391797708,20.6994349643895,21.5101053568017,31.9034097053048,29613.1279413485,22300.677578224,-1104.84212314731,0
3076,1157,9.79281817778984,2595.84386190304,21.1107889168241,17.4275798401519,18.001143708259,26.8305793801581,33275.3598788107,33644.3259982425,-1175.30846243414,0
3095,1158,11.3931101707842,4083.4541173084,20.9916668395696,12.8062625516725,13.1091757568913,19.6831636198473,34076.1113375912,13917.7337892227,-934.469505346845,0
3098,1159,7.8235014626268,4400.7065797041,21.6511301771884,12.2504388521955,12.5302415500086,18.8261146098963,31964.1937339712,17288.3229594659,1247.00851431541,0
3098,1160,5.18999862451482,3475.29969193905,21.6866559116236,14.3396436857198,14.732496505546,22.0547674408431,32656.9595946939,16818.600631537,211.351440731343,0
3111,1161,7.44797668527173,996.897380205282,21.9879788708029,35.8197703990643,37.8624015177755,55.3850899292516,30763.2898680355,25171.2457724326,1120.9871724273,0
3112,1162,7.29063192031238,1479.28949339739,21.9904992945427,26.418168136775,27.6609368821081,40.7749766342606,30740.8174342633,25141.614223593,1120.34355046656,0
3113,1163,7.18784203144326,1443.36440020528,21.9879788708029,26.9110587778281,28.1934161687293,41.5402637626647,30741.7390706647,25120.6034776921,1080.80989726812,0
3114,1164,7.38608015391222,1256.91431020528,21.9879788708029,29.8985736984236,31.4272637501986,46.1806345591863,30744.3725639284,25207.1176257914,1097.88975395965,0
3115,1165,7.76074575232296,1372.08826420528,21.9879788708029,27.9624345360142,29.3303298614371,43.1729912969752,30757.9677819877,25166.8904430612,1004.12238270336,0
3116,1166,7.24778352337699,1551.95258020528,21.9879788708029,25.4847942802987,26.6532998710827,39.3259723033793,30771.4641146783,25131.9424610303,1062.38562090964,0
3117,1167,7.18155534298686,1569.50730220528,21.9879788708029,25.2716646345375,26.4233854536154,38.9951504749778,30749.9327023348,25136.7039507275,1038.64995605388,0
3118,1168,7.34265373446846,1154.05289020528,21.9879788708029,31.9363577893085,33.6384340891848,49.3473562823335,30731.5179484825,25158.0975676972,1076.58384636036,0
3119,1169,7.56487771640726,1271.45147020528,21.9879788708029,29.6358908709075,31.1425297903476,45.772510088282,30766.4685702897,25182.3376274029,1070.21278788425,0
3120,1170,7.00719478183409,1133.06558711209,21.876926286858,32.3497272096239,34.0847724891402,49.989124881961,30746.7127182507,25121.2994775686,1147.47491703385,0
3121,1171,7.37045366389756,1494.62237711209,21.876926286858,26.1802784506158,27.4017834738735,40.4050211808712,30745.3239992008,25149.9060081033,1063.60790056137,0
3122,1172,7.04748104119694,1286.27844311209,21.876926286858,29.3343261840395,30.813288362618,45.3033216478448,30752.2592881522,25144.2486873148,1105.03813108737,0
3124,1173,10.8077234129039,3198.8949082306,21.0414511833151,15.0862947505782,15.5155934759408,23.2075448894155,34048.3287113534,14274.8522927952,-915.878236849697,0
3125,1174,7.88416351030292,1075.33544111209,21.876926286858,33.6974247676996,35.5496322643221,52.0841628728325,30771.8032888426,25118.8675434837,1091.04994311035,0
3126,1175,7.01712401118263,1278.63542111209,21.876926286858,29.4684527210058,30.958612453742,45.5116934932213,30750.5400191709,25164.7206325136,1205.82942732684,0
3128,1176,6.96131545331111,1235.68472111209,21.876926286858,30.2514201837397,31.8073196187303,46.7281763024582,30766.081445478,25157.8559945126,1049.90103220086,0
3129,1177,7.3799812575965,1570.10547911209,21.876926286858,25.2330544860553,26.3796309776904,38.9346381114768,30744.0320471016,25178.9584406007,1052.86125157757,0
3130,1178,7.24991623508195,1499.73248869146,21.8043527564623,26.0916565016477,27.3046679713422,40.2670422368412,30783.9049506764,25159.4929624128,1105.63657128463,0
3131,1179,7.449855314053,1533.36619069146,21.8043527564623,25.6620201637218,26.8409728958676,39.6000938707633,30756.6655298071,25142.6162863907,1089.62172459128,0
3132,1180,7.34431101097282,1148.17550269146,21.8043527564623,31.9889783526413,33.6911901659268,49.4279229424402,30799.9733693857,25187.7957208967,1118.0388562131,0
3133,1181,7.28518098948879,1308.92596565186,21.8047420766704,28.920433159792,30.3633845148038,44.659916560621,30717.0449058094,25140.3415799889,1099.82894579663,0
3134,1182,7.07551195725018,1351.16711869146,21.8043527564623,28.2291825157471,29.6150734996437,43.5862105477708,30768.4979130564,25130.884321621,1055.65918311431,0
3135,1183,7.61643984086612,1350.59444269146,21.8043527564623,28.2382786649461,29.6249169157119,43.6003384005425,30743.3635809334,25178.3723520604,1087.69975924983,0
3136,1184,7.51734997188566,1572.74867869146,21.8043527564623,25.1809043130065,26.3220086914538,38.8533129766493,30772.0128474319,25163.1915415034,1031.3653192887,0
3137,1185,7.38348653236619,1613.54083069146,21.8043527564623,24.70581601679,25.8098569831369,38.1159753022932,30770.2017121947,25147.3721114973,1056.82390754833,0
3138,1186,6.84264761801783,1302.88612669146,21.8043527564623,29.0225784887803,30.4739965109521,44.8185868575882,30791.3377988253,25158.753433662,1154.08456065632,0
3139,1187,6.99430904307765,1440.15215869146,21.8043527564623,26.898951340321,28.1766008936175,41.5204315489694,30750.6161972981,25191.9614784368,1097.3582406241,0
3140,1188,7.55112228212582,1187.8268431387,21.8147117990951,31.1628237404981,32.7945643378439,48.144024126441,30770.7663682805,25150.5598063771,1055.87032546913,0
3141,1189,7.09048181894767,1332.2072731387,21.8147117990951,28.5378027258139,29.9493235997307,44.0656265757709,30792.3430789574,25168.5430199058,1150.3746697902,0
3142,1190,7.14475992900985,1858.47774451091,21.8166860901693,22.2683956536282,23.1877033240589,34.3346129346873,30740.4981753744,25167.8999910531,1070.86390315502,0
3143,1191,7.3019598160442,1668.9627871387,21.8147117990951,24.0979773173783,25.1552521093559,37.1727914016982,30769.1595484538,25206.9483481304,1105.89153505315,0
3144,1192,7.30357662615841,1508.8557931387,21.8147117990951,25.9764112887448,27.1804671294837,40.0881904057513,30771.9214243793,25175.7764938731,1126.485227641,0
3145,1193,7.03007381627876,1419.8487271387,21.8147117990951,27.1919030359075,28.4934226633814,41.9753780199465,30800.5223105058,25136.4113034361,1106.64644374121,0
3146,1194,7.64154284003535,1211.5928971387,21.8147117990951,30.6899479246532,32.2815010490083,47.4091874860042,30771.7629122318,25142.1979747552,1098.54170496014,0
3148,1195,7.29814436239515,1175.8446991387,21.8147117990951,31.4081234461474,33.0607954206644,48.5252375603371,30781.003975173,25167.9040834649,1069.22135505466,0
3149,1196,7.27553135121959,1042.0587751387,21.8147117990951,34.510850945825,36.4329130780791,53.3484259517647,30761.1631927008,25180.3908524937,1111.26565847767,0
3150,1197,7.8656475123447,1305.11210149091,21.8309979194123,28.9941057374441,30.443744764904,44.7745189441003,30777.1338009005,25161.0796523271,1028.00453569195,0
3151,1198,7.15063212290087,1159.60834549091,21.8309979194123,31.7547333923441,33.4374664645597,49.0640298581039,30786.173665452,25185.1631540445,1129.75103120425,0
3184,1199,6.19862954368249,1776.71868254138,22.0715968365342,23.075957337216,24.0599383776109,35.5884003701012,28061.8560671415,29453.0337773348,700.814336834947,0
3185,1200,6.04259615936661,5769.00556258383,22.0782322368208,10.3084450637912,10.4983479960722,15.8291272591268,28171.789626445,29586.3897000103,692.373678110196,0
3186,1201,5.95945456278388,7199.62602772726,22.0821824442301,8.96083768844722,9.09391901253771,13.7509498710629,28349.575023096,29733.2531715559,680.89490852475,0
3186,1202,5.9375249760698,6249.3004112898,22.0887066390186,9.7970718313774,9.96465848468586,15.0403193405765,28351.0727551196,29735.6931413348,685.306901692633,0
3187,1203,6.81871936286123,5069.52960426557,22.1121460130245,11.2057698765157,11.4374221209889,17.2139877268142,28070.0632612841,29835.6821650368,969.34731358468,0
3188,1204,6.81220581715027,3601.25441826557,22.1121460130245,14.0470041485367,14.4273203249615,21.6034338218692,28021.5860390948,29898.8497331684,998.414756671602,0
3190,1205,9.61361202314117,4385.96967334145,21.9577533856798,12.3047430847181,12.5897390237535,18.9106591924958,25121.6937984259,29324.5441305977,-1198.16396044584,0
3191,1206,9.93850638823677,3488.82866734146,21.9577533856798,14.3332407877589,14.7283628577338,22.0455935213557,25122.338424432,29311.235937526,-1193.16072802315,0
3197,1207,8.67645239645019,2275.09018183365,21.5659269543663,19.2039719072681,19.9012416216435,29.5833889240015,30760.9044289308,24167.4900252255,-1475.71955354973,0
3227,1208,5.38617459863887,5666.78038818187,21.6685444539581,10.3997712985919,10.5912078187753,15.9693220315057,34898.5195298307,17977.5558480429,-1115.69527928243,0
3227,1209,6.00396463823473,2858.16863102777,20.9364132430407,16.2783056401058,16.7777062513156,25.0512080732462,35510.7778554511,15109.481980313,-657.081839267229,0
3244,1210,9.38651842537688,2684.39430502754,21.8181459713603,17.1357547442467,17.6994966254855,26.3812409633123,30894.0706912865,30113.6307680416,-1238.41551169043,0
3289,1211,6.8977408334377,2619.89160612501,21.676292124788,17.4064036911605,17.9857855881201,26.7997720962576,30433.1135629262,34475.1582449238,1043.47448357837,0
3290,1212,6.60812165812582,1901.27877869846,21.7818696057456,21.8942795667083,22.7854538288698,33.7542810389873,30437.4263162635,34439.5423092378,1038.86156916982,0
3327,1213,6.62183082157939,2698.88310584606,21.8015781981037,17.0691157528133,17.6283937977695,26.2780216942198,33157.8317498758,30483.2409170662,981.546032783671,0
3328,1214,9.15422336476156,3444.13061576894,21.7939421900906,14.4396647705525,14.8392837115669,22.2097124240336,33263.7961594797,31034.8890012241,-1187.01515902216,0
3356,1215,8.54204572967205,1969.85804253757,21.7998611723866,21.3426525024706,22.1939190983544,32.8990280789831,34855.4739145363,22959.0845514638,-1479.40216547767,0
3357,1216,8.22074931026729,1827.58680405931,21.7734680264101,22.5322466292563,23.4704003433117,34.7436265275287,34868.21249063,22998.075738297,-1432.4901471766,0
3358,1217,7.58028652182116,4536.85922016419,22.389585177679,12.0710374244997,12.3474240007908,18.5506039284178,30286.476022661,31121.7135292435,-1437.13365054107,0
3359,1218,8.11309778193367,4201.84901908878,22.4060777869794,12.6994781417798,13.0086063738382,19.5214489365355,30250.0126218652,31129.1258838035,-1483.41938508473,0
3360,1219,9.49151378332999,3843.19808288292,22.4244565578585,13.4791441276959,13.8305625984303,20.7263709148139,30184.9402019486,30860.2459436075,-1103.00233535752,0
3360,1220,6.11279584325187,2072.50775963209,21.8883733618826,20.5929302968676,21.3917589115142,31.737143077536,32892.4547982721,24987.686654306,631.079914387483,0
3360,1221,8.47273287444084,1699.41283347903,21.4286564607927,23.6779746716416,24.6961636972269,36.5192050119703,27467.673472317,20145.1379194908,-1325.32969006279,0
3361,1222,9.66239759035358,4087.66465688292,22.4244565578585,12.9356667341733,13.2575190283375,19.8864390861722,30178.3078490101,30882.8525452879,-1109.13167525721,0
3361,1223,8.93715836019533,1545.65032757836,21.4087648879118,25.3948986971242,26.5451199474375,39.1833388954859,27542.3121661865,20104.0040006367,-1418.5346333318,0
3362,1224,9.87366533830501,4153.01579888292,22.4244565578585,12.8000583156785,13.1146697608222,19.6768967547423,30167.8429921489,30894.9461968828,-1091.1970188382,0
3362,1225,8.60463680044436,1591.79479757836,21.4087648879118,24.8454363592816,25.9528319593816,38.3305838289452,27474.4840529816,20118.12310117,-1427.16604066388,0
3363,1226,9.46749876234033,4248.87295088292,22.4244565578585,12.6078641619749,12.9123085763656,19.379944125775,30171.6730686987,30912.1129900001,-1117.37054816777,0
3363,1227,8.56494436120367,1909.29858747903,21.4286564607927,21.7469576042648,22.6215541036523,33.5242378868677,27491.0877637661,20117.2646867954,-1414.97512493425,0
3364,1228,10.0940847813935,3888.61569488292,22.4244565578585,13.3735784308076,13.719186286038,20.5632030365445,30173.7699167171,30869.1239133883,-1109.5517455562,0
3365,1229,6.00712991272899,2000.96731163209,21.8883733618826,21.1212435726924,21.9579114001595,32.5561430954415,32891.7554974912,24991.2808737545,613.349128656583,0
3365,1230,10.1252258498674,3524.12944688292,22.4244565578585,14.2888187138773,14.6858560933821,21.9781345749803,30157.060143317,30897.8705480052,-1109.08892405545,0
3366,1231,9.62533077695771,3249.70751288292,22.4244565578585,15.0981841125923,15.5426144786276,23.2299110792934,30157.9967071235,30899.0994336351,-1088.23342501263,0
3367,1232,9.2479083830898,3624.36977288292,22.4244565578585,14.0207250215616,14.4024541590195,21.563603829173,30160.0842347377,30905.1042574526,-1147.96270270719,0
3369,1233,6.26785908605558,4108.47622245106,22.3066629264672,12.8809037806515,13.198853111809,19.8015492119832,33392.4430254797,21475.8896647573,746.784189456687,0
3370,1234,6.25828342523378,3604.02864394792,22.2584209463219,14.0558200189453,14.43800051208,21.6174402696927,33399.7996835802,21491.4314484103,795.136049085077,0
3371,1235,6.38392582037938,3712.04414794792,22.2584209463219,13.7792577467483,14.1458688818161,21.1898761985471,33382.3266328135,21466.9159562739,764.655116033395,0
3372,1236,6.66892554771039,2423.46169063868,22.2705101606525,18.4868903721212,19.1451870468641,28.4751735003842,33187.8177458412,21485.292280737,735.079283432972,0
3372,1237,7.46065111125153,2588.33899287909,21.6571876851227,17.551260824347,18.1397698531558,27.0239872417726,24481.8731700942,26036.6106247496,1087.47973507996,0
3386,1238,10.3907466593543,3305.87461800716,22.1293636409358,14.8869816335261,15.3159163819426,22.9024003212274,33260.5049831355,20620.6315940613,-1052.59491131041,0
3387,1239,10.4094353313427,3559.10301019852,22.1192693595538,14.1597281645797,14.5465014640731,21.7777352398873,33308.9950006756,20583.096571195,-1075.72362061067,0
3387,1240,8.80583763348535,2909.52574035381,22.1404288116228,16.2508156289904,16.7624596250576,25.0125077760274,32284.411776259,21036.8642508714,237.070705440201,0
3388,1241,10.7121812183869,3184.64351400716,22.1293636409358,15.2711417695216,15.7228624487377,23.496627891008,33298.7214702659,20630.5328888473,-1082.81481104638,0
3434,1242,8.74145095912275,4041.67391869724,21.4029522970919,12.9340748469353,13.2472185858784,19.8815997413222,32074.2364175875,16550.92158008,-1358.71410358519,0
3435,1243,9.11618548371938,3999.33994669724,21.4029522970919,13.0246568071997,13.342585815768,20.0215530589998,32081.7785414464,16521.9526357946,-1367.60162935713,0
3436,1244,9.22024296616772,2316.43628033542,21.3738021802285,18.9250925826179,19.6007237704486,29.1506087242793,32146.1629410229,16398.8518939738,-1225.77763161076,0
3439,1245,6.66335776066599,2330.16777960839,21.9256392479157,18.9463514881851,19.6311044997473,29.185657807194,30878.4764709882,30389.0075613889,1023.14238479678,0
3447,1246,7.86453178221479,1788.35747777037,21.5718026339701,22.8434096137869,23.8013003711667,35.2252955611733,23243.5943397238,26325.4547856244,-1474.32341434076,0
3448,1247,8.15629422307289,2098.11584126469,21.5620314133887,20.3452754039251,21.1216090954763,31.3519137290769,23236.4766537902,26340.6820607237,-1446.8138293323,0
3481,1248,6.78251403509642,3176.55230443277,21.903891650707,15.2690398746083,15.718273175973,23.4927256249684,28473.0830740109,26625.4895844239,1027.56385287413,0
3482,1249,7.08865043082237,3182.50071310858,21.8953851940533,15.248467004407,15.6963852707535,23.4608769353164,28471.7888517836,26601.9285496957,969.061398265572,0
3483,1250,6.69628247326395,2641.58620510858,21.8953851940533,17.3409942540779,17.9188833941786,26.6992529567742,28460.8367184104,26638.765254673,1036.97732622912,0
3488,1251,8.22201034603127,3727.4317357247,21.4896471021755,13.6591029289294,14.0120239080221,21.0022071825576,30927.0860951571,18758.5319745732,1204.17082486709,0
3488,1252,6.77582136071542,2466.9847420167,21.3629299000679,18.1018968863482,18.7225319345364,27.8755744121627,30816.5895927991,18788.5338498927,1234.4062429294,0
3490,1253,8.01374146576556,3548.88400363525,21.4528410671785,14.1120755815194,14.4897909993809,21.702306903749,31020.3816383298,19006.9725081828,1199.9811306438,0
3521,1254,4.9405454433506,3646.49333509888,22.3385315599093,13.9540323111092,14.3311953906207,21.4602734924311,28306.1811917422,30777.8742718248,693.117327300521,0
3521,1255,11.6747460348291,5047.3904446082,22.4229322063211,11.2610686422665,11.4975133534908,17.2999446907998,27219.7373586247,30562.4048567641,-901.985148100388,0
3523,1256,11.3709954657723,3936.90024466051,22.2951277581643,13.2508779382599,13.5886636162298,20.3732559261766,25057.3165923384,29485.7571426404,-878.370646685744,0
3533,1257,6.69846323746592,2883.69376030059,22.0309174466077,16.335794255335,16.8514895683199,25.143681945337,30702.5734010325,25504.3495452412,896.245154382248,0
3534,1258,6.97780822068336,2567.59863430059,22.0309174466077,17.7108790722717,18.3145194335506,27.2724477273558,30694.7206881043,25499.0687609275,916.605492872847,0
3535,1259,6.41806810668679,2199.65430430059,22.0309174466077,19.7600189000562,20.5022932745167,30.446806500795,30682.9031745003,25516.426828766,1003.8061121974,0
3536,1260,6.82732638750134,2354.45303230059,22.0309174466077,18.8264377418333,19.504485046872,29.0002848921729,30696.3262056259,25503.7216208741,960.884825707785,0
3537,1261,6.48081022163798,2376.12661630059,22.0309174466077,18.7046556345279,19.3744535076445,28.8116272597674,30688.6539330376,25481.3595080982,942.097766272244,0
3538,1262,6.84041290063766,2215.64518030059,22.0309174466077,19.6580348427617,20.3932098323517,30.2887659807557,30698.4602507165,25506.3703300643,938.807572338666,0
3539,1263,6.69396204622171,2605.63753630059,22.0309174466077,17.5293784081084,18.1211654579256,26.9913994368321,30682.2298207041,25482.5320406595,996.867244020593,0
3540,1264,6.84909562703064,2469.23833276156,22.0278022896212,18.2032647017552,18.8393815562495,28.0349802502598,30686.288565811,25492.5306418679,960.486310019282,0
3540,1265,6.74731153799846,1970.17226517254,22.1359800501241,21.4136118532973,22.2753535144822,33.0105174550301,30677.3575981974,25493.3927332259,956.088412662521,0
3541,1266,6.88587441471359,2354.39691301155,22.0132475008683,18.8236048522593,19.5012194230475,28.9958300047728,30696.1850027553,25474.4527646164,950.282709588206,0
3542,1267,6.85230992769299,2422.77089409545,22.0186956176409,18.4472339574468,19.0995325143744,28.4128279029569,30721.4517869343,25329.6409173738,1046.74698538582,0
3543,1268,7.26286510248506,2374.39733838441,22.0432662340758,18.7164779940995,19.3872421886236,28.8299873424656,30704.9290098114,25172.2983237696,1107.09754282726,0
3544,1269,7.43900991504776,2419.29199014013,22.0382621077793,18.469344437402,19.1233866554665,28.4471478753903,30632.0749175953,25270.8114786163,1164.92195837137,0
3545,1270,7.46645189527275,2798.71186614013,22.0382621077793,16.6787793735224,17.2160886318023,25.6745678795849,30642.450693199,25239.1918363607,1176.15146115792,0
3546,1271,7.3668982205502,2517.52795014013,22.0382621077793,17.9586170718389,18.5786471224583,27.656120556954,30678.0172832732,25264.4462665735,1171.1523067338,0
3547,1272,7.60358413116941,1717.74186414013,22.0382621077793,23.6481286832913,24.6749630919038,36.4759135324327,30685.8445181958,25267.9966863018,1119.25265822298,0
3553,1273,7.89866302028092,1546.40905673563,22.1130766340728,25.5889909635775,26.7681237463976,39.4883768374989,29882.8328908318,23808.2467388521,-1460.15168827116,0
3554,1274,8.18319532368374,1812.65934473563,22.1130766340728,22.7493335040919,23.7094435806433,35.0819278577577,29895.1625237431,23806.5919407709,-1431.4226413559,0
3556,1275,8.23163643358651,2248.84022273563,22.1130766340728,19.4660107480029,20.1890347209349,29.991529280744,29847.2824458964,23837.5770728706,-1507.94571519802,0
3557,1276,8.0376805112217,1930.56452273563,22.1130766340728,21.7266224901884,22.6108722380405,33.4957774632899,29906.9409753792,23848.7783103286,-1458.20067858366,0
3560,1277,8.57845636947203,1731.15369774169,22.0955202391577,23.5273796411969,24.5460122411675,36.2888480976289,29911.2383757201,23815.4464903876,-1463.81425769032,0
3561,1278,8.2470073331586,1717.83543838032,22.1019632774666,23.6634133941337,24.6925386878985,36.4999385784729,29858.7520088094,23825.675134941,-1466.58770427196,0
3563,1279,8.31617658377235,1695.82367190047,22.0934371911578,23.8876678998559,24.933813229785,36.8478493347111,29971.1842649842,23812.2037064913,-1447.01555825353,0
3566,1280,8.45410209125592,1978.92384990047,22.0934371911578,21.3356905602674,22.1910958271195,32.8895140782802,29948.2385149982,23818.6791254229,-1526.15110181297,0
3568,1281,8.46895620390238,4803.60136511356,21.2323990130876,11.5345706185946,11.7757258007722,17.7198299684219,35336.0011605394,16308.9281298452,-1508.32160820143,0
3568,1282,9.70376949447123,2349.72995801327,22.0411696008425,18.8550812918491,19.535213025763,29.0446974930211,29524.0660197892,22795.0543116109,-1190.78493944064,0
3568,1283,5.18239585418986,3448.6127311551,20.7765204249506,14.3074502093482,14.6894430677586,22.0025020387203,36235.0033464212,16053.8329217354,497.890426673117,0
3569,1284,8.53123152254365,6304.11293671449,21.1810905865731,9.68891790502395,9.84671602007792,14.8720849251767,35348.0940434751,16291.1520348724,-1476.50732161453,0
3569,1285,4.90095579893715,5133.5281170707,21.385295818989,11.0607447329803,11.280515019837,16.9887483051379,34488.145636519,16653.8402678883,363.548041326787,0
3569,1286,9.73528750264493,2476.9212595277,22.0402085941313,18.165567489106,18.7993381697784,27.9766391185729,29543.6070009196,22735.959880853,-1210.23655164732,0
3570,1287,8.51662133349217,6397.76538895496,21.1786103437366,9.5990647932352,9.75312138458415,14.7335331992539,35345.5616807385,16316.6077690384,-1487.64081627801,0
3571,1288,8.33784526120698,6419.69720019312,21.190847223533,9.5791050268885,9.73240764366188,14.7027769957101,35335.6904110508,16298.1250939893,-1504.77199117521,0
3571,1289,4.76536286650696,4119.32726888099,20.7586982326522,12.7099619266466,13.0058890728414,19.5338503022791,36210.4050640944,16082.639345172,518.939879130572,0
3571,1290,4.89423921344393,4220.53967598459,21.3208974916495,12.561525102849,12.8545669379832,19.305876371383,34519.5741971881,16675.1730979492,301.77384555102,0
3572,1291,8.26722200854173,6543.00232360727,21.2097754658405,9.46614991484383,9.6149239265411,14.5286507803491,35327.5876053774,16327.7842682691,-1498.45549413951,0
3572,1292,4.87375528578772,4819.11819843912,20.8476710358124,11.4792126645228,11.714856185439,17.6335835907229,36173.2286904091,16085.7115428324,452.158259083675,0
3573,1293,8.73296889207294,6258.69071560727,21.2097754658405,9.73499759214617,9.89488642439006,14.9431864831395,35351.3963248129,16309.3179709791,-1468.79517244682,0
3573,1294,4.16705194480756,4385.70971288099,20.7586982326522,12.197718167014,12.4677001571028,18.7427153886742,36224.7499088334,16173.4989780586,567.695571064842,0
3573,1295,5.27859940531285,3984.55311198459,21.3208974916495,13.0485102173163,13.3669876315263,20.0582112725407,34467.762357221,16707.2641735298,330.128846074663,0
3688,1296,11.1718380416157,3928.62671317935,20.8366993413543,13.1221623072504,13.4402451072707,20.1708245234061,35365.5838332324,27459.7169368095,-940.52939311219,0
3688,1297,4.87149829767533,2571.23609938969,20.194200738409,17.392126844805,17.951441220161,26.7723944273257,36461.4432974768,27632.518497991,725.367174866836,0
3689,1298,11.5601170294554,4048.35741380903,20.7922456765958,12.8597721578034,13.1637317458302,19.7653470891965,35434.2388726162,27486.9052881895,-900.760057559253,0
3692,1299,9.94321579986202,4643.90905964893,20.7261157500728,11.7482287671795,11.9958666335996,18.0486164838501,35788.7565852854,25400.3123738003,-1166.95747880373,0
3692,1300,4.86669985948134,3274.39845955785,20.2655715582136,14.7517989852164,15.1535255705361,22.6880071306045,36782.1477121507,25337.6081836693,555.377097957583,0
3694,1301,6.80764979988029,2297.53350104144,20.8853089556538,18.9442349917114,19.6142051072007,29.1783464749401,25987.0173402738,21913.5501349661,1188.37558715492,0
3703,1302,6.1665154465932,1951.4094429822,21.9594721486652,21.5238899556518,22.3908643944177,33.1807377132212,29705.644074328,32451.1411645668,806.699530210976,0
3704,1303,6.62375018754679,3173.0154549822,21.9594721486652,15.2877491028477,15.7386830149905,23.5218282878714,29706.1584515058,32417.2363238274,839.612577902886,0
3704,1304,6.68474596210132,2934.10750671049,21.8151127509949,16.1113986069627,16.6107304877089,24.795741115652,29701.517909263,32419.2763915779,840.430822184669,0
3705,1305,6.23033021130303,4067.4472629822,21.9594721486652,12.9337127038891,13.2515762062332,19.8823479254851,29724.1511070775,32424.9262644045,816.023605898288,0
3706,1306,6.1812174098401,3665.8472049822,21.9594721486652,13.8634309235291,14.2320091055849,21.3192433965296,29738.1065975096,32432.0490907191,830.078916034677,0
3707,1307,6.23152332201325,4218.8760129822,21.9594721486652,12.624274797682,12.9258240427137,19.404261013458,29727.6659952988,32432.2803705174,835.591845777325,0
3708,1308,6.30671108815246,4664.8804869822,21.9594721486652,11.8171242397952,12.0775092670479,18.157580075692,29736.2463008067,32445.7881725021,872.214396229459,0
3709,1309,6.29605888758486,4594.0668969822,21.9594721486652,11.9360091994789,12.2023281554382,18.3411679808673,29725.9515931118,32434.9284989144,855.332693517936,0
3710,1310,7.68158683839448,2359.18327079562,21.7634690482611,18.7520025311972,19.4213621486383,28.8839700795175,30408.746996792,33923.2301318866,1015.75908637283,0
3749,1311,8.66291606732884,2367.64341468357,21.3537186237578,18.6314145530433,19.2870382510935,28.6956288418669,33722.4203149212,32145.5250252156,-1326.85927663258,0
3755,1312,6.2680737315718,1675.66286833697,21.3065332131441,23.8923477668624,24.9245912464032,36.8511735794269,24043.943877995,25242.5021794512,931.183645492136,0
3765,1313,5.91673457902576,5130.32718099995,22.026010338478,11.1131236293487,11.3397712185099,17.0708132325088,32203.8034095441,28010.1884325816,393.15825883491,0
3766,1314,5.89714157761195,5042.57559699995,22.026010338478,11.2380628405029,11.4706654720421,17.2636734327166,32206.8358325747,28017.4642915081,406.672694426364,0
3767,1315,5.8117167470096,4985.35204899995,22.026010338478,11.3216126806406,11.5582268744412,17.3926516850108,32194.800747045,28019.6691763252,396.0146592115,0
3768,1316,5.60616741705935,4826.10406899995,22.026010338478,11.5632588711891,11.8116061704136,17.765723545085,32169.3185957315,27996.9226125893,394.298011774025,0
3769,1317,5.78160510691575,4985.68243899995,22.026010338478,11.3211254599315,11.557716192618,17.391899530073,32192.3632522748,28013.7477949858,378.980299737923,0
3770,1318,5.89637712524211,5446.55036517708,22.1164537596933,10.698602856958,10.9064589732981,16.4312117745314,32185.2348845149,28000.2910355747,403.652425731625,0
3771,1319,5.82837036852227,4729.73622117708,22.1164537596933,11.7237801947388,11.9806914765714,18.0137610540502,32187.8162703136,28011.5813271429,408.520013461807,0
3772,1320,5.97361571354009,3985.13340833945,22.4227004130145,13.1562028672397,13.489933130162,20.2272398416109,30713.8479090546,28788.7896988686,303.660061093365,0
3773,1321,5.95548536672145,3916.52241833945,22.4227004130145,13.3096220426834,13.6517101873452,20.4643488267373,30712.9001183796,28784.7798203671,351.792915255071,0
3773,1322,6.06818759832485,2096.16357289619,21.7706155385438,20.4015434276228,21.1850117105766,31.4399967703839,31335.0517126899,23451.4021166277,398.301794056673,0
3774,1323,5.94268042084741,4281.59470141774,22.3988977487667,12.5416965110219,12.8424636138739,19.2776618193338,30723.4791130627,28787.0693914733,336.335586644288,0
3774,1324,6.02551242871381,2347.19389489619,21.7706155385438,18.8210138983558,19.4951333392748,28.9909018199056,31341.8703814205,23447.8053396217,403.20236134041,0
3775,1325,5.92088002551916,4086.37826341774,22.3988977487667,12.9359401784255,13.2575953197947,19.886803189164,30727.7060683472,28801.3283493553,359.021054341037,0
3775,1326,5.85199807578678,2466.20919210013,21.7824051302102,18.1774103408344,18.8085904023841,27.994050841987,31383.793074252,23490.9730390631,380.634315302853,0
3776,1327,6.01246856726417,4093.28106833945,22.4227004130145,12.9236942890993,13.2448905612846,19.8679346295741,30707.2098016852,28794.4532799395,356.735046987385,0
3776,1328,5.86406683516595,2495.21743410013,21.7824051302102,18.0285785952297,18.6499156637158,27.7635554213346,31353.8314951645,23461.4879283978,467.465499994412,0
3777,1329,6.1840989455481,3211.40567844738,22.4661129993734,15.2262042061804,15.6787163955673,23.4280699626576,29421.0415605129,27861.5106697847,480.304513758385,0
3777,1330,6.04988484116843,2128.59466410013,21.7824051302102,20.180469341688,20.9485304106674,31.0974021342507,31387.1616276163,23506.1386077371,398.334456901367,0
3778,1331,6.17332821261141,3158.23491444738,22.4661129993734,15.4012512338273,15.8643037514955,23.6988799000597,29450.5457787085,27904.6882517598,503.68521862405,0
3778,1332,7.09889869106819,2938.48001475807,21.8361857724268,16.0978143683991,16.5965473557604,24.7747857189293,31404.2415040075,24095.4549313737,1157.03727428075,0
3779,1333,6.04445360628633,3714.65460723493,22.4573131599756,13.7938521844211,14.1630792793456,21.2129339031051,29452.0285072559,27886.653417404,476.480061231627,0
3779,1334,7.74171219125079,1874.37494154252,21.8543944991063,22.1393154881826,23.049711731673,34.1346020244907,31387.6542359772,24090.817132722,1115.22026894948,0
3780,1335,5.81818840686112,3423.74636235377,22.7727353584101,14.6116791287627,15.0307819096302,22.4783464659063,29089.628646224,28809.5825153279,428.651486569126,0
3781,1336,5.54428110216202,1609.46474235377,22.7727353584101,25.0171588459442,26.1634077338217,38.6041316687757,29113.5021995949,28818.276342226,431.316076256073,0
3784,1337,8.01104581821088,3690.79738003671,22.6743749740193,13.8768804146238,14.2527414924947,21.3418355265438,26299.0351208169,28940.5580251635,-1487.7685683336,0
3785,1338,8.49387028500685,3261.09214603671,22.6743749740193,15.0927664042506,15.5394004178571,23.2222265704943,26285.3297425459,28903.0259318457,-1464.24762981255,0
3786,1339,8.37482595280693,3374.70930090523,22.6464244250747,14.7409940899296,15.1664716554502,22.6780168951302,26265.4436955952,28928.6574851456,-1486.55212777052,0
3788,1340,8.34635413111308,2811.65161603671,22.6743749740193,16.7178080109462,17.264967160041,25.7370135019865,26298.0052114126,28938.6489121855,-1510.00637172634,0
3788,1341,6.02867539441939,2298.02213740464,21.9368862661751,19.1361388513388,19.8339933340119,29.4797328446258,30705.9041318334,23415.9532830627,542.04626318685,0
3788,1342,7.37061719987838,1973.80319559992,21.5949212449233,21.2668957738012,22.1094186578178,32.7806739608644,28174.8933726062,21975.3124670644,1199.94731102078,0
3789,1343,6.03009343394589,2735.59065340464,21.9368862661751,16.9299425805212,17.4819802647214,26.0630254024548,30726.4305763514,23400.240151477,578.840595383165,0
3789,1344,8.05568254223961,1679.86622559992,21.5949212449233,23.924465385199,24.9644456639987,36.9024640592325,28236.1109090705,21960.6847789632,1202.85741259644,0
3790,1345,6.10643118420395,2770.96050495241,22.0513955373513,16.7965052291245,17.3414234189568,25.8568409675493,30699.4492795779,23403.6362844628,569.704605041762,0
3790,1346,8.61291149792271,1671.74609686742,21.7001239608638,24.0380293864231,25.0886169709866,37.0791973430704,28257.5662618584,21912.10181185,1180.10815308434,0
3791,1347,5.93252206878516,1366.55634216515,22.0428699964839,28.0665324202776,29.4441240631028,43.3349897569095,30721.6215632752,23406.3900119294,619.666714734836,0
3791,1348,7.80418347635465,1338.34196276445,21.680067516086,28.3923254640008,29.7889513446043,43.838860209119,28176.6744980628,21976.2087439756,1197.29980646415,0
3791,1349,9.83771930213404,2970.24069969709,23.0307152226765,16.141839619762,16.6565119889847,24.8465561499508,27851.7864129978,29605.112304976,-1109.1033207628,0
3792,1350,9.3219761146433,5306.24242137176,23.031866467352,10.945039515685,11.1703608146834,16.8132010159693,27922.9592945025,29568.1550369911,-1120.46410435623,0
3792,1351,8.60314223965315,1177.85709886742,21.7001239608638,31.3214579406586,32.9640196598736,48.3897992176083,28233.9434746861,21962.3563204697,1168.71892210185,0
3793,1352,9.13594862480053,4641.99369552406,23.0296984105406,11.9434822736762,12.2181101292576,18.354899739269,27960.5705167812,29507.8657037432,-1145.68786189896,0
3793,1353,7.32766852880394,2109.38681800957,21.8380039377437,20.3233343994215,21.1022930454504,31.3190568984506,30357.055031634,22006.3940402444,1161.350954137,0
3793,1354,4.28502869858647,2947.66675148046,22.9373360980907,16.2146651523073,16.7328964995562,24.9589946046567,28848.8331352526,29482.4545248686,546.464840829614,0
3794,1355,8.96346774279107,3918.83862975638,23.0284515866003,13.3645153528877,13.7147950717441,20.5506207051346,28121.1321016764,29371.9583514081,-1274.43616157911,0
3795,1356,9.14416498062252,3769.61247975638,23.0284515866003,13.7176315583193,14.0876468496059,21.0964975359934,28130.3506921644,29364.9455105715,-1334.07811743795,0
3796,1357,8.93706583954772,3812.82749175638,23.0284515866003,13.612832438424,13.9769531718919,20.9344799808297,28131.0850938119,29361.21463972,-1317.74934342286,0
3814,1358,8.61228302409367,2378.21408031611,22.6837124490325,18.8074847990922,19.4930026384984,28.9733357177985,28703.9401076974,25681.2733416072,-1333.15449097931,0
3815,1359,8.83036803609941,2256.60853431611,22.6837124490325,19.524318626895,20.2593714858808,30.08408252532,28755.1064981836,25663.007480879,-1338.12264029669,0
3816,1360,9.16838656008448,2401.58366631611,22.6837124490325,18.6773795552527,19.3540174728724,28.7717659426559,28724.1461782323,25672.4367587539,-1332.05892256288,0
3822,1361,9.08134458198288,2155.26567795145,21.8700370525397,20.0186575591901,20.7766627447319,30.8469818443137,28871.7283272373,21731.6903872504,-1298.99380647032,0
3823,1362,8.58203355086762,1626.20062938235,21.8334627334354,24.5708445967057,25.6649541962812,37.9066649903758,28912.6422577611,21716.0180837323,-1207.56773981182,0
3824,1363,9.01181272674171,1626.37683738235,21.8334627334354,24.5688693135967,25.6628258026602,37.9035996259104,28931.6963333764,21735.2342112524,-1235.04855667172,0
3825,1364,8.91467406106972,1818.02506338235,21.8334627334354,22.6331992983935,23.5798898864674,34.9004861585524,28927.9230023288,21722.7847831772,-1221.0067240163,0
3827,1365,8.1769587352359,2321.89236795145,21.8700370525397,18.9841289273617,19.6706844001324,29.2439719804692,28882.9804697882,21756.8100155695,-1243.24759210683,0
3828,1366,7.93055377005455,2830.81086814209,22.3494678134032,16.5923689711295,17.1278281030862,25.5418087133488,28899.0696956394,24067.2770841413,1260.37315283985,0
3845,1367,7.32723680473846,3499.6520411644,22.9215446249777,14.412457018841,14.8213310923763,22.1706225694957,27586.410159904,29094.3596659785,1162.65635730254,0
3856,1368,5.77762608903196,1066.20752892716,22.3789734114716,34.1434541461115,36.0473411202002,52.7811240480517,29596.5977764431,27199.0992428633,702.616659260521,0
3857,1369,6.21377746128846,1121.69102292716,22.3789734114716,32.8126024958037,34.5998596654984,50.7120061875107,29567.8502137254,27240.5330189537,613.954160194049,0
3873,1370,6.8186525930656,971.145622970776,21.9416072537229,36.5479040755491,38.6544549263127,56.5171853552436,27595.5813000187,25841.5653074589,1166.43663262212,0
3928,1371,7.4351761714825,4891.84290700831,21.5664183892771,11.4256368797819,11.6639901512672,17.5523370382524,31980.0346732386,29596.094375528,1248.15888390459,0
3930,1372,6.07723663095081,2261.24763316513,21.7464538175019,19.3212767855048,20.0291359782745,29.7658389665048,31232.4962694529,30879.7431411975,576.188184865224,0
3931,1373,5.81434257697133,5208.17225116513,21.7464538175019,10.984888478724,11.2035916838302,16.8723586023379,31237.2840278108,30851.3285914533,521.126412700567,0
3932,1374,5.94173558990529,5111.41203316513,21.7464538175019,11.1188065329855,11.3438044285293,17.0790546380275,31219.7946422254,30862.6293846453,521.443266759007,0
3933,1375,6.0242927480486,5257.95101116513,21.7464538175019,10.9176777956637,11.1332448768049,16.7686284822026,31221.2523549166,30863.102775031,499.210063640082,0
3934,1376,6.02085036321451,4602.45725116513,21.7464538175019,11.9038167674285,12.1669150897818,18.2910091375564,31220.2847444236,30853.4332044433,522.657818009143,0
3935,1377,5.94713829228501,5178.39309916513,21.7464538175019,11.0256362916145,11.2462483519867,16.9352491102282,31225.3127097202,30858.1417294736,547.304161368198,0
3936,1378,5.82800607526532,5065.79618716513,21.7464538175019,11.1834923224801,11.4115524789428,17.1788999877487,31230.0354900635,30872.6201281388,514.909967037524,0
3937,1379,5.99462464253428,4899.11865977171,21.7733176912262,11.4309207124479,11.6710163084,17.5609052323404,31209.1561282251,30852.4288122353,512.924280280223,0
3938,1380,6.09967022608231,5155.50808516513,21.7464538175019,11.0572306154682,11.279326623451,16.9840131149889,31234.2240716105,30873.4191831815,519.24722136124,0
3939,1381,5.96965211864928,4236.93578116513,21.7464538175019,12.5690068770406,12.8659393147455,19.3184009835761,31268.0891783209,30852.0333735837,442.135154722365,0
4026,1382,7.71761594117908,1671.73317226657,21.6464892833988,24.0239745292249,25.0725062964851,37.0571193904741,27891.8561975925,27770.7927598598,-1434.93464518752,0
4053,1383,6.02340674348158,1910.58946520053,21.3263988309818,21.7129422785775,22.5833734697041,33.4710299485657,31641.0115799542,25867.2873144815,333.663772381189,0
4054,1384,5.99110950425073,3028.94403194708,21.3310252832261,15.6973269075178,16.1660039046935,24.1535673398887,31633.436724101,25907.8191270904,277.02792185865,0
4055,1385,5.7586284729357,3000.79480394708,21.3310252832261,15.7980316094317,16.2727804443356,24.3093667130874,31652.9469271856,25931.7734030213,288.30944217843,0
4056,1386,5.73149403528304,2943.54922994708,21.3310252832261,16.0081816317385,16.495681867748,24.6345101474919,31655.7015597361,25929.2267664597,269.865015040962,0
4057,1387,5.87654571139449,2534.93054285851,21.3359330932771,17.7560619910575,18.3537334113741,27.339955390664,31636.4514598692,26072.6691139965,313.724810378995,0
4058,1388,5.89448482821386,2227.88810285851,21.3359330932771,19.4481801309039,20.1588346486364,29.9608321070236,31607.5262736165,26072.0649026465,286.321014093953,0
4059,1389,6.04156217125619,2118.72724685851,21.3359330932771,20.157374858936,20.9170923734224,31.0597574533871,31615.2664974892,26108.0680528201,266.773078436102,0
4065,1390,6.18941593232583,2799.71435939932,21.2436833572633,16.5573702446403,17.077655107102,25.4840641176036,32268.0656156148,24983.3196792837,505.864213019902,0
4118,1391,6.65272999318919,1756.16344324818,21.2326687623988,23.0642480213763,24.0326828144145,35.5661898688013,32690.9901022715,25486.6752372723,912.251883322472,0
4163,1392,8.63815369122483,1536.51724651459,22.0653705141072,25.6983791589015,26.8852587420772,39.6579304993713,28071.5437449126,30952.9668251376,-1510.27820734073,0
4165,1393,8.16619234135019,2712.63285981142,21.0183967443836,16.8886222585747,17.4268499285798,25.995981598635,24134.092841434,23425.4563186416,-1523.84838700339,0
4166,1394,8.12083755069265,2807.08034781142,21.0183967443836,16.4939097106548,17.0075546753125,25.3851099267943,24087.9844687769,23427.1660820629,-1493.41236785796,0
4167,1395,7.93496173466492,3064.00107680634,21.037042583611,15.5347337388544,15.9904068087781,23.9011388986696,24080.9568853564,23437.8860520754,-1509.94306648417,0
4168,1396,8.03836161527797,3028.35354381142,21.0183967443836,15.6568419468918,16.1195880594766,24.0899718384479,24115.9963213653,23416.067420516,-1462.58302129642,0
4169,1397,8.05371002712423,3192.68952981142,21.0183967443836,15.103235176663,15.533275182511,23.2336761214027,24111.3738741835,23405.0267830596,-1471.61929766015,0
4170,1398,8.31817055603685,2633.90450722992,21.0180776906624,17.2371441922709,17.7973735468993,26.5354482637256,24098.1187653621,23424.8484243704,-1479.76788569932,0
4171,1399,8.23062781904063,3067.83873322992,21.0180776906624,15.5189172551677,15.9734387624083,23.8766147982453,24118.9776729691,23400.8831488586,-1419.43683800338,0
4172,1400,8.14688499505187,2908.12820722992,21.0180776906624,16.0973379531578,16.5866526818614,24.7714620262645,24112.2793261781,23425.0417810784,-1527.21025284634,0
4174,1401,8.69953320187379,3007.29024736832,21.0366146430402,15.7342347957619,16.2018210998912,24.2097535988639,24152.2625942031,23492.8963485246,-1399.0457461785,0
4175,1402,10.3766669834552,3956.82769777631,20.9148797976139,13.0680831955207,13.3840149834988,20.0874645822529,24332.2687371632,22485.4888064711,-1044.18119162166,0
4176,1403,10.5383648838874,3003.62097659581,20.7704341892378,15.71061301029,16.1737592294089,24.1723775705461,25662.3802577181,20612.0732139961,-1080.96878867922,0
4177,1404,10.6896951876454,3224.5777728408,20.7541937260825,14.96799486035,15.3873449592049,23.0237476819933,25632.4841128139,20574.6866127163,-1005.46708504862,0
4178,1405,10.7386961811653,3296.40971052489,20.7261748224995,14.7430758713857,15.1492036281201,22.6758699119579,25694.6694215227,20559.5268442086,-1000.32979256635,0
4179,1406,10.7336688055316,3181.41196452489,20.7261748224995,15.101720956958,15.5285155049754,23.2304641836914,25668.7494812956,20509.0626851006,-1025.21446602526,0
4180,1407,10.6767247082491,3277.07921219816,20.7610383548966,14.8061624667609,15.2162700172991,22.7735194638857,25668.2336117111,20560.362722618,-1031.10210769373,0
4181,1408,10.9225691395668,3353.81779619816,20.7610383548966,14.576570396017,14.9735800294091,22.4185237914299,25567.6589756187,20549.1648350652,-950.388097585358,0
4182,1409,7.08587949849425,2441.20753142194,20.9494549450397,18.1641014379859,18.7832466515568,27.9703670405409,34432.8188847557,28672.8369747229,1217.09214433156,0
4194,1410,7.93369850221419,3397.44754692376,21.1157282326116,14.4928182062858,14.8887052143287,22.2900336795621,35565.5125111819,19064.2457640972,1254.39455556571,0
4201,1411,6.39220224055373,6618.2990212584,21.2856878004409,9.40261559960471,9.54922383303389,14.4308149386675,34106.2785262898,19645.0468694778,763.143129814185,0
4202,1412,6.30703902577438,4994.42149310154,21.2873379509195,11.251277419693,11.4793128111573,17.282635331852,34112.814233369,19637.1691646711,777.056762475179,0
4270,1413,5.75315438749761,4357.1154838413,21.5642993838181,12.3230637826157,12.6058718331738,18.9380942888895,31016.9724733765,24209.460272311,409.998584568723,0
4271,1414,5.84749979849053,4653.2770798413,21.5642993838181,11.8034614490223,12.0602064671575,18.1356641877397,31003.5891143819,24186.1064971063,370.986757721915,0
4272,1415,5.81332332016648,4482.15708584131,21.5642993838181,12.0962973695673,12.3676259116956,18.5878665854711,31018.6161560028,24200.5507365265,386.699777231489,0
4273,1416,5.70144019739299,2913.90588584131,21.5642993838181,16.1529499922825,16.6519838477696,24.8592526243384,31036.9293683094,24220.9075984873,405.05937585159,0
4290,1417,9.12786348433088,2537.6084230128,21.007596488097,17.6883743399581,18.2773638449204,27.2339694088385,35408.6370134679,16056.0345107429,-1119.23318770885,0
4291,1418,9.54889523945582,7416.4555270128,21.007596488097,8.74277046971402,8.86201215128053,13.4133741225386,35396.2983066922,16035.8340101837,-1162.07956484593,0
4291,1419,4.71917824034481,5044.73491373415,20.5895964049524,11.1246720386674,11.3417811993413,17.0858503644331,36379.2657481652,16028.3777868911,683.619230680625,0
4292,1420,9.50878105266017,5402.3218464624,20.9744942144905,10.6740422299516,10.8732669366969,16.3912354365539,35399.6396210533,16006.6403604351,-1214.63082755938,0
4292,1421,6.53169902170449,3997.1232974619,21.2669812662928,13.0159193320503,13.3322023721792,20.0077264177821,34340.4372626978,16323.8975632001,475.913498794956,0
4293,1422,10.4393942040456,2956.2387468146,21.3540107556076,15.9641716688709,16.4492543600115,24.5664877497483,34315.5981937689,16910.6435859755,-988.70069067264,0
4294,1423,10.1469284339363,2998.8810828146,21.3540107556076,15.8080957670841,16.2837113583324,24.3250085015371,34334.2409374243,16866.4640028998,-1071.69481654696,0
4300,1424,8.84654797518461,1591.74972776267,21.7770673839869,24.9491498289218,26.0716193912383,38.4934762455291,30256.1668607313,29873.4721800936,-1251.34258645019,0
4301,1425,9.56631026596303,1949.27575976267,21.7770673839869,21.5005799993471,22.3629369925233,33.1437893583734,30261.2080163137,29891.0155793225,-1358.46264111955,0
4302,1426,9.10757895439388,2502.22698070076,21.7592271694423,17.9892135099478,18.6076535152284,27.7025099163591,30323.4297069867,29868.3741324787,-1338.07788249685,0
4317,1427,6.5678533970588,3296.06408801864,21.4731892131316,14.8367530419298,15.2560603923005,22.8228733593345,27413.0466847489,23839.0043063462,985.091334054384,0
4318,1428,6.39713983846093,3422.69623049835,21.4603377373051,14.4614670282802,14.8590320493225,22.2425140637304,27380.3421825814,23844.065267992,909.861146026551,0
4319,1429,6.5462662621397,3430.90726001864,21.4731892131316,14.43960388927,14.8360494434739,22.2087444683728,27389.3481743465,23826.3507748284,948.14117544394,0
4320,1430,6.53942257001349,3565.9932005851,21.4312413515078,14.0640869338981,14.4389047598291,21.6280625913777,27372.5191950349,23847.2004489615,927.107213275479,0
4320,1431,5.97873378778381,1606.6122225958,21.4293914399299,24.6810078220364,25.7760613195049,38.0755250594311,32127.5993935822,26251.7973661087,462.383739094791,0
4321,1432,6.46164747520822,3085.72600455735,21.4408179115462,15.5138224883503,15.9727038724476,23.8700186796273,27452.6710319671,23810.558216562,933.359718181504,0
4321,1433,6.40920020050401,1894.4479905958,21.4293914399299,21.8706646270907,22.7542901011168,33.7160574592503,32131.3199271337,26239.0283021579,381.038767331179,0
4322,1434,6.84264623884948,2852.18340612396,21.4474401551704,16.3762304642292,16.8876898466755,25.204401998302,27740.6334767053,23429.6592468616,1060.37383076069,0
4322,1435,5.95997377855222,2034.31547119724,21.4135865685432,20.7701606373072,21.5742547783949,32.0098410273847,32151.9366936885,26239.0686018958,512.199139348285,0
4322,1436,11.8065129453734,3424.71467807162,21.6614044986402,14.4794007603835,14.8799898075549,22.2707948041771,31740.0916146354,19084.1791511925,-971.141618643786,0
4323,1437,8.14462837414628,4092.93145298389,21.6663013505081,12.8520511766083,13.1631185595179,19.7554921657269,33184.2759700176,19897.2616926824,-1515.81751469986,0
4323,1438,6.0163333535315,1941.70530133011,21.4572041042314,21.4898549307008,22.346260346863,33.1257340622747,31721.3276328513,25992.6302196918,517.001167555221,0
4324,1439,6.08360616138468,2019.28312052382,21.4691563596406,20.8932094809494,21.7069372939709,32.2008194421369,31689.5927724681,25992.3222163485,507.557786951891,0
4325,1440,6.25082337988938,1930.97557739012,21.415453077634,21.5668173463132,22.428114202051,33.2448714566621,32292.3689676075,26951.9160606062,422.908415712466,0
4326,1441,5.97135632258061,1729.56083198112,21.4016304587917,23.3669325003572,24.3611098050341,36.0365403461691,32368.4660795307,27375.8697753022,742.598062658038,0
4327,1442,5.90388581004478,4375.75278328951,21.6734070307364,12.2983002454387,12.5807164466213,18.9000863883825,33069.3059452533,18865.8364557265,593.13716646808,0
4328,1443,6.13374672916979,6069.99270328951,21.6734070307364,9.95430726958256,10.1262322019449,15.2821612509848,33073.4374962447,18880.2873638043,595.784359073306,0
4329,1444,6.22839337667054,5554.47417328951,21.6734070307364,10.5342495112091,10.7317561988794,16.1768139533086,33078.2984940183,18872.9906854415,563.34293707183,0
4338,1445,9.516578795433,2157.51129143846,20.9761218014686,19.8259657407826,20.5572327325118,30.5447040415932,23412.2300949352,23579.310743663,-1215.34780875327,0
4339,1446,8.09010902947685,2157.98399009083,20.9488853759778,19.817415108765,20.5476808189894,30.5313416189755,23316.4635246867,23613.4875185574,-1304.75005038782,0
4353,1447,8.90301930260818,2538.95033865354,21.5042199832027,17.7642348133034,18.364624511943,27.3532124344723,31302.9167575986,17553.8306078854,-1313.28737730687,0
4354,1448,9.00111080246563,2875.25432632298,21.529354083281,16.297267582007,16.8047967492412,25.0824681577493,31323.5103812827,17589.2465469571,-1316.10663599192,0
4354,1449,5.87565891620583,1905.89712660119,21.9128475201719,21.8854725732124,22.7781419920327,33.7412145342495,30838.6439259971,32212.0223482956,901.527167945272,0
4377,1450,7.16368540450888,2175.41883445772,21.6323082598634,19.8392236852901,20.5812037323802,30.5679466386604,30457.0193143819,24537.2812027403,1043.73897678087,0
4377,1451,6.67939771473764,1567.07820697555,21.606464558332,25.1924450825156,26.3306612943528,38.8701774154936,31096.0207361436,23854.2021752111,171.319476043931,0
4378,1452,7.25297878480901,2120.61814645771,21.6323082598634,20.204559198107,20.9720627539867,31.134117488467,30477.5643657489,24536.5268195602,1042.89337391261,0
4379,1453,7.21709371195103,2768.35875445771,21.6323082598634,16.7450461931853,17.2817283592999,25.7758153303508,30460.9961471704,24540.8408293127,1132.51422421138,0
4379,1454,5.24463066888447,2239.97803089925,21.5904498399095,19.422021964569,20.1345663081751,29.9213181777957,29845.9706825009,25038.0487460804,55.1836315746552,0
4380,1455,7.40161247217509,2589.16525266035,21.5140400666637,17.5242508113598,18.1091928724997,26.9816664576375,30486.8203792216,24517.6958170788,1053.06247310744,0
4381,1456,7.1388511325656,2686.63030266035,21.5140400666637,17.0788266325809,17.6352011778901,26.2920843115946,30445.9526713104,24526.8705780507,1041.56611169339,0
4382,1457,7.23209938077366,2876.29618866035,21.5140400666637,16.290999938743,16.7979639447234,25.0727199654778,30446.5349057557,24539.7116630134,1084.3523675167,0
4383,1458,7.29252919903856,2733.69986466035,21.5140400666637,16.8740718343075,17.417465496617,25.9751353620403,30463.805491046,24514.7908381086,1064.4923303013,0
4384,1459,7.26334629458706,3183.36065466035,21.5140400666637,15.1970042394326,15.6378431606634,23.380163546809,30481.6352174741,24558.0896617018,1067.00067079493,0
4385,1460,7.08084069378263,2402.07640866035,21.5140400666637,18.471014763504,19.1181251921673,28.4477949580162,30470.4052107205,24533.884296663,1110.15869437395,0
4386,1461,7.39093709134619,2295.31638666035,21.5140400666637,19.0741713620648,19.7618715211575,29.3820955334916,30483.1211182534,24515.9219749578,1070.22602572291,0
4387,1462,7.3197812317503,2269.52394066035,21.5140400666637,19.227671655017,19.9258196129171,29.6199028649199,30444.9048341847,24513.1600821934,1061.78207028334,0
4388,1463,7.53050395809498,2289.80988666035,21.5140400666637,19.1066762885679,19.7965849138865,29.4324520672045,30483.5427200391,24528.726009197,1055.85854728844,0
4389,1464,7.11380707552495,2601.27955266035,21.5140400666637,17.4672364405026,18.0484970224333,26.8933929898734,30464.3675500012,24557.7882654287,1088.78356653823,0
4390,1465,7.30390473647287,2686.03120307811,21.4525088182369,17.0719335958415,17.6271105527411,26.2812047870613,30458.7918560037,24518.9579985236,1069.18006021243,0
4398,1466,9.14267728886063,4066.63672826692,21.5611821448781,12.8968475188568,13.209384036252,19.8244569502427,31175.4672867286,34772.9060470673,-1246.03594807088,0
4399,1467,9.13536520263949,7507.48400215383,21.5193615711705,8.70211131915059,8.82235248567245,13.3514246759096,31215.2864174676,34784.6651611964,-1217.48191346696,0
4399,1468,5.36877623436724,4421.50164339959,21.9200963805182,12.2362777803593,12.5174765633737,18.8048270838895,30298.3445851581,35060.0253132833,358.027398355025,0
4400,1469,8.91110451198643,8004.75370020136,21.4998967998141,8.36218582302514,8.46963032207506,12.8276399434457,31222.1781167589,34791.0275501174,-1229.52643014314,0
4401,1470,9.01290344878063,7532.32196938563,21.5406886418182,8.68531243285626,8.80501876800382,13.3255666592766,31197.0922540398,34779.5848500935,-1210.55432847835,0
4402,1471,8.87281037990085,7396.70788738563,21.5406886418182,8.78400551329809,8.90748482330209,13.4776567843894,31194.6633701401,34777.4223111419,-1203.18930271967,0
4403,1472,9.13126252725256,6897.81898738563,21.5406886418182,9.17558049882929,9.31441466714024,14.0811961216447,31192.8263023577,34802.4004663896,-1222.46554867259,0
4405,1473,8.23210625902143,3717.75853271645,21.1930672961778,13.6508700500672,14.0005879874254,20.988723539984,34663.1640352703,28243.3668965313,-1464.71395483004,0
4405,1474,7.26611326065472,2483.24170130722,21.4865373583767,18.0396374504129,18.6578196403925,27.7796118567373,34574.8279208164,28300.5588991784,-1333.27153024067,0
4408,1475,8.08900985915827,3636.13100013814,21.2011669364216,13.8559570023631,14.2170072588751,21.305728834702,34658.2577997942,28242.9071727418,-1484.38863862759,0
4409,1476,8.23064987482527,3693.92640071645,21.1930672961778,13.7096538428735,14.0625856954296,21.0795769125926,34643.5270778194,28224.1972369076,-1458.52762233975,0
4466,1477,9.41839019594658,3795.22235978579,21.4700733076955,13.4935546686242,13.8372511103958,20.7462959887479,23442.2800255749,27955.1829534612,-1255.87617106638,0
4467,1478,9.04617371077635,3833.37139178579,21.4700733076955,13.4038414404214,13.7426697756883,20.6076496661977,23422.963159401,27952.3582111378,-1233.22740089163,0
4468,1479,9.21979408966184,3220.65212378579,21.4700733076955,15.0714392591864,15.5044195154864,23.1858234816942,23454.8382024596,27952.6729978389,-1294.12658983299,0
4469,1480,9.93327263139541,4449.81780158358,21.545158249538,12.152183654322,12.4261758867336,18.6741340969811,23639.14642545,28486.1861827104,-1010.65019136347,0
4470,1481,7.1009494511386,2604.76143015485,21.3369300360994,17.422478519237,17.9986077552602,26.8234784706267,32132.9615415211,27139.6273780964,961.368854808245,0
4471,1482,6.65854624085654,2872.84964363674,21.3147767962952,16.2757963464087,16.7795009695328,25.048553298737,32176.5108505632,27107.6083610975,964.297400043981,0
4471,1483,6.89108686978907,2762.366994803,21.1099379252208,16.6915817104486,17.2186085838131,25.69132940226,32509.0488598464,26403.7619214056,-186.987218381804,0
4472,1484,6.75773960599653,2457.50536163674,21.3147767962952,18.1426119356118,18.7652815673457,27.9384484593266,32227.1875674265,27143.3045247574,919.235693331068,0
4473,1485,6.69159484125523,2940.84671799285,21.317090743317,16.0163287051219,16.5041659370727,24.6470719228604,32228.9323387561,27102.5436771138,998.913310865929,0
4474,1486,6.35135186240646,3096.30341363674,21.3147767962952,15.4609057817535,15.9152500162965,23.7877806205173,32229.9022002349,27104.4921991849,978.768152452682,0
4475,1487,7.03085057396329,2733.82918713647,21.3054542392778,16.8417709577139,17.3805886497844,25.9244390485251,32185.1508540651,27083.2099185436,1042.57457622314,0
4476,1488,6.74590225079955,2869.54574363674,21.3147767962952,16.2887026585578,16.7932021135734,25.0685251174074,32199.495880466,27142.6127174623,937.187158424314,0
4480,1489,8.58873155407523,4969.54171148599,21.1775423840168,11.2791131794941,11.5076778189379,17.3253830728475,33679.1305049629,15815.8799604842,-1411.62880659046,0
4481,1490,8.71866837785529,5242.86234548599,21.1775423840168,10.8962128683311,11.1069241140842,16.7344345660404,33644.0866792316,15828.8669667774,-1377.04299243308,0
4482,1491,8.65658667280087,5245.79180348599,21.1775423840168,10.8922984360314,11.1028297364259,16.7283939388943,33646.9029227155,15824.668280824,-1413.40857406612,0
4482,1492,7.22168303186298,4080.97087846467,22.0562025796356,12.9145418454874,13.2321981672404,19.8529503639485,27818.1722341169,30452.1999355963,1094.74244808444,0
4483,1493,7.40562808497241,5663.49492646467,22.0562025796356,10.4295305739564,10.6247334803348,16.015909205073,27823.6157410541,30426.0433741572,1151.87747102553,0
4483,1494,8.86333821127077,5056.52238548599,21.1775423840168,11.1533321757161,11.3759774645199,17.1312442258265,33657.6124498801,15802.6274149824,-1437.64310745247,0
4484,1495,7.38113706770955,5615.65445446467,22.0562025796356,10.4864055565414,10.684179443594,16.1036649253971,27828.2119632236,30408.4641451968,1168.86776794657,0
4484,1496,8.79003401693343,5192.46380563683,21.2037163907273,10.9661107417474,11.1802248963856,16.8423511805178,33649.7012305586,15817.614918357,-1427.70201161988,0
4485,1497,8.94200996586522,5182.95162548599,21.1775423840168,10.9771150906563,11.1915571279467,16.8592835145884,33653.1971029799,15821.1184162953,-1369.24223360526,0
4485,1498,7.30574213491077,2912.18321446467,22.0562025796356,16.2287711839076,16.7380924731531,24.9781293582205,27833.4576866747,30403.4719552324,1179.89874697057,0
4486,1499,8.55168782601582,5101.47745148599,21.1775423840168,11.0897982442375,11.3094737878876,17.0331872280368,33667.1966096184,15814.0716477011,-1416.144908994,0
4487,1500,8.8015836079078,5444.62050548599,21.1775423840168,10.6352434807228,10.8340737476602,16.3317466509441,33657.6235642654,15810.3851260556,-1400.53270550015,0
4488,1501,8.75696024190998,5289.00681548599,21.1775423840168,10.834993779751,11.0428968231606,16.6399648709132,33645.7428927609,15802.8479420385,-1403.1854847075,0
4489,1502,8.79494515245229,2636.177798393,21.2073826882744,17.2569899849122,17.8208839500891,26.5668312464785,33589.5633579407,15857.4754882254,-1408.66489679404,0
4490,1503,7.86324511158881,6069.54360127156,21.2034090327658,9.92548014730844,10.0933696969161,15.2369256219743,34234.2018932828,16058.2453311392,1172.09552691113,0
4491,1504,7.59261406189771,7956.20265727156,21.2034090327658,8.37997760517524,8.48669055233411,12.8546663638553,34223.7451984699,16065.6602110186,1176.99975806622,0
4491,1505,6.21544620106029,2337.44873072769,20.5885180945939,18.6609268858253,19.3077581321595,28.7383751606874,34681.4322461025,14849.9770809442,-552.518185609318,0
4492,1506,7.58920381080083,7733.45371927156,21.2034090327658,8.52834954997387,8.64052236429004,13.0832551627189,34226.3668913468,16071.3194056948,1173.002807591,0
4493,1507,7.6460159394507,7675.92180727156,21.2034090327658,8.56786714432486,8.68150951523518,13.1441420652418,34210.3263754236,16080.6044833317,1181.17022651628,0
4494,1508,7.73301658631493,7862.06353327156,21.2034090327658,8.44180488516359,8.55078186902324,12.9499173150344,34226.7189335938,16075.7332143187,1178.69817042562,0
4494,1509,5.97062196394875,2496.89494472769,20.5885180945939,17.8179792719638,18.4097405342305,27.4330908963521,34737.6680843108,14829.6082394678,-460.143372535264,0
4495,1510,7.76534730025941,7584.42580327156,21.2034090327658,8.63177086353934,8.74780322772355,13.2426057374698,34223.9209146606,16068.1195102427,1171.37393544385,0
4496,1511,7.71124112475396,6121.98205073639,21.1867042925685,9.87050525119167,10.0359617273217,15.1521156883683,34220.2613410228,16068.0610313375,1155.04445943444,0
4498,1512,7.89438020978595,4209.53964136707,21.3019102233924,12.5813646677799,12.8752707933351,19.3364787380143,32691.8439819178,16815.2345138357,1171.74852573944,0
4499,1513,7.49135302199535,4595.06071936706,21.3019102233924,11.8786274090161,12.1370817013942,18.251174951679,32654.4803791249,16822.3022846717,1204.00574822863,0
4500,1514,7.5512518962969,5110.94368193285,21.325912086217,11.0877806388179,11.3084010682501,17.0303606278256,32664.4340289772,16829.6274800741,1190.27292765812,0
4501,1515,7.75194326603252,5221.05165593285,21.325912086217,10.936450016127,11.1500331822196,16.7968099321386,32678.2438731771,16833.1302863481,1224.82476431162,0
4501,1516,4.90791679802781,3719.33250866141,21.3155408085336,13.6602377620971,14.0116082616699,21.0035163691967,33403.8395017831,16402.742688859,321.277027124682,0
4502,1517,7.82335560244342,5105.85567593285,21.325912086217,11.0949114634488,11.3158654128725,17.0413662563151,32671.6012659563,16835.0999126052,1179.01730105371,0
4503,1518,7.52215053161659,4752.95510393285,21.325912086217,11.6219637107556,11.8680390355308,17.8549411736482,32656.8795073579,16837.2777763942,1201.10495584509,0
4509,1519,6.35732370210834,2077.11844183101,21.3473959940649,20.4480905255189,21.2283729431318,31.5103580754867,33246.4997675909,19708.961409944,812.636412430605,0
4515,1520,7.7066790268981,4388.43251423024,21.8207306097756,12.2880361098817,12.5710961927725,18.88455527673,25424.7023465254,28702.376165652,1258.25070992096,0
4522,1521,5.85718850800187,2814.96848935765,21.4233053352214,16.5218575161588,17.0420747708285,25.4296939202968,32066.0009719025,26603.64083529,383.598665964073,0
4523,1522,5.89788278594658,4421.67708535766,21.4233053352214,12.1920700184115,12.4671114629281,18.7354684550338,32072.9693143907,26577.3395451814,358.408145615326,0
4524,1523,5.88190235754624,1798.49182520973,21.225774447672,22.6645285047358,23.6030832702364,34.9461900521496,33428.1688677911,27625.7647243184,620.277691470753,0
4543,1524,5.96326272384653,2053.34688574004,21.6613876496983,20.6836318879764,21.485432013259,31.8767786297223,30194.6098255288,28533.4905192195,435.359435995443,0
4544,1525,5.98425092568521,2296.61317159071,21.4486171648171,19.0544279728104,19.739863769985,29.3512548953354,30646.5157002031,26438.8294817791,443.616549108928,0
4561,1526,8.08388305434501,1424.51489394387,21.4053626981796,26.9945085581737,28.2716185660485,41.6665258446975,30590.0012683761,21306.2887111845,1227.07815926902,0
4563,1527,6.82219218979061,1720.20172074429,21.4189615879525,23.464699513562,24.4665658733896,36.1882909094264,30760.1654678722,21356.9068345403,982.483429143285,0
4564,1528,7.22822439269595,2344.87689575302,21.4306951791275,18.7728491235682,19.4390218866137,28.9149975731509,30770.5706571121,21393.4533726005,972.454029954503,0
4565,1529,7.2548016467704,1860.26084375302,21.4306951791275,22.162309033651,23.0673159238173,34.1683065439866,30721.7610274977,21401.492399655,911.687233015693,0
4566,1530,6.88322254915139,1784.18725074429,21.4189615879525,22.8448094389986,23.8001434740444,35.2267325674844,30758.4658891643,21368.9997455575,999.177479034446,0
4567,1531,7.06747850159506,1818.37160274429,21.4189615879525,22.5302928324245,23.4622494748452,34.7389268424742,30774.49510265,21365.0440081089,978.317091722128,0
4570,1532,6.77818658164757,1694.67820125809,21.4968305278666,23.7444779812006,24.7689565698477,36.6227216684957,30219.0471485239,22787.3663385398,858.46999566593,0
4571,1533,6.98262426750329,1625.56061325809,21.4968305278666,24.4860470409361,25.5673164185491,37.7733400492487,30193.760911657,22773.1507046919,876.47129825344,0
4571,1534,6.67816772506734,1594.84040080337,21.5009118785922,24.8360394813426,25.9444658105099,38.3164871034453,31188.8217116275,22334.1800871883,946.484281644945,0
4572,1535,6.96508127892343,1626.16143778987,21.5032910042344,24.4811164911219,25.5621268751344,37.7657225518451,30204.7632269575,22812.8305018047,912.788685775818,0
4573,1536,6.76552015911498,1685.91185325809,21.4968305278666,23.8353873479876,24.866784317958,36.7637644021716,30221.2426496611,22780.9919813996,869.218938494694,0
4574,1537,6.4621445704468,1640.5630493833,21.5091934001907,24.3234792123467,25.3924604786531,37.5211442059144,30267.4176714543,22819.0137901072,912.533402613141,0
4575,1538,7.19335181683654,1482.45769125809,21.4968305278666,26.2260908879307,27.4436502304233,40.4740431016461,30205.4197379599,22782.9618866961,895.518108471696,0
4576,1539,6.52068588171519,1607.1055553833,21.5091934001907,24.6975524085107,25.7953995172299,38.1016173454046,30204.2154644993,22801.5003077858,877.646433067647,0
4577,1540,6.48404859069564,1577.30164725809,21.4968305278666,25.0397591211629,26.1639489848421,38.6326242776163,30222.769454301,22760.468960041,878.004396554912,0
4579,1541,7.74715601533162,2031.75915284276,21.138687085642,20.7302850464762,21.5272193284202,31.9468391516015,27067.9763174487,21714.4793505466,1238.38449542187,0
4580,1542,7.72475422808096,2223.18793723227,21.1577075483669,19.4430333042842,20.1507307984896,29.952140379499,27120.955912105,21647.5452033809,1195.76850912934,0
4581,1543,7.22842536182553,1831.27451295208,21.1398604616168,22.3473956185789,23.2610439564501,34.4539589424261,27046.1869751923,21690.4482577966,1150.63587048083,0
4582,1544,7.31908104386042,2225.03812123227,21.1577075483669,19.4315514808116,20.1384646230256,29.9343515989689,27096.7774237704,21627.1984698913,1234.01445882771,0
4583,1545,7.7233558663982,1783.21858723227,21.1577075483669,22.7892335895824,23.7358467763883,35.1392698504969,27102.655928401,21662.2635855667,1114.93178258358,0
4584,1546,7.31661041836309,2105.96556523227,21.1577075483669,20.2081541415159,20.9686946933725,31.1377008231432,27082.0779530142,21597.6992534447,1219.18260048941,0
4585,1547,7.38818126361487,2055.43792123227,21.1577075483669,20.5626443297864,21.3480433504528,31.6870900401344,27081.0910778443,21631.818651559,1188.34902566527,0
4586,1548,7.65813920654238,1516.87538895208,21.1398604616168,25.6733507022235,26.8400719409354,39.6140539001022,27057.8486027448,21649.7443120385,1175.24839407352,0
4587,1549,7.6959045621418,2035.74187095209,21.1398604616168,20.7014058357465,21.4963164721681,31.902082507914,27067.4335401084,21640.1428512306,1164.91616878212,0
4588,1550,7.35585159789203,1678.19861923227,21.1577075483669,23.8262454102407,24.8507163224442,36.7478611934333,27075.6122720127,21630.3196413399,1227.42839715719,0
4590,1551,7.46780841143802,1651.04511993828,21.1313488000172,24.107188896217,25.1525401600745,37.1835972267061,27068.8448459308,21639.750988325,1185.50119363255,0
4596,1552,7.98786778363505,3233.39613914074,21.4262667166522,15.0255068365746,15.4553340071786,23.1146559955848,32207.6836223257,24306.5251331533,1252.53414937376,0
4600,1553,6.70582342998939,3570.52137583841,21.4165502249413,14.0504440760159,14.4243574342315,21.6069331648283,31968.9778130892,24266.6558084698,927.034482078014,0
4601,1554,11.1950140258172,2744.96486983841,21.4165502249413,16.8112585174286,17.3495089851337,25.8775840725498,32083.8343989848,24417.7268859101,-978.101646716883,0
4602,1555,5.93019098825745,4599.01834982987,21.9479789772207,11.9266246453075,12.1923868075242,18.3266514923333,28976.3644252109,31582.3368807784,557.420567682887,0
4603,1556,6.07006178038999,4654.54589582987,21.9479789772207,11.833321520036,12.0944265310595,18.1825682675815,28971.0364757208,31581.3076110596,530.216097107618,0
4604,1557,5.99764101509446,3007.70592782987,21.9479789772207,15.857142287312,16.3423531453458,24.4027166788752,28966.7560551188,31569.2464003297,579.13663752947,0
4605,1558,7.91252045483993,2645.22909777173,21.475975082882,17.2583829003917,17.8257438488723,26.5699179876903,31160.9121304084,25375.1285183361,1214.51865571923,0
4606,1559,7.68186964126848,2172.06875332545,21.4761158650575,19.830313822002,20.5693679454393,30.5535041222241,31119.0814113776,25422.7681279643,1229.83861466834,0
4607,1560,7.26718934362396,2254.04952532545,21.4761158650575,19.3141430004955,20.0176531289995,29.7537227442569,31116.5672806452,25419.6378655468,1220.40376356672,0
4608,1561,7.79873014443723,2425.85232532545,21.4761158650575,18.336718355603,18.9743827749849,28.2396549312717,31142.6538704773,25402.5185911642,1252.04428478775,0
4612,1562,7.98213311477509,3669.60783530777,20.877222075583,13.7355740313804,14.0869360823064,21.1188140231351,34095.0038156287,30904.0287284582,1269.33544536016,0
4630,1563,6.92226281974602,6161.21331699719,21.0820549748859,9.82422922128815,9.98711032169037,15.0805794886784,34590.0255479984,19868.1539589365,974.090351697584,0
4631,1564,6.77860657965851,5933.35434699719,21.0820549748859,10.0616219225843,10.2345942548865,15.4466908908334,34601.4857873154,19864.8926179186,973.28794664306,0
4632,1565,6.67696911431494,4581.22225899719,21.0820549748859,11.883211277183,12.1401929330228,18.2577835450701,34599.0165753273,19869.3704146767,970.023542199456,0
4652,1566,6.4334022940683,3214.6589089937,21.6696463491287,15.1157870757675,15.5534727001459,23.2549935101792,26593.0125759916,26268.7776618737,899.891650243716,0
4653,1567,6.32489962891087,2873.5642729937,21.6696463491287,16.3239965537502,16.8348065045025,25.1242800804242,26595.2170517251,26270.4986792155,853.345844054243,0
4653,1568,8.66841614020751,1905.07935428621,21.1453469541398,21.7168386872195,22.5845404992699,33.4762407784198,23972.276281395,24733.1085445596,-1230.99362267394,0
4654,1569,6.47491003639844,3714.7812649937,21.6696463491287,13.7095536025967,14.0669110603171,21.0806440874269,26585.6038751886,26227.6897811916,894.236781847789,0
4655,1570,6.43854610286887,4070.7875029937,21.6696463491287,12.8986546274223,13.2122089011034,19.8275035374521,26576.9600871267,26296.534854736,859.514686036549,0
4655,1571,8.61350107692054,4031.50098791991,21.7000776753684,12.9848535382328,13.3032329484305,19.9607597109771,27700.8475673861,25903.8734461883,1074.2840984783,0
4656,1572,6.59741119241595,3620.2016209937,21.6696463491287,13.9487447827062,14.3193835744266,21.450382177164,26584.9875395967,26265.1845178674,843.986466855365,0
4657,1573,6.30231615964045,3457.74788837248,21.6795780606386,14.3879192963703,14.783455312675,22.1293917448977,26612.9703686956,26271.6626945326,880.460590232428,0
4658,1574,6.58268276989827,2719.7567149937,21.6696463491287,16.9578011405862,17.508386407113,26.1052623913648,26576.1689504307,26287.4330535467,807.890644283454,0
4662,1575,7.20351723791493,2437.25731323163,21.7447876617611,18.322698165502,18.963031528126,28.2189324067714,25581.8435692769,27378.1226273943,1162.87591752062,0
4663,1576,7.55766539424709,1974.09458523163,21.7447876617611,21.2974532881218,22.1445733492593,32.828708761475,25534.4699646316,27386.9558254539,1053.77871946156,0
4688,1577,8.72550781094078,2647.18321895943,21.9431588112533,17.3228683421867,17.9001772233948,26.6713517484497,29903.526417495,32246.4891723337,-1069.16548518054,0
4704,1578,5.6625305179702,2107.57892866463,22.1130966844241,20.391502649577,21.1794031342976,31.4258510819269,28391.42149113,29685.9616501831,739.77914051079,0
4705,1579,6.49647792015251,2015.42214466463,22.1130966844241,21.0595176979156,21.8952321622896,32.4614104906533,28403.782749787,29704.2140491023,722.192902555033,0
4706,1580,6.46797923144811,2714.41725466463,22.1130966844241,17.0484500465504,17.6101724690133,26.2470664463565,28411.2160147022,29697.1877310892,710.468607979102,0
4708,1581,6.5260156983003,1851.65091754508,22.0903034596907,22.3924055564469,23.3254683402698,34.5282002026173,28036.7870470023,29055.2389622509,801.364531233684,0
4840,1582,10.0187295367637,2071.27268967027,21.7618290374535,20.5755867727353,21.3712524572996,31.7097275076081,31247.2834550182,17160.8608928802,-1169.12354348382,0
4841,1583,10.0316558095167,3749.08121367027,21.7618290374535,13.6352605623148,13.9893673119708,20.9660441520901,31240.9442125934,17150.1388861249,-1163.14740282198,0
4841,1584,4.87136149069007,2356.27199743267,21.7940417024961,18.7738591524115,19.445113003836,28.9179430111438,32285.9661445179,17136.6007907645,692.915788124706,0
4842,1585,10.1180733386557,3918.28494567027,21.7618290374535,13.2392774302289,13.5718068189568,20.3540516965867,31274.9540522253,17145.9585212082,-1164.24806129335,0
4842,1586,5.11546540370307,2491.74434062079,21.7832151709567,18.0463671164695,18.6688887119645,27.7911066931588,32237.875059976,17030.9071839106,425.495445249931,0
4843,1587,9.97238107861122,3858.68520135102,21.7411689668233,13.3731051946767,13.71269268373,20.5608181711294,31249.139383971,17110.4629508279,-1152.32651411386,0
4844,1588,10.1800403804724,3360.60865167027,21.7618290374535,14.6777888698759,15.0908114240132,22.5778502021763,31241.1908582341,17134.0222419618,-1110.13536687863,0
4866,1589,11.1814569827099,2763.18664964323,21.7888235280237,16.7901815734088,17.331581695125,25.8461937259045,31964.644953214,20447.6756330398,-934.789725588898,0
4867,1590,10.1037628748162,3166.02701474492,21.7797298503806,15.2877894134678,15.7368292629774,23.5213680950039,32057.0368051038,20500.7242159101,-1078.38971221276,0
4870,1591,11.861542506446,2674.83561675062,21.8263290631315,17.1796550907179,17.7463106817763,26.4492321867524,31148.9696516235,16758.1623268482,-973.918985681142,0
4871,1592,11.4492374644583,1811.55193755236,21.8751427097705,22.7023707434165,23.6549341436892,35.0079708445163,31123.2270955379,16761.1562044567,-963.350155105539,0
4872,1593,9.78077507903804,3215.12808256047,21.6388883779181,15.1104010756097,15.5474466241432,23.2465739708849,30472.5248139297,22323.3595178613,-1220.45963084757,0
4873,1594,9.354911813079,3228.90004965336,21.6276380127487,15.0650860684194,15.4993450805538,23.1764524594315,30465.6472592485,22353.6452570397,-1246.10852664652,0
4875,1595,6.57367214142186,3526.66408025994,21.6545247492342,14.1948191269484,14.5791421722247,21.8307655602767,32526.7842585815,30717.0603650631,922.994291622615,0
4876,1596,6.53304688437529,3938.19786425994,21.6545247492342,13.1838889603917,13.5124998520126,20.2682002650115,32594.3466067752,30698.5436018364,961.76733619508,0
4877,1597,6.37021814048636,3089.28722319517,21.6848807155631,15.5338826196397,15.9966250548637,23.9017841146363,32431.840980507,30618.8035466274,910.110749033403,0
4882,1598,11.258465513715,1872.14430137992,21.8063912744013,22.1473966565659,23.0575935815862,34.1469150168804,31176.5340810721,16746.8480870659,-984.874318899496,0
4883,1599,10.26342752329,1844.67449495627,21.8334309793283,22.3937988589777,23.3226783244269,34.5291786011958,31175.5098573506,16811.5944185613,-1042.72417332485,0
4884,1600,11.0224957590436,1733.04672695627,21.8334309793283,23.4421896297348,24.4497376140086,36.1554085814745,31166.1772341204,16724.5885458151,-1034.3206420714,0
4885,1601,11.6316332460706,2231.91698537992,21.8063912744013,19.5130314855097,20.2349431896804,30.0631871123888,31213.1682587285,16740.4025931047,-998.363191124923,0
4887,1602,11.1331187554456,2166.76407737992,21.8063912744013,19.9300685959841,20.6809399490088,30.709432677846,31149.1235364302,16767.011902752,-986.325883797564,0
4892,1603,11.3783716725459,2280.08099228435,21.791664716926,19.2161147461607,19.9174072692955,29.6030815076289,31154.9864995377,16747.3012580994,-926.310455978972,0
4894,1604,10.6087312292803,2058.31608554298,21.8570056267437,20.6885039233003,21.4936602739745,31.8851601872105,31180.8621390222,16731.1237403739,-1033.16782104333,0
4896,1605,10.0150971500737,2045.74991911056,21.8078495127656,20.7696470386619,21.5798369234322,32.0107350665007,31200.6919110066,16729.2086563232,-1004.63674942604,0
4963,1606,10.0214512166713,4158.8664215396,20.6603808785301,12.6208077961049,12.9113207733508,19.3959082544922,36468.8999917557,16883.6678290554,-904.714908444394,0
4964,1607,10.695545138821,4323.06962444664,20.6467866629376,12.3028362466178,12.5771520920472,18.9047916466242,36410.2999457168,16899.8580886058,-901.858078296052,0
4965,1608,9.98456724933939,4561.51313857783,20.594083012065,11.8744147110767,12.1271454917571,18.2431462618811,36536.8135825577,16939.2768471202,-1009.12134341792,0
4965,1609,4.92781303871501,3120.1279898255,19.9251412640933,15.1953705631712,15.618693700685,23.3728358997582,37585.7319142632,17102.5410404013,912.307490840938,0
4966,1610,11.5164708984538,4621.5005255396,20.6603808785301,11.7796131209293,12.0282600630767,18.0969278026867,36416.1758723984,16875.374622733,-917.876364026684,0
4966,1611,5.7369406971626,3708.94176366201,20.0827381399729,13.5508913296949,13.884677600027,20.8313139394831,37561.3593773327,17005.3282789825,661.04983713122,0
4967,1612,11.640011510672,4687.65604057783,20.594083012065,11.6657402936801,11.90838136785,17.9209903736012,36360.0837962558,16833.7786575866,-937.770518113768,0
4996,1613,8.29434544003553,6509.08884737532,21.9212130501191,9.53808352121332,9.6937839350809,14.6406598182354,28198.2716014398,30997.8744787418,-1495.92172329597,0
4996,1614,6.31347690330357,4240.69277950591,21.6828777444869,12.5557751775446,12.8515018659858,19.2978174835682,28275.6704405566,28689.1367790999,753.813927896322,0
4996,1615,5.12521057803853,5146.20215247425,21.9307595893172,11.0838546490839,11.3084658827679,17.0254553923402,27445.0218400072,31405.27638853,154.250230763972,0
4997,1616,7.00830265026571,7825.86677875265,21.9048635720989,8.49880921980524,8.61320776566579,13.0386625077509,27984.0687431548,30598.8396734736,1149.96637884754,0
4997,1617,10.3736093798607,6240.0906614392,21.8379024055813,9.79122771870218,9.95712863131356,15.0309085196138,28188.4006549142,29724.2744958996,-297.355987799384,0
4997,1618,6.07730755964418,5312.65414750591,21.6828777444869,10.8405178366497,11.0520796792073,16.6494310629599,28294.8975573243,28725.3775748073,837.383756985544,0
4998,1619,7.31717859973769,7963.15483675265,21.9048635720989,8.40772492798241,8.51871987403642,12.8983194714351,27962.1829614372,30597.7683255609,1083.01945404591,0
4998,1620,5.95817770592275,5749.03325950591,21.6828777444869,10.3053725139654,10.492697503687,15.8237115700338,28283.1782021877,28688.2266891413,807.205645677349,0
4999,1621,6.60693276790214,2765.94194950591,21.6828777444869,16.7627501675559,17.3011528411341,25.8033848405949,28298.4598660486,28683.7879576712,833.952848543226,0
5000,1622,6.4236483683512,3042.76943531103,21.6710439036455,15.694282075766,16.1665415275104,24.1498942928372,28303.765391588,28693.6301090497,778.730758259982,0
