frame,id,lobeDist,intensity[photon],offset[photon],UncertaintyX,UncertaintyY,UncertaintyZ,x[nm],y[nm],z[nm],Probe
1,1,6.8079641361289,6151.4005363117,24.4884117433401,10.0385370452718,10.2301657400957,15.4165230549242,34409.3738243452,19260.1387784879,-483.52863678011,0
1,2,6.52783428530119,2617.64705850227,24.5836594775744,17.8685870936853,18.5136165659346,27.5252173536543,28325.2810192536,18556.3157065308,677.447230295494,0
1,3,5.59394783382074,3294.7978559322,24.8677049918852,15.2473397723295,15.7247389041383,23.4672736059495,32725.2092868054,22467.6713757269,-70.9439524220723,0
1,4,5.73783443431,1748.23461754296,25.1184697132812,24.0951253556135,25.2082602372673,37.1838606411617,29047.7127315911,22664.9850751985,182.999615318545,0
1,5,11.7375363328571,5702.28655060755,24.624630871449,10.5501251970734,10.7663683966365,16.2062920827687,33078.2948828739,17801.987020263,-1314.41552420261,0
1,6,10.5978447693418,3830.427720603,26.1005646874109,13.874735733023,14.2795541765638,21.3465344170596,30996.5716960847,32712.1482754076,-928.847242781786,0
1,7,5.51323774829752,3514.35860637667,24.6981996537756,14.5674003449445,15.0017139421348,22.4147700667216,32165.3252968617,18157.1080068366,-58.1117861146599,0
2,8,5.36824545982804,3889.72507238706,24.5396299282267,13.5802446272251,13.9552603384542,20.8876088101552,34040.1326799959,18390.9908793519,-74.5674596115526,0
2,9,6.30362856455958,3125.06002050227,24.5836594775744,15.7808607198105,16.2889070590355,24.2922593755624,28314.3603931524,18599.14036507,670.400378971038,0
2,10,5.69053805688549,1546.80684754296,25.1184697132812,26.4267327369498,27.7282970634243,40.8043587354422,29058.4175830677,22672.9970692756,180.382961166998,0
3,11,5.41430726178951,3459.45266875526,24.5671753834441,14.7108653019776,15.1526421794111,22.6363965091013,34038.4372974781,18407.5502751998,-40.5883559146023,0
3,12,6.37317702774976,2663.4462770119,24.6287607710123,17.6571531463638,18.288375469785,27.1978183224836,28352.8104631857,18708.6727685918,529.031033327775,0
3,13,5.84772083388047,741.758539020551,25.1233971610104,47.4896651175816,50.7075788831222,73.5720582328787,29106.6801676899,22689.1892373691,205.767310786028,0
4,14,5.53103935067514,3370.42357675526,24.5671753834441,14.9764486766046,15.4343579393674,23.0473110287102,34010.2739415373,18398.6912270486,-58.0365877730176,0
4,15,6.29158953162147,2649.9002870119,24.6287607710123,17.7209938416412,18.356532497689,27.2967142860563,28355.5055719112,18711.4393696521,537.391338755339,0
4,16,5.24140021845828,3213.51457865127,25.0605751562001,15.5360107139442,16.0332764903122,23.914551454956,32446.079677113,23837.5816345412,-438.067331719209,0
5,17,5.3540816015148,3260.62396675526,24.5671753834441,15.3219851206971,15.8011586993248,23.5820057091426,34008.1886612296,18405.5578778064,-94.193950941887,0
5,18,5.21038906136985,3643.74843665127,25.0605751562001,14.2498540694892,14.6683428710499,21.924411879614,32430.8140701417,23834.6167144882,-449.140063916363,0
6,19,5.53156802052521,4145.32845360587,24.6953188373217,13.0247145056804,13.3695840169682,20.0290728297872,33088.5626502406,18991.7417975118,-132.473118903642,0
6,20,5.14110357584358,4212.43773065127,25.0605751562001,12.9175012274573,13.25918256991,19.8641066545983,32427.8121561496,23830.9815244824,-451.054851105486,0
7,21,5.31858263886781,3461.72951760587,24.6953188373217,14.7184222821527,15.1618186497143,22.6484084954174,33071.1554754434,18995.1713567498,-110.075126041523,0
7,22,5.53143377992114,6094.60348265127,25.0605751562001,10.132120552592,10.3311594049048,15.5617977094213,32422.9233600589,23848.4251486455,-423.885141369968,0
7,23,5.69027997881768,5448.41941902575,25.1805170869439,10.9036798620094,11.1403189700605,16.7530292238116,33230.3034988585,25234.3332063319,-390.709960467914,0
8,24,5.33291883896954,4701.34885265127,25.0605751562001,12.0051974593477,12.2973436562336,18.4541883709093,32440.2494425819,23839.1300935133,-427.462518513477,0
8,25,10.2412093680954,4413.12387502757,25.1509152012613,12.5288219626019,12.8497358619559,19.2635164551436,33045.3553435008,24886.529600179,-376.533941150636,0
9,26,5.28187933587588,4182.28413665127,25.0605751562001,12.9799629719712,13.3251293940696,19.96066367728,32421.8789782148,23819.2955426535,-420.195882049723,0
10,27,5.32307457991096,2417.96431598327,25.1079452066122,18.9946939531799,19.7240504026227,29.2719341711568,32413.8725027028,23862.5049227879,-449.266845805317,0
15,28,7.71792636173282,3154.051535547,26.5541256725122,15.9191088967826,16.455042707833,24.5115267875949,31649.9147557196,30236.6828173946,-1463.35735590451,0
17,29,6.14141998143844,932.659794732637,25.6559003932042,39.5914309731384,42.0706655476311,61.2787846779404,23679.4247894501,24593.2630638105,611.153005852602,0
19,30,10.7235742837909,3267.08773052197,26.2014341046986,15.4920372033922,15.9972199690754,23.849431406223,32682.531277712,30654.2735225535,-901.03440363049,0
20,31,10.1560905073435,3617.34247470827,23.1484610418892,14.117650023092,14.5115398624705,21.7152974009168,36787.3850464217,15280.0966187081,-1106.74325983771,0
20,32,8.52482741610004,1848.10763789771,25.2586178054281,23.1484384452891,24.1893146814533,35.7150396639535,22413.5902568621,22401.798272277,-1205.78920247447,0
21,33,9.39882879054602,2284.99334789771,25.2586178054281,19.8112933212094,20.6009500692364,30.5383397668422,22376.6693584499,22399.5106073816,-1250.50753963782,0
22,34,6.05943760414921,2197.57447550559,25.7367777028463,20.4673623868392,21.3111708535387,31.5573663693534,24396.9187348181,26393.9220699606,546.937558689636,0
22,35,9.45376571698423,1779.40854389771,25.2586178054281,23.8115153561818,24.9044191045584,36.7442197772173,22406.8854643446,22427.6917867275,-1129.29838187745,0
23,36,5.91086024955733,2296.99983950559,25.7367777028463,19.8194305051303,20.615723500025,30.5526231659745,24394.0792765962,26361.5555553804,580.818322119764,0
23,37,9.68297040070917,2429.02136189771,25.2586178054281,18.9572828582086,19.6858272634706,29.2144535794374,22324.4351123364,22524.5131583475,-1303.49041857505,0
24,38,6.64886971806019,4675.02707136062,25.4673015086503,12.0818151928302,12.3808054266564,18.5733379096637,22675.9120285387,22848.8187919822,967.556183198048,0
24,39,5.9588182063898,2832.67215950559,25.7367777028463,17.0594199641587,17.6625383393205,26.2752574319997,24374.9313459396,26371.6095988346,568.746285483554,0
24,40,6.39038545223778,4366.94874472764,25.6711287041502,12.6610584906818,12.9929917518627,19.4689398758645,33918.3143826528,29737.043514669,404.234170423754,0
25,41,6.8262029291417,7484.17905936062,25.4673015086503,8.9071986495016,9.05408050125053,13.6726811451609,22711.3024639372,22910.3336133137,957.529472790435,0
25,42,6.24456265043105,7930.00666072764,25.6711287041502,8.59704829489586,8.73197942894325,13.1947023670562,33906.3571431288,29755.376070897,410.597971604075,0
26,43,6.6618342017,8555.34749136062,25.4673015086503,8.18965424230739,8.30751465877056,12.5664778469235,22758.3000495263,22988.9251296304,900.805781564364,0
26,44,6.04106360498814,5575.87521631947,25.8176787495199,10.7814075657224,11.0157548384468,16.5652631175031,33666.8870684626,29341.7641346907,510.747452060801,0
27,45,6.31424704843555,5219.62335971319,25.5454136137151,11.2391897011794,11.4948091716543,17.2717567161781,22850.8842502,23108.6851057548,801.88764515257,0
27,46,5.55607598171868,1771.13921306031,25.6620855084503,23.9889012238432,25.102114981585,37.0213130169303,27640.4347179456,21429.1971596304,232.9689997467,0
27,47,6.07224540143083,5128.87957231947,25.8176787495199,11.3885936908279,11.6535223621754,17.5029845260532,33680.9814377242,29345.3655458502,513.693190225361,0
28,48,6.15262126522488,5313.91999831947,25.8176787495199,11.1263086072626,11.3778713150571,17.0978760753784,33666.2620460115,29343.0685330437,512.99133695885,0
28,49,5.7619491799339,2357.47133306031,25.6620855084503,19.4376077935056,20.2053479380863,29.9603822328713,27627.3025185604,21434.1678863599,205.323837281589,0
28,50,6.42157999192094,4754.28005771319,25.5454136137151,11.9537103246086,12.2464067440775,18.3755407943151,22834.7876636236,23107.2533601786,824.894351491944,0
29,51,5.76918755794757,3656.09301438309,25.6482355396531,14.277524712457,14.7026650871116,21.9685939397239,28396.9328397199,23684.8517442264,145.003863494052,0
29,52,6.0460174812035,4801.77144631947,25.8176787495199,11.8957376696758,12.1871639377482,18.2864650012484,33671.2115357572,29324.1104834595,524.063407017161,0
29,53,5.66626151439128,3304.65541106031,25.6620855084503,15.3077337938494,15.7963011557103,23.5627818458191,27636.7526201949,21437.9699829427,234.027853660925,0
29,54,6.53109907737566,5082.48948371319,25.5454136137151,11.437699731766,11.703449481482,17.5783662820746,22865.3375254724,23128.1780059323,801.175609674341,0
30,55,5.76172959362978,4056.88486603607,25.6030049316134,13.2983243291155,13.6656463132336,20.454015841747,28418.2461803701,23669.4454054415,130.841241018225,0
30,56,6.28278748712486,5059.50108659684,25.3661949920069,11.4591006098238,11.7248155775737,17.6111099704063,22842.8850036335,23120.212970852,838.567516826866,0
30,57,5.74900652167524,3845.47447912066,25.8427002601076,13.8128364037288,14.2119300349509,21.2502212993447,33475.457292161,29360.729183754,275.722720246123,0
30,58,5.71132434361317,3603.67044678252,25.6252971460265,14.4170397205409,14.8503907094716,22.1843809670862,27636.8627255887,21437.1790741839,249.219155462034,0
31,59,5.62056636504834,4616.85186403607,25.6030049316134,12.1935667217412,12.499478831848,18.7462799256091,28391.97558648,23664.3731330705,107.881808041192,0
31,60,5.74706623005321,4193.27456920694,25.9014246222281,13.0312127996555,13.3855723394572,20.0416348843036,33422.6863287899,29381.3320724364,243.792931424933,0
31,61,6.32005222473226,4656.42528659684,25.3661949920069,12.1059415697105,12.4055309267538,18.6104278854561,22849.7438683422,23114.0971542099,815.610499490028,0
31,62,5.92070641742931,3613.09757478252,25.6252971460265,14.391254019386,14.8230477419659,22.1444874303986,27637.2151060942,21455.7934373639,244.054342421788,0
32,63,5.97735412049179,3985.51329631918,25.5632208110592,13.4552522078482,13.8312835078109,20.696590860677,34058.3716633106,29048.1168212233,364.67147991402,0
32,64,5.93249193829793,4353.04646203607,25.6030049316134,12.6824076516538,13.0150324031636,19.5018048736137,28392.5597558833,23660.4328173505,87.2389397588529,0
32,65,6.491379600816,5045.51457659684,25.3661949920069,11.4800079195104,11.7467962241418,17.6434042031093,22850.3045782897,23119.6970400827,846.036191334552,0
32,66,7.63862066345655,4513.68223801907,23.5645680713646,12.210950917413,12.5033149552019,18.7691474240672,35092.2341562687,14093.2726876679,1138.2750982865,0
32,67,5.74872164063931,3456.27245478252,25.6252971460265,14.8366812462625,15.2956268700388,22.8336851558169,27623.4811731873,21447.6223363661,254.078792681941,0
33,68,5.55322469104923,4849.66668403607,25.6030049316134,11.801675531713,12.0867197811546,18.1407447489759,28417.8597630997,23686.2361095736,126.492316405623,0
33,69,6.14402268703085,4748.40085594962,25.4885670356704,11.9591721495649,12.2517777476609,18.3838748818407,23086.0537126665,23233.5940542701,626.990063375438,0
33,70,6.00374591935415,2822.69641857348,25.6346461149656,17.0879599692101,17.6919158457129,26.3191680750292,34032.3130326132,29069.3060582774,344.816919697697,0
33,71,5.90609680737602,4001.6220047237,25.6417207259648,13.4258429156867,13.8007908592325,20.6512820280304,27645.7079163933,21616.2810422311,250.097782746954,0
33,72,7.18489331793629,3677.93738158021,23.614983954353,14.0091522676375,14.4009568735993,21.5486694020282,35117.0870364373,14123.3790144805,1057.9999954437,0
34,73,5.64364778910609,3865.50564851549,24.836465327055,13.6667119029031,14.0491294473082,21.0219851651499,31633.3651021625,17567.7729433469,115.069623421407,0
34,74,5.60180497707462,2836.3364747237,25.6417207259648,17.0308851889207,17.6310922799484,26.2307835780036,27639.1719827502,21691.0131301937,254.177479726941,0
34,75,6.27952686453051,4724.10617794962,25.4885670356704,11.9999499064496,12.2947210408948,18.4468815021697,23130.0177715609,23246.6587092647,583.367953072374,0
35,76,6.15483711692807,4979.24730042913,24.7126245583915,11.5326317566776,11.7978965159818,17.7235224799595,31532.0356542219,16856.5520729747,422.556336927138,0
35,77,5.67638202929901,2636.2082387237,25.6417207259648,17.9375223411056,18.5993193600411,27.6353405968142,27651.6503142184,21685.9642859046,299.232923592532,0
35,78,6.19034224146018,4630.45162594962,25.4885670356704,12.1606964678392,12.4640561897305,18.6952688297284,23133.9539559208,23239.8728020146,613.226530307038,0
36,79,6.25402666048988,4533.90807961053,24.7120218787253,12.2694996563268,12.5732619953019,18.8618998334388,31511.8614827877,16855.4114068099,401.309974751449,0
36,80,5.76141626351103,2624.5785107237,25.6417207259648,17.9940995941435,18.6597991208418,27.7230060868878,27656.9321156557,21695.5217517569,248.117311407014,0
36,81,6.19001777763382,3678.81671518852,25.3431473525778,14.1860077180257,14.6030990196556,21.8263113171489,24377.4223221051,20835.4656625911,593.553799184072,0
37,82,6.17354346349097,4467.63385318852,25.3431473525778,12.4424214514664,12.7600007918561,19.1303632023933,24379.5727140053,20836.4948581132,650.430804956788,0
37,83,8.80948863055379,3513.51875633226,24.1530747333139,14.5102424864507,14.9362321658247,22.324997658104,32012.6796402926,14782.7715786106,-1478.09165523601,0
37,84,5.69238166197441,977.847841903408,25.3089555786677,37.9411401841677,40.2588311208626,58.7082068095562,30145.6798147692,23285.0920748009,-98.7465335875076,0
37,85,5.86430824342819,792.257596723704,25.6417207259648,45.2632744377997,48.2802313954964,70.1087855391141,27659.9886506823,21663.2350635777,267.135576014383,0
38,86,6.02086152407924,3808.59390718853,25.3431473525778,13.8548357838507,14.2523486938535,21.3140648131438,24385.9936753892,20840.5761212088,630.012859455481,0
38,87,8.4763779548762,7082.5230553176,26.3711488140034,9.26820033004606,9.4346865031274,14.2306031049793,28001.7548641521,30106.5937330357,-1299.57135074494,0
38,88,5.60871948035684,2666.40505390341,25.3089555786677,17.7438851887218,18.388676626638,27.3342979152242,30112.51222051,23250.6016120633,-95.5327512585368,0
39,89,8.57958614891379,12181.3215582051,26.3959958277436,6.6181743476379,6.68316529455663,10.1467552055798,28034.7698722503,30056.7834652121,-1393.09619841595,0
39,90,5.88839258634591,3422.52517634319,25.7222706157361,14.9480536189486,15.4147368837114,23.0062699347358,24796.905827284,22136.915332312,447.464126951034,0
39,91,5.67863183177844,1853.35931590341,25.3089555786677,23.1108498098194,24.1495555085644,35.6569125584622,30105.4867792999,23254.9459846717,-73.0812242999548,0
39,92,5.74048592604498,2799.18467298385,25.9905222806264,17.238430241886,17.8562783650893,26.5532867100209,28777.4988249063,28632.1063669135,-561.53355982766,0
40,93,8.59373455021156,12142.5140485152,26.2616394658037,6.62740245778141,6.69231281294393,10.1608559033852,28024.947082208,30057.7048371582,-1374.31128852577,0
40,94,5.76528597770505,2364.26355823701,25.5772912019481,19.3830287784619,20.1458034262127,29.8754817005367,24804.11774115,22127.517798684,428.47430810296,0
40,95,6.83781223938051,2834.55730940264,25.9149321357433,17.0756912781457,17.6817697929812,26.3009757467922,28717.0746127011,28595.3980220795,-618.469877912329,0
41,96,8.36960727361363,12448.7752275339,26.2840490123774,6.52886209997926,6.59069635727064,10.0091920283426,28036.6928408917,30056.8899729672,-1398.53090570054,0
41,97,8.25473295016812,9939.34261003115,26.0654665684399,7.48342625380296,7.57696118241373,11.4788916332593,28026.5463511328,30059.4304739028,-1392.74129387695,0
42,98,8.74186710900102,7053.46247553386,26.2840490123774,9.28830203770039,9.45527341621317,14.2615020657229,28033.5218659234,30089.190301772,-1358.82583946593,0
43,99,8.71116148795271,5080.99012353386,26.2840490123774,11.4920955718755,11.7652718903696,17.6636673528542,28044.8220362832,30090.4862164145,-1317.02027072675,0
44,100,8.72707545480536,5280.28137153386,26.2840490123774,11.2042729639023,11.4625944904904,17.219063998238,28038.6719661125,30087.3513786635,-1297.05611791547,0
45,101,8.53034241566957,5381.36903651523,26.2616394658037,11.0640300940044,11.3150840826391,17.0024206124961,28024.2407069641,30078.7944490668,-1378.32025354231,0
45,102,8.54381247448188,3564.55663033226,24.4110495325821,14.3960118296991,14.8175230427832,22.148936042059,34059.9722012266,16862.0862237513,-1369.7372901889,0
46,103,8.89003624552543,3612.80586042211,24.3799717215222,14.2613714517345,14.6746339545566,21.9405988621807,34069.5119262109,16838.0340120504,-1411.94038255562,0
47,104,8.74156813547136,3332.84311033226,24.4110495325821,15.0743169514229,15.5367492603096,23.1983425512,34049.6976029556,16889.3219591066,-1350.00110441373,0
48,105,8.97616263690505,3377.79817633226,24.4110495325821,14.9361616952379,15.3901606628196,22.9845753487166,34066.1714922562,16837.72098436,-1401.00805720504,0
49,106,7.3115269995402,5044.52352609408,25.9924422252608,11.5262410928528,11.7993768852898,17.7159147327186,31046.2432510749,32998.7434259806,1192.25005500254,0
49,107,8.59861171352212,3947.24864442211,24.3799717215222,13.4310119927134,13.7962238740683,20.6565093164829,34087.0352980449,16862.6634582783,-1381.08799367146,0
49,108,5.5045012756392,2135.82852643737,26.0517468281097,20.9569958149706,21.8413897801151,32.317929665762,29165.5630800494,28020.4991663574,-328.733835514616,0
49,109,5.83174641614985,835.336906310762,25.1559864975203,43.0564840405245,45.8499267763471,66.6691875206891,34810.2868569539,28762.2295938576,410.670986378552,0
50,110,7.2899043502579,5377.4173116034,25.9078909445248,11.0459725889133,11.2940247424864,16.9739552859434,31049.2968939248,33016.1263251183,1171.8083908927,0
50,111,5.71552569075539,3904.65934935552,25.10706420443,13.5998456133507,13.9805998606666,20.9191894353668,34743.3884700211,28731.1099001253,378.336619251323,0
50,112,8.60782864429525,3869.04644529628,24.3904346725367,13.614649702837,13.9904062093747,20.9404691443343,34058.5791244399,16831.6603622846,-1416.26112818367,0
50,113,5.00439081011003,1793.23778946729,25.9580603119851,23.8350910035664,24.9406166338278,36.783790348614,29190.4508265907,28013.6494725087,-286.72294714097,0
51,114,7.49394203804157,5550.8500356034,25.9078909445248,10.818892479406,11.0556118126499,16.6232876009642,31055.4650821754,33013.6453925353,1173.38895808796,0
51,115,5.98226659068083,3838.09677735552,25.10706420443,13.7592956259091,14.1492937833927,21.1657717453061,34725.9706455591,28731.7170622275,373.692585275521,0
51,116,8.81233239505932,4530.55330329628,24.3904346725367,12.2491764293288,12.5495570410903,18.8298626636465,34048.1739990984,16854.5393764478,-1388.57651996269,0
51,117,5.41218542293542,2239.66075746729,25.9580603119851,20.2259694594446,21.0548134790244,31.1837949654906,29170.7416880839,28038.7315749832,-316.036375635108,0
52,118,7.51917079337552,4793.7723636034,25.9078909445248,11.9157116120542,12.2087933475724,18.3174912916677,31049.4922636206,33018.674690534,1176.7229712847,0
52,119,5.82873655113277,3966.70659135552,25.10706420443,13.4555415175224,13.8279928661031,20.6960468562982,34740.2321240772,28717.0117812707,379.344422379104,0
52,120,8.79343049351165,3897.06351729628,24.3904346725367,13.548463978529,13.9204394657793,20.8381312304208,34050.860228782,16842.9839461906,-1419.89825933391,0
52,121,5.23158469755677,2707.6632504071,24.9906587996583,17.5055634376674,18.1306272598244,26.9641166968051,31866.2836221733,21535.6735160801,-266.042735243033,0
53,122,7.86451827458902,5067.96991106352,25.9684886937137,11.4893123149241,11.7603805415185,17.6588257749287,30887.5621823931,32880.6314757856,-1455.47974888872,0
53,123,5.95516093406122,3539.13787935552,25.10706420443,14.5415252981026,14.9779038050036,22.3757377447449,34709.3561903879,28707.039166715,362.101830745634,0
53,124,5.31234694195274,2722.7290344071,24.9906587996583,17.4370073101876,18.0574494120926,26.8579197410585,31900.2852482983,21541.1442421123,-317.13695360571,0
53,125,8.51753322784676,1823.82221529628,24.3904346725367,23.1793927794592,24.2093078015411,35.7593856869375,34057.725912002,16877.5007107147,-1336.83978721131,0
54,126,5.71951445735134,3857.61181335552,25.10706420443,13.7120360233127,14.0992867971681,21.0926848103093,34739.9483633713,28727.7072597802,378.745397757003,0
54,127,7.12635232331213,5340.73989506352,25.9684886937137,11.0997056669086,11.3508274311881,17.0570394853041,30903.1211160662,32948.3370735561,1268.59277199944,0
54,128,5.38012965319751,2854.1141244071,24.9906587996583,16.8672906772526,17.4497310674773,25.97551149925,31863.3661311281,21549.1015755926,-303.832163481066,0
55,129,6.30146801231729,4542.42955106352,25.9684886937137,12.3556661295623,12.6728887889629,18.9974883154349,30881.9494018613,32922.69790936,751.76177180175,0
55,130,5.87794651266979,4406.63543889256,25.1016197194567,12.5370098385647,12.8580144704517,19.2760727887103,34729.0025454924,28707.888088892,385.562793546774,0
55,131,5.51981146899773,2561.3445324071,24.9906587996583,18.2097152184424,18.88283848762,28.0550466816298,31882.6663121181,21537.8618887481,-240.455681032996,0
56,132,5.70251562613819,4083.87596250228,24.4806862155696,13.1363211367213,13.4857487874442,20.2011406735333,34522.4414619801,19299.3622862478,91.764067721437,0
56,133,5.7237750305086,3937.23580335552,25.10706420443,13.5235737119788,13.8999319713068,20.8012454163649,34714.6150230485,28714.4361416649,418.330331519139,0
56,134,6.05812517580868,2978.67860421739,25.6207367306736,16.451504353175,17.0131084259825,25.3334189443952,26960.2050690129,23907.2692188841,150.459726702412,0
57,135,5.82946440277055,4941.9708717705,26.2854500568263,11.7051032095008,11.9894609360374,17.9927544885694,30070.3406821316,31597.1660442597,72.3608728267856,0
57,136,5.82369815049435,4473.38374650228,24.4806862155696,12.3604322810503,12.6673966586984,19.0019528710793,34525.6766816783,19297.8329383435,62.8158546154456,0
57,137,6.0030364796261,3361.14577335552,25.10706420443,15.0664540226988,15.5348858390061,23.1879611932561,34732.4772551909,28713.8714443754,407.365134887558,0
57,138,5.84927213266993,3705.53660421739,25.6207367306736,14.1442254335803,14.5611545423001,21.7623197185813,26936.5360238128,23885.1237520238,134.265767839909,0
58,139,5.65581004265581,4059.8295717705,26.2854500568263,13.3537514510943,13.7294731696096,20.5411610119614,30087.6430525237,31607.9644820084,97.1963297227745,0
58,140,5.8118644973065,2715.25889889256,25.1016197194567,17.4869709431415,18.1120115216809,26.9356548281053,34729.4270785078,28685.4925707037,415.156819906602,0
58,141,5.82317010722875,2533.01972156951,24.4402672986076,18.2680422622018,18.9386801544579,28.1436303280027,34562.1696448581,19208.7944121975,95.6999900203271,0
58,142,5.82006545185001,4128.81024621739,25.6207367306736,13.1430735319853,13.5016769543169,20.2140048964981,26942.73736852,23896.3563258492,109.90313207242,0
58,143,6.58629210686993,1810.64755594819,24.715272901911,23.3794429463614,24.4299784792253,36.0712485599351,30058.8153205264,17359.3729869006,788.581585897486,0
59,144,5.89352186798119,3902.08230735552,25.10706420443,13.6059280220644,13.9870335543057,20.9285952424744,34732.9779727718,28710.2408327961,379.368241371863,0
59,145,5.88767620093565,2827.4308197705,26.2854500568263,17.1565443020561,17.7719380184434,26.4272857241702,30088.1775860204,31596.3028573821,73.2649002647928,0
59,146,6.85467190239672,2020.40115394819,24.715272901911,21.5618673101032,22.4732881216482,33.2511204015392,30048.4711723971,17355.0718128624,793.168754093041,0
59,147,6.5440487355755,4166.32052421739,25.6207367306736,13.0631895990411,13.4172645492244,20.0904961043027,27009.4977402406,23958.9436381306,68.2330885734902,0
60,148,5.89150250285539,4072.43025893221,25.0644300048522,13.2148492761235,13.5732555845178,20.3238015166089,34750.7451386312,28733.8869584026,367.302538155735,0
60,149,5.48271694678046,2294.46526875976,25.7974356984197,19.8458159838506,20.6447896529724,30.5937445085936,31564.7233901551,28062.7405683075,-335.538339713011,0
60,150,6.88285778072468,3998.00162624938,25.6596815212543,13.435738350623,13.81139681977,20.6666226006033,27448.6038987703,24620.0411578832,902.390167134198,0
60,151,6.90613484885916,2231.58010697636,24.6770204273776,20.04859138957,20.8478756150498,30.90417213106,30057.5340981302,17364.7012518636,848.590794030637,0
61,152,6.01381994948649,4084.80887093221,25.0644300048522,13.1878568304521,13.5447366790616,20.2820694253042,34719.8601676058,28715.993634739,386.943823471329,0
61,153,6.35805540261288,4308.96192051843,24.1481090714777,12.6437634577538,12.9635226014428,19.4391125035166,31982.3871289651,15296.4288327206,663.210061817168,0
61,154,7.02622860636096,3159.27117497635,24.6770204273776,15.6736575078615,16.1758663570628,24.1265789143395,30040.2409536032,17342.4832795657,852.898160173746,0
61,155,5.07904898875904,2218.56367275976,25.7974356984197,20.3370227707096,21.1719936577984,31.3554483008522,31553.8640077066,28074.4775091497,-306.158083257929,0
61,156,6.10259431757525,2281.68121140637,25.3391024917015,19.8462386453312,20.6394525940611,30.5928033287585,28872.9107604849,20960.5503195769,497.663185395323,0
62,157,6.44143782169975,5417.44239651843,24.1481090714777,10.8751500049116,11.1041419325161,16.7072524826555,31970.7891333537,15299.3140812742,632.951846658362,0
62,158,5.78315811928935,3936.35363093221,25.0644300048522,13.5215666387843,13.8974682937588,20.7980477795852,34745.6778457403,28716.0030362928,407.624251203767,0
62,159,6.0530252995707,2579.80556856195,26.0807994603575,18.2828354879846,18.9735476396716,28.1718018853248,30837.3395074626,32150.3867194107,200.163056349557,0
63,160,5.89491121866009,3524.73174293221,25.0644300048522,14.5776346692954,15.0158183951154,22.4314997635618,34727.6235759699,28710.0892288838,384.156946905641,0
63,161,6.57617566915622,6003.38405257674,24.602124742167,10.2038237724227,10.4036762597303,15.6717612788407,30583.7710066186,17003.2657209093,681.900256642914,0
63,162,6.47491153121236,5846.81724051843,24.1481090714777,10.3511998129908,10.5553313991873,15.8984970055083,31987.5245490928,15307.6622954836,676.415048795282,0
64,163,5.83269614901392,4096.44216526616,25.058360932361,13.1620700996077,13.5174467807301,20.2421890674265,34736.0994920183,28705.7024174006,398.799198030193,0
64,164,6.40980829290598,4573.73646651843,24.1481090714777,12.1526052031035,12.4461427819938,18.6801751172575,31977.1606321221,15278.9998757651,662.905285666975,0
64,165,5.48325943057037,2527.1282972319,25.7178588124995,18.4988026921815,19.2004950942898,28.5053605358556,27196.6450400141,25365.5454291416,115.273185966737,0
64,166,6.95814141625782,4076.79185857674,24.602124742167,13.1628571527278,13.5147244249965,20.2424260291488,30602.7199320682,17027.8635416514,668.636476830459,0
64,167,6.20944653870303,2287.95824551564,25.3505164785265,19.8088011002591,20.599447217963,30.5347982582534,28885.1558960956,20939.4607537155,493.318996894413,0
65,168,5.82593900303824,3891.33248693221,25.0644300048522,13.6272676443195,14.0092618094048,20.9614999628313,34736.3824676462,28735.7919913689,381.76604736987,0
65,169,5.87552036088419,2342.5944692319,25.7178588124995,19.5361760110583,20.3117075984035,30.1133861347995,27190.6988474126,25352.2602890013,95.8048537002321,0
65,170,5.49338568765073,3481.66233424193,24.946834047931,14.6882073834461,15.1320383618771,22.6022849315282,30469.1530461802,18816.6764790634,-99.6226706764145,0
66,171,5.87431174325527,3983.31662926616,25.058360932361,13.4130214552603,13.7826521652477,20.6301934100003,34734.480788749,28700.1074947975,413.489524352304,0
66,172,5.92416271626434,1956.3465332319,25.7178588124995,22.2883010886525,23.2692878590954,34.3820997816199,27211.3480636395,25356.717823312,71.6390011178839,0
66,173,6.73612941333346,3894.70271556755,25.0800101593661,13.6207800548336,14.0025252866118,20.9515022472589,30111.8049981374,19487.1189122028,749.361600045274,0
67,174,5.7946727864434,3635.12962126616,25.058360932361,14.2726809918522,14.6925104816789,21.9597174173262,34732.0683579256,28702.3028378341,395.251814008541,0
67,175,5.80276425220203,2372.3515952319,25.7178588124995,19.3588265180389,20.1215852391652,29.8384363835331,27224.2297531315,25376.7199300683,129.083349079302,0
67,176,7.06130981712787,3813.09638556755,25.0800101593661,13.8178051893156,14.2109908573021,21.256197777846,30118.9276408756,19486.5071811125,763.214049255395,0
68,177,5.74583102753966,4315.66694326616,25.058360932361,12.7093876366178,13.0395259965761,19.5424112847416,34721.6648279559,28697.314577564,390.079145403441,0
68,178,5.9330816282949,2434.9494872319,25.7178588124995,18.9988492451346,19.7358692580602,29.2804058105508,27227.2577101372,25343.7353719513,107.079056706582,0
68,179,7.08686860322448,4202.42796156755,25.0800101593661,12.9398664712223,13.2829411458108,19.8987202693031,30115.2854148145,19469.2280305959,777.893541427585,0
69,180,5.80969618778482,3874.68083093221,25.0644300048522,13.6669202360101,14.0512082167739,21.0228195534906,34728.7403409556,28719.9009467884,405.094897757292,0
69,181,5.89912335834769,2577.2594732319,25.7178588124995,18.2407180643011,18.9243760762561,28.10539839294,27228.1948460959,25382.2607134299,109.2837844501,0
69,182,6.97336985361408,4414.54093827744,25.0790189491893,12.5201210654936,12.8400412490405,19.2499258860537,30080.7468853567,19445.9190556946,781.210536678226,0
70,183,5.75519631332602,3320.3781410648,25.2485392609824,15.2101097020432,15.6887533267951,23.4106364780151,34707.9183222614,28709.6485255932,380.149074693095,0
70,184,5.77660690892989,1898.65297987124,25.8546506260357,22.8178908439964,23.8418546878712,35.2044814092645,27200.3469939046,25357.6978115284,134.88257520077,0
70,185,6.02121793577973,1926.15190558528,24.5907764361929,22.3060633559359,23.2719591948226,34.4051174503764,34685.0840775775,21360.4045298043,-49.3447411612878,0
70,186,7.06779982354571,2906.65840389928,25.152628964032,16.6743444575188,17.2457763625351,25.677178656688,30133.8335401738,19504.2864690827,788.618084240282,0
70,187,9.69038516543113,4041.59287513377,19.863475359824,12.7810068275976,13.0726813702498,19.6414078408076,37461.1723016811,11018.808908971,-1203.86214457512,0
71,188,5.94433791288721,4214.6557670648,25.2485392609824,12.9294906803653,13.2732543796001,19.8830303929594,34728.6749804227,28718.3817828657,408.859566909961,0
71,189,5.98384064225296,2033.1575202046,25.8418023450245,21.6882918936163,22.6251004506093,33.4516149342589,27240.4995646354,25395.8009826327,100.673444805276,0
71,190,6.44436829017701,2084.38377189928,25.152628964032,21.1611613389176,22.0487134003018,32.6312688784992,30126.4014690678,19534.1050911701,821.476998772624,0
72,191,5.75320714414421,2604.5780382046,25.8418023450245,18.122533969845,18.7993780854215,27.9226427309098,27215.1151785601,25417.0630558691,167.871529495899,0
72,192,6.90991337574872,1801.10738589928,25.152628964032,23.5725602502464,24.645003399736,36.372857614556,30119.1545324759,19516.8326837084,800.78374788127,0
73,193,8.33235813994505,5091.35883203451,24.6120451245789,11.3579652197487,11.6137188879781,17.4535753439958,35124.9191476485,31241.6294974835,-1429.45200734032,0
73,194,5.90456182110424,1850.16981611364,25.8599937408732,23.2628258785956,24.3216698482258,35.8950683180984,27217.5570251502,25418.4456119797,178.38721661743,0
73,195,9.80301677923433,4958.46517149239,25.1561874325186,11.5970801770765,11.8685454780919,17.8238703925538,34266.0301448099,32019.4781085163,174.161381419655,0
74,196,8.13006127183029,5472.56281403451,24.6120451245789,10.8347405190627,11.0645977104514,16.6456465103665,35141.1271134379,31239.4221716811,-1422.87661274719,0
74,197,7.05820142458205,5351.44282683768,26.0622307776631,11.0913748509853,11.3426334716655,17.0443272702473,30137.3672899521,32648.091344508,1050.68642997261,0
74,198,5.70561385178176,2184.75513100876,26.2788692120606,20.6539044802081,21.5185824231586,31.8486196146277,29401.0078419388,30078.2475857055,-236.754776896209,0
74,199,9.5860992368338,5030.16543198972,25.8886071577953,11.5405467884606,11.813773070811,17.7378340925759,31434.1467292623,32378.1634267305,1184.12227309064,0
74,200,4.72859608042272,3587.65416964495,26.1311972504605,14.5139453211371,14.9574877108567,22.3355007657125,29516.4458357626,33125.2678219219,141.848568446929,0
75,201,5.53663201153408,4872.89627500876,26.2788692120606,11.8144060865247,12.1045129132271,18.1616255078745,29419.0631593735,30078.3667985451,-215.826232698091,0
75,202,7.02953136502359,5621.19524883768,26.0622307776631,10.7400437320922,10.9737495722071,16.5017801861122,30129.5218993415,32640.7408514125,1061.96822744123,0
75,203,8.59046751767053,5015.67232398972,25.8886071577953,11.5625587036491,11.8369296777335,17.7718385503293,31335.1132879081,32344.7648839302,1089.74710306582,0
75,204,5.67815266010971,1452.74580116617,25.0395854110231,27.700457295988,29.1063672118399,42.7825935472075,30485.3728188688,18826.7475494715,-139.499191385839,0
76,205,5.39957169249238,4612.57098100876,26.2788692120606,12.2542737611809,12.5680767195556,18.8413669818405,29433.4364562644,30067.9763588887,-190.388690983939,0
76,206,8.08627098819376,5284.44663531767,25.9890583039784,11.1785855192435,11.4338277533929,17.1789000486134,30472.7050010742,32743.5279308777,-1514.23473982853,0
76,207,6.27571691089427,3103.482496815,25.0631914762045,15.9167916670318,16.4382206003991,24.5039852824151,30866.5551208851,19143.022385027,901.030900578308,0
77,208,5.42746644892072,4185.77317900876,26.2788692120606,13.0799881256399,13.4399131823998,20.1178185892251,29409.1652727356,30071.6292921924,-165.073864428528,0
77,209,8.08527919723509,4585.87001931767,25.9890583039784,12.2790125337253,12.592194855131,18.8790577597048,30473.5880179417,32758.7173215644,-1516.88583245775,0
78,210,5.61727385468056,3436.11826900876,26.2788692120606,14.968139607073,15.4409941212408,23.0387110778779,29384.9274987371,30080.1949725646,-264.306454924887,0
83,211,6.5173266631839,4103.7761031566,25.0861969464847,13.1487574802931,13.5035979503516,20.2216666095192,26814.4640759403,18742.2211388738,658.746556195525,0
84,212,6.2049938255297,3675.1941951566,25.0861969464847,14.1691894795759,14.583102897543,21.7996957082515,26804.3730555356,18767.3174329379,645.486846226505,0
85,213,6.32251109676807,3039.2815491566,25.0861969464847,16.1532503568599,16.6900792210584,24.870122707453,26818.7807780312,18735.0733843977,689.853577579004,0
86,214,6.31939728823771,2845.6509831566,25.0861969464847,16.9156515727791,17.5023075796141,26.0506881082101,26821.2595685164,18761.6071375739,621.867478529493,0
87,215,6.36644745135618,2622.6817851566,25.0861969464847,17.9201409287998,18.5744638312273,27.6066796256926,26798.5145185903,18737.0639395109,693.549957982917,0
88,216,6.38747203352488,2606.0521551566,25.0861969464847,18.0013544184149,18.661244324406,27.7325089087711,26803.0778051623,18745.8764379167,674.431664280577,0
89,217,6.55104488904929,2808.0305751566,25.0861969464847,17.0748798779637,17.672112402437,26.2972973338303,26822.1314812555,18766.6772341995,678.860273574068,0
89,218,5.96444211325326,2394.01668585565,26.00177983667,19.2791118104634,20.0395827314091,29.7158044665026,27573.7985510992,26329.0251929951,408.002181803113,0
90,219,6.47325445603266,2357.65523988756,25.0072298222296,19.3257550093571,20.0773641910146,29.7847480463101,26816.8957842389,18735.8012109845,647.820975102235,0
90,220,5.42919960269085,3382.55891981326,25.9645106930737,15.0967970511542,15.5748979357282,23.2370640507592,28874.796288647,27054.7010682487,-308.427346159977,0
91,221,6.4734360163735,2910.63999588756,25.0072298222296,16.638892388353,17.2064787775286,25.6218607272759,26799.6675457309,18747.7989712215,692.408481958684,0
92,222,6.4912180470358,3179.48935188756,25.0072298222296,15.6446443712427,16.1482435348036,24.0825577776394,26806.7670406438,18733.0631751526,677.323189639862,0
92,223,5.66147698149835,2956.57103496395,25.8220503739868,16.5639171727839,17.1349492232474,25.5080615181934,33586.1543130042,31134.081170038,500.735264330256,0
93,224,5.9310760168342,4182.67035096395,25.8220503739868,13.0465013147868,13.4011372943693,20.0651097815587,33597.4731912376,31119.2732574947,496.643904202117,0
93,225,6.42842666275265,2750.99554788756,25.0072298222296,17.3126027386731,17.9248665621108,26.6652681247307,26796.9956328707,18743.4769423042,667.056353468414,0
94,226,5.94487210061028,3195.24477096395,25.8220503739868,15.6886941974295,16.2028849363181,24.1528925236997,33591.354394499,31113.0019596432,512.628370855396,0
94,227,6.34026513326577,3191.97809388756,25.0072298222296,15.6021697079788,16.1030890574664,24.0168129444428,26797.8547019588,18726.7188570275,671.314206165999,0
95,228,5.85630710532522,3340.16452031601,25.9246940130912,15.2246633874214,15.7104145021933,23.4348683773598,33352.2297446245,31356.6326937254,465.937012086566,0
95,229,6.32014179877348,2892.24828588756,25.0072298222296,16.7130406813097,17.2854933298129,25.7366836863721,26806.9615375659,18739.4661402551,681.601678325815,0
95,230,9.54778539707948,2852.25842267638,25.3979339434595,16.9306308208929,17.5215818959372,26.0747965941416,22572.0993722475,25550.628140424,-1195.72997966894,0
96,231,5.94016980333278,2958.91648631601,25.9246940130912,16.5680096062765,17.140347702416,25.5146846409391,33334.5340512729,31319.3396403409,376.246060342969,0
96,232,6.41084887976033,3386.24741388756,25.0072298222296,14.9781499509602,15.4402258496796,23.0510626197694,26814.5557092508,18760.4254502993,695.814943526047,0
96,233,9.66915806986917,2738.14171667638,25.3979339434595,17.4258449689464,18.0500118354895,26.8418619966307,22554.2364356572,25539.5826038293,-1089.03627159615,0
97,234,6.44610628592086,2884.40702988756,25.0072298222296,16.7449158317976,17.3194643275588,25.7860452981214,26823.0994071421,18752.1199517022,671.786348942016,0
97,235,5.76410695539601,1881.47520447285,25.5940575446246,22.9160080000114,23.9437892345726,35.3556992255391,27230.9707868793,21743.8768600613,85.7676242270932,0
97,236,9.28147210609129,2624.7760688957,25.396462560643,17.9565051729379,18.6168483856881,27.6639929168314,22516.1249196677,25541.5443561709,-1129.6868237128,0
97,237,8.89716266193762,1993.77884230757,25.5725592436428,21.9486691215016,22.9015606861665,33.854550975226,22545.5058108159,25546.7444742179,-1123.86674073752,0
98,238,6.35222771534959,3212.08783188756,25.0072298222296,15.5344057487587,16.0310590799082,23.9119263917497,26818.886640154,18723.5183041906,647.457925455067,0
98,239,9.70030646129873,2871.66550289569,25.396462560643,16.849801165103,17.4353678997172,25.9496052112524,22542.6711115589,25499.316001989,-1119.03797490568,0
98,240,5.81285902796458,1421.8830181762,25.5855146505523,28.325102718592,29.7935830076716,43.7559037751074,27216.6735286966,21693.8118992464,91.4483833692874,0
99,241,6.26545458760496,3381.64397988756,25.0072298222296,14.992184788619,15.4551232997057,23.0727802983039,26796.0728860412,18753.1111282645,669.954572892534,0
99,242,9.62521889903757,2637.8154608957,25.396462560643,17.8933150355664,18.5493166882385,27.5660856016973,22564.5576285737,25515.204783867,-1193.93260633219,0
100,243,6.35536002511446,2883.80308174326,25.1186680493454,16.762439226692,17.3393145086614,25.8135054099213,26799.0506397293,18728.2909528204,677.837308472098,0
100,244,9.71339439808481,2551.65586570839,25.5291482793335,18.3423062262471,19.0308748898274,28.262229942814,22578.5367169853,25545.1919114896,-1113.64613698064,0
101,245,6.24130637939724,3818.96096374326,25.1186680493454,13.8071997991164,14.2000846345615,21.2398835604895,26809.0110519749,18743.9107070087,683.223970504495,0
101,246,9.56140970422243,1949.76716403367,25.5294198463758,22.3045496631687,23.2840847588839,34.4065665931344,22537.6042462641,25563.3377860472,-1128.15198065609,0
102,247,5.76965059272983,5138.81146236683,25.3309483117343,11.3399722832502,11.5993786687313,17.4270464867903,31428.3042213269,18310.5018246723,162.378568635346,0
102,248,6.46051890240679,3044.74706374326,25.1186680493454,16.1371403593594,16.6732569828566,24.8452704695319,26813.0517386765,18759.6842848549,661.758012784648,0
103,249,5.5478294304364,3747.67132836684,25.3309483117343,14.0065092407587,14.4128494981886,21.5486302738277,31409.7383548758,18308.6715789761,159.046691847689,0
103,250,6.37168913125153,2879.83840174326,25.1186680493454,16.7786457718327,17.3565896155774,25.8386035546422,26824.9762871246,18747.5689606686,654.076778714634,0
103,251,10.0958306230937,2508.17654170839,25.5291482793335,18.5692129871762,19.2736459174146,28.6138770911074,22561.4491548129,25529.965422323,-1108.69596182056,0
103,252,6.0287290060227,923.542236463678,25.8848847715385,40.0211966177943,42.5461112231902,61.9492257130289,26733.311605706,25707.0276228787,152.740573506464,0
104,253,5.71908841199786,4170.41634636683,25.3309483117343,13.028845658291,13.3788000586489,20.0367975232216,31413.7685367735,18308.107475641,169.090843103635,0
104,254,5.65004751613897,4021.38900646368,25.8848847715385,13.4035116449166,13.7790535767487,20.6172682679781,26736.0055332874,25708.1532095474,108.597862374135,0
104,255,8.32233878360294,3311.06687043728,25.8187701037174,15.3051413817898,15.7949850776719,23.5591657625217,24711.6208629292,27393.8574785938,-1505.5889527595,0
104,256,9.96963830224031,2954.42330170839,25.5291482793335,16.5341990196532,17.1003020973738,25.4612208256018,22549.4494264389,25548.0909466747,-1144.17334697006,0
105,257,5.56427999371029,4219.58170689187,25.8904973691199,12.9754602829258,13.3265834671569,19.9554148281537,26711.6019526457,25723.9603627362,117.874606107134,0
105,258,8.39913840199219,4074.26777043728,25.8187701037174,13.2795391711331,13.6474375713097,20.4254245049097,24746.8838832162,27395.6740374229,-1475.61846952398,0
105,259,9.00941606510157,3009.61423203367,25.5294198463758,16.3211339930776,16.8732952697032,25.1312886035263,22603.1265110083,25558.1785216473,-1098.18444763814,0
105,260,11.5316359765986,4156.0506194358,25.7231652718534,13.0940250331251,13.4506162364055,20.1383826648853,23666.2742611678,26615.120438177,-329.860053971993,0
106,261,7.70576588060944,6087.59165692916,25.8715315278682,10.1867758931324,10.3927205750704,15.6473546713073,25228.7653409646,26837.1431210147,-172.347167934754,0
106,262,9.6366375045778,3521.13025570839,25.5291482793335,14.6378255446586,15.0837449561628,22.5257518726774,22554.9033972243,25533.9763096243,-1108.41174409874,0
106,263,11.7986830310823,6507.99818514248,25.8398030076798,9.75598063774537,9.94177738323913,14.9824703730961,24203.1628563654,25966.1103345534,-1106.55668719918,0
107,264,6.61564191593364,3242.82702515685,25.9306827035642,15.5409785331802,16.0467729338882,23.9245037068375,33570.2167770999,32165.038960547,855.806807515277,0
107,265,5.85404627456682,5118.19261439819,25.9139685837718,11.4110041373765,11.6776840095552,17.5377663894143,24963.9803941733,25128.9104422928,254.841275717284,0
107,266,8.10881049180922,4676.45861043728,25.8187701037174,12.1067060340002,12.4094102662224,18.6124572766559,24730.7150988361,27364.5948799257,-1426.81814274202,0
107,267,9.70171199878988,3331.23788403367,25.5294198463758,15.207950490968,15.6890495585085,23.4080082026196,22539.3294797999,25524.4668760019,-1134.71991360338,0
108,268,6.8132415889961,2981.04801515685,25.9306827035642,16.4822680380615,17.04900931547,25.3819171540593,33590.0446392294,32186.3260885436,862.648448730245,0
108,269,5.98016098725811,3806.61039239819,25.9139685837718,13.9157017839001,14.321447684462,21.4094876427817,24952.1109161062,25137.9221314798,319.454052005587,0
108,270,9.39824877122542,3050.12004603367,25.5294198463758,16.169213627321,16.7114979451176,24.8960567831932,22584.6846323304,25542.6919770455,-1135.1058704212,0
109,271,6.65580442231336,3174.26008715685,25.9306827035642,15.773851607366,16.2945227605365,24.2850093269755,33569.017075448,32181.3206650172,835.822955573795,0
109,272,6.16295661127825,3664.27838039819,25.9139685837718,14.2828269417836,14.7105172016495,21.9774114295566,24927.0651604735,25091.2102007007,268.553149185241,0
109,273,8.04316090392134,3449.74070606812,23.5291447850934,14.6228152783807,15.0497485352597,22.4975479208413,37155.9502639274,16262.0768485245,1051.00359609643,0
109,274,9.17479504969569,3086.61712803367,25.5294198463758,16.0354418381541,16.5690750177198,24.6889386630074,22561.2813649276,25560.6674972547,-1097.67776548939,0
109,275,5.77199036513488,2121.63143738937,25.6405033035019,20.9818764755956,21.8626632719403,32.3550133329326,24531.5676839201,22019.0947677734,363.765993906776,0
110,276,7.5816336102313,6079.88465558601,23.644109855948,10.0640380840929,10.2521579748298,15.4545806144907,37167.0322876899,16301.5075210716,1074.61290674921,0
110,277,5.88527318472709,3301.31056474661,25.8975661596727,15.345512113835,15.8386209595208,23.6218517938554,24952.6031297886,25119.6279063071,325.989718355523,0
110,278,9.62523034473099,2637.38562066342,25.5395588924443,17.9166603683075,18.5758753834591,27.6027004287214,22555.2106953471,25522.7780884917,-1106.03043687589,0
111,279,7.97528586498123,5403.55429958601,23.644109855948,10.8590265860166,11.0841190949537,16.6814985997139,37160.2863197875,16300.7221529049,1081.56864974248,0
111,280,9.34924287409787,3760.05084066342,25.5395588924443,13.9958784292735,14.4033168488548,21.5326626561693,22610.7772016081,25528.1659364923,-1247.24838907008,0
112,281,9.37237397433839,5602.6748840869,25.3881058433602,10.7203961079371,10.9492706894278,16.4703754893531,22316.1524529986,24868.0293077465,-1262.99842648104,0
112,282,5.45483433883715,1424.09798711949,26.0898168542967,28.4415289985643,29.9290068322281,43.9393537836842,29952.4814883113,27097.7689314125,-332.299754404625,0
112,283,6.16189579792986,2267.92736299233,25.391261570022,19.942566715539,20.7434406046878,30.742342643695,23951.7173227455,22254.5416055801,509.536780090237,0
112,284,5.97164220007859,2422.64269625466,24.5474203195837,18.8757508804572,19.5898467011386,29.0856891742779,32742.8306380162,14948.5276499929,375.228069603123,0
112,285,6.69393344443592,5336.68810665869,25.6620011331241,11.0847117526938,11.3332428162544,17.0333763960435,22894.1306790605,25515.8921609545,211.624375719332,0
113,286,5.87997606689259,3664.07210825466,24.5474203195837,14.142711423413,14.5504405873204,21.7574674718628,32727.3938418637,14951.6866660514,412.137437589156,0
113,287,5.50382002629757,2811.78159435398,26.353235000428,17.2333820504918,17.8546901443316,26.5465136466376,32010.1801517317,29288.9984864199,-190.37850761573,0
113,288,9.27105807996995,4102.4619980869,25.3881058433602,13.17896237667,13.5378317677237,20.269005193977,22252.6603586097,24837.4900441969,-1316.85443657485,0
113,289,6.05093069928126,2704.63686499233,25.391261570022,17.5775288466555,18.2119051460536,27.076823639185,24000.5219995123,22289.6908490989,532.277682879097,0
114,290,6.07932520735379,3656.29693025466,24.5474203195837,14.1631730882378,14.5721066957244,21.7891155108846,32734.4646519981,14961.2600304038,405.4054038955,0
114,291,5.57574513613508,3466.57052235398,26.353235000428,14.885183381117,15.3535183385622,22.9105031770666,32028.3776456008,29268.3327680502,-240.951164818718,0
114,292,8.9368600447089,4125.72669541311,25.4361932674888,13.1331464936404,13.4897858827121,20.1982703550191,22300.9967819771,24868.4263833898,-1277.5444179102,0
114,293,5.98501989104835,2823.46713499233,25.391261570022,17.0511961736628,17.6501122802878,26.2615135785279,23954.6446612211,22276.5392489948,535.046348886384,0
115,294,5.39218362294119,3482.75963235398,26.353235000428,14.8373635513735,15.3027259073451,22.8364969920707,32024.9122500515,29276.1733804283,-198.747537261703,0
115,295,9.23871352647653,3789.6707720869,25.3881058433602,13.9062999582105,14.3072049479153,21.3937643734597,22285.687701013,24855.7623299079,-1254.30175144277,0
115,296,6.27008604661902,2765.40659899233,25.391261570022,17.3031877682392,17.9190042841927,26.6518372762855,23957.0434914555,22271.2960979254,473.191428394936,0
115,297,5.94512819604579,2881.20199025466,24.5474203195837,16.6955150000262,17.2619485383905,25.7082031134472,32713.5834024407,14925.6089708542,397.660615375073,0
116,298,8.96017132692614,3996.0543920869,25.3881058433602,13.4149231737863,13.7872618475348,20.633850404724,22293.3627626541,24870.5123864125,-1268.27732291623,0
116,299,6.25290234403588,2621.07022099233,25.391261570022,17.9737899905083,18.6352633504072,27.6907583347091,23981.4962138728,22267.1392247128,476.896483063394,0
116,300,9.12039424853076,2543.34600178031,26.336248718003,18.5093142444959,19.2188351974039,28.5236055259401,32616.1871801746,30580.7827971491,-1202.76688861775,0
117,301,8.92674288421055,4510.71897209814,25.4043933334944,12.3679837211905,12.6819487849247,19.0154414632888,22255.1987375551,24915.616402944,-1253.81644886859,0
117,302,5.67717725119536,3227.2626566541,25.5068045721514,15.5430759518174,16.0450310464351,23.9266562936267,31909.2628501511,22333.55861133,70.8211772708983,0
117,303,6.08671140342143,3309.03030499233,25.391261570022,15.262586951669,15.7458249623197,23.4922174760182,23968.0571846736,22306.0126517929,538.901612980587,0
117,304,9.48337868055941,3019.89972344327,25.011687648804,16.2159841883079,16.7561076572113,24.9670431544928,30002.1802021065,17008.1582969777,-1184.09397436396,0
117,305,5.28177946611348,2621.19562680275,25.1203581723505,17.9325011372378,18.5880602914086,27.6259372512028,33586.8190737943,17769.6465923904,-296.90221951503,0
117,306,5.95692174020641,2154.10561049807,25.9783439245905,20.8129808876516,21.6856291270877,32.0942793075277,31806.6518300372,26424.6062653997,320.112991835116,0
118,307,5.45152489097061,4269.30135523401,25.0996086420279,12.8052488998455,13.1409873283496,19.6906686920268,33637.7132267377,17752.5301727328,-272.199160953942,0
118,308,5.96031000688017,2845.91162899233,25.391261570022,16.9563069550964,17.5488961931821,26.1145446684198,23998.5987677966,22286.6356243789,552.380420418371,0
118,309,9.06195264211664,4038.61368809814,25.4043933334944,13.3207102265106,13.6877778482676,20.4882067930978,22273.7206563725,24910.6875788644,-1304.79322695772,0
118,310,6.11983686991356,5139.88409249807,25.9783439245905,11.3837349243311,11.6494080020251,17.4957538645851,31787.825425085,26352.4561550432,405.104380302532,0
118,311,9.81617248645199,3103.46636744327,25.011687648804,15.9104394473799,16.4309539277179,24.4940114550382,29977.3368291998,17029.774338071,-1243.24482411459,0
118,312,8.2527650727825,3564.00125410684,23.2698153231199,14.2737459917455,14.677776753211,21.9569936833665,30778.2525936677,11695.5189997009,-1468.90376886107,0
119,313,5.49542680035622,5097.81123590894,25.8947795774767,11.4397093706245,11.7077509207614,17.5820746613076,32395.0129381595,26331.8420933006,-291.341718048063,0
119,314,6.13987957786246,3283.12772899233,25.391261570022,15.3458043852474,15.834250436297,23.6210147806102,23962.3542733474,22286.5592701509,484.198715977517,0
119,315,5.57893665604124,4019.37199590762,25.1167990862224,13.337098723042,13.7028567319648,20.5129279664906,33617.4592055077,17767.9142338246,-226.537844790473,0
119,316,9.24544749956058,3240.08308409814,25.4043933334944,15.4883078747505,15.9858370447773,23.841615668275,22271.9561576207,24983.221754347,-1295.00447594899,0
119,317,5.4401977999014,5075.00320678091,25.2441912838333,11.4273390176383,11.6906528526158,17.561837038778,32308.0379643832,17869.0598816064,-253.779932992688,0
120,318,5.42749423758124,5793.16797938982,25.2251914754989,10.4798941030041,10.6962240457249,16.0988303319771,32290.0486194047,17848.4861241368,-179.780333240645,0
120,319,5.60087156311425,5199.54726145639,26.0977806869037,11.3057482511802,11.5681436303887,17.3754930958739,32383.4928138595,26342.6586614523,-323.215140756162,0
120,320,5.99197165900316,3026.49017717647,25.3386978418857,16.2331127832949,16.7776390931867,24.9944708223949,23973.9669182602,22283.2836547157,520.084436032177,0
120,321,9.70838486857214,3079.26306007974,25.5832662146735,16.0688737203075,16.6051939374341,24.7408456508618,22477.7638431159,25402.1702257528,-1110.21080436512,0
121,322,5.44032943541221,7499.57082719201,25.2232366699035,8.88437403693096,9.02921315667149,13.6371835668473,32135.2297214488,17883.8025884845,-116.963303204748,0
121,323,5.94250469007303,3789.63465887809,26.3210649190528,13.9980067821028,14.4119336047711,21.5377078946973,32998.4346662029,31579.1689320584,337.477147557348,0
121,324,8.54627632107967,2973.8804364725,25.6418026824259,16.4728434077667,17.0360601664675,25.3665221698682,22485.4377394925,25406.5520575085,-1214.90402589302,0
121,325,6.0418941500837,2838.25598117647,25.3386978418857,16.9813172735991,17.5750156383853,26.1531280071821,23995.3923827706,22293.5005871431,517.658421607054,0
122,326,5.42325237573998,6706.08417719201,25.2232366699035,9.53809467214211,9.71103589673555,14.6454496123187,32023.8938711305,17884.2384854089,-80.7221739368232,0
122,327,5.91771265139607,3701.17151966596,26.2869210289569,14.2227005381594,14.6498533984553,21.8852411234987,33004.9262372499,31600.2581111776,364.78934276663,0
122,328,5.99311461083546,2919.42179117647,25.3386978418857,16.6479002000938,17.2195251868174,25.6367593678888,23979.7627307076,22277.5549412898,514.165520727328,0
122,329,9.23286707856731,2975.99546003665,25.6264126083204,16.462639666594,17.0250313921007,25.3506782867303,22508.8424157737,25386.0723476062,-1204.52083072296,0
123,330,5.93773939440031,4567.01357966596,26.2869210289569,12.3364646187379,12.6548186973864,18.9684130184326,33012.4879187222,31581.6871953444,364.302905598201,0
123,331,8.94040701520668,3621.66562403665,25.6264126083204,14.3680388340018,14.7984415645854,22.1085738246756,22481.3392990628,25367.7607905062,-1238.65374504413,0
124,332,6.18004024790003,4112.43475526022,25.229528824775,13.1430874264233,13.4987101515334,20.2132044082616,23685.8451589358,22156.8182705965,530.357634429303,0
124,333,5.65302573585394,7053.19832966596,26.2869210289569,9.28866389374559,9.45566445089989,14.2620639435512,33037.9082839596,31611.8883349185,394.056091914717,0
124,334,9.84571838375297,7531.06746949837,25.6026278782039,8.87831861723325,9.02458916601519,13.6283124682497,34454.4045763924,31832.682603466,-1252.32201464413,0
124,335,9.19137304266692,3979.67622803665,25.6264126083204,13.4745075999084,13.8521449696231,20.7265034636303,22494.6955512693,25372.7335552819,-1249.32189117568,0
125,336,6.14682005746883,4645.29251334898,25.287158104208,12.1189900295016,12.4187344629672,18.6304409346044,24190.0988599075,22027.6817103525,528.607683836645,0
125,337,5.98011146376643,6127.31339366596,26.2869210289569,10.1677836362647,10.375019710367,15.6186448267281,33039.964958532,31616.0643927591,320.630356269593,0
125,338,6.33640033760278,6743.33578259321,24.8327249489299,9.48403717062757,9.6526636199336,14.5615231770261,31924.5290199305,16126.8338574572,245.160463358187,0
125,339,9.4694218066187,6352.41418219148,25.4986725481956,9.89008716415993,10.0802784852366,15.1889297488114,34518.543365723,31840.449853004,-1292.87316952737,0
125,340,9.59212537424862,3591.6338113751,25.598898462984,14.4473772750673,14.8823365025413,22.2312550653473,22488.5529776125,25412.2322567665,-1210.16760554791,0
126,341,6.09290205930382,4192.19566734898,25.287158104208,12.9794105413521,13.3262586414964,19.9602818932011,24184.3451282161,22020.4065984103,544.874694271265,0
126,342,6.13502826165581,6304.68799259321,24.8327249489299,9.90077315100683,10.087978009884,15.2044581203725,31904.8289142716,16138.185724896,187.014799037302,0
126,343,9.01210953819569,7712.16726619148,25.4986725481956,8.74150221995437,8.88162649364283,13.4172199193086,34540.6510255324,31877.6730864773,-1358.40162118013,0
126,344,5.87532315645944,6543.73694966596,26.2869210289569,9.74550800545304,9.93304758107146,14.9669245300734,33050.7377036937,31617.4323549729,326.662508828177,0
126,345,9.24257422414885,2680.8146593751,25.598898462984,17.7184675791319,18.3647463734417,27.2958064972754,22448.8686788964,25394.861278028,-1207.1991609477,0
127,346,5.99899308610268,3322.24345152493,25.3279746969658,15.2133308398673,15.6929102060611,23.4158241235856,24190.5132636849,22041.8448555207,528.955869154577,0
127,347,5.82248814829288,6338.16829166596,26.2869210289569,9.94789490339255,10.1447907385697,15.2792559550495,33070.2881251634,31630.5760540551,280.725069312253,0
127,348,5.92506216520924,6096.12379859321,24.8327249489299,10.1171640464281,10.3142746645477,15.5383742279299,31884.8176982573,16121.9202243374,223.045461187283,0
127,349,10.0189524798609,7017.55533019148,25.4986725481956,9.27988216333935,9.44282449871263,14.247500781817,34471.4484291242,31843.6673530633,-1308.70747805219,0
127,350,5.8922097901329,3485.64286769463,26.3661311107455,14.8302704267232,15.2953038583003,22.8255504917722,31469.7512714763,27926.9308044749,303.590192520244,0
128,351,5.74434527024866,5987.40424166596,26.2869210289569,10.3211558328473,10.5357104142202,15.8553973608669,33039.7417113804,31608.3699179294,341.941235580973,0
128,352,6.47314823148464,4399.15265459321,24.8327249489299,12.5286155049425,12.8472101183892,19.2625607301883,31895.0974435604,16091.2787013493,223.095812088582,0
128,353,5.37803954325642,3098.41363599622,25.4022130865663,15.9770574673986,16.5056837233472,24.5982033714184,32208.7953636526,19505.3210041917,-172.137244211569,0
128,354,9.51840930224653,7058.96218549837,25.6026278782039,9.25033855132543,9.41248555505554,14.2020656076751,34484.2583671348,31878.8807133188,-1384.4171732925,0
128,355,7.08279885860848,4856.04021892906,26.1852478059495,11.8346919063601,12.1252735286115,18.1928033262758,31863.0090555813,26656.1170014032,1014.59450945926,0
128,356,5.28907104566567,4750.95430849834,26.4094116311703,12.0249890611539,12.327220337172,18.4872614479711,31510.8634563934,28663.7294458488,-315.369838628976,0
129,357,6.43185402495675,3887.0168952053,26.1116317411219,13.7378518186946,14.1346687755929,21.1348316539402,29093.907884668,26592.5148891445,820.61166864554,0
129,358,5.87594464118329,5640.08297087809,26.3210649190528,10.7327604859359,10.9675708808442,16.4909385930743,33043.0231236728,31607.6244656387,313.710013010792,0
129,359,9.01523919324068,6960.22165219148,25.4986725481956,9.32846637224495,9.49352513814455,14.3224422985735,34504.525848825,31884.6817138149,-1342.60094098927,0
129,360,6.97000077346929,3458.99711692906,26.1852478059495,14.8895210359382,15.3566619182601,22.9168129622442,31899.1022710961,26655.687259678,1019.90202816085,0
129,361,5.55855579686225,3822.29034154657,25.8565023554313,13.8711789940647,14.2738261806518,21.3404925990647,31468.0563973885,24257.6723512302,-373.146834855911,0
129,362,11.9142876743385,6239.42779458052,26.1464686073686,10.0413909567385,10.2419376471107,15.423356985277,30463.2744577904,26544.9822017595,-1110.28242667282,0
129,363,5.75526949644049,2495.19368886651,24.9061930411089,18.5394127716101,19.2343896738822,28.5656629681355,35267.239232523,17901.8004932485,104.900941506754,0
129,364,5.79867293839176,1455.07580199622,25.4022130865663,27.7728916538072,29.1914511023222,42.8969548932632,32198.9091775456,19516.8949988415,-156.417098535154,0
130,365,6.62118066320943,4338.18854811051,26.2976413310931,12.7700403296766,13.1125413365093,19.6386476761381,29103.6482624909,26585.9635818059,818.600121564848,0
130,366,5.69804189840881,4108.90945426331,24.9613982861055,13.1263659965913,13.4789818006711,20.1867836568368,35251.111570018,17895.3990593907,73.817660839023,0
130,367,7.0835293787707,3895.86939699537,26.5217005657485,13.7553739599503,14.1564460770543,21.1628214715819,31876.0782565585,26648.4776733041,1036.6389059599,0
130,368,5.79714100791226,6431.38947937354,26.3218409879218,9.85660003453614,10.0494309383623,15.138409193829,33062.2768476751,31621.3028268954,326.128719464329,0
130,369,11.5417773699776,6671.10195173427,26.3924856675694,9.63106891210829,9.81389842499454,14.7904779929138,30456.0448592749,26529.6941449479,-1102.7808642614,0
130,370,9.21341070204085,7753.35285825583,25.5592601813442,8.71490434129328,8.8541929169576,13.3762817979412,34517.701800266,31867.3714018823,-1414.27565849152,0
130,371,5.50610725444328,3962.48083706986,26.1665882194566,13.5645185064235,13.9515943462997,20.8668644101437,31481.1593180086,24266.1999639082,-384.614754566669,0
131,372,5.73315064646304,3684.33627826331,24.9613982861055,14.132399657858,14.5430718430073,21.7424965385304,35265.0760437773,17905.1356029524,100.875299148901,0
131,373,6.37158108606122,4696.90398411051,26.2976413310931,12.1084712991315,12.4144755816945,18.6160693664572,29111.1469335516,26587.307971284,810.434949146404,0
131,374,7.0260163836306,4489.33794099537,26.5217005657485,12.4978347196458,12.8267008186696,19.2182845398098,31885.4511595044,26665.5949084693,1028.00819751589,0
131,375,6.00129320808218,6722.58180449123,26.4040831823129,9.58427894449504,9.76504043326228,14.7182960710544,32869.4313297636,31521.2652564583,299.926682687807,0
131,376,5.54283791391998,3695.81712335732,26.1400505334828,14.2220598018797,14.6479647755191,21.8839166837571,31484.2977439357,24264.8296322917,-374.717323895225,0
131,377,11.7683998787011,6692.84088581919,26.412032126343,9.61198955486336,9.79404627419157,14.7610641572532,30458.2302405429,26545.2290761939,-1100.69546578366,0
131,378,4.31265882447776,8093.42341803132,25.6348636423514,8.48604365385038,8.61632184323941,13.0235266881581,33984.5964773473,31719.6015945121,499.541060265742,0
131,379,7.44420186096236,7871.12874382639,26.018659670054,8.65254055736717,8.79120923594573,13.280665614193,34705.1606657592,31334.3536994988,967.581414620813,0
132,380,5.96156901686666,5887.99463849123,26.4040831823129,10.4409863030317,10.6619536691006,16.0405651602164,32859.379541619,31499.4172737193,275.406575853464,0
132,381,7.05451861347535,6596.54043258225,25.638286824856,9.6610864702789,9.84157847120881,14.8357718544212,34727.6084015554,31296.4722983422,984.109232599116,0
132,382,5.65392259609878,3482.65947231975,24.9761696957829,14.6885324568424,15.1326456883068,22.6028602105107,35261.0615215436,17899.9647938834,80.5998339232181,0
132,383,5.45140729861934,2876.18054306986,26.1665882194566,16.9345032912658,17.5337057594735,26.0829961239865,31468.7447511561,24262.6323210278,-347.957712455453,0
133,384,5.58827784222527,3851.62374826331,24.9613982861055,13.7122743725507,14.0983496917289,21.0927256255452,35241.6773572308,17902.770614457,68.9609259307732,0
133,385,8.21597519188136,7845.38689854087,26.2601308360342,8.68090095695269,8.82175696598409,13.3246755269607,33628.0521638731,31251.6248434402,-1033.25160244088,0
133,386,5.23889110388159,2385.11594135733,26.1400505334828,19.3538869290475,20.1214067250941,29.8321889479664,31479.3350726453,24247.1140064541,-373.107669274724,0
134,387,6.96042677119075,6611.09961858225,25.638286824856,9.64745154007054,9.82732957650257,14.8147343825614,34742.7131645461,31285.3956134238,963.732802570946,0
134,388,5.66906178891925,4026.06966826331,24.9613982861055,13.3076889069338,13.6705525472831,20.4671190641269,35267.6596687652,17911.8522351658,104.839034582647,0
134,389,5.90819634982617,5989.95299249123,26.4040831823129,10.3251490147771,10.5405203926306,15.8617344997947,32839.2742424376,31496.7146612371,291.220189441047,0
134,390,5.40682699589002,2962.13106335733,26.1400505334828,16.5832159342072,17.1587232959649,25.5388305753282,31475.3362160273,24256.1906814716,-357.109534652772,0
135,391,8.42164118222932,8219.82889854087,26.2601308360342,8.42980420080569,8.56035634759966,12.9375311268468,33676.7579239481,31222.7823799573,-1096.61266635282,0
135,392,5.63519538414457,4376.54063031975,24.9761696957829,12.5839342074282,12.9065890425955,19.3483443496801,35248.4496735265,17923.4258596221,78.9652423471267,0
135,393,7.20676818168321,6636.20419413552,25.528522092286,9.61827839411923,9.79630227040793,14.7695732904744,34869.9434383993,31292.9064180848,1055.75791674117,0
135,394,5.25850761944345,2576.58289106986,26.1665882194566,18.3121690706042,19.0059025528513,28.2175288134295,31461.3506934241,24257.0712801473,-353.002941004096,0
136,395,5.70579623632229,6471.39618826331,24.9613982861055,9.74364423084041,9.92442867523065,14.9622035279722,35241.9984518659,17905.7725462215,101.728150728964,0
136,396,5.81953371011292,6510.75776249123,26.4040831823129,9.78345972453435,9.97332175591305,15.0256502190252,32851.5234813257,31502.5536644092,300.73688483579,0
136,397,6.7355851786422,7383.3236920471,25.8869046448098,9.00357236595697,9.15639984570262,13.8218224594573,34476.3519185907,31161.6164428013,881.433486959697,0
136,398,5.32772314613427,2526.87527735733,26.1400505334828,18.5655772410174,19.2768332253625,28.6101928759027,31472.4878653222,24250.2817834519,-318.726676212904,0
137,399,5.70048301985726,8465.16543099969,25.0714622269666,8.22800545049297,8.34578047802897,12.6251485746581,35016.4581399158,18707.8427336014,330.323853304596,0
137,400,6.64400080222031,6840.1845580471,25.8869046448098,9.4522248562087,9.62458418487625,14.5138689713179,34476.6963500938,31139.6273919475,899.189149541102,0
137,401,5.7942074112684,6085.56785849123,26.4040831823129,10.2196219508263,10.4299381563237,15.698832563939,32862.5433486543,31507.1658890749,280.303073413418,0
137,402,5.28131913618713,6766.39631767654,24.7304436449759,9.45809383637764,9.62507912050979,14.5213639587481,35238.6632418281,17904.486184746,66.340821926966,0
137,403,5.2913501172347,2593.01935535733,26.1400505334828,18.2250405625458,18.9123778436147,28.0824180880444,31462.6559429695,24253.9367721266,-345.531796099981,0
138,404,6.88507541912998,7058.7485560471,25.8869046448098,9.26447007109241,9.42855801651967,14.224230412926,34458.4119002107,31161.0527485625,924.036779157651,0
138,405,5.79520224229961,6248.45012849123,26.4040831823129,10.0463961645344,10.2485034117288,15.4314486858748,32854.1217319339,31506.2667600781,263.692758682274,0
138,406,6.10628123237881,7918.56424537079,24.4273178326137,8.55055738514527,8.67830701730157,13.1215608504385,36597.60858293,18774.3212196036,527.044237152758,0
138,407,5.78116996833211,6738.61818643416,25.105259667094,9.50252106963621,9.67330840079169,14.5904098995994,35019.277261411,18682.7272315468,301.815244896137,0
138,408,5.33002962869598,1769.02162706986,26.1665882194566,24.1277704686111,25.2597999539194,37.2390468103715,31480.5395224061,24269.9287700081,-338.721760483754,0
139,409,6.24542301745865,8761.80762937079,24.4273178326137,8.02824007615531,8.13582810382485,12.3165948997958,36602.5467301301,18744.6538225584,485.315095497795,0
139,410,5.89812875097126,6332.72160449123,26.4040831823129,9.95984520457177,10.1578928667943,15.2978638409459,32855.7134451391,31495.2963876364,262.530050004469,0
139,411,9.08652341501804,8223.77772375086,24.0306309318524,8.33406036875654,8.45164368282416,12.7874065758454,37195.5079586633,17698.6588834573,337.114745716422,0
139,412,6.59914018732624,7207.3800040471,25.8869046448098,9.14246536930519,9.30125348947553,14.0360413255863,34469.8965105497,31147.1329211234,872.939384594828,0
140,413,6.08749000457806,8916.61510805728,24.4431233700684,7.94223529858987,8.04667851797654,12.1840975149645,36611.6530101713,18759.5846475353,528.638215417865,0
140,414,5.80935757152095,6477.47302081343,26.6421703726301,9.82850305297953,10.021623757455,15.095488155265,32871.4642929924,31509.7107135764,288.614770070672,0
140,415,9.24920875486226,8487.71503143703,24.1151789618047,8.17544553381624,8.28732267045533,12.5430736587164,37187.7718825622,17715.6935163172,298.983897558976,0
140,416,6.64618548023404,7354.25803269041,26.1176408099454,9.03689794125896,9.19217993361663,13.8735050919925,34465.8746185699,31150.680934814,882.256093075414,0
141,417,6.01743944129119,6381.52776481343,26.6421703726301,9.92356060842067,10.1211102974648,15.2421941754503,32872.3299159857,31509.3935238823,283.329436678256,0
141,418,6.66557520769037,7280.77929669041,26.1176408099454,9.09471411646308,9.25248504288918,13.9626788454252,34457.9209656665,31150.7917417429,906.489199572652,0
141,419,5.93658569134006,3029.74939039263,24.5024756442344,16.1137852650405,16.6421625719319,24.8073942899074,36039.5193288476,16741.5344971427,248.039703803705,0
142,420,5.77222762474988,3987.08745439263,24.5024756442344,13.3520584126699,13.7137893311099,20.534713187734,36036.0443276735,16715.2324794704,301.740840589489,0
142,421,5.92438303583515,6193.77814081343,26.6421703726301,10.1170118188574,10.3236801540244,15.5407837863355,32835.7444872248,31498.5326898459,271.882385879609,0
142,422,6.4027978529905,3545.04747640918,24.7985610940785,14.4918220688716,14.922489351425,22.2980944280577,36143.4173528707,21378.9211715483,732.983009056455,0
142,423,6.69230571636805,6838.58532069041,26.1176408099454,9.46532392820547,9.63936697328304,14.5343823452474,34475.338621508,31148.0407869884,916.476487203214,0
143,424,6.08331679428618,4513.72911439262,24.5024756442344,12.2887000912942,12.5919888715048,18.8911548359338,36092.7005490685,16740.3021708995,274.994585209792,0
143,425,5.89903522296472,5748.23621281343,26.6421703726301,10.6201459215868,10.8511776285624,16.3175425236578,32864.7051737052,31517.046961733,290.574286589864,0
143,426,6.50505824939897,6813.89417469041,26.1176408099454,9.48724859637523,9.66227128055962,14.5682080525222,34466.4957336318,31156.9359007338,898.649261720854,0
143,427,6.66927150165428,3670.03273648819,24.7054998819068,14.1434678067687,14.5526042368846,21.7590129012253,36386.6383112828,21099.9325571797,837.881819502783,0
143,428,6.33372543729132,2796.6547502041,24.8426761876194,17.089673299176,17.6852560862076,26.3194839993811,26894.1992764883,18711.3284952034,668.162078819978,0
144,429,6.00993752624464,5699.31855123812,24.4646585293079,10.5435344651319,10.7585338138027,16.1958614225562,36201.0657874889,16811.3818533441,303.163067617907,0
144,430,5.85749548180312,7014.00435481343,26.6421703726301,9.33912497331717,9.50999490063094,14.3403629019397,32877.6370301254,31507.1535059322,265.060152088401,0
144,431,6.57537156066827,7039.28623269041,26.1176408099454,9.29209361605472,9.45846282077804,14.2671382474149,34463.5424232718,31135.7966712004,896.201097384739,0
144,432,6.29952868951134,2150.7590548265,24.8923228412486,20.6330798966824,21.4779107060811,31.8112736370076,26896.2625215336,18724.2631555959,694.357366659801,0
144,433,6.12063095577724,2021.65427172806,26.2319537415844,21.8569939770381,22.8120530359077,33.7148446555704,23985.2929739054,24691.0677474918,572.516104578072,0
145,434,5.88290626348325,6853.10650923812,24.4646585293079,9.36805829715401,9.52982702813143,14.3821251049255,36199.1790412672,16803.8332552769,335.536737671873,0
145,435,6.08003375624364,7603.68442681343,26.6421703726301,8.87137441719912,9.0218640287361,13.6188529447369,32838.6035314765,31476.4172245682,230.061061355546,0
145,436,5.75316877866473,6899.08538044901,26.9551299581497,9.45385787098757,9.63131669981904,14.5177790869451,32193.8306628102,30198.5640716944,-240.649955903611,0
145,437,6.18377008542868,2591.77525572806,26.2319537415844,18.2450908333298,18.9348602268122,28.1137747463473,23968.5572938393,24657.9570373161,540.533519248549,0
146,438,5.82773458108526,6177.94353123812,24.4646585293079,10.009441489871,10.1996154765248,15.3715912770394,36204.60078529,16826.7882732122,347.004216964324,0
146,439,5.95964397460951,6646.28028481343,26.6421703726301,9.66710111805104,9.85278066618327,14.8464119258569,32837.120483597,31496.1563960099,224.993365209011,0
146,440,5.85116155423575,4017.60633972806,26.2319537415844,13.4438808734226,13.8244267030727,20.6804315931472,23992.2270648934,24700.4309585264,562.961840291171,0
146,441,5.55858098430125,6320.63770873861,26.9601764945323,10.0025754000036,10.2054337789528,15.3645905471676,32165.451155292,30196.3615606018,-222.578713208429,0
146,442,6.12084297555697,2422.73241315351,25.2030356443565,18.9834842662054,19.7132071017604,29.2548789791846,26873.9933014422,19938.5928091179,332.249852143729,0
147,443,6.00779332252495,6013.95996123812,24.4646585293079,10.1840447455864,10.3822198490278,15.6410265066022,36205.5631073542,16808.2687609094,277.610810892285,0
147,444,5.90632349358039,3299.29742881343,26.6421703726301,15.4369614670534,15.9426413629494,23.7652758911776,32845.9599043476,31486.2341250058,291.191831725031,0
147,445,6.08639413220307,3248.08397772806,26.2319537415844,15.5585727121823,16.0682791605038,23.9525087841061,23998.1926518925,24680.6483908587,526.841995073724,0
147,446,5.84499933349097,2697.94728315351,25.2030356443565,17.581082665352,18.21361709428,27.0817553164245,26842.3340714918,19980.962673856,326.918443244183,0
148,447,6.02418113112437,7271.88684723812,24.4646585293079,9.02273589496804,9.16987316229078,13.849575634587,36197.4937128086,16817.4253020315,312.599453644841,0
148,448,5.9297986610249,3437.04803281343,26.6421703726301,15.0048164763891,15.4831382421071,23.0963502983537,32841.9144847063,31502.9871878372,253.590481225693,0
148,449,6.12170100947024,2901.59297172806,26.2319537415844,16.8383225190885,17.4317473653316,25.9342017842574,23946.32538011,24658.2491478231,551.078884629718,0
148,450,6.50941231606459,2039.57010371269,26.3500524187862,21.7383173619586,22.6859013337382,33.5311515194596,31349.914969727,24350.3842570846,848.577455585873,0
148,451,5.95474719051584,2417.44823541235,25.242697638328,19.0198084279695,19.7525852263989,29.3113138941146,26827.2000659309,19985.8691894879,340.804007745793,0
148,452,6.05912292562567,2006.14362024107,26.5062407322145,22.0367033142524,23.0093361031227,33.9947342551268,27832.1315151553,28953.3395675478,582.833739323147,0
149,453,6.03678658750427,6558.20039523812,24.4646585293079,9.63405783042516,9.80741619063703,14.7924320180483,36205.0433857261,16818.0712686883,337.770870389017,0
149,454,5.81428146521193,3656.82346081343,26.6421703726301,14.3767480140632,14.8161788260483,22.1243902733001,32853.3293315515,31508.0421795405,265.757655651678,0
149,455,6.0567679433222,2661.26863522354,26.521930226002,17.9455419904373,18.6176055838297,27.650443095256,27880.7927151414,28970.338804446,579.254247785796,0
149,456,6.29794529526713,2731.77251172806,26.2319537415844,17.57314863888,18.2163612675449,27.072554034812,23980.1988046478,24654.2333805431,531.509517095648,0
149,457,6.50478518643251,2238.99350771269,26.3500524187862,20.2998523398414,21.1391159014992,31.2997441777849,31357.1700925376,24367.8439573661,823.283440509433,0
150,458,5.96345591137235,6252.8167117409,24.5461710085086,9.93705201245619,10.1243788094811,15.2600149640752,36199.7088270031,16817.5075295601,322.695954780224,0
150,459,5.73882387017925,3421.70392176295,26.9038857318937,15.0798459429199,15.5651631980784,23.2131083874221,32866.7668837322,31507.5276265496,290.938378905492,0
150,460,5.99876984222781,3014.57879647261,26.1859174452808,16.3857396174252,16.9486580141714,25.2331291783662,23983.4039403798,24655.5101943784,534.676166060498,0
150,461,6.65600380768325,2318.31617773171,26.3511633034383,19.7920901903171,20.5940014909174,30.5123287965863,31331.3479880407,24364.488564666,791.421060189683,0
150,462,5.95025899267677,2535.66546867249,26.6165086013348,18.5924883747111,19.3110698082582,28.6533985539648,27855.2222250224,28989.4779203695,615.042127346938,0
150,463,7.55818851324351,2376.96715299663,26.3906949041723,19.443290345926,20.2202847215853,29.9716304680093,24734.0237066034,27309.6834884669,1246.72636684037,0
151,464,6.11012975796909,5974.5622537409,24.5461710085086,10.2321498270276,10.4330042147778,15.7153900927546,36210.308800493,16818.8609173236,338.800163535944,0
151,465,5.87662639090142,2162.60965776294,26.9038857318937,20.9230936267761,21.8159973142922,32.2683919644117,32867.704405038,31503.9557161199,279.840532430576,0
151,466,6.47184348460807,2283.44901973171,26.3511633034383,20.0113350458453,20.8293226658566,30.8523096765052,31360.7078738404,24352.2316681754,842.421744850794,0
151,467,7.73575411915427,2520.64275099663,26.3906949041723,18.6372937107398,19.356490333112,28.7221415924033,24754.4325272789,27340.4172975595,1234.28430397401,0
151,468,6.02589262252614,2301.15464667249,26.6165086013348,19.9446247233095,20.7609734114279,30.7497596317143,27995.0593272356,28998.3476829539,507.997404183088,0
152,469,5.8596235435964,5771.1961957409,24.5461710085086,10.463492594816,10.675175158438,16.0724438886466,36200.9063674124,16808.4064806719,349.056634265621,0
152,470,8.0721883349415,2300.31667299663,26.3906949041723,19.9112774699865,20.7224042768532,30.6972825962316,24736.2349284893,27320.6090448082,1192.09328620575,0
152,471,6.33307115022533,1622.91130573171,26.3511633034383,25.7988621045682,27.0694248994168,39.8348696934127,31335.1204602138,24348.4277294069,786.471431294309,0
152,472,5.72569223662071,2285.78049867249,26.6165086013348,20.0422211883516,20.865760670023,30.9011111245544,27983.596199014,29024.7082149197,474.700087402384,0
153,473,6.02118361325116,5762.0113537409,24.5461710085086,10.4742780563054,10.686470161998,16.0890914338962,36195.0934728859,16817.4405180314,297.073171997215,0
153,474,6.40786706100876,1750.08942973171,26.3511633034383,24.3670225661395,25.5210614602679,37.6112941015351,31344.2567600752,24338.9074050949,776.907517896519,0
153,475,7.72380084894343,2537.55871899663,26.3906949041723,18.5479546151707,19.2608241310806,28.5836665206101,24748.9046480205,27326.4036324598,1262.55969258757,0
153,476,5.78539387338309,2467.56183253361,26.6376039161602,18.9639643661073,19.7092955386263,29.2293061899229,28001.7494656253,29012.5585732219,457.165903799842,0
154,477,5.81400556433621,5424.8813977409,24.5461710085086,10.8922223383807,11.1244780998166,16.7342828799113,36206.4368859139,16827.642353014,331.513720676394,0
154,478,7.43825785849053,2156.24460699663,26.3906949041723,20.8741413407299,21.756752079746,32.1906319468965,24740.7646799533,27317.03160423,1236.68120637403,0
154,479,6.57858847998496,1670.28923173171,26.3511633034383,25.2414153491497,26.466297138267,38.9690933139877,31364.5995074192,24379.2039034672,866.940920615822,0
154,480,6.0938139831934,1609.32465472987,26.6197172338856,26.0334819803938,27.3277471638772,40.2005011762714,27972.0067070029,29038.7296993711,500.244839128515,0
155,481,5.99920894172473,5669.8105177409,24.5461710085086,10.5842415542939,10.8016524985065,16.2588285007427,36193.9387451478,16807.6204104321,333.107865443228,0
155,482,6.52768021219323,1940.94471973171,26.3511633034383,22.5514237958514,23.5617658209816,34.7929042062811,31347.5279170635,24365.7712346505,821.654334070036,0
155,483,7.56185146904554,2093.11809099663,26.3906949041723,21.3347687406968,22.2521500344558,32.905199946822,24733.4813211486,27342.5367519351,1241.20182364374,0
155,484,6.08614246113036,845.264740729872,26.6197172338856,43.4294979657221,46.2951105493782,67.2602422203184,27957.5347745538,29021.8166199532,470.232727349892,0
156,485,5.88968402522924,5352.8784037409,24.5461710085086,10.9874588871078,11.2243722877737,16.8813255010492,36193.7524210469,16809.7867454764,352.148521376896,0
156,486,6.56684660811393,1958.98401373171,26.3511633034383,22.3970237935956,23.3953715185363,34.5532895217955,31341.7602437498,24367.9694122976,771.542893570487,0
156,487,7.75571085823728,2612.35901499663,26.3906949041723,18.1657158927903,18.851699023798,27.9912498495521,24746.6141606089,27324.8592750958,1235.232937876,0
156,488,6.39608845983869,1945.6789965532,25.0160215913222,22.2310858060289,23.1975432009629,34.2905225910509,36050.816122327,22835.6896376354,669.579498061805,0
157,489,5.81344796116681,5910.0921517409,24.5461710085086,10.3039790986696,10.5081747107834,15.8262454943558,36188.1381274571,16808.1761179431,333.956912865978,0
157,490,5.57594795922142,5338.63233004378,26.3367287889443,11.1271067328302,11.3818054882643,17.0999635572235,30248.4191064513,24846.3510998273,-117.044623163997,0
157,491,5.1168376094171,4755.66655607514,26.3715566173504,12.0141931395382,12.3155941862374,18.4705095736731,31812.9345447021,24286.671199024,444.317036807725,0
157,492,9.22885442363999,3010.52832296604,26.3852226938625,16.4264286753978,16.9939908302525,25.2966820939697,24594.3878640169,27295.9961236657,-1216.37586124912,0
158,493,5.98834982246667,6077.0051797409,24.5461710085086,10.1207604920452,10.3164708463848,15.5434911808001,36204.5890438936,16813.3317685585,315.085300959785,0
158,494,6.04011626568261,6776.54296107672,26.3412042009381,9.53207991768573,9.71018203999402,14.6376722293367,31873.6915036715,24252.6585951306,437.823962805709,0
158,495,9.08779059187175,7169.68634404055,26.4461420616717,9.19979848456934,9.36362128678469,14.1251803391062,30974.2589956053,24975.4907100232,876.030129143275,0
158,496,9.2166035346256,3114.45684624212,26.3781223056578,16.0391320976538,16.5812109224141,24.6969126844467,24588.8076677621,27323.0812547761,-1193.06251905125,0
159,497,5.94193955547417,8003.9718157409,24.5461710085086,8.4985345012976,8.62473365434458,13.0415130239903,36200.6396574722,16831.0273008883,307.83892795998,0
159,498,5.89803327883346,6129.25196807514,26.3715566173504,10.1705212785163,10.3783296327319,15.6229928638556,31893.0662993055,24264.0292679989,477.891526271983,0
159,499,5.56954864693023,3341.56888806439,25.6534173988616,15.1895111567533,15.6705929628827,23.3797823847328,33184.3477474676,20499.4995524589,-150.979716118033,0
159,500,9.20924925464521,3808.05558624212,26.3781223056578,13.9572415255939,14.3691894687098,21.4747722734454,24630.9855822485,27301.5365206169,-1215.04657966892,0
159,501,5.7601530923583,5671.22493004378,26.3367287889443,10.6952083286662,10.9282499405571,16.4329778543503,30224.801032091,24856.5507172591,-208.266124701454,0
160,502,5.8701239568948,6043.21892310047,24.9281878755038,10.1797698663705,10.3803016598339,15.6351356900753,36192.8349968964,16812.2365443826,337.609813256674,0
160,503,5.93345877877557,7584.21237651151,26.5367100947863,8.88108840446161,9.03154033726947,13.633709277197,31884.0942529186,24258.145581334,454.091387562217,0
160,504,5.49183338090153,3788.30229803649,25.8710794988878,13.9573203364679,14.3651867963098,21.4737682707159,32653.3379810409,19730.9473968388,-175.736713352062,0
160,505,5.52235980216892,6131.48888261918,26.5018033322801,10.17552068015,10.384245642657,15.6308976014016,30201.5466973464,24868.2664213736,-147.406884080285,0
160,506,9.14200362749812,4105.45997902647,26.2095162285607,13.2462606852054,13.6152033575903,20.3747804310505,24603.0232196075,27311.4154826315,-1207.0535201054,0
161,507,5.91244802569555,5582.39095110047,24.9281878755038,10.7161698926813,10.9421568170112,16.4631095126508,36201.3606190683,16799.0076712357,308.052816692881,0
161,508,5.96143370709789,4852.10733651151,26.5367100947863,11.8670264578958,12.161596220056,18.2433907604494,31884.9510150139,24257.1918761341,418.783814102898,0
161,509,6.93209857942864,2429.38930690937,25.1169728406653,18.9320164989086,19.6570560787178,29.1748181364519,29327.1690552369,17313.4098381488,905.506177540217,0
161,510,5.31932662182344,2752.04507603649,25.8710794988878,17.4303662426373,18.0599606829724,26.8502768270019,32657.679839788,19720.796856076,-180.651434031916,0
161,511,9.23084008929719,4069.85166958518,26.2117118344691,13.3248120808666,13.6983015289286,20.4962547195055,24593.4409296436,27296.1122725628,-1194.78169074838,0
162,512,5.82758022919893,5814.36878310047,24.9281878755038,10.4368293051821,10.6494305138169,16.0318908155736,36213.6685232461,16824.5214015864,336.28848541602,0
162,513,5.184525763173,3912.855453449,26.5003894601173,13.7126444000229,14.11102112595,21.0966820673288,32027.1837362853,24179.7543071663,-128.019253478988,0
162,514,6.28549819727344,3132.14391824279,25.7468764097965,15.8991040291817,16.4260672411395,24.4784389576328,23088.4695786949,24392.6029937673,641.368685359323,0
162,515,8.97913991081724,3744.10915558518,26.2117118344691,14.1033663785259,14.5227198378193,21.7004537632089,24602.5464048907,27290.1988962041,-1195.29901870311,0
162,516,6.87234941742978,3348.71049490938,25.1169728406653,15.1061397371811,15.5771157016083,23.2494002565715,29314.5036934835,17312.8285312702,852.622153789933,0
162,517,5.83518216332011,2161.24510699314,25.8449234634003,20.7379489319348,21.603248302903,31.9774181171166,31276.4439714938,19976.2548024581,-23.0933411042434,0
163,518,5.88735648619489,5527.12771710047,24.9281878755038,10.7857461108554,11.0151101604077,16.5705262842995,36209.2077329311,16826.8324487955,301.03985857075,0
163,519,5.32884616986374,3359.980827449,26.5003894601173,15.2268448219632,15.7179043242613,23.4396691659181,32025.3318338829,24187.8050539367,-276.682071329213,0
163,520,6.52215336065204,2926.89056890938,25.1169728406653,16.5886702928348,17.1541089710166,25.5444051558816,29296.191911678,17297.7924295587,895.618321811129,0
163,521,9.27054213046262,3508.90779502647,26.2095162285607,14.7456753700778,15.2041183872993,22.6942639317008,24569.8742240865,27312.8624485583,-1155.7995434417,0
163,522,5.29657827557085,1697.95631269561,25.8317541408492,24.8031929976028,25.9842779681963,38.2863050534213,31273.7266289066,19947.896924023,-66.0102742197479,0
164,523,5.92280364794766,6046.32458910047,24.9281878755038,10.1763987537872,10.3767738721195,15.6299330289655,36198.7625959198,16817.0529621788,348.859467853453,0
164,524,5.38491517085381,3739.092339449,26.5003894601173,14.1448804795468,14.5690767308766,21.7653245187819,32036.9094591453,24162.5631379516,-290.9885874862,0
164,525,9.6203212553965,3506.20632958518,26.2117118344691,14.7537408650675,15.2127009651798,22.7067504586222,24545.8160512479,27304.6278259001,-1213.33766505495,0
164,526,6.85151368599141,2458.46079049077,25.0331722905651,18.7576574371943,19.4694128600358,28.9043048762358,29336.9961734285,17324.4937586656,875.055770362393,0
164,527,5.61613333931194,1707.69180469561,25.8317541408492,24.6965207324272,25.8690055910139,38.1206712118316,31266.4262158434,19949.0805770026,-19.169163736854,0
164,528,6.54622460777499,2902.6176812797,25.9238686215547,16.7933945025033,17.3806754423956,25.8637479805982,23417.4267014759,24803.8361395308,557.395562096461,0
165,529,5.85820892216424,5872.97996910047,24.9281878755038,10.369322802888,10.5787311814892,15.9276923844357,36190.8830291322,16813.4006800044,338.847138856934,0
165,530,5.34716128591034,3120.404025449,26.5003894601173,16.0325522264444,16.575365014727,24.6870444593379,32030.7519145073,24165.8164917704,-290.076045736599,0
165,531,6.71874579538736,2541.52367290937,25.1169728406653,18.3305146728082,19.013470898594,28.2426368472731,29308.033924175,17313.1055069451,903.848617293208,0
165,532,9.46143053396191,4011.89353102647,26.2095162285607,13.4548114007967,13.8358211855356,20.6972883831985,24599.3526233393,27328.7910586728,-1199.37463127726,0
165,533,5.49575158033949,1429.91604374262,25.8582456740625,28.2834986690974,29.7533866905069,43.6926241730995,31304.5011414036,19968.7245035382,-40.9608795144183,0
166,534,6.00418828213447,5454.68420310047,24.9281878755038,10.8788270930774,11.1127357396623,16.7142386825816,36207.807721658,16820.9286273859,314.6776611643,0
166,535,5.58321944311457,3043.335051449,26.5003894601173,16.3162040143069,16.8776153982703,25.1262910913695,32020.9633989153,24179.2760877786,-306.826892523156,0
166,536,9.36236301011294,3568.16546758518,26.2117118344691,14.5768211121215,15.0248939308023,22.4329790004875,24562.033849021,27308.5348323416,-1169.74859234332,0
166,537,5.71459530365089,1413.33634069561,25.8317541408492,28.53129136199,30.0217581345503,44.0775542948268,31268.0489008854,19949.3555921887,-58.2089470010911,0
167,538,5.98698859353957,6280.43894310047,24.9281878755038,9.93069395681562,10.1197630875224,15.2507662022548,36202.2312096461,16820.3906522106,323.702941471965,0
168,539,5.82484007644561,5276.71412310047,24.9281878755038,11.1170179328753,11.36269322061,17.0820310339874,36194.4516766466,16822.5488568181,336.958227251059,0
168,540,7.23164023251676,3123.90372996698,24.4380490940268,15.7667816895721,16.2724903210066,24.2700677773275,24260.1236823636,19282.9786672393,1107.36424128509,0
169,541,7.01311916655072,3661.66851996699,24.4380490940268,14.1376362863405,14.544120173916,21.7493569184885,24207.4445763073,19250.5467176621,1047.05628187136,0
169,542,5.50845881382053,5222.32267266238,26.5365154825721,11.303142249376,11.5680573574321,17.3722003249209,33756.8209830507,25409.5927300552,-276.871844038828,0
170,543,7.45214694003678,3504.82903130909,24.5532443391268,14.5786716071645,15.0123631462121,22.4318491127762,24213.8887287178,19260.6154736125,1096.25047845917,0
170,544,5.55759065349449,4713.24309633908,25.9598638544298,12.054612866702,12.3554645046942,18.5322191602355,33973.4211943447,21394.8612156511,-305.86153611116,0
171,545,6.01574267244778,2640.91899784545,25.7928082682307,17.937080621146,18.600534896427,27.635121133205,34540.1688919973,21915.6311857068,4.47656320787073,0
171,546,7.56388978846439,4097.97199835458,25.3890980751226,13.188786980627,13.5482215232401,20.2841973072075,25740.7278273714,20847.2763161502,1147.35991214362,0
171,547,7.21389018967975,4457.98215530909,24.5532443391268,12.3948717955599,12.704208851825,19.0553161114476,24222.8711927613,19267.5518407521,1072.07926580675,0
172,548,7.30241532199387,3584.73935930909,24.5532443391268,14.3558525341962,14.7762357292779,22.0871622725352,24230.6427380614,19239.6693928846,1068.98927980294,0
172,549,5.44820570389513,2844.59341984545,25.7928082682307,17.0165374439487,17.617368524964,26.2089964909773,34572.4294042002,21904.3744601759,-4.03528495832681,0
172,550,6.81496158464629,2931.11581020701,25.8108981637415,16.6634461662924,17.2409439681694,25.6621697499829,25947.0650654986,22502.8438091493,1015.15150361816,0
173,551,6.7121712555484,7535.02911421161,27.2045458171293,8.9477811916613,9.10395089884227,13.7373620965933,29930.7859422448,30380.9812224132,112.299481730942,0
173,552,5.89170091627272,3229.67397784545,25.7928082682307,15.5687453849996,16.0750179169579,23.967132073147,34554.7795421582,21888.6063289955,39.7303595586426,0
173,553,6.54786983765599,4319.70244233425,25.8820865735093,12.771673318768,13.1112823040688,19.6403495051382,26135.9161901305,22929.0933008144,214.716974306183,0
173,554,7.36825706778598,2798.27900330909,24.5532443391268,17.0419954941564,17.6312613512246,26.2447740702522,24225.1356015557,19254.3130620568,994.454402123376,0
174,555,5.89676857819563,4355.44333233174,25.5515841300697,12.6733920536241,13.0051459013673,19.4877665762485,35184.8462558855,21876.6997173042,104.656995017086,0
174,556,5.65096338027739,4711.5036239947,25.8671036217103,12.0504445716338,12.3504527042412,18.5256069917027,26079.3742307047,22940.9504251622,-11.4865045683278,0
174,557,7.29844116223656,2957.06443730909,24.5532443391268,16.3955756269151,16.9425848421587,25.2438012113819,24207.6169277981,19272.9769526699,1047.29684476234,0
174,558,5.51345600763706,4209.49143079862,27.2772724218835,13.1161703577812,13.4854293130093,20.1757674324794,30688.0303844385,28549.5576871075,-537.875300862427,0
174,559,6.37160988674179,2540.04498817287,25.8521508965127,18.4521460461088,19.1521154853419,28.4334788067512,31009.5501670523,18134.8569833789,533.121158420119,0
175,560,5.68830996244936,4684.6539299947,25.8671036217103,12.0963506347787,12.3988235841659,18.5965448454567,26098.7009073181,22951.0272646313,-29.6756524651296,0
175,561,6.7721674167412,3792.20831264138,26.5526970763961,14.0140528572529,14.4307971374886,21.5630423665727,35067.8575479008,30423.5547293682,954.621751923239,0
175,562,5.42245189708136,3207.69019797012,26.2883595706056,15.7014053890715,16.2207846509507,24.1737758422946,31267.7553245895,22434.7904315638,-368.347200960254,0
175,563,5.71086428823272,2743.07653099601,25.552677301158,17.4256501651912,18.0514877552862,26.8420240733645,35173.6620764754,21896.7964300779,140.005746893985,0
175,564,7.0490645824306,3046.06240632013,24.6124794473319,16.0677751502164,16.5943340376513,24.7364757759739,24260.0487854589,19320.5111105312,1018.97377677262,0
175,565,5.35614362953276,3637.74411874731,27.1641806201676,14.4814270855011,14.9315682324439,22.287550025382,30662.4500774798,28554.7582740603,-541.888562882361,0
176,566,5.64319598369125,3748.0203059947,25.8671036217103,14.0591272696519,14.4730174670716,21.6312414311076,26103.8871968781,22956.0850709367,-11.4309706385587,0
176,567,6.75747043141248,3787.84792443149,26.5215688695316,14.022058576697,14.4390343889979,21.575358747974,35086.0752068368,30434.6684730394,947.659756272912,0
176,568,5.20275073336857,2546.40359997012,26.2883595706056,18.4860418682748,19.1933771565536,28.4873853709805,31259.3139450754,22445.9479832907,-372.198897440641,0
176,569,6.92558171034017,2852.81375344464,24.7147304735849,16.8348241443168,17.4121778684011,25.9244210239877,24406.450989419,19494.8880362594,1061.67573750852,0
176,570,8.92956674718949,3924.73869540088,25.7113449550669,13.6101235711449,13.9962962209732,20.9364130081694,22825.6498809541,26075.524433773,-1297.56855949416,0
176,571,5.5013329386522,2150.58905479862,27.2772724218835,21.0774078410518,21.9867617433894,32.5091040066323,30665.8491768823,28547.9264296627,-529.434296807375,0
177,572,5.7207153150524,3612.95418033425,25.8820865735093,14.4182913079723,14.8539025894855,22.1869192156335,26115.8387519362,22963.4015977398,-24.3507833871651,0
177,573,6.9195125272069,3632.60867643149,26.5215688695316,14.4302817108871,14.8719866217,22.2069490365795,35056.7455833914,30461.373830978,950.849375265831,0
177,574,8.71730030343928,3553.97503740089,25.7113449550669,14.5641152563129,15.0071266357135,22.4121385848292,22823.450277479,26074.5382092896,-1353.2631775025,0
177,575,9.05724963802316,3120.9295233731,24.5966558069989,15.7969649195926,16.3061578259256,24.317222372038,23639.52981339,19847.2790913294,-1119.87319560828,0
177,576,6.00490142123694,1461.80208499601,25.552677301158,27.7185249247362,29.1352149300928,42.8132337962275,35203.5828887878,21892.7934015665,90.5348897631747,0
178,577,5.69267081473284,3054.11050833425,25.8820865735093,16.198702873744,16.7463818681184,24.942675387941,26106.5173109827,22955.2849708114,-4.48825574783998,0
178,578,5.57934933637451,1251.22121540957,26.2240637742149,31.5050546529507,33.2606511737728,48.7021926296046,31422.6689961697,21826.8545632822,-390.609981065987,0
178,579,8.74629165538265,2074.53266940088,25.7113449550669,21.3438110057551,22.2527336896283,32.9167042246299,22838.382774161,26048.132730735,-1373.80350498348,0
179,580,5.60768134643334,2484.25574166673,25.8964939590303,18.7553986685581,19.4772528937229,28.9036308437691,26340.0089551989,22954.5595480021,-15.4098749251797,0
179,581,8.41871777288505,1598.99132940089,25.7113449550669,25.9254150486236,27.1958724003964,40.0285189547322,22863.3138296765,26089.3999230328,-1258.96602747671,0
179,582,5.27549085112081,1151.83990340957,26.2240637742149,33.6345954264258,35.5797824409205,52.01391179334,31440.0482677268,21851.0288281965,-327.093180761933,0
180,583,5.61610495203224,3085.77614243568,25.8560410048357,16.0790133391399,16.6186560912921,24.7572792695238,26325.2598899571,22933.9087992541,-6.40881944505508,0
180,584,8.70066874603074,2460.41611993618,25.5430291733367,18.8291937028753,19.5520973416955,29.0168616142485,22817.4964508337,26100.1526770881,-1340.10196042138,0
180,585,5.26215366524808,1586.15910207799,26.1476815158625,26.1995821718835,27.4998672199991,40.4563704605393,31437.1204012411,21816.9471653563,-319.083127163639,0
180,586,5.74520139138581,4211.93089505066,26.0250142233509,13.0030471380877,13.3567237399025,19.9983397726533,34478.4726503482,26118.5278115988,-69.9408113705489,0
181,587,8.88446390994584,2521.51624393618,25.5430291733367,18.5009997515192,19.2008143040817,28.5082056400642,22842.8221003558,26112.3645672026,-1334.11218853497,0
181,588,5.76557010624932,2050.48920807799,26.1476815158625,21.6132196608189,22.5485033279769,33.336299128008,31412.3178917179,21824.6276105879,-344.318873044519,0
181,589,7.43537611045405,2427.1908346296,26.0595833178784,19.0980155438035,19.8461845073851,29.4352502907949,28319.3138529334,23456.2903429432,1168.8886922775,0
181,590,10.9912503558675,5494.55508435346,26.3693958332685,10.9209866190662,11.1654565606393,16.7816795976449,33652.0288297487,26201.2580505262,-1026.95053886493,0
182,591,5.22475927752605,1965.53492607799,26.1476815158625,22.2998270770626,23.2877930215194,34.4016672061973,31392.6650497976,21841.6714223079,-348.578458457462,0
182,592,4.89323763984269,3443.17919439065,26.5083726550019,14.9718265728949,15.4469170854783,23.0449698160459,32414.5907569746,25937.6222208564,377.469506618888,0
183,593,5.54157493208697,3729.50390963604,26.728973564739,14.1923931372177,14.6213120183455,21.8393427983373,30670.7942989887,27352.3038434824,-16.7531472087611,0
183,594,5.41927623889105,1120.23405836612,26.1597316482972,34.3626423559625,36.3721132952989,53.1459805422226,31469.2112472436,21835.1800481523,-393.648169244682,0
184,595,5.81795437606522,3804.46135346561,26.7023102934979,13.9976340567523,14.4145840423665,21.5379704055548,30412.3501141322,27419.0674134024,183.435475995621,0
184,596,5.47553467095683,1610.78417007799,26.1476815158625,25.8941001195402,27.1691896645289,39.9818771360079,31463.0038614333,21839.41055052,-387.449841796623,0
185,597,5.36918803560966,2450.64227391268,26.8416180264841,19.0907602719376,19.8475684055171,29.4265277445747,30273.0466161409,28306.6244143069,-389.830542277432,0
186,598,6.99610044028993,3214.4291155101,26.2572681448226,15.6747999908019,16.1921814103959,24.1325064886251,34821.4974462634,30909.8500300903,951.110773771635,0
186,599,5.51905892747229,3454.88604118205,26.8225662288243,14.9705594466897,15.4482923101372,23.0437583261165,30245.4369890278,28301.1396811021,-409.338060765089,0
186,600,9.11955438914896,3893.98889858959,26.9798977004107,13.8029880943073,14.2104521229529,21.2374551481079,30992.2430833483,31186.7286559895,-1195.00114620207,0
186,601,6.65909163829986,2799.05002489047,25.2149145136893,17.1314388569669,17.7338299384703,26.3852807062966,34847.2314410344,30906.4126496326,941.173662881813,0
187,602,6.74312855281968,3600.92262597024,26.1961596915997,14.4839026480024,14.9261599086504,22.2891670036523,34833.142549678,30910.8001424082,1015.48206040776,0
187,603,5.33833359577658,2953.27559391268,26.8416180264841,16.7086241938333,17.2994670427202,25.7349896637661,30268.6555022368,28293.8957131044,-375.705248662529,0
187,604,7.01287299458135,1498.55490357109,26.0603969710322,27.3387531498354,28.7324664662315,42.22566007579,31191.4123748614,20979.0468293648,880.340127612553,0
188,605,6.63096012923127,3591.45057545111,26.304114349734,14.5213432178317,14.9667995463407,22.3473503614758,34819.6300032595,30916.8440114909,982.766233908387,0
188,606,5.31064074931896,2529.34117191268,26.8416180264841,18.6603769426291,19.3863248028946,28.7593306168262,30271.353135046,28292.0548833087,-391.02341579973,0
188,607,6.78285240397401,2143.15754254728,26.0995438953993,20.9133769204002,21.7951296553453,32.2504437873232,31455.3719178672,21233.868981122,468.485288894568,0
189,608,6.51485562915835,3986.77409397023,26.1961596915997,13.5110615093242,13.8952448290117,20.784252522425,34848.8641793655,30911.3162597218,978.976820572346,0
189,609,6.74172692384524,2857.2646045622,26.1216941853201,17.0075909429684,17.6112400733271,26.1960802624417,31622.3697667909,21394.9314475871,719.48738494891,0
189,610,5.44461933190562,3099.32999991268,26.8416180264841,16.1503820092819,16.7041463409863,24.8703972202154,30255.0981753655,28288.7384405013,-408.18662014885,0
190,611,7.06897886173632,5854.39181484764,25.8941846343404,10.4492979801159,10.6678860126815,16.0526283249822,35134.0862895044,30588.8344499671,1087.07427768603,0
190,612,6.58760365330053,2650.92606316323,26.1275630688721,17.9379532240965,18.605175606239,27.6374947873063,31619.3191769278,21389.531511006,751.414044541998,0
190,613,3.97663746829965,4710.95155587885,26.5827009687161,12.1061406723649,12.4139033893382,18.6129874845321,34459.5899031296,30934.2922427729,350.391934754679,0
191,614,7.05629061122516,5791.17740237202,25.7776869195196,10.5161610858112,10.7373310400551,16.1556730806752,35181.118996078,30555.6496669018,1091.71086123787,0
191,615,6.56513987744637,2552.73415516323,26.1275630688721,18.4286016392339,19.1300661451717,28.3978566007732,31611.1209643677,21378.4959156733,718.565000602573,0
191,616,5.40006750763676,1660.03850943161,26.4459306553109,25.3830203728226,26.6209752876274,39.189428108375,29149.1578586966,27321.8622017028,-329.515103541953,0
192,617,7.06149905055877,5568.91303637202,25.7776869195196,10.7876494010202,11.0220739484098,16.5748373500895,35188.070506115,30557.74659548,1109.06200930508,0
192,618,6.41006423733569,2267.73974116323,26.1275630688721,20.0731333637018,20.8928754279766,30.9473739137669,31625.4398786801,21390.0997498703,754.235946369969,0
192,619,9.65583155685149,3528.54235122103,24.9352512335729,14.5529247565493,14.9884752545125,22.3929562594976,32759.186893054,14548.8752279508,-1163.24802408411,0
192,620,5.47247863078081,1154.5125092289,26.4589478280362,33.6610758583633,35.6134485311912,52.0564392382732,29159.8483937805,27311.1994842955,-317.085390735221,0
193,621,7.06309036129891,5653.99947437202,25.7776869195196,10.6815019695325,10.9107129646875,16.4109425170806,35196.0297278507,30552.3098669985,1083.8098745513,0
193,622,6.42768420573518,2414.01440716323,26.1275630688721,19.1842173367345,19.9393754792625,29.5691064560758,31613.4957474289,21382.5751751897,742.417352732497,0
193,623,9.93125485135578,3663.34147122103,24.9352512335729,14.1848541020195,14.5984081343169,21.8235710474714,32775.9033476405,14541.2976196018,-1149.99020186169,0
193,624,5.71823315854834,1545.01873743161,26.4459306553109,26.8110075076685,28.1670749755494,41.4075598551827,29136.9894573407,27339.8044063415,-308.658640930242,0
193,625,5.77210528449851,976.881560966788,25.7969892701084,38.1958541009101,40.5484631320482,59.1077546734882,35173.3335044167,21907.3196041556,86.1883145608697,0
194,626,7.00994035568861,5937.84853637202,25.7776869195196,10.3468250172852,10.5598616020449,15.8942634151431,35190.5751986501,30555.6449442938,1117.12139310511,0
194,627,6.44946619140862,2675.94902887012,26.135090526367,17.81931230099,18.4784130343585,27.4536796978767,31608.1686945183,21409.1127527318,708.40262322227,0
194,628,5.26577870155492,1369.6184252289,26.4589478280362,29.4283239197632,31.007099500147,45.4748782706222,29166.808502542,27417.5218869583,-310.498335253003,0
194,629,9.33099521983689,3199.74857851783,25.0172024033199,15.577093378057,16.0765287490251,23.9780253262454,32790.523826169,14629.4629044228,-1248.3336701126,0
195,630,7.16375651194086,6021.19492037202,25.7776869195196,10.2538321572855,10.4624465835548,15.7507194306078,35191.0043184792,30569.2414830206,1097.24593867201,0
195,631,7.58795522859061,4395.34238180549,24.942844976579,12.5451505057675,12.8654469344497,19.2883364967975,31367.8141043603,15183.8732426434,1102.43837788718,0
195,632,6.56348910505777,2360.16226687012,26.135090526367,19.5008646620633,20.2789486154918,30.0600467472409,31598.5219511977,21410.5702073796,746.997948077901,0
195,633,5.20021892567793,1535.1878672289,26.4589478280362,26.9459770718039,28.3135525699157,41.6173081073613,29168.5431544497,27375.5522454324,-296.847565634112,0
196,634,6.94405093922047,6401.16544637202,25.7776869195196,9.85691465530878,10.0470139857844,15.1381352915024,35188.8733122422,30554.0107596131,1095.98236525588,0
196,635,7.698988042629,4627.5906541556,24.9801393092077,12.1254222213115,12.4233890500896,18.6397947157996,31357.6191034823,15179.0108071929,1077.03222130801,0
197,636,7.14206088362163,6619.39905437202,25.7776869195196,9.64705606391091,9.82760606203181,14.8143150193465,35189.5141870785,30562.5474742232,1077.58646909179,0
197,637,7.70151135686684,5418.34608015559,24.9801393092077,10.9298060628913,11.166529869764,16.7930377479199,31363.4817656412,15176.7487542966,1047.49588653197,0
197,638,6.0776542792465,2038.86675773793,24.8182522836115,21.4393233395181,22.3430180399763,33.0614395733284,36044.3507456711,15706.0813420259,493.311717230881,0
197,639,7.78861058618476,4606.06786199944,24.6389190188938,12.135666174713,12.4317924506189,18.6549648729741,31377.0679606318,15187.5339237066,1066.50924463006,0
198,640,5.94621611541849,6644.30512373793,24.8182522836115,9.57315479964085,9.74562538182779,14.6989772065641,36044.8811854198,15705.0311664289,441.391980647404,0
198,641,7.10550255991613,6726.18110237202,25.7776869195196,9.54871356693886,9.72484682065256,14.6625845392931,35203.7202647609,30549.6447832266,1126.06437569053,0
198,642,7.73661255520274,4774.74636015559,24.9801393092077,11.8764788506556,12.1613051721013,18.2551686210929,31362.6139498002,15196.3984841501,1095.2767480775,0
199,643,6.10535099314327,7338.87300773793,24.8182522836115,8.98758355999657,9.13489413816728,13.7958248098911,36037.1992581366,15706.7083737249,447.428926489901,0
199,644,7.06083359262756,7119.10291637202,25.7776869195196,9.2090908255374,9.37026163949268,14.1386678064915,35185.8357976182,30554.2008375437,1082.89383332613,0
199,645,7.64807634542664,5265.8380561556,24.9801393092077,11.1356107491653,11.382534236244,17.1108313974384,31359.6721096504,15185.6642244491,1126.59651903899,0
200,646,6.16755864612821,7078.11618854819,24.5124944144049,9.18049937037088,9.33449162677952,14.0929227207455,36062.3223779984,15713.5666175998,447.13937048729,0
200,647,7.06100323005086,6351.73699691497,25.5165016784176,9.8917527244829,10.08211232911,15.191525355771,35181.2076234272,30565.2111448508,1085.32855926641,0
200,648,7.81612170651488,5959.0862888541,24.899359822065,10.2705317624943,10.4751377804072,15.7751692914944,31368.8541973567,15184.7776136626,1095.75430160714,0
200,649,5.26147565464635,4032.44534007529,25.7680062102792,13.3679043048093,13.7404919491785,20.5619577803665,32517.8536000404,17682.3053078628,-318.929802043177,0
200,650,6.95827601719643,6002.78630637554,26.2319375648844,10.3007789150653,10.5140630178358,15.8238602012466,35177.467869523,30575.4960118733,1102.32030913304,0
201,651,6.01604629671734,7131.28242892117,24.2274955633415,9.12299185249117,9.27319641636549,14.0038616013561,36510.3543517244,15792.2879656805,547.069116708133,0
201,652,7.05432495711146,6125.19958691497,25.5165016784176,10.1258723455775,10.3270679198466,15.5528314541564,35200.2257364433,30574.4387947696,1101.38162242837,0
201,653,7.53095441632866,7335.04478363616,24.9310742779134,8.99592365715653,9.1441018453089,13.8088291597609,31365.7270119187,15203.6549111585,1101.47297305495,0
201,654,5.38312107177243,5751.70679607529,25.7680062102792,10.56242769274,10.7857836219354,16.2270863036901,32508.1746162162,17671.1689762899,-315.677373388583,0
202,655,6.07512606178958,7148.90322892118,24.2274955633415,9.10877684178286,9.25838611216467,13.9819414128851,36499.9169014058,15785.8757339509,521.256624408929,0
202,656,7.22281915834031,6279.44766491497,25.5165016784176,9.96485581005832,10.1585768832278,15.3043359648474,35227.9237872841,30587.556373809,1172.70385268094,0
202,657,5.31971209793975,5403.25547607529,25.7680062102792,11.0020926208481,11.2471132244764,16.9059613749335,32536.6388011404,17670.1943669719,-283.310353485288,0
202,658,5.46707733649823,1845.5576795368,26.4958126615064,23.4465953067809,24.5293104041982,36.1829150007895,29338.31880384,27939.9731742254,-98.186575809317,0
202,659,5.64451731086258,5131.52017529726,24.9724334711206,11.3252262251643,11.5816267191629,17.4036481454625,30801.5820131756,15763.5182391644,-27.2067223138644,0
203,660,5.36230548880728,5481.99842607529,25.7680062102792,10.8984379237533,11.1382896735006,16.7458941149722,32504.3650145255,17670.509733145,-293.876158394582,0
203,661,8.75859907509862,7556.16058463098,25.0241436348035,8.83318052357303,8.9750065223423,13.5580000717875,35282.0176634021,16233.9921620824,-1301.39045485549,0
203,662,5.32470765969281,2197.2688475368,26.4958126615064,20.6069868753183,21.4709408018036,31.7766141496909,29368.8968037799,27947.1853244727,-144.296976858087,0
204,663,10.3979808738347,7767.17980615617,24.9609629619196,8.6785282686345,8.81373827766789,13.3194803734012,35378.360239864,16244.8635034791,-1003.97073260071,0
204,664,5.11623985536896,6251.56484007529,25.7680062102792,10.0076008137,10.204609637888,15.370664448038,32525.8543414154,17680.1969171988,-312.527316407076,0
204,665,5.33588709365133,2156.7189815368,26.4958126615064,20.8901440307363,21.775319171228,32.2158310830047,29348.3391850844,27948.4990853304,-127.326721316033,0
205,666,6.0924796754496,7237.65465652086,25.7502619028546,9.11163318594279,9.26846991803724,13.9883140290655,35348.2979088252,29108.751325265,797.593825865828,0
205,667,10.7076895654255,7138.91018215617,24.9609629619196,9.15301927361793,9.30797268841618,14.0511319538821,35369.1692779867,16215.6970790433,-972.576566897381,0
205,668,5.31323855882321,5362.41927207529,25.7680062102792,11.0569039166632,11.3046728248686,16.9906070505754,32523.332079266,17668.2006735756,-282.955443697728,0
205,669,5.73710438228328,2173.6790015368,26.4958126615064,20.7705172162594,21.6467099016016,32.0302681621188,29332.7087060644,27943.2547421549,-168.098943061814,0
205,670,3.93764976199275,4317.97747097191,24.7003459829523,12.6740234496766,12.9995690514445,19.487020680021,36244.8831534792,16807.9062963016,-320.888325183377,0
206,671,6.45664688310225,5986.02720652086,25.7502619028546,10.2911762639465,10.5014144459561,15.8083218430822,35341.4006907493,29089.4305261601,748.865119556463,0
206,672,6.4898935812358,3098.09191829791,24.9853676079993,15.9263548840591,16.447624453886,24.5185777236218,24505.832376008,20595.2823323549,618.60492364112,0
206,673,5.49455404626786,5724.39455607529,25.7680062102792,10.5951844875931,10.8201309110506,16.2776587452171,32505.8180016111,17698.5382278367,-312.277966572612,0
206,674,5.39064330613194,2671.3564715368,26.4958126615064,17.8933535997428,18.5615060167269,27.5694922377448,29352.9040204819,27942.4963402715,-110.186919799127,0
206,675,5.81397042614707,1523.19565851512,25.8795499314056,26.949231718111,28.3072380649433,41.6196359310411,27001.7704820861,23013.2778474719,29.4409372832611,0
207,676,6.3324285803377,5233.1349194637,25.649970495063,11.2273084700644,11.4829667733426,17.2535836474301,35360.1088827134,29103.9468000033,745.382242611673,0
207,677,6.16438444346506,4200.82787443215,25.0326641340808,12.9389846872217,13.2816524113199,19.8972585067432,24516.4687647396,20599.8454345538,632.426839100546,0
207,678,5.34233617095283,5623.22913807529,25.7680062102792,10.7189504662808,10.9499408625674,16.468747579726,32510.9941958717,17672.0719858177,-279.756191242268,0
207,679,5.41639140624909,3016.5919955368,26.4958126615064,16.4171427963054,16.9851741121252,25.2825994430664,29365.1454378217,27938.4653977298,-131.007727152876,0
208,680,6.05591546613688,5355.2470634637,25.649970495063,11.0587208862496,11.3058748920888,16.9932180300958,35339.2442645449,29084.1587181932,748.719916168223,0
208,681,5.40754408010326,6948.83954684162,25.7016092413347,9.34835290765787,9.51524436759717,14.3533848821581,34108.7199526158,18018.8855175388,-121.422007493192,0
208,682,6.13601355027425,2406.07438170816,25.1929564409103,19.0761468638916,19.8123096216459,29.3984716841207,23821.9310051389,22225.3682838796,474.470979650605,0
208,683,5.63844428878043,3088.1544695368,26.4958126615064,16.1491141822101,16.6995025726236,24.8675270050556,29340.0193182949,27942.6631645082,-162.459517415624,0
209,684,5.50791818754309,6317.42020484162,25.7016092413347,9.93657486178468,10.1299508366157,15.2609578112586,34104.3720138146,18007.7570412822,-112.971959201032,0
209,685,6.37945966785738,3784.46056888419,25.7590834347512,13.9559619943986,14.3628362186659,21.4714159444522,35333.026315966,29099.9503032092,733.307504450531,0
209,686,6.03328015682621,2181.34310370816,25.1929564409103,20.4780535502956,21.3155072871462,31.5719761808922,23843.0954826573,22207.871642877,502.0137428036,0
209,687,5.59283308387359,3340.4843255368,26.4958126615064,15.2879651651781,15.7828525638973,23.5342670980355,29363.7088517922,27954.9031932395,-136.332844538923,0
209,688,5.94317766408765,2519.09849112847,26.5578894503313,18.6713166017498,19.3948337342566,28.7754035534077,30135.6167843928,31961.5518111068,107.235739498865,0
210,689,5.40548850246699,6199.03975278274,25.7361087801984,10.0603956633514,10.2596955666478,15.4520981298171,34114.0672009423,18012.3537665976,-142.308611402852,0
210,690,6.53110053299156,2984.12423902866,25.3580996193005,16.3965077182132,16.9518572018076,25.2475248814309,36135.0749867142,23046.7257510748,700.916971211003,0
210,691,6.1266613013511,2404.3590289364,25.1924101021046,19.0858371877792,19.8226805227447,29.4134900589829,23850.1895165513,22254.4669561343,497.580246949519,0
210,692,5.45622028950644,4129.98808584926,26.4210253036379,13.2117256582332,13.5802591898049,20.3218126217273,29368.4498562715,27937.7376564402,-142.257762828434,0
211,693,5.30880137119929,5251.76757078274,25.7361087801984,11.2070200544151,11.4621748799296,17.222393937037,34116.1531922845,18004.4757500777,-139.48299848404,0
211,694,6.3346116045521,2810.19898185654,25.4523235823566,17.1163952115729,17.7203217967831,26.3626796260589,36129.4611091178,23034.9395198301,744.26627493688,0
211,695,6.25402296174027,2722.9871449364,25.1924101021046,17.4649230762107,18.0894774275326,26.9017770444329,23846.8524258943,22264.7437868558,467.190839816075,0
211,696,5.73261821026702,1810.54047484561,26.4432151801331,23.7737910343825,24.8817270013409,36.6906411455663,33396.6568197643,30113.6880712141,234.442247979183,0
211,697,3.94779133147674,2721.19092290636,26.1337177631718,17.6077624046573,18.2522936334035,27.1258929777541,30036.6357480355,23934.3911481679,-120.900615175797,0
212,698,5.75895042580406,3283.61732884561,26.4432151801331,15.4655020414979,15.9712028530614,23.808962496559,33450.4188447548,30097.4493684323,270.305770020965,0
212,699,5.38438225560585,5243.77213278274,25.7361087801984,11.2182403219682,11.4739645428288,17.239723378148,34100.7004545057,18010.9976018937,-92.3971250216334,0
212,700,6.67005817227352,3602.67243585654,25.4523235823566,14.4017136397986,14.8326588518841,22.1602618933305,36122.4637096775,23039.9234491729,705.030866576018,0
212,701,6.07335891645738,2300.6165689364,25.1924101021046,19.7023507322738,20.4832938904424,30.3692039025041,23856.0598541797,22239.9278219329,517.47595580153,0
212,702,9.92987667025589,4831.43898467463,24.84282597579,11.7737512484607,12.0522952100122,18.0962134476179,31976.7679461295,14803.3302755327,-1137.67449129187,0
213,703,5.76164349982632,3076.83724084561,26.4432151801331,16.1842688807883,16.736456081407,24.921826093806,33447.0518264525,30086.8387632531,249.222167729396,0
213,704,5.29213987136934,5913.93520878274,25.7361087801984,10.3714452873488,10.5854306291086,15.9322059379279,34097.7453770763,18003.8486975982,-147.211624937951,0
213,705,6.50146188477286,3560.32439902866,25.3580996193005,14.508891154918,14.9454921676928,22.3258531466831,36152.2927347356,23061.4090383349,708.779275523417,0
213,706,5.96043323542473,4174.31621448513,25.462456120368,13.032319405258,13.38346120085,20.042441383931,35891.5020732533,20337.5400584501,398.201802367774,0
213,707,6.10145398917266,2700.3664429364,25.1924101021046,17.5683790847986,18.1999342310786,27.0620429689026,23833.9035038035,22241.6190514799,495.134577564131,0
213,708,10.24529875385,4910.1317981869,24.7751979630213,11.6438926768941,11.9152720302476,17.8954915676911,31950.7793270193,14794.1806380759,-1116.89191032316,0
214,709,6.03566295811581,3151.90184884561,26.4432151801331,15.9134211464238,16.4479424854052,24.50243275505,33437.9223626626,30086.053657247,202.865946019287,0
214,710,5.35337950683334,4930.87077678274,25.7361087801984,11.6824933066973,11.9621494379752,17.9568532144809,34127.7786057663,18001.4005588584,-116.704923573519,0
214,711,5.92155600067857,7635.97358158203,25.8577000407496,8.81256401300161,8.95719607740207,13.5272247175665,35206.758622945,21882.9200390216,95.0544244735435,0
214,712,6.21384702080135,6523.06368502866,25.3580996193005,9.71563658098813,9.89718260179649,14.919549829231,36144.0798619062,23035.2471270838,721.113787362749,0
214,713,11.061734679912,5583.91413648512,25.462456120368,10.7486015973453,10.9792849705571,16.5140426313808,35696.4056075322,20671.6077997933,386.661568383028,0
214,714,5.76616976866137,4176.23223491754,25.2868999614947,13.0127266908925,13.361442305411,20.0117863066489,25438.6753559769,20484.5478348917,491.592837860987,0
214,715,6.8062619884681,2456.72957458467,25.0130380123625,18.7638589501431,19.4758063151373,28.9138490442973,28760.8403406752,17511.5940082582,939.007536649129,0
215,716,5.98137142354223,3272.29596484561,26.4432151801331,15.5027125691909,16.0107885857718,23.8665667533614,33459.9199742412,30095.5467382536,256.592037429259,0
215,717,6.18616813156495,6273.58144915928,26.0958685676903,10.003250153044,10.201752055796,15.3644187997527,29354.4321235163,24212.4216249194,244.65616474313,0
215,718,5.4644600849884,4219.34287278274,25.7361087801984,12.9625085455737,13.3117593860743,19.9350763119477,34123.5138475439,18019.0220380214,-129.646996576937,0
215,719,5.86258004345243,6989.05809955729,25.8604025250497,9.32191385166998,9.48839335663477,14.3128071893242,35197.2367340065,21890.2878158091,144.138128118403,0
215,720,6.335088623325,5996.50216785654,25.4523235823566,10.2619584944872,10.4691975188037,15.7627762218433,36111.283177207,23029.2627814169,717.682826344799,0
215,721,5.52884009020483,4409.3658888692,26.0961774189022,12.6145367617402,12.946918581622,19.3978633404356,30079.4479946551,21471.7788598032,-114.585403784793,0
215,722,5.75421949769898,3368.60920035227,25.3259771145297,15.0682110967564,15.538758085156,23.1912330157501,25425.9516915099,20474.007055082,493.018829427291,0
215,723,11.0665259744526,5198.81155248512,25.462456120368,11.2629735624825,11.5192874672597,17.3083488091891,35722.172868432,20684.7313600949,392.558810865676,0
216,724,5.86004496558577,7367.21232958203,25.8577000407496,9.01468701583831,9.1678580025252,13.8389279701711,35197.1368567181,21876.1576807643,140.456448913886,0
216,725,5.74745048413029,3130.33839484561,26.4432151801331,15.9900139863707,16.5295130255721,24.6210277380039,33438.4940109128,30079.1720928781,280.474769744277,0
216,726,5.3928588078824,4094.47747878274,25.7361087801984,13.2277509969356,13.5920547151907,20.345173069668,34114.2375514076,18021.5095715988,-142.839182841375,0
216,727,6.29462468589003,4282.36497115928,26.0958685676903,12.8646704500077,13.211044826987,19.7845445649342,29328.1460728212,24237.2744953946,199.610503907441,0
216,728,6.32889460767464,6316.84831185654,25.4523235823566,9.92327291533232,10.1147467159748,15.2400737269316,36124.6567251253,23041.0479806517,770.053013016317,0
216,729,6.21415848577443,3620.10206835227,25.3259771145297,14.3410566348889,14.7672714875599,22.066124284663,25452.9464511063,20460.9768596515,394.259171887864,0
216,730,10.7582386909677,5267.75293248512,25.462456120368,11.1660250812092,11.4174383547625,17.158619405277,35716.0637868539,20699.0075120078,400.343811211193,0
217,731,6.0120444585684,7998.30128158203,25.8577000407496,8.55879471132077,8.69294523772374,13.1359410553186,35203.5811829024,21871.399839255,141.628426798082,0
217,732,5.92778107958219,3511.25603884561,26.4432151801331,14.7637135757536,15.225281936844,22.722731985054,33450.5046840912,30103.6585533367,242.801512852019,0
217,733,5.41824580515801,3824.10832878274,25.7361087801984,13.8549735981537,14.2556921635405,21.3151591335838,34145.7896271537,18004.2026971125,-144.980525481154,0
217,734,6.02172304991729,6742.44264502865,25.3580996193005,9.51224472249338,9.6847054085518,14.6057545380771,36119.9785530028,23023.4336261626,711.361907123587,0
217,735,7.17059070362976,4649.99115992818,24.7384447108561,12.0674738529242,12.3606899711527,18.5497956387145,24426.4460506429,19640.2738610938,1046.66977534136,0
217,736,6.20916035107066,4065.50753291754,25.2868999614947,13.2504011514802,13.6125492906134,20.3792443399954,25431.3364245008,20498.4223270596,448.313868644636,0
217,737,5.7707834262602,1372.75239715928,26.0958685676903,29.2638344696143,30.8217966566085,45.2173655102523,29319.6012880282,24251.4146287182,252.221561713016,0
217,738,10.547430303108,5636.40209448512,25.462456120368,10.6833057973194,10.9108016395179,16.4132293010099,35713.6081882231,20697.0043097861,397.935771109621,0
218,739,5.87905467831373,7788.81199558203,25.8577000407496,8.70302849896476,8.84310340921936,13.3583242393394,35182.7426432293,21885.1343021868,150.393485093669,0
218,740,5.44475158102287,4225.59825678274,25.7361087801984,12.9495900125598,13.2981130796249,19.9151041760354,34113.0909155425,18015.0784633858,-105.007908087979,0
218,741,5.80185782296943,3172.51818484561,26.4432151801331,15.8410797588513,16.3709128474486,24.3904242673688,33442.4221811357,30094.6162836664,228.200048383948,0
218,742,6.12050962125526,1858.62393115928,26.0958685676903,23.2356961366643,24.2958944512457,35.8539221000547,29304.9241564859,24230.3452247982,204.781983145767,0
218,743,6.43490240114688,6299.43370702866,25.3580996193005,9.93563190666235,10.127182922431,15.2590099568548,36121.2901525281,23021.69244293,729.66259818928,0
218,744,5.88341088285216,4362.37826835227,25.3259771145297,12.640855106648,12.9691782155612,19.4370235355059,25440.016893899,20501.9521445619,473.956008057994,0
218,745,10.7403242605155,5671.37938248512,25.462456120368,10.6403841550077,10.8657929369128,16.346962765834,35698.3123204164,20702.9937745197,392.246670714137,0
218,746,5.38171917297647,2098.3663660922,25.0811914441709,21.044080140687,21.9219158764202,32.4493996673612,29371.4716318603,16869.5780509181,263.625770874066,0
219,747,5.48724110006821,4392.46723278274,25.7361087801984,12.6171441162799,12.9471127634825,19.401188344223,34135.8521367709,18016.3463981352,-132.098507775926,0
219,748,6.0924616231714,6954.40103758203,25.8577000407496,9.35137261960745,9.51913410131239,14.3582471775044,35223.2154536905,21876.8085914739,127.807148537782,0
219,749,6.42632494848541,5910.89506702866,25.3580996193005,10.3522275268411,10.5632202925445,15.9019667853684,36131.0078918393,23034.3456330413,704.50710873465,0
219,750,5.69415391068119,2917.41422454609,25.8545981836243,16.7242297224758,17.3062031922413,25.7564306511208,27755.5955005707,21623.86890264,181.288540971614,0
219,751,7.12810965285967,4057.60188992818,24.7384447108561,13.2173069248418,13.5733052897967,20.3268990070278,24423.1885177519,19643.0089727631,1045.0561207531,0
219,752,10.6937071821903,4843.37799048512,25.462456120368,11.8012878557212,12.0853876955353,18.1398907825901,35707.1425320124,20665.6592364586,376.143292870672,0
219,753,5.94986603703744,1880.31954115928,26.0958685676903,23.0354657083428,24.0799423471307,35.5431358398883,29314.1413834836,24226.0818191612,182.350098346118,0
219,754,5.76724681145362,3986.02210906872,26.4863460888095,13.5395267618049,13.9276034388813,20.8288909252061,33397.9493093006,30038.7931723893,185.617767374188,0
219,755,5.70597911416563,3891.97755055442,25.3599335128522,13.6541677859277,14.0401025352407,21.0037560995547,25437.2073446655,20525.2115296005,481.805519101002,0
220,756,5.37644172567623,4868.6774427223,25.8237394797455,11.7875495634832,12.073291420695,18.1193179363142,34122.0925263146,18013.6415250941,-147.677447679006,0
220,757,5.87570465794115,7700.16741942463,26.0936534553572,8.77657677810552,8.92071858882683,13.4720123564436,35226.947348279,21905.7170589841,150.442756436643,0
220,758,5.75862780690488,2980.07843577696,25.7803172285565,16.4666753545013,17.0308825475607,25.3573548666254,27731.0765323306,21626.1771054213,135.010809977001,0
220,759,6.54211842178435,6633.56690714933,25.5447191880705,9.62158017152812,9.79983229495389,14.7746896527164,36119.2412143257,23027.0741961254,712.048067141183,0
220,760,5.68981210933747,2031.25533907473,26.0273498230487,21.7401152737141,22.6834279305941,33.5327239058255,29318.4581723358,24235.2721956169,171.444322298556,0
220,761,10.912684297658,5728.3982293984,25.726030878566,10.5877657295953,10.8121153763809,16.2661397329995,35708.6239639804,20688.9219705179,358.293848299831,0
220,762,5.76995142075846,2924.85066865064,25.1677695574624,16.6035298888159,17.1704695199018,25.5675609093354,25432.8049807328,20484.438374292,483.986807334614,0
221,763,5.47697617379155,4263.1827027223,25.8237394797455,12.8802331178845,13.2255002241073,19.8080575300742,34122.012111716,18021.9070167172,-128.215531629284,0
221,764,5.71522685318611,7245.33051942463,26.0936534553572,9.12183302878007,9.28066772665496,14.0044774498189,35219.5504293952,21896.2851047356,112.382285356864,0
221,765,5.94639718576786,2600.19601377696,25.7803172285565,18.1350903402986,18.8121132023365,27.9419092402554,27750.8721766281,21619.6649425295,147.790931105133,0
221,766,6.44884557691092,6052.32279314933,25.5447191880705,10.2060897661879,10.411196938247,15.6766821838946,36131.7732003342,23025.4494398944,736.410900407326,0
221,767,5.7202361647137,1726.26032711175,26.0138665244465,24.5397619427198,25.7024873031227,37.8780627924508,29303.7398903504,24217.6851483228,248.904944150688,0
221,768,10.9249459330365,5565.7802713984,25.726030878566,10.7883084958869,11.0224672450812,16.5757726392501,35703.8543454247,20703.5999432348,380.304728229214,0
221,769,5.99373466348839,1932.70919524028,25.13399601084,22.3662200726571,23.34474729095,34.5006720211048,25451.9429816643,20501.7484700046,451.962826853784,0
222,770,5.63227915508359,8245.59725742463,26.0936534553572,8.40642044578425,8.53535926728328,12.9012965809572,35212.3244512312,21907.1603439206,126.750530308032,0
222,771,5.30625614481122,4062.9002847223,25.8237394797455,13.3051034651396,13.6745071974302,20.4649649814533,34138.8303440709,18007.6655090443,-137.533809778168,0
222,772,6.59117344911963,7071.39973514933,25.5447191880705,9.23714213845324,9.39844586775225,14.1816357388383,36134.1389726339,23031.5927579936,739.434750424083,0
222,773,6.02190016182118,3859.77484977696,25.7803172285565,13.7719802444008,14.1681699453708,21.186891601609,27765.1076254031,21619.7627995298,193.786452421116,0
222,774,5.9064344399742,4034.60865265064,25.1677695574624,13.30780182572,13.6722900500128,20.4677397474135,25420.4035880443,20496.6227095662,445.986728706548,0
222,775,11.312279866799,5915.5311253984,25.726030878566,10.3690287581148,10.5828435172973,15.928460393017,35712.1166670609,20687.5179775766,374.75480910056,0
222,776,6.31896113065748,1308.14076911175,26.0138665244465,30.3565222000919,32.0074780020468,46.9154231022284,29293.4984002234,24241.746764265,207.08372300026,0
223,777,6.07242133357435,8362.02669342463,26.0936534553572,8.33283101292978,8.45881671845839,12.7878537215614,35237.0263292537,21895.4059150092,136.332645184366,0
223,778,5.36887741260573,4730.9708907223,25.8237394797455,12.0141295505347,12.3119034806091,18.4694115443287,34134.4606928152,18010.5633090422,-118.578329929677,0
223,779,5.98197567941692,7956.99663785179,25.7044050198164,8.58013087069229,8.71451177044734,13.168658727277,35833.7493799979,20312.9449046838,462.351948541186,0
223,780,6.19885938130111,2737.54156465064,25.1677695574624,17.3956606122766,18.0152707899862,26.7944102292433,25460.3650666525,20523.9673703706,443.895283251387,0
223,781,6.34076227860013,934.250409074727,26.0273498230487,39.7155158810776,42.2151381355163,61.4743758579482,29306.2972392208,24218.3740733603,179.159567954197,0
224,782,5.64722441403821,8028.7477419228,26.0132791217313,8.54497314228301,8.67920374984769,13.1148100636087,35491.162260876,20953.2937780116,213.076090000733,0
224,783,5.46085974597614,4526.1951687223,25.8237394797455,12.3736255184304,12.69082786873,19.0249690397963,34130.1553753716,18012.5461167572,-136.260204216843,0
225,784,5.54023196695146,6871.20710222517,26.0014291319066,9.43071780874635,9.60266747564632,14.4808401124674,35497.5911610428,20950.5626326735,225.347695449772,0
225,785,5.29682086852805,4473.2666907223,25.8237394797455,12.471298376228,12.7938497957966,19.1759299118345,34140.4624856884,18009.3520900542,-117.055555496686,0
225,786,9.02451421264338,4188.93319548613,25.8069229195874,13.0320230909303,13.38572631797,20.0426940744104,24804.433686755,32577.3237554401,-1280.25022130295,0
226,787,5.50691823920047,6377.7448599228,26.0132791217313,9.89309772342208,10.0860611814919,15.1943039268691,35485.8655618198,20946.0677257494,195.307671594956,0
226,788,5.25200802192029,4501.4159187223,25.8237394797455,12.4190976963024,12.7387866269146,19.0952487527226,34126.7859227964,18025.1727857098,-110.04799161659,0
227,789,5.7026029746843,7548.8452539228,26.0132791217313,8.88378878659427,9.03209082411142,13.6372468141948,35447.8549273105,20948.2221717206,230.690803087155,0
227,790,5.36607739294746,3993.8708007223,25.8237394797455,13.4603593109818,13.8387160806533,20.7050481234399,34125.7807104137,18008.5106114329,-119.092490677153,0
227,791,8.17995213080877,5811.76545216649,24.4545099535444,10.4105168064892,10.6191782639145,15.9905315268947,23555.5596720011,20250.3863305703,-1471.03427277259,0
227,792,6.72706908579433,5543.60934479308,24.548484215233,10.7400966958856,10.9649919882968,16.4994268328427,23233.0225127877,21273.6260929936,-67.621532704544,0
228,793,5.95697218135725,10129.8538627904,26.2057949846811,7.40103118390654,7.49207163596392,11.3520989031563,34968.6772945406,21691.6890187422,29.8272292188835,0
228,794,5.68599795033656,8550.39809344977,26.2307451204845,8.22284297242846,8.34499103561565,12.6184596286159,33927.8830013767,19516.0806072198,-93.1367794549983,0
228,795,6.98056791748876,5646.85157862793,24.5982648315241,10.6154508542742,10.8346563741812,16.3070890421501,23707.7114926812,20598.6693687893,918.968817183533,0
228,796,9.30650049983933,4545.9084387223,25.8237394797455,12.3377654461895,12.6530114141569,18.9695466086844,33940.2425731006,18334.6312802293,69.4676586604188,0
229,797,5.98062593159839,8185.15629679037,26.2057949846811,8.4499741236381,8.58112497448111,12.9685659751411,34939.6293890517,21635.3982895705,10.155059251689,0
229,798,5.53417814289419,7088.24416123955,26.2114952763086,9.2556913951141,9.42089505762467,14.211103863688,33935.0799986253,19524.8518772776,-84.1319263152971,0
229,799,6.1402603325633,3192.23137839945,25.6160049973569,15.6744070795062,16.1857338368114,24.1302375156947,34596.1859482235,30358.0221111296,679.653882515784,0
229,800,5.64027926780417,2742.63262986004,26.3018557066968,17.5334907913551,18.1747314226539,27.0113152214078,32981.0699869271,28884.5943933116,115.895774085412,0
229,801,6.62693198852784,3225.54415866594,24.71260682463,15.4542912155562,15.9430924371179,23.7871497244807,24301.103503071,19883.2697185464,78.9963766084178,0
230,802,6.02399028863964,7064.90206723698,26.1798359025514,9.27363287642604,9.43947844591631,14.2387400718535,34948.3973206408,21665.456138272,4.84662570253817,0
230,803,5.95273711786311,1268.75378917032,26.2427198853431,31.1689062221001,32.8952811216181,48.1796366941339,28566.273536747,28611.0238129283,573.299621777322,0
230,804,5.83494131499563,3833.03965068102,26.288448101561,13.8864142670076,14.2934259906563,21.365012520758,33965.8156852702,19552.3116888078,-46.4170456035565,0
231,805,5.88552719640888,6607.26786523698,26.1798359025514,9.67957549289159,9.86357692298627,14.8650392338753,34969.5531927721,21682.3190866195,36.5799388078367,0
232,806,6.14755121646893,6049.96601323698,26.1798359025514,10.245608851857,10.4559805378184,15.7386197540059,34942.4371272891,21646.1691546138,-22.3404664627343,0
233,807,5.92056830568131,8640.11348323698,26.1798359025514,8.16736816281137,8.28713119100752,12.5328975349045,35035.4414751767,21720.7399001193,-4.91265920715997,0
233,808,10.2324951503761,3583.73032001541,25.7058528638039,14.480430798796,14.9183089685868,22.2826469990018,32059.3867416164,32872.1923890542,-1097.56401153871,0
234,809,5.69455967498198,7933.69974681309,25.9701022084899,8.60740300611578,8.74401025449331,13.2110139918836,35281.612414456,22066.4616489663,58.0047596073939,0
234,810,9.95753031893491,4390.14671734793,25.7548170316956,12.6231723276885,12.9536081400824,19.4105431889536,32055.4473922504,32862.45264275,-1063.24737170287,0
234,811,4.73700524225573,6573.51130521389,26.0734468275801,9.70584424548448,9.89051847450173,14.9054284461708,35147.3967660868,21451.6349425224,-520.465735903012,0
235,812,5.7981966487396,8245.54385481309,25.9701022084899,8.40137462915035,8.52961319507999,12.8933802185733,35297.6011085596,22064.407091738,108.246006152484,0
235,813,7.05395330678201,4815.91329098812,24.2182124413312,11.7509668752283,12.0241090351528,18.0598515492826,34890.6095565546,14024.8440750521,1092.22591718588,0
235,814,9.99991980563788,4257.10967734793,25.7548170316956,12.886644297942,13.2317659300549,19.8178295627671,32043.9215652083,32818.5730505361,-1053.95815323371,0
235,815,4.86511368461984,7458.82596133945,26.338552963264,8.96645212400811,9.11968977278438,13.7651253639009,35176.9438675248,21448.3801677184,-534.691621987782,0
236,816,5.57659768913856,7885.04727892807,26.0262161627125,8.64323928997703,8.78155588501994,13.2663329955751,35252.3809583111,22025.8504463975,103.083881203478,0
236,817,9.6406464535541,4348.12110934793,25.7548170316956,12.7048454094275,13.0398109586685,19.5367907610173,32047.3081609267,32859.836353308,-1074.65552149068,0
236,818,6.90170916553401,6943.52607921389,26.0734468275801,9.37146121249259,9.54112416429395,14.3895179861692,35077.0373545989,21794.7483260287,-78.6897130397349,0
237,819,5.91279799369008,5408.01824323698,26.1798359025514,11.0228551478205,11.2713481772266,16.9386966547014,34923.4714270595,21623.6967238946,-40.3649770363766,0
238,820,5.82329877424642,3226.34294323698,26.1798359025514,15.6253839705687,16.1388790017168,24.0558057208831,34872.1076281446,21606.3235903105,-17.2227851756821,0
239,821,6.36298002272572,4823.13699127258,26.2007769277807,11.8893971071652,12.1829925356238,18.2773595099942,29844.4339284427,32480.9129918901,772.303008041437,0
239,822,6.44775212392321,2158.69221677235,26.0467495348984,20.7932814824658,21.6653544844626,32.0639713705611,30241.8655980734,21390.1820931373,723.693204223708,0
239,823,5.40070530160906,1200.26699773402,26.0854456209392,32.5046365361589,34.3459880690568,50.2557692909726,28072.9025925371,27583.4340223258,64.1113552846123,0
240,824,6.21561509406775,6386.8016846491,26.0029576164572,9.88349858059391,10.0759662832055,15.1794757732193,30592.1195164386,32801.0150885171,584.54791496782,0
240,825,6.4191735333713,3012.47129079435,25.9920699153997,16.3692163608159,16.9291336203925,25.2070140264541,30110.2876393362,21753.3143204424,790.102570354123,0
240,826,5.2717162417795,1811.84956553145,25.9532732659346,23.6504401368028,24.7412486971873,36.4971246240729,28080.2669822109,27597.3782916979,127.526315897652,0
241,827,6.01907998359032,6272.1563546491,26.0029576164572,9.99953870583709,10.197388966893,15.3585584147601,30583.6131106871,32791.2214316375,600.260599188873,0
241,828,6.2645089671174,3270.79221879435,25.9920699153997,15.4556543036136,15.956598437821,23.7925805675864,30121.999029072,21763.4510049381,786.157922978794,0
242,829,6.0733586221842,5538.2280086491,26.0029576164572,10.841090579253,11.0794589584528,16.6577164601631,30585.8875193941,32801.4109342767,595.121846112269,0
242,830,6.39429278016603,2543.27343879435,25.9920699153997,18.4569035282458,19.15881170627,28.4412942630375,30130.654397078,21750.7303651976,767.512621707221,0
243,831,6.05371504517697,5081.1444566491,26.0029576164572,11.4720778269096,11.7424678021954,17.6322617546735,30581.884316107,32807.9629342097,624.948552133625,0
243,832,5.69115938910628,1232.71994753145,25.9532732659346,31.7816828776847,33.5563537520743,49.1308380444519,28074.5734330423,27602.4575771083,56.3556540881555,0
243,833,5.27176264737685,1597.68427525934,26.0284688732437,26.0244288435509,27.3082888482582,40.1837633916866,30373.2277737622,21402.8510080145,250.082664774676,0
244,834,5.90836254134477,3485.8453286491,26.0029576164572,14.7906830599439,15.2501134141305,22.7634193309646,30586.5071268387,32800.3422495376,611.844449205346,0
244,835,5.3063314135912,2949.19306182144,25.7857504039701,16.588292964089,17.1605664351456,25.5457101603765,34115.9248627398,24051.4876661331,-312.968222826703,0
244,836,5.68695159100617,1100.18950553145,25.9532732659346,34.7789625415676,36.8217381213422,53.7923703322102,28122.787861394,27611.5435127992,-9.7055611565742,0
244,837,6.42163413510943,1397.03809576489,25.0888369770496,28.5605813644922,30.0398390628964,44.1192682148842,26404.5171502808,19052.3633141616,465.109600660105,0
245,838,5.43428757724877,3117.51575382144,25.7857504039701,15.9558719877589,16.4868675709222,24.5664319412959,34091.3738809745,24073.5426946283,-336.537400896198,0
245,839,6.18938877800981,3157.9002146491,26.0029576164572,15.8394730364217,16.3650483755882,24.3867925139488,30583.6044355345,32800.7516376914,624.541479696296,0
245,840,6.33796943993355,3213.84458040344,25.0612467666406,15.5349855990866,16.0321933156311,23.9129665430975,27189.8432272017,18392.1113250892,723.914230425497,0
245,841,5.68301576984753,1352.03478953145,25.9532732659346,29.5666951847689,31.148097692655,45.6873671888015,28105.4997817047,27586.0203907023,38.7451697422178,0
246,842,6.39475921288004,3502.45125840344,25.0612467666406,14.6408021682952,15.0827800649996,22.529221667537,27185.1119218305,18378.5904568465,718.886886873682,0
247,843,6.25032193459124,3580.66558440344,25.0612467666406,14.4209970108991,14.849720741222,22.1891626399157,27212.0442621525,18378.7280085744,731.838750270519,0
247,844,5.51985254180264,2349.53190354527,25.7315143665892,19.4967640060356,20.2696200043248,30.0523295247933,27416.1171193689,25764.7592313429,2.56319217771181,0
248,845,6.30448662582351,3728.14260568525,25.1154716169987,14.0347097994754,14.4409150120539,21.5917534009597,27214.3313955993,18401.1045851521,746.164818670521,0
248,846,5.5444568487279,2854.97795244605,25.7118290079391,16.9618746531336,17.5582016322427,26.1240954547557,27399.2157963575,25747.4934525166,-42.0010760817936,0
249,847,5.69656067298303,2525.07912354527,25.7315143665892,18.5116775596011,19.2144315041225,28.5253577480965,27402.0785658111,25752.7032780465,-36.8980542743549,0
249,848,6.11131419231087,2235.54970155197,25.2013433689571,20.1175660326177,20.9287326455061,31.0130120088603,27524.7229061173,18434.9904487142,556.625435547023,0
250,849,6.32034897332888,2328.60159839835,25.4876264452457,19.581680389656,20.3576380439432,30.1831468126878,27548.1849653506,18426.9560642121,564.807468459595,0
250,850,7.5190578886745,2510.54818746207,25.5150162690704,18.5544297747181,19.2576604748419,28.5909204330619,25651.4222616282,25889.7774410555,-1448.53710834006,0
251,851,6.4131520548018,2471.65248035164,25.4442840593169,18.7519234282795,19.4681997260261,28.8967748965822,27528.7923041661,18419.0916895184,574.317887067949,0
252,852,6.07241936392185,2468.28250235164,25.4442840593169,18.7702827702407,19.4878529084638,28.9252299956602,27528.2184024565,18401.1758890483,587.474685958765,0
252,853,5.84473739665911,765.033982780166,26.0525617596424,46.8465122859727,50.02699749077,72.5774037053418,29516.3350995489,23916.8662523664,134.061509590977,0
253,854,5.9853412294651,3215.64674278017,26.0525617596424,15.6465819929554,16.1602472467524,24.088295804392,29509.5348150526,23913.9505735461,139.776379227423,0
253,855,5.55161167832102,5321.98050010177,26.6650197981676,11.1718103717134,11.4307307842058,17.1695465002745,33931.7875875501,21338.1394985636,-268.589855998626,0
253,856,6.30743257112223,2629.49079635164,25.4442840593169,17.9407285348403,18.6005269461509,27.6396969980456,27511.1464937422,18393.416815107,550.557654379837,0
253,857,9.54209112824813,2897.06643584951,25.5149182975021,16.7615979761314,17.3425535636201,25.8133417364194,25732.0991811408,24973.1780980835,-1099.48298481873,0
254,858,5.51361224815208,7509.82308010177,26.6650197981676,8.94257903241881,9.0962124410346,13.7286983620901,33923.6612884544,21335.6977002572,-258.23295216178,0
254,859,8.61366066967468,3460.21630484377,24.7142670172306,14.7249314250426,15.1688933761232,22.6585264288359,22067.8099550969,26731.1637722141,-1294.88764685035,0
254,860,6.32923370375305,2317.25022035164,25.4442840593169,19.6435242592759,20.4234018714077,30.2788778297685,27522.8477144826,18427.6615982359,580.949449965396,0
255,861,5.54530099893024,7686.51565210177,26.6650197981676,8.81169216359718,8.95974215666367,13.5268368361841,33932.1387674629,21338.2329385757,-267.50876844619,0
255,862,8.89863383728482,3718.60331084377,24.7142670172306,14.018411216895,14.4202701481191,21.565611052976,22074.4560937274,26728.9063057187,-1329.22008287782,0
255,863,6.33153717562324,3133.55580635164,25.4442840593169,15.8571611051396,16.3785075932433,24.4126990520499,27531.4405231953,18419.5886064878,593.502529378562,0
256,864,5.74304400936526,7237.27335610177,26.6650197981676,9.15530799997337,9.31816554041096,14.056822687475,33920.121711897,21342.8144781131,-281.115466205628,0
256,865,9.09339897400936,4746.49065284377,24.7142670172306,11.9026228384936,12.1870114609369,18.2950603192239,22078.4641668199,26732.9867050541,-1390.66830226021,0
256,866,6.02499716338764,2636.40696035164,25.4442840593169,17.9072297054973,18.5647253991211,27.5877933235238,27511.3522984131,18410.3493168941,593.709500714578,0
257,867,5.54574189716491,7597.15617010177,26.6650197981676,8.87722597982189,9.02806270934615,13.6279045672102,33914.3117454356,21331.3766815724,-263.390811394131,0
257,868,6.72797025575401,2549.40426035164,25.4442840593169,18.3407756521581,19.0282563716695,28.2595876685422,27520.5683544998,18413.738570801,594.951598873228,0
257,869,8.69179053474964,3071.98602884377,24.7142670172306,15.9862253666372,16.5086083216626,24.6105150978701,22056.4190916046,26726.7889120149,-1319.38781164662,0
258,870,5.49897638114706,6904.28428810177,26.6650197981676,9.43492658781904,9.61018528326368,14.4881969895065,33955.3024093295,21330.1218107277,-165.285686734445,0
258,871,7.45572407701914,2644.15286163467,26.000245432799,17.9520085982706,18.6187984508762,27.6588870779583,29690.8588357008,26322.1512793689,1168.55283890552,0
258,872,6.3810406218252,2182.37098439835,25.4876264452457,20.525439313964,21.3702797309519,31.6465358363553,27566.2219741281,18412.2997709226,570.781622869979,0
258,873,8.70316909560666,2131.47582884377,24.7142670172306,20.7348409255435,21.5847394428949,31.968413309604,22064.6083381432,26743.4048574931,-1331.31315206386,0
259,874,6.46385291340685,6805.89521597931,26.6801091670642,9.52285554983608,9.70214901256585,14.6238843315618,33674.0972366646,21136.1699296741,692.672628564126,0
259,875,6.38106943332246,6185.60324007942,26.6775766511566,10.1276546933613,10.3350109156205,15.557262398636,33678.0103977622,21134.5070097054,691.373266647959,0
259,876,6.29357873663844,2405.84678039835,25.4876264452457,19.1261462343957,19.8694547633439,29.4769639339021,27527.196256513,18441.3310411202,547.348022392515,0
259,877,8.6069807030189,2121.21171284377,24.7142670172306,20.8078681531256,21.6631501658581,32.0816639250242,22042.160021077,26758.2500255374,-1350.95586445499,0
260,878,8.77314077851292,2632.68175623802,24.8602383945572,17.8378575211818,18.4839797693304,27.4784873604297,22066.4873062908,26732.5366190305,-1320.41060006192,0
260,879,5.99590046365414,2568.23151117421,25.617795063433,18.2712253737667,18.9558635193938,28.1523592358827,27510.7785922626,18413.5654770826,578.480886180273,0
261,880,8.85489171635789,1331.57338797376,26.2224992549954,30.0059656942988,31.6303928138886,46.3715695961003,27511.1657465405,20741.5356629246,-1475.94156512878,0
261,881,9.56029294163094,1321.84841823802,24.8602383945572,29.7339471947385,31.3088322352359,45.9415143457732,22047.0822621471,26784.8159363127,-1319.7354659381,0
262,882,9.13167581258835,3097.45238223802,24.8602383945572,15.9130093569121,16.4321859246144,24.4975761542219,22033.747594305,26730.7477697521,-1295.26283300771,0
262,883,8.80774544520816,1782.22510844383,25.0825338249496,23.7423472534507,24.8270498407849,36.6360951695382,37701.9207394544,18763.717828027,99.8625115051323,0
263,884,8.93318786025112,4005.86250485329,25.7416638629105,13.4254636772947,13.8011662460429,20.6509096114393,36964.9954731458,19349.8603988937,-1355.29762929926,0
263,885,8.95255497637216,1159.59455952044,26.0820230702018,33.4025423469314,35.3239835196945,51.6521761420851,26814.4400960012,20649.3705634116,-1258.57112498812,0
263,886,9.05322636049293,2367.03688772908,24.8790074732782,19.2488848062236,19.9934215265638,29.6651508272392,22097.0216065594,26787.4837712549,-1431.46927079452,0
264,887,9.21608304680001,5777.26059837453,25.8462788053152,10.5368244106606,10.759376600413,16.1876794227129,36920.2098312329,19329.1140741913,-1279.15949564899,0
264,888,6.16198895611529,2130.90473240556,26.1138419908171,21.0041358096361,21.8928875673418,32.3912781196395,28852.0535699374,27661.3769180431,614.093343174001,0
265,889,6.12561773781643,2155.68398240556,26.1138419908171,20.8269463700503,21.7024137899185,32.1164307914616,28842.6490028927,27663.6346797571,641.279284444137,0
265,890,8.92759977664722,4304.19474925498,25.863858304662,12.8010204516132,13.1421386817863,19.6856806674645,36944.2185597065,19338.382999099,-1412.60180895423,0
266,891,5.92341743559071,1921.06303040556,26.1138419908171,22.67470508827,23.6912650019691,34.9832976011635,28839.3614647817,27639.6385667583,668.754705441965,0
266,892,8.91163641141146,3990.13703637453,25.8462788053152,13.4709836223642,13.8501306958153,20.7215262071956,36922.0974422016,19332.1678420841,-1363.21956907495,0
267,893,6.15428110907593,2868.11495240556,26.1138419908171,16.9610618149956,17.5615042903325,26.1239850154655,28826.3794817565,27639.1311517445,668.348556699712,0
267,894,9.16050355149861,4517.17406885329,25.7416638629105,12.383503251166,12.7006740471554,19.0400779202291,36957.8267123444,19339.4991322597,-1404.45521124187,0
268,895,8.84704682664245,3832.67206685329,25.7416638629105,13.834430259915,14.2339830868011,21.2833967630057,36936.3445812603,19378.3156851662,-1307.10100812625,0
268,896,8.82644576500024,3591.02081915243,25.1696655042122,14.4039781129601,14.8326222268808,22.1630936301863,32866.0046446434,15083.1651818488,1185.36571071304,0
268,897,5.94417904112757,2699.39812035021,26.03956943194,17.6952449018802,18.3447616447814,27.2611566650209,28710.3082547625,26007.9408378438,119.062363623784,0
268,898,6.13700775261058,2736.33339440556,26.1138419908171,17.5356501582407,18.1750291751169,27.0141072430272,28830.748757094,27639.6377270147,629.268934491656,0
269,899,9.0854077674326,5227.23833125498,25.863858304662,11.2502955645409,11.5084291087286,17.289448040244,36942.7591751367,19360.2636647006,-1316.83159222674,0
269,900,6.11337625355727,3627.59345840556,26.1138419908171,14.4022194406527,14.8388096919798,22.1625912453555,28837.2977549807,27671.3836203182,663.02154360897,0
269,901,8.49282501216165,4522.26358558802,26.0462182165465,12.3987070262561,12.718823306856,19.0641592835772,29825.78116972,25370.2309938779,-1081.29480590959,0
270,902,6.0548035108587,6924.03482009784,25.8832040904657,9.3787897697689,9.54787992518948,14.4005754832333,36413.7264817788,18829.2463480722,414.931396080912,0
270,903,5.51820669215175,5858.99886966962,25.8185604779821,10.4394008824594,10.6570963165577,16.0372345440115,30622.3814342083,25976.5501262626,-373.643525209712,0
270,904,6.25209452954573,3639.14579916754,26.0615652425437,14.3654769654775,14.7993989003588,22.1056224990085,28828.6484995259,27661.3666637175,646.193203531754,0
270,905,5.59990698052098,5720.29351672699,25.8989845939728,10.6082414643072,10.8345600173206,16.2980210614271,29209.0284202212,25576.9774641871,-54.2845378896807,0
271,906,6.2957112925104,8039.23322609784,25.8832040904657,8.532454089701,8.66563755406948,13.0953602438395,36427.6495093131,18833.3045339185,411.271142997358,0
271,907,7.8180537280129,7137.10428936187,25.87568337701,9.19905808849649,9.36024553579348,14.1233178038213,29850.9547518636,25741.7357012125,1127.34067899955,0
271,908,6.19119909473468,4027.68443916754,26.0615652425437,13.4054932302415,13.7825071237271,20.6207067453578,28822.1946511024,27654.93563111,629.400745989766,0
271,909,8.97504746650341,7447.29203007474,25.1076007151608,8.91831497713995,9.06405045645093,13.6893766458548,36888.806285522,19338.4719665719,-1228.17229195574,0
272,910,6.24890584577486,7767.32225609784,25.8832040904657,8.71932749734106,8.86018612001727,13.3834860606594,36415.5205669812,18829.630914082,363.850655825172,0
272,911,5.82852018036905,4332.01691474534,25.8984171594128,12.748657495949,13.0870987245419,19.6048024032323,29162.4820713876,25425.9875037334,-75.9894207332167,0
272,912,6.08624812125049,3798.3567529464,26.0635525304374,13.9509357121137,14.3599814763555,21.4643216935961,28839.5313481174,27636.477454559,578.182848449595,0
272,913,6.32185193274682,6893.10701239455,24.7825380040455,9.3498047552683,9.51234527100558,14.3544026134228,37915.3856794211,19113.9505500544,504.310687649295,0
273,914,6.26936899038134,7500.58739609784,25.8832040904657,8.91398033722638,9.06298819755751,13.6836488709431,36422.7789853679,18845.3278836699,415.575042696175,0
273,915,6.6437423955879,2187.38488662101,25.6978271173446,20.5297149307008,21.3776275942874,31.6539269223888,29907.7222332558,17507.6952221695,793.673846884221,0
273,916,5.83026311654146,2275.2588529464,26.0635525304374,20.0137092306003,20.8282867667889,30.855002863486,28843.2834471099,27650.0180201218,660.294600776779,0
274,917,6.00753201205803,6748.13518409784,25.8832040904657,9.53426940254247,9.71026867981531,14.6404413631632,36418.2874610987,18842.2102707579,423.704732422924,0
274,918,6.57165683892167,2046.37443462101,25.6978271173446,21.5566162874025,22.4814410015007,33.2467830170699,29899.2925482867,17503.4999689907,809.840817616192,0
275,919,6.34022326293394,7072.49006009784,25.8832040904657,9.25282258194858,9.41638483337091,14.2062590074868,36406.8495948883,18827.9082441108,375.537823303894,0
275,920,5.38310695085341,4142.49757032653,26.3539899167177,13.1788027078629,13.5449441689455,20.2707654829425,29756.6027734073,30420.4991310689,-244.089593537356,0
275,921,6.76141770327805,1974.04105062101,25.6978271173446,22.1362554087581,23.1052739240394,34.1460960336184,29889.6695616512,17503.6150342776,822.738361244648,0
276,922,6.27505926218044,8412.33164009784,25.8832040904657,8.2931118814266,8.41668140887986,12.7263962493564,36418.9729149888,18820.9722761344,398.448600819667,0
276,923,5.37977570998364,3942.65567232653,26.3539899167177,13.6283310006705,14.0206002891784,20.9659592391727,29742.6358083849,30408.3752907341,-243.093011194382,0
276,924,6.24373605125649,1950.82564662101,25.6978271173446,22.3307873348433,23.3147588348475,34.4479472294159,29899.3064912207,17481.4653055422,767.170115608935,0
276,925,8.00012223096585,7317.23966839455,24.7825380040455,9.00265223126246,9.15042833835447,13.8190155477887,37698.6499589179,18888.1652415985,76.1555558884286,0
277,926,6.22344303605584,6011.91613409784,25.8832040904657,10.2702579162346,10.4802189144446,15.7762305821133,36430.0014962738,18848.086411149,390.13741997162,0
277,927,5.61183368884378,4286.37140232653,26.3539899167177,12.8785319771741,13.2275533407619,19.8064890622576,29732.2284323395,30400.1790030068,-236.430139283626,0
278,928,6.15951546049962,5942.97475409784,25.8832040904657,10.3473044821246,10.5609376491535,15.8951621100414,36417.8525053525,18835.6771872298,412.318037902912,0
278,929,6.54305938916352,2918.927494701,26.3668068576658,16.7853896196161,17.3766380083876,25.852589451753,29569.2344500874,31090.7469851305,224.318241448408,0
279,930,6.23205021168638,5998.61243009784,25.8832040904657,10.2850046805868,10.4956668532492,15.7989936957304,36409.7333050724,18829.8682598033,418.706546795233,0
279,931,9.33443843374618,5401.97969607474,25.1076007151608,10.9599199422738,11.1988964768411,16.8397481995247,36902.0791193119,19318.5433167111,-1251.78436102448,0
280,932,6.14855083908361,6976.43272997359,25.6402972097933,9.32172028941558,9.48715508938919,14.3122218236349,36405.1298109609,18818.8730113516,395.293186394105,0
280,933,9.12417665518092,6377.66940366833,24.8760911771767,9.830394543943,10.0146418052773,15.0959287902728,36895.1540409794,19316.4885236753,-1235.133824935,0
281,934,6.21562141199628,6301.13759597359,25.6402972097933,9.94968012426822,10.1433440232808,15.2810944496976,36419.792073658,18855.2862082231,403.602519705077,0
282,935,6.16787217037176,6193.47450797359,25.6402972097933,10.0607823375469,10.2595971121986,15.452555777844,36407.3587443378,18839.9369155084,418.409728049702,0
283,936,6.11927449585517,6345.93847997359,25.6402972097933,9.90442079846913,10.0959996766532,15.2112504776021,36412.9016994244,18849.8593918067,394.988614769856,0
284,937,6.31624769011135,6714.96208397359,25.6402972097933,9.55178483290874,9.72738511200356,14.667137503388,36414.9072776533,18850.4355542391,388.202675543419,0
284,938,5.39728112561795,2168.94796482363,26.3108492779458,20.7698308373142,21.6435863567891,32.0285452249046,31518.5991563649,30157.2289248543,-318.848181521974,0
284,939,5.0541811051519,5173.59290179291,24.4675429506996,11.2291417193177,11.4775156088772,17.2543776056395,37892.0847449371,19233.360457776,599.770633978123,0
285,940,6.2967954596937,6719.01486797359,25.6402972097933,9.54810006063264,9.72353589864904,14.6614526368282,36407.0526545351,18815.1410893638,374.12859817899,0
285,941,5.43102085594082,3681.21628459234,26.262319199971,14.2730212547955,14.7030136533118,21.9630382813134,31534.8299584675,30141.1820077661,-318.326106639179,0
286,942,5.29136147576638,3446.06670859234,26.262319199971,14.9364608278488,15.4071954933699,22.9896433720999,31550.7232697165,30127.6844519635,-318.405531926766,0
286,943,5.47319560294347,3342.46210915871,25.6869781179796,15.1905096181245,15.6719598751662,23.381412000984,33627.6276618003,23568.7666504185,-142.862395548889,0
286,944,8.57254704894575,5604.60378964221,25.2766497442169,10.710875690466,10.9386402786958,16.4554981693909,36951.1640572708,19359.6187808898,-1294.84528694969,0
286,945,6.9130961049285,5416.6695091143,24.9968459713439,10.933127122914,11.1701150497256,16.7981934675007,37141.7829546672,18026.6937799969,1025.2655574357,0
286,946,10.178264854627,3787.09911994251,23.7839347021936,13.7520509626991,14.1305617745735,21.1515176599105,37627.2161080064,18667.9752743014,21.5036465932917,0
287,947,5.47298849231954,4199.44971715871,25.6869781179796,12.9995120840335,13.3504847400463,19.9921839916008,33611.2826327863,23584.672183076,-145.253786774888,0
287,948,7.38513147652934,3498.71959897345,25.4160626209789,14.6899739710754,15.1380806400017,22.6061665854997,36002.861738652,21913.5809283251,1001.85360480669,0
287,949,5.3505677550222,2440.13207682363,26.3108492779458,19.0653387033531,19.8141348156408,29.3854120954252,31519.9896566823,30129.4069739174,-339.068298831466,0
287,950,8.91952386409419,5605.46280364221,25.2766497442169,10.709807391278,10.9375199980746,16.4538488172417,36929.9290404476,19347.0586604063,-1359.50070851393,0
287,951,6.9273628001784,5269.0512571143,24.9968459713439,11.1323155083889,11.3791777610364,17.1057712431654,37161.9020755241,18025.0274852347,983.829586167082,0
287,952,10.1352390582338,3674.75023284735,23.7436776800157,14.030901250253,14.4250965269612,21.5826146400563,37636.5410872685,18647.5571230273,22.3662620820491,0
288,953,5.53045854372251,4184.09759515871,25.6869781179796,13.0316159137715,13.3844016988501,20.041817964275,33626.2164407208,23577.0817425732,-131.50231274116,0
288,954,7.10705559029332,3842.39127697345,25.4160626209789,13.7789959813028,14.1726608796523,21.1969332358006,35976.4840089343,21937.7128779461,1033.07264291472,0
288,955,5.38264543619024,2994.00508459234,26.262319199971,16.4744835686504,17.0440109127809,25.3707705305348,31535.8075368936,30123.8592454588,-330.789920856224,0
288,956,7.09186105863354,4483.0314211143,24.9968459713439,12.3854306824174,12.6974522574818,19.0416073852969,37138.2533625162,17993.823525045,1004.113469191,0
288,957,7.90660037397919,3140.34241280199,24.1319973344572,15.6715259723391,16.1681983517233,24.1217916476854,23226.6223226285,20120.0730541192,-1470.98075603123,0
288,958,7.93807626283756,4758.12258364221,25.2766497442169,11.9267216444182,12.2161875866824,18.3333440208937,36961.7156943834,19344.8187510356,-1240.98689872374,0
289,959,5.60140123310069,3891.93329740323,25.7123872469382,13.6880199036939,14.078746221712,21.0568865536414,33610.8336923817,23581.6843693038,-175.528601047231,0
289,960,7.0809124244415,3095.0192920902,25.4890544126467,16.0000482382006,16.5310046278849,24.6340321223962,35967.3050380826,21970.2150553307,1019.90492421826,0
289,961,6.98865933089706,2643.0014071143,24.9968459713439,17.8088481387655,18.4545514295594,27.4339736475641,37134.9548795254,18015.8069595262,1012.17093807965,0
289,962,5.1185388431349,2698.47690711857,26.2986451795722,17.7366953062587,18.3918720642098,27.3261549975779,31526.0556692544,30136.2560943237,-316.380471410232,0
290,963,7.14421091770029,2629.79124069665,24.9880502821523,17.8709791410748,18.5208207116449,27.5302039444125,37151.1832932158,18022.2816257141,1035.09062205045,0
290,964,5.23265315480573,3095.89044516061,26.3747190585098,16.1060071909141,16.6524159544244,24.8004564177619,31527.2487717906,30123.2120028089,-325.643626118757,0
290,965,6.98478639557084,3199.8624439403,25.3236858592268,15.6134858391444,16.1181585254555,24.0351658894932,35966.1970329516,21953.1784701829,1033.21790448518,0
290,966,8.08008715204112,5219.40620891197,25.7628357097768,11.2544575067074,11.5121861543653,17.2957059442649,34818.6595111567,22188.0719270453,1255.29525439458,0
290,967,4.29457316833234,3981.33063912994,25.720903997051,13.4795164640244,13.8581817555781,20.7344527329963,33609.2953063001,23307.5214759633,-52.1590859424668,0
291,968,5.21851357750942,3250.97600925487,26.3379686976391,15.561236346885,16.0720892207675,23.9569011888886,31537.9625485691,30135.008490626,-317.316205789896,0
291,969,6.88130622303268,2983.0825519403,25.3236858592268,16.3960583641605,16.9510292734618,25.246732883839,35968.8319694336,21954.8889230328,973.138974074258,0
291,970,5.39290330451176,3672.37274033113,25.6386574553517,14.2332224968433,14.6556241359557,21.9000357246381,33690.8160013918,24001.6645561591,-473.780725627074,0
291,971,7.00948807820694,2347.63818069665,24.9880502821523,19.3818228441394,20.1371898219732,29.8715942058856,37163.0297801002,18016.8120271848,968.649947730153,0
291,972,5.73931726413166,2090.4592048989,25.6599448724617,21.2144145765467,22.1128953310353,32.7157864456159,33020.6955354492,26649.8636179053,224.391164991185,0
291,973,5.02788793488748,1848.36218930982,26.1321092539793,23.3399341763085,24.4088756623656,36.0158689636041,31003.2950709495,24879.2576743448,-388.018642254215,0
292,974,5.31395275195257,3161.22201708078,26.3755480525069,15.872524725276,16.4037579939701,24.4389358821347,31512.4286522426,30141.2296018327,-308.477201311696,0
292,975,5.74645479618254,3959.9820328989,25.6599448724617,13.5230199724914,13.9037274071796,20.8015966918575,33048.1363986536,26665.592583852,182.184841035884,0
292,976,7.19045858195808,3130.0840759403,25.3236858592268,15.8546182258148,16.3746298759179,24.408439567531,35988.8705894416,21965.0025793036,1020.11931073763,0
292,977,6.95883268244899,2735.71427469665,24.9880502821523,17.3780989634212,17.9945492501974,26.7666620511769,37155.7888265554,18012.6932658491,992.929266794808,0
292,978,5.20020775200441,2143.71038115862,26.134079449453,20.915861481746,21.7982540327077,32.2544228569001,31030.5037911369,24870.2461876573,-410.485111876449,0
293,979,5.34400528278829,7682.08853260701,26.3550890321189,8.80121815085428,8.94751032784545,13.5103201723388,31410.228542994,30827.4067221253,-174.926873482586,0
293,980,7.01048584214347,2912.8196119403,25.3236858592268,16.6723882893783,17.2454701663108,25.6746392261965,35972.8670390545,21948.6295340536,1007.65045831662,0
293,981,7.04557113537373,2517.23838069665,24.9880502821523,18.4362693921333,19.1250475582763,28.4060962935156,37156.173282664,17996.1075909153,1025.85641503962,0
293,982,5.56476039045737,2580.77229915862,26.134079449453,18.2859787853644,18.9775114713181,28.1768387293638,30971.3949448991,24878.3822439467,-403.645422500543,0
293,983,4.65673733757655,5908.35974007505,26.3512807314688,10.4144381864601,10.6338339025599,15.9995000468727,31347.3629673417,30161.9879149714,-39.5069097352791,0
294,984,5.90264326386968,9004.1503570358,25.8121282474606,7.94613750005062,8.05594574209254,12.1915570940019,32154.8698942666,32748.2695236446,584.436118277771,0
294,985,5.56615381099727,6675.98934043758,26.3886851383479,9.62634626907052,9.80894268542399,14.7831857297997,31319.5251660426,30891.8435578594,-311.266770003915,0
294,986,6.95133973848914,2777.82798669665,24.9880502821523,17.1917183761195,17.7956811598815,26.4779703312229,37117.9847095055,18008.5416240672,1018.77361741782,0
294,987,5.3556735567503,2637.92731077843,25.7369155618147,17.9433008048714,18.606560933538,27.6445875091893,32858.2835040503,27277.2070645378,-163.549714485865,0
294,988,7.05308746788169,2655.3356719403,25.3236858592268,17.7985557199767,18.4472471162264,27.4190444595221,35992.0581501976,21962.0218685174,1019.00438802219,0
294,989,5.25673341118874,1670.85465530982,26.1321092539793,25.1808066956543,26.3972701092758,38.8740059658925,31010.3403051575,24872.1681648804,-410.762351250911,0
295,990,5.68922631030437,7150.3540930358,25.8121282474606,9.18514168529318,9.34543318860208,14.1017714461322,32149.2980694216,32727.6417120729,585.542300276812,0
295,991,5.71580257804003,3399.48148378617,26.2705498541643,15.0786288003597,15.5583186738358,23.2096955574114,31393.5713647606,18807.8948637287,73.1776609113686,0
295,992,6.91176013638263,3313.47828069665,24.9880502821523,15.201910951222,15.6776214999134,23.3972805052793,37154.6436549804,18024.1139913751,1013.77297656782,0
295,993,5.28700777657878,2557.06986477843,25.7369155618147,18.3464603849364,19.0377093719931,28.2693263219766,32849.1955473613,27273.3235147199,-145.324131988405,0
295,994,6.24804088042744,3195.92942057179,26.357998349357,15.7499024926242,16.273051305744,24.2490380408093,28640.3089615348,22755.1868041678,558.64394848279,0
295,995,6.97451524854432,1890.92881426469,25.3543932174671,22.7788369626266,23.7924184295099,35.1418433582027,35892.6018870448,22028.1996751035,970.774950416916,0
295,996,9.49306716108155,5982.48627497079,24.9606202197546,10.2482459148166,10.4521481594121,15.7408671947276,32641.4269888256,33000.9242094493,-1444.96265521247,0
296,997,7.05966576585129,2849.45653869665,24.9880502821523,16.8863073270465,17.46997653578,26.0049545998153,37157.8347812962,18019.4747429639,1040.2258091176,0
296,998,5.52700215880243,2596.18804077843,25.7369155618147,18.1485310902864,18.8259965306992,27.9626019656267,32861.2650484205,27275.5270143844,-125.389737348453,0
296,999,5.43301551663101,3088.71664978617,26.2705498541643,16.1194099084427,16.6656931946179,24.820934481944,31376.9362051964,18802.9528403996,27.0365130452715,0
296,1000,6.18283836766717,2855.62772057179,26.357998349357,17.0462316985628,17.6549188741881,26.2566069713291,28658.0886393251,22771.9129582684,559.647724979552,0
296,1001,5.06753052815059,6007.05135384337,25.8145700626168,10.2716181849601,10.4812746647781,15.7782282399335,32098.583437767,32692.8701301847,612.881395397092,0
297,1002,5.62042616905897,3424.41491578617,26.2705498541643,15.0025827495799,15.4775144372769,23.0919978339842,31368.1022350229,18803.4406017358,9.01525185607095,0
297,1003,6.95835495112666,2918.59615269665,24.9880502821523,16.6045206102568,17.1696554600894,25.5685801054842,37146.5920032103,18011.8034926712,983.598138240932,0
297,1004,5.52916870521536,2728.52024877843,25.7369155618147,17.5177479855543,18.1518394523164,26.9852517124984,32860.7743233691,27258.7961304924,-151.130165140848,0
297,1005,6.15605761439274,3279.67227257179,26.357998349357,15.4686715947648,15.9737986373015,23.8136554083242,28636.7611849459,22765.2458140424,582.354978623329,0
297,1006,5.95984753509089,4633.04213497819,25.7610616092357,12.1776042204781,12.4837356246437,18.721910298306,25926.8580170513,22052.6799807578,23.2408294692464,0
297,1007,11.1190410105583,6142.69593535674,25.7466948794485,10.1204652568302,10.3226293366149,15.5448239201401,32584.0234412296,32737.9819585281,-920.780275964367,0
297,1008,6.67592337978372,4821.84288331603,25.0946160193616,11.8083442755497,12.0903744395874,18.1501191735862,33793.5199637866,32816.891634124,705.699903570162,0
298,1009,5.51459724603488,3400.93519978617,26.2705498541643,15.0741672821786,15.5535775849711,23.2027902784472,31402.1349042037,18803.6697466371,60.9092821445303,0
298,1010,6.27181473364895,5441.56822457179,26.357998349357,10.9898457693918,11.2377147649969,16.8880046867268,28655.7537497213,22777.3741437069,567.248904648138,0
298,1011,7.31317812237059,3587.42397439361,25.9026260937931,14.4907684234549,14.930955893093,22.2991047323166,25195.2659574366,29259.9401331228,1187.84534941642,0
298,1012,7.17872281056607,2853.57540069665,24.9880502821523,16.869171507542,17.4517083868917,25.9784166527802,37144.7935004591,18007.8778250655,1010.21349196684,0
298,1013,10.5875158071806,6261.59228335674,25.7466948794485,9.99607258019623,10.1924353352801,15.3528423492786,32589.9360660189,32680.4304323351,-1006.59364027831,0
298,1014,5.61050355996679,4103.47101697819,25.7610616092357,13.2104085444378,13.5739111029665,20.3184100217887,25912.4239932076,22006.790828105,37.2014667739845,0
298,1015,5.50681564581054,4235.94733662282,26.3116414990717,12.9780450674764,13.332402071435,19.9602623096266,29863.5902806659,23575.8771313889,-40.1768389687871,0
298,1016,5.38911644034393,2615.96481229614,25.6785250831609,18.0418086974894,18.7112191131857,27.7970462720904,33516.0046795077,24013.9946542358,-548.690853708241,0
299,1017,5.56357226584455,7173.46685262282,26.3116414990717,9.19028507934824,9.35308234876045,14.1103367112116,29858.9570001101,23577.7095076054,-2.66522294747185,0
299,1018,5.84219331986268,5215.6966489331,26.0732014384948,11.2810076566804,11.5419847725068,17.3372369230027,34182.2311684495,17454.7054609678,194.597513906781,0
299,1019,5.72953279273502,4052.97087778617,26.2705498541643,13.3677170142332,13.744135075879,20.5627269056454,31381.6984526491,18804.2010074416,34.0773711931761,0
299,1020,7.86440986699482,3267.09434529333,25.863972281801,15.4529527996044,15.9525421904516,23.7880728206273,25161.266874226,29270.1208015768,1267.16242048199,0
299,1021,6.10634509005913,7468.77518657179,26.357998349357,8.9597615248958,9.11279789095983,13.7548300155898,28663.8726875958,22769.4282652542,592.758060620246,0
299,1022,6.89176961616495,3217.20263469665,24.9880502821523,15.5149995976763,16.0102495223851,23.8818390706788,37165.2326187198,17995.2618313992,984.006498910148,0
299,1023,6.02074698519985,4103.0336174248,25.7819194380746,13.2132352526383,13.5770575380787,20.3228243663387,25938.7891962868,22046.9529428287,-20.2095061482478,0
299,1024,11.3680779224794,6019.26223135674,25.7466948794485,10.2541469442462,10.4626095339385,15.7511592258821,32574.3330919163,32707.335405151,-976.151632102854,0
300,1025,5.90292002245316,5566.47643744522,26.4071424734435,10.8307795225809,11.0709498064383,16.6424334984206,34196.788452451,17476.4099080398,322.228989437331,0
300,1026,5.42755983883677,4427.59017808181,26.6616796115619,12.6259740530679,12.9629540018326,19.4166357252784,29663.6053602703,29828.5164131177,-305.378120771979,0
300,1027,7.74492155497789,4503.2286315189,25.8798111585012,12.4202934199616,12.7404387028402,19.0972046425645,25151.4961519576,29260.9440328014,1238.13705243947,0
300,1028,5.55740111831216,5030.7946304061,26.4156463238926,11.5771048745256,11.855543351826,17.7952236403619,31367.1261672556,18799.3708525102,40.6506871005151,0
300,1029,5.30561416144646,2950.77972376964,26.3571194625198,16.6561829328396,17.2387091899008,25.6524385187541,31188.6225677646,24448.1516190805,-394.852303426313,0
300,1030,6.04644187427936,3721.13770940563,26.5498650585558,14.1965242749905,14.6242426423273,21.8453346785189,28638.3269140475,22761.5867637989,535.451494983534,0
300,1031,5.79128754267957,4018.50541108373,25.9187244557326,13.4131347591773,13.7894935821644,20.6322213743373,25929.7737459088,22050.6779120901,52.5465843644739,0
300,1032,11.1022687198507,7115.93137261761,25.75973748198,9.21082839437238,9.37199156552018,14.1413249539202,32596.0280182396,32703.7169194424,-1012.71036584391,0
301,1033,5.45737479905095,4099.09441408181,26.6616796115619,13.3004931399755,13.6759491680256,20.4595771765446,29670.2694721062,29840.1594916549,-326.405720933931,0
301,1034,5.30878782476845,2695.87282576964,26.3571194625198,17.7572733560401,18.4145016572299,27.358214493634,31182.6929023645,24458.4562896205,-352.220437218169,0
301,1035,5.88858783955614,4449.72051120963,26.4420617607362,12.5659168763997,12.8980173403613,19.3233743381305,31377.094086401,18792.30231498,3.03020440824162,0
301,1036,5.77958895747069,3593.7957768155,26.3900755960142,14.5237228112388,14.9700487335461,22.3512318390142,34202.9257167985,17480.2124655721,303.487379325694,0
301,1037,7.00357959643922,2807.56151822187,25.2411232433523,17.0984413275575,17.698909546635,26.3342489478767,37147.8290893803,18022.6151744179,990.763610827991,0
301,1038,6.1276975411368,3348.96438740563,26.5498650585558,15.2671212941917,15.7611704943657,23.5021350563924,28650.0785238353,22807.3847074621,609.216921964334,0
301,1039,5.86209994771249,4216.77304445848,25.8893031905584,12.9811773354331,13.3326148247201,19.9642512847418,25946.5467407981,22044.7057681866,45.7594187375246,0
301,1040,8.06516886994879,3120.65131111929,25.7497622354987,15.9402780800023,16.4699204678725,24.5421930343067,24609.4084581197,29985.9800728696,-83.2474027032001,0
302,1041,5.43398481392859,3746.52423208181,26.6616796115619,14.1415323034754,14.566829159884,21.7605034287211,29669.6002908045,29826.3881176576,-302.743502572977,0
302,1042,5.72423601292418,4433.90584320963,26.4420617607362,12.5959838357972,12.9297595768562,19.3698529690656,31373.2612688749,18785.6635838582,8.74455113219276,0
302,1043,6.20073773486886,2771.48671940563,26.5498650585558,17.4380094780731,18.0753301794228,26.8641030653828,28648.6700562231,22754.9317738779,579.338479269791,0
302,1044,5.8372554193556,4171.77392645848,25.8893031905584,13.0753931953787,13.4321697140021,20.1099181944132,25909.9041297667,22037.7214896163,16.8139673677293,0
302,1045,6.93876072764707,3183.25900022187,25.2411232433523,15.6600424347437,16.1668726000829,24.1070141732925,37148.0401578099,18014.2092943337,992.683218023395,0
303,1046,5.87947540482711,9448.46398753044,26.0519534281658,7.72080244428819,7.8229992016649,11.8445842826594,35731.8408708461,17687.3765273283,155.418846504154,0
303,1047,7.61911428423023,9670.66488422187,25.2411232433523,7.58249893323571,7.67674970455098,11.6307151587295,37101.370716075,17968.027908073,1114.55660706082,0
303,1048,5.44710037230804,3920.50760608181,26.6616796115619,13.7094911865668,14.1089328153245,21.0921495844673,29661.4643112938,29819.6522942982,-294.904546305817,0
303,1049,7.65663449029246,3609.11683013683,24.9941425967889,14.3361270519012,14.75918742524,22.0577105094222,22475.2494363274,25266.2952940178,1260.51564359353,0
303,1050,5.62316095399412,3845.8178564061,26.4156463238926,13.8671167470167,14.2739905545473,21.3354400734855,31359.5525151966,18791.3903468288,45.2843140105773,0
303,1051,6.00849388048162,2722.56697340563,26.5498650585558,17.6603737733699,18.3129809301252,27.2086385093313,28638.9735900364,22763.156003103,560.128589752573,0
303,1052,5.93486152756717,3556.05912245848,25.8893031905584,14.5770393761171,15.0223710054913,22.4325579003151,25936.4567052918,22024.8684809503,45.6641189602683,0
304,1053,7.36572096169054,11631.6396642219,25.2411232433523,6.77377778792872,6.8404283746584,10.3853575260105,37109.4344953359,17919.5840524126,1191.559015633,0
304,1054,6.24769058155369,12475.048349242,25.0422751432139,6.48813671486344,6.54524677229289,9.94555291447164,36645.6239894183,16421.4042905666,487.913641561181,0
304,1055,5.76979335876475,7564.44548751734,24.7006204153361,8.81217761878007,8.95169165152809,13.5252158567384,35316.8634622755,14504.4362227935,219.161000644151,0
304,1056,7.61360917333259,11761.7323125882,26.0196238093032,6.75001617614294,6.81819736730275,10.3494166170361,36429.9668868471,17410.5242871882,-100.89568827079,0
304,1057,5.28138432815192,3216.05004808181,26.6616796115619,15.716658791609,16.2404776068554,24.1983436754315,29652.1761094039,29830.2951176818,-321.34288155799,0
304,1058,6.07590313338006,2464.45100191981,26.5571768618295,18.9685259559641,19.7132542548325,29.2361214043066,28656.671830086,22766.0923243541,597.155470823084,0
304,1059,5.75578329510389,7451.54480308011,25.9877981269493,8.9559008322621,9.1071466380702,13.7484256903128,36277.1098163453,18390.9654434859,419.83286631591,0
304,1060,5.8555015521915,3907.41836520963,26.4420617607362,13.7201587356817,14.1185252521749,21.1081797818875,31402.5534636646,18806.7297254673,44.8149818335127,0
305,1061,5.98692379397039,10630.5567357754,25.8766325540324,7.17474961812248,7.25674922292687,11.003280273245,36272.4119452717,18396.2680690129,394.747711019558,0
305,1062,6.24516529315373,11330.202947242,25.0422751432139,6.87669195334076,6.94606775651506,10.5436178250223,36656.1586426146,16413.8802929108,488.659891721726,0
305,1063,5.84659742620851,6489.18669530892,26.3483149183952,9.80140163169862,9.99181445292776,15.0532618197973,31194.8202877558,31619.3159816249,-119.134114960442,0
305,1064,6.17407094183073,3188.53372591981,26.5571768618295,15.7989398882579,16.3271098480301,24.3254718665339,28641.9266962299,22756.7461891504,536.25632878465,0
305,1065,7.3934598497651,9205.25724514519,24.7377380358151,7.79836527372008,7.8986275646256,11.9627533192377,37111.3300774634,17915.9202100635,1193.01094752078,0
306,1066,6.10686393153879,8076.03765524195,25.0422751432139,8.47230750595602,8.59956814301944,13.0016681774125,36651.529619615,16416.5540978757,499.525142585654,0
306,1067,6.04917511431307,8449.40747838813,26.2208530662653,8.28383293710185,8.40836482726814,12.712461999195,31764.8375834203,31671.9775373259,219.813597580429,0
306,1068,7.65194592393115,3366.43436213683,24.9941425967889,15.0373153204183,15.5029105951806,23.1425835829256,22478.2459585142,25247.1550140978,1233.71450494893,0
306,1069,6.8254542129807,6416.14717622187,25.2411232433523,9.81271640863953,9.9980543753248,15.0691749465012,37153.9285854003,17986.658700851,1030.20999601843,0
306,1070,6.17825002764232,3151.24370791981,26.5571768618295,15.9293943155114,16.4660253856486,24.5274604833828,28650.1959403756,22757.9348170378,528.363872542394,0
307,1071,6.01790247524926,8617.68592382683,25.1172818182935,8.13880608785358,8.25331825274001,12.4877295175944,36654.8140111641,16462.892271622,534.431990281837,0
307,1072,6.7162162508071,7500.97172822187,25.2411232433523,8.88415348504181,9.02906331234268,13.6368656054724,37148.6346575158,17977.5780830859,1018.14898575358,0
307,1073,6.21900985467962,2807.21961391981,26.5571768618295,17.2810847968683,17.9077587416031,26.6209999245537,28650.0477978759,22767.7643248188,579.985922250127,0
307,1074,6.602648189669,4326.36499243032,25.2908210552768,12.7082205212359,13.0400028195478,19.5410784274541,32046.8665361597,14963.2614378246,648.310491143475,0
308,1075,6.01580819999206,8666.16514982683,25.1172818182935,8.11044155866134,8.22386492368185,12.444017379656,36650.1635441223,16470.1661705718,551.376127269217,0
308,1076,6.41243295857028,5185.64330443032,25.2908210552768,11.2698043379473,11.525399682085,17.3186046377435,32039.8689201134,14958.3499402024,665.091065756795,0
308,1077,7.02210204183104,7250.62421222187,25.2411232433523,9.07693533724478,9.22995721576838,13.9341545789133,37168.4432208601,17976.4864318252,989.043921428529,0
308,1078,7.87227588702913,3609.96951862945,24.9412418128782,14.328254933938,14.7503868680958,22.0454065794625,22472.7450464028,25269.962235103,1248.96425682813,0
308,1079,6.73538931017672,3371.30965862188,26.527669629539,15.1943558909629,15.6836047561908,23.3894467225114,28191.1777654679,22764.8857721474,788.562166265164,0
309,1080,5.9912184860527,9244.45777982683,25.1172818182935,7.79190273536281,7.8933427562788,11.9531893710371,36660.0981287637,16465.5468174555,531.349479033031,0
309,1081,6.56003787874182,4978.31256643032,25.2908210552768,11.5764158658675,11.847686482808,17.7921906351884,32044.0013733552,14980.6953184428,624.199852931071,0
309,1082,6.42893254319369,2716.42403099742,26.5126065602999,17.6835395812343,18.3373476219802,27.2444241552775,28121.753643294,22777.6802766417,793.926924113716,0
309,1083,6.97762367151204,7558.70187422187,25.2411232433523,8.84127065840669,8.98439661380439,13.5707416386326,37137.0802905602,17983.5281478582,1022.9211750907,0
310,1084,6.83218355687478,6374.69483768997,25.3341809305581,9.85876705360675,10.0466781552588,15.1403650785483,37142.3255243114,18013.5504550844,1016.3402771975,0
310,1085,6.36669069166626,4895.78210771896,25.3867093628597,11.7119612059793,11.9908891973349,18.0017518766355,32036.2714817377,14958.5341707909,650.127326674324,0
310,1086,5.96556029720744,7072.87248494131,25.1828248148597,9.21809260179624,9.37687457952689,14.1517833198337,36669.3132880612,16446.684800533,548.621162959849,0
310,1087,6.50100275552997,2961.87872127319,26.6669608811396,16.6519902840838,17.2373165425245,25.6467929797001,28093.9291021989,22753.781043052,812.328301648873,0
311,1088,6.46446829424627,5259.51947171896,25.3867093628597,11.1722997402834,11.4235654627828,17.1681817897612,32048.8826197059,14974.205041946,657.207118719686,0
311,1089,6.64213957129741,3458.96148927319,26.6669608811396,14.9416214904986,15.4161971963853,22.9985996863905,28072.1440399688,22756.7011911373,842.241119970268,0
312,1090,6.44534892646256,5324.12172971896,25.3867093628597,11.083290281357,11.3300881455004,17.0307222031764,32046.8844743728,14966.6195821958,652.353000897924,0
312,1091,6.64582148065493,3257.02712127319,26.6669608811396,15.579068218609,16.0940741280959,23.9853364154959,28071.9796018773,22754.1822906031,818.598940104784,0
312,1092,5.96876341421762,3103.72270893522,26.0015279749998,16.03185941683,16.5698536433627,24.684656972527,36068.9390450305,17674.4333608192,303.782780296656,0
312,1093,8.78817625121129,3089.56116100659,26.5541645180365,16.1511035601199,16.702180602108,24.8707613862682,31791.2316901797,19609.1687955471,-1239.13771806878,0
312,1094,8.08112315958865,2675.33514714368,25.2133316082951,17.6877992720693,18.3276986117331,27.2471118508081,34238.4039490307,32055.801303893,-1492.83017012745,0
313,1095,6.44535921508531,5047.76150771896,25.3867093628597,11.4781136822448,11.7449352064658,17.6405143107159,32040.2245606363,14974.8591841528,655.746109707333,0
313,1096,6.56965422608134,3040.84193127319,26.6669608811396,16.3463457864579,16.9113592133443,25.1734146536643,28079.2514903821,22779.8444132414,826.001711323032,0
313,1097,5.79570285588411,2227.15398693522,26.0015279749998,20.3164026667347,21.1524694104393,31.3241921472127,36077.1931092528,17673.6308218246,307.305161261208,0
313,1098,9.06864568197861,2323.65106300659,26.5541645180365,19.7934431754889,20.5979304453168,30.5151098462489,31784.4271087422,19620.2782312707,-1196.09646532358,0
314,1099,6.28521181180849,4669.11254171896,25.3867093628597,12.0856813158359,12.3843290448247,18.5791603871819,32052.2242531404,14965.6795949861,698.405243718925,0
314,1100,6.53923991298424,2743.62308727319,26.6669608811396,17.5801500566458,18.2284681403953,27.0846760891924,28058.2786893104,22764.4418497253,861.64391856719,0
314,1101,5.85782313577272,2254.35609693522,26.0015279749998,20.1375959845084,20.960488961211,31.0469009083907,36057.1970430336,17671.6188258244,236.5788179874,0
314,1102,8.88772895951039,2552.17081300659,26.5541645180365,18.4965295932182,19.2076085324299,28.504468272656,31829.3217773973,19642.3599946126,-1196.12896687538,0
315,1103,6.40276095059215,4344.20701571896,25.3867093628597,12.6813833102627,13.0123829636131,19.4997889813198,32032.6722405984,14958.5196139451,634.417764874829,0
315,1104,5.83559128231731,2609.61345093522,26.0015279749998,18.1214425464768,18.8000039123094,27.9214454774061,36073.241542086,17651.9172396234,269.933079670049,0
316,1105,6.45674334901819,4708.73731571896,25.3867093628597,12.0180497279911,12.3130953331176,18.4746584425967,32034.8715624762,14992.2304159411,674.629286036535,0
316,1106,6.00297055331276,1840.52021575543,24.9615298406166,23.1525821059669,24.1892609485392,35.7202217003049,26231.1597574036,18976.9469193735,567.532609250995,0
316,1107,10.0022019776375,3179.36226064588,25.2692205745267,15.6767596803786,16.1849199170775,24.1329659670148,34159.4116244367,32145.0865594726,-1093.86037473757,0
316,1108,6.1947549142641,1402.91904093522,26.0015279749998,28.7463056572633,30.258186293118,44.412553337186,36053.7912741931,17680.9749232595,218.593930032236,0
317,1109,5.75010225980078,5523.76945700044,26.1680403874681,10.8702287721851,11.1109988354254,16.7029747401509,32683.6979182946,31366.8035770511,118.373420399853,0
317,1110,6.66476200150785,4745.34452771896,25.3867093628597,11.956460608942,12.2482387103072,18.3794966091227,32032.2586298503,14964.8246493,662.394622566844,0
318,1111,6.4013606168592,5281.08292571896,25.3867093628597,11.1423758718065,11.3921365238601,17.1219687633303,32061.7425295733,14987.7782233793,686.784802363092,0
318,1112,5.88833512475455,4907.61413300044,26.1680403874681,11.7507851050404,12.0368078457072,18.0631286349379,32691.7748006994,31363.1892949756,78.3941939222272,0
319,1113,5.84564601195413,4968.31778900044,26.1680403874681,11.6554770335194,11.9364758668161,17.9158762767657,32689.7399229744,31355.6559424128,115.501509468314,0
319,1114,6.43445213419333,4880.25377771896,25.3867093628597,11.7365795662215,12.0167925808012,18.039784134589,32039.919401209,14966.8540183414,658.328230059702,0
319,1115,5.8940049827635,2310.13972502153,26.6769722356557,19.8984198588103,20.7121074548554,30.6783106413417,27561.476236744,24211.0139170506,129.73114479429,0
320,1116,6.53446926430581,4804.69594646906,25.4047129228784,11.8597421896905,12.1465334927268,18.2300960198639,32051.6420093943,14964.5918425426,656.212611028872,0
320,1117,5.82484391748409,5006.55682886133,26.3998718886762,11.6130506189924,11.8932788533426,17.8507313682577,32679.0028731069,31360.5525742106,111.770369286648,0
320,1118,5.80261108181886,2669.05288276165,26.7611216841621,17.9426545170668,18.6171058048721,27.6466817662703,27534.3494641183,24190.4611240184,137.609187615905,0
321,1119,6.22655228543557,4183.27640846906,25.4047129228784,13.0084193040707,13.3577810540744,20.005372115984,32083.2560499609,14970.9696910006,685.550221166921,0
321,1120,5.78683713989959,2839.75438276165,26.7611216841621,17.1678750589999,17.7889393897254,26.446189298267,27552.9003104633,24202.3205729699,112.647542385556,0
321,1121,5.87049385423314,4753.10364686133,26.3998718886762,12.020646432549,12.3225809628147,18.480533320612,32654.2037834042,31342.279409717,100.798329039071,0
322,1122,5.68157976597545,2583.12945676165,26.7611216841621,18.3681584773483,19.0724739415913,28.306135373023,27559.2428226123,24212.7691890286,169.995647562992,0
322,1123,6.29509709737053,3936.87154646906,25.4047129228784,13.5526719884579,13.9330807620814,20.8468960914726,32097.1652662944,14997.8984655426,665.478331215353,0
323,1124,6.00096332308328,3192.7834849819,26.7344880528715,15.8051318403366,16.3353475633139,24.3355119952714,27524.7462820969,24193.1504219053,126.599181954212,0
323,1125,6.63155028948363,2621.23654046906,25.4047129228784,17.9749938680991,18.6367024095831,27.6926656370619,32101.2225884184,14986.9775783413,604.906286374395,0
323,1126,6.44462250934765,4539.60468545546,26.0553393862768,12.3677514545144,12.6862339150828,19.0163320361827,30345.2807554784,18415.0915975498,516.685864371836,0
323,1127,5.44047458765636,2336.46162460495,26.8248497027587,19.7599239061499,20.5652256137749,30.4640342329037,28703.9777036851,28754.0353654896,-158.667213919607,0
324,1128,6.31504113484641,5721.25553345546,26.0553393862768,10.6167444308657,10.8443546069388,16.3113913892617,30323.7750750313,18439.4138921001,512.703361338449,0
324,1129,5.81982451142284,3226.7035249819,26.7344880528715,15.6888890813778,16.2115838995596,24.1555330435452,27533.927942417,24201.390730859,170.083494111859,0
324,1130,5.60134364590774,2612.56117497202,26.9184358693092,18.2426928690518,18.9398876577887,28.1121508626871,30860.1101431319,28986.2159109996,-287.513717933688,0
324,1131,5.33631256516283,2267.07972460496,26.8248497027587,20.1987244925841,21.0364074063755,31.1445354027593,28714.2301171935,28789.0612649914,-283.972316350458,0
325,1132,5.84492991130112,2415.3978409819,26.7344880528715,19.2746248453223,20.0434739903702,29.7112469869716,27542.9472714221,24203.9652609339,171.655168248889,0
325,1133,6.30042335719097,1358.67584345546,26.0553393862768,29.4863768278332,31.0627520546535,45.5630535686115,30326.5142563853,18428.4747094915,549.26016635258,0
325,1134,5.48072419022826,2591.72457897202,26.9184358693092,18.3478233285121,19.0524389438652,28.2750956190754,30806.414313144,29004.8725414382,-347.291275183404,0
325,1135,5.5941105294391,2184.19588660495,26.8248497027587,20.756790544978,21.6361563781595,32.0101355921454,28719.6717121393,28753.6675765516,-310.57971105091,0
326,1136,5.92161542965377,3072.12868276165,26.7611216841621,16.2407909769163,16.7997419132216,25.0101950908767,27558.1072615156,24190.1817191714,133.8113728003,0
326,1137,5.27694418734446,2943.25953897202,26.9184358693092,16.758647036982,17.3536078744618,25.8126830031291,30839.1089790667,28969.2587544275,-301.636263959693,0
326,1138,5.30717799232944,2461.12878460495,26.8248497027587,19.029298846452,19.7814845285734,29.3311883995844,28731.1116495875,28789.7160465763,-193.877880709071,0
327,1139,5.65690808596827,4045.24702107734,26.7607018802137,13.4293211347758,13.8130246281172,20.6590184922289,27597.3389650598,24071.2542788987,90.8922015929455,0
327,1140,6.9840122735743,2996.509520059,26.8070097424951,16.5338297878877,17.1126467247126,25.4641575421285,29947.7979956719,24181.1243455469,1030.97961923652,0
327,1141,5.37014319940963,2553.57554697202,26.9184358693092,18.5444000207704,19.2629521130462,28.5797924047847,30795.5417579452,28995.009167512,-357.263693235404,0
327,1142,5.48593058808949,2488.88154460496,26.8248497027587,18.8758864959612,19.6170501972892,29.0933565317114,28725.369170548,28749.8700188015,-233.864883471913,0
328,1143,5.7352651374806,2973.92440707734,26.7607018802137,16.6163579669153,17.2002278144278,25.5918572068024,27610.3142748952,24092.9867870721,114.701956419758,0
328,1144,6.81943644216724,2246.215856059,26.8070097424951,20.3324718270263,21.1798727031946,31.351911882145,29951.0853988126,24174.4030656231,1015.76849735946,0
328,1145,5.74095903975627,3695.36221356613,26.939776831923,14.3032584893633,14.7406305263636,22.0113488211139,30502.8089679462,28897.3617137741,-23.0799335653359,0
328,1146,5.29898723321109,3371.44133860496,26.8248497027587,15.2268452204406,15.7207764407788,23.4404607477378,28737.6759586169,28750.876794068,-186.704986825636,0
329,1147,5.86595751792366,3203.03885907734,26.7607018802137,15.7728225071001,16.3011862552064,24.2855530466453,27606.864882546,24093.2757258415,123.68256329259,0
329,1148,5.38728020407484,3909.98355756613,26.939776831923,13.760651148597,14.1652798085334,21.1718780916248,30478.2989786727,28912.1156374409,-57.4186416782472,0
329,1149,6.7608424357862,3048.336698059,26.8070097424951,16.3354461376543,16.901088581714,25.1569061867279,29965.2442723233,24177.4251982116,1008.54437958887,0
329,1150,5.41898834310085,4081.69173460496,26.8248497027587,13.3534872795347,13.7332406138155,20.5418678522461,28757.9173465326,28768.3996935245,-226.636052721458,0
330,1151,5.72697105068101,3187.89575073594,26.6256525462655,15.8092332555009,16.3387059811551,24.3415844991777,27616.335554835,24091.2055231892,169.562288943219,0
330,1152,5.48393080668836,2243.2526236584,26.6723453356551,20.3284665368316,21.1738934135426,31.3452373677787,31275.683079482,27415.4666201816,-403.871902437484,0
330,1153,5.42677280010148,2265.02798722836,26.7292989454366,20.195504083928,21.0317691267769,31.1392155646212,28737.4769411708,28756.4890972198,-182.644328779497,0
331,1154,5.76651122472724,3415.12970637773,26.6274437794058,15.0698515965922,15.5521311196494,23.1969755084079,27629.2023931832,24110.3818723395,116.048460034778,0
331,1155,5.83517134917872,2215.00384218159,26.0415774466463,20.4047861769665,21.2478995006109,31.4614038104272,31412.3145157953,17444.9384844372,170.653515941001,0
331,1156,5.3639434396379,1817.9525896584,26.6723453356551,23.7522725947389,24.8618826293832,36.658171524828,31278.1397249936,27406.8081728396,-390.356924417912,0
331,1157,5.3092195276446,1810.93997122836,26.7292989454366,23.8340548210887,24.9510350674318,36.7853721976884,28715.4970935617,28764.9452724985,-181.479527036817,0
332,1158,5.89559535536872,3195.02868618158,26.0415774466463,15.7155289463402,16.2335059182361,24.1950054696151,31412.1660751238,17448.6836113308,154.246000210267,0
332,1159,5.79894648161286,4505.00649873594,26.6256525462655,12.4769926744111,12.8054148794183,19.1862639481432,27635.4210104718,24096.0370590568,109.685204584233,0
332,1160,5.9803606952046,2851.40722773497,26.4501718354385,17.0764563132914,17.6881323298272,26.3036884806242,32358.983796785,27430.245426555,287.941665073586,0
332,1161,5.4690277499756,2435.70746122836,26.7292989454366,19.157395546828,19.9177089916096,29.5294775686859,28722.7636784841,28780.1388696454,-242.500767761348,0
333,1162,5.93216813771767,4671.18276825766,25.6973869863409,12.1063641087792,12.408229912935,18.6117026541041,34422.5861498212,28011.6955099841,298.789202061743,0
333,1163,5.84913658243386,3710.01859218158,26.0415774466463,14.1748910485695,14.5971450623849,21.8107199683437,31425.3838029275,17461.9305698281,156.031933180474,0
333,1164,5.40839573391987,4494.45979933871,26.6670947685444,12.4999467571678,12.8299285415865,19.2218246179146,32193.8390863967,29527.2159570465,-164.746468343147,0
333,1165,5.86510356004447,6010.52765073594,26.6256525462655,10.3150532359074,10.5311136777072,15.8464737585741,27630.9604660848,24099.4753063474,154.310211764771,0
333,1166,5.59914464428094,2478.66483896177,26.2459721677707,18.8410437433696,19.573053324975,29.0375074155962,33079.4725190915,20532.3267919894,-269.276622344055,0
334,1167,6.98104414696071,8183.75274713132,26.1373251574789,8.44805156011649,8.57884795824087,12.965525398525,34305.1968636537,19185.2053883768,992.454303688958,0
334,1168,5.83603509961952,5698.25514825766,25.6973869863409,10.6223923891108,10.848263396185,16.3195548192836,34442.8814454636,28056.4216300954,257.095607612049,0
334,1169,5.81635023536325,4221.96891018159,26.0415774466463,12.9836379873665,13.3363365337476,19.9683649180869,31438.4203457939,17459.5627333317,161.403170231784,0
334,1170,5.75979505478702,5941.45411473594,26.6256525462655,10.3928415683648,10.6126639280408,15.9665652005938,27628.7004346215,24106.8000890254,144.376928171949,0
334,1171,6.05274309631514,5304.72093616399,26.5173320870075,11.1858876251679,11.4446571898108,17.1910495917754,27441.9874766327,26217.6179798044,240.913419849461,0
334,1172,5.68717569808213,6415.5690433118,26.2259958653126,9.86706033334891,10.0598946064025,15.154419144555,33115.534712324,20522.6946793086,-188.787592286152,0
334,1173,5.5740850351237,5646.28541524312,25.8319943391313,10.6944246038142,10.9245775050707,16.4309803334416,34774.2905411281,18582.2092769672,-62.9808947201495,0
334,1174,5.34669887506116,3962.61921575894,26.7056734777256,13.6141245065826,14.0082672991345,20.9447327962355,32197.1226925174,29530.4633880918,-136.079003253085,0
334,1175,5.34209692670179,3044.18500310663,25.9359280378017,16.2424250331381,16.7934853047091,25.0105226765012,34675.8793001892,17812.4322274328,-169.964638435396,0
335,1176,5.98354598332345,5033.20210425766,25.6973869863409,11.5222744696468,11.7933448991111,17.7092738318074,34406.747817355,28037.1371555761,286.726790674193,0
335,1177,5.95501417805053,4874.66492982314,26.6021998865844,11.8352993233595,12.1285909769366,18.1944807218496,27421.6052966204,23945.2853143595,236.48698059797,0
335,1178,5.52571067131314,3343.80206696177,26.2459721677707,15.2493935416429,15.7396017431319,23.4739450966833,33089.8099872222,20522.6314182875,-195.508471241866,0
335,1179,6.10708720809012,4511.12415616399,26.5173320870075,12.4569854395268,12.7835563061031,19.1551328825947,27439.1107097448,26212.1974398748,230.858845515404,0
335,1180,5.37980465547205,2822.4693905572,26.0175232571891,17.14136898429,17.7529438920596,26.4030082598945,34758.5482831085,17740.5616661268,-31.0107263403379,0
336,1181,5.63530942006557,3518.65250329502,26.598305811853,14.7586927812312,15.2212756001537,22.7153271945329,27397.1986496309,23920.8279724783,327.371275270819,0
336,1182,5.68206112133846,3081.29619896177,26.2459721677707,16.1435601130491,16.6911831976842,24.8582649613935,33079.8239525129,20534.484567228,-287.663664158629,0
336,1183,5.41379781273907,1861.18843831373,26.5545814973118,23.3119301591209,24.3848419228765,35.9741079684018,31400.4243727458,26079.6797424653,-338.086401938464,0
336,1184,5.69020754360889,2355.48358816399,26.5173320870075,19.5927158852386,20.3820912143036,30.2037356276087,27447.7435082678,26217.445306731,268.786002926741,0
337,1185,5.99589870679649,3495.87761929502,26.598305811853,14.8250286802045,15.2917349666711,22.8179888937488,27420.3563172083,23925.8839020411,296.565402700959,0
337,1186,5.38302518279959,3405.96305118629,26.482765988909,15.0820873798632,15.5638672320005,23.2155645230903,30966.099709993,22442.1645036922,-313.797088868465,0
337,1187,5.45908627048205,2163.79075426832,26.5802850510896,20.8555383063012,21.7392016595948,32.1624511668867,31351.6333874744,26057.2279025941,-327.359934690496,0
337,1188,6.29541090509824,991.197889145729,25.9529498839328,37.8192807628866,40.1405690666181,58.5227366684815,28836.1552651262,19683.273172098,383.659349579888,0
338,1189,5.81104933112139,2350.83398329502,26.598305811853,19.6343272380853,20.4277116526206,30.2685260345412,27424.2699936517,23929.2030177535,297.617165971259,0
338,1190,5.29763273365254,1698.70576518629,26.482765988909,24.9530090565224,26.1564683340608,38.5217796058299,30950.4593434251,22441.0302800729,-311.165384604771,0
338,1191,5.63644544702058,1307.31504114573,25.9529498839328,30.3515067628482,32.0008654793367,46.9073035956405,28817.1979774509,19660.4220904944,342.827651403659,0
338,1192,5.38334368022073,1252.01535631373,26.5545814973118,31.6026274850574,33.3732392996884,48.8556926020027,31379.7234875561,26076.91625159,-318.558533625712,0
339,1193,5.84563675112369,2694.79199929502,26.598305811853,17.7968407601456,18.4594027055706,27.4202410713988,27433.7451485929,23939.3708601048,320.390035933129,0
339,1194,5.37355294320771,2063.07063806842,26.4530849222162,21.5753356615908,22.5118563445498,33.2786607960844,31206.0911690653,22622.7944764573,195.359362716876,0
339,1195,5.17761988163684,1340.93431831373,26.5545814973118,29.9478177728405,31.5733520549559,46.2828901584655,31353.709617105,26081.7969844252,-377.768979001719,0
340,1196,5.56529046845681,3235.51602858573,26.3338337416541,15.6124950620072,16.1265909128287,24.0362449560948,31249.3344217456,22666.7768397465,250.540582916492,0
340,1197,6.83839636303719,5725.54011537474,24.8964793003966,10.5394556980542,10.7567601629563,16.1902562045884,35747.012073758,27008.5299753553,1083.7221790602,0
340,1198,5.60893890893958,2649.24687597689,26.5286382453467,18.0046620603385,18.6809158563758,27.7420796315061,27421.5313000925,23934.1602740189,340.07311661182,0
340,1199,6.02432122015719,2763.94759321862,25.5406451090529,17.3307037399835,17.9499896791148,26.6949056310812,35583.7100995235,17922.6993923877,284.86121562134,0
340,1200,5.3462388816555,2076.81404824024,26.4545861817607,21.470267324802,22.3987987484089,33.1156526944996,31365.2126140754,26088.8115814621,-344.772622748779,0
340,1201,5.98997856370698,1221.90306697397,25.922462387093,31.9919832348341,33.7846155891653,49.457669677458,28798.2267610702,19661.5982226771,325.945138619308,0
341,1202,7.08623920813339,5895.20639337474,24.8964793003966,10.342104638434,10.5500529939794,15.8856325275854,35742.6541386966,26988.980486456,1021.57644765946,0
341,1203,5.88340471215478,4074.07609921862,25.5406451090529,13.2547178467025,13.6190678003521,20.3864579151412,35545.1970347252,17913.411218431,343.147556233603,0
341,1204,5.72233518604047,3332.03396058573,26.3338337416541,15.2966420071395,15.7906257226671,23.5472979434617,31257.4305709388,22653.1662070592,197.210581931041,0
341,1205,5.95624503001836,2825.23461597689,26.5286382453467,17.1989853543843,17.8197760977321,26.4937276448907,27430.780940449,23935.0504312261,324.816140747291,0
341,1206,5.59281889400047,3176.49879519074,25.6905941430836,15.7373255192886,16.2533759778717,24.2278341239908,34720.3590829262,20276.1096327494,6.45006510469666,0
342,1207,5.79913584649524,3839.92914486305,25.5381508811493,13.7968768738709,14.1925782447542,21.2248607653784,35552.464975344,17904.0398956374,362.335217087071,0
342,1208,5.65654110536892,3049.04391258573,26.3338337416541,16.274014132854,16.8310325781288,25.0605102798847,31251.5374283501,22644.1760283758,206.55013400861,0
342,1209,5.65605436010016,3955.99893519074,25.6905941430836,13.5351238485178,13.916773720963,20.8203811438844,34740.2787079509,20277.7294667863,20.7823130130615,0
342,1210,5.8331710559271,3076.26493797688,26.5286382453467,16.1968957805765,16.750732163269,24.9416055717742,27427.017540257,23934.010175777,293.927390958872,0
342,1211,5.89404356292048,913.40691097397,25.922462387093,40.4017567505734,42.9632995803333,62.5418358823831,28806.1490688668,19662.5523845667,344.025735449244,0
343,1212,5.8267346073453,3691.73821686305,25.5381508811493,14.1719362658613,14.5898289886316,21.8049960772827,35552.645178555,17904.4485392907,343.275682306173,0
343,1213,5.75214697930872,3026.20342582132,26.5352390623913,16.3854142204609,16.9517322272329,25.2335675210011,27419.7093253835,23946.6760030303,310.731874764805,0
343,1214,5.59649663355733,3892.38784719074,25.6905941430836,13.6848525991241,14.0752201973755,21.0519402051198,34737.8822443174,20282.9575717842,45.2335106927679,0
343,1215,5.86343015727112,2888.93691858573,26.3338337416541,16.9038565371116,17.5027114780541,26.0359961029543,31260.9252496479,22659.086326739,207.023002692822,0
343,1216,5.79719340546653,749.601798752007,25.8477275201994,47.5248109597035,50.7656941847462,73.6323054618254,28761.3713316537,19662.6666320583,321.934078710472,0
344,1217,5.83489079112516,3814.62127086305,25.5381508811493,13.8590716095318,14.2584255912464,21.3210550099376,35551.9332086128,17892.2589136401,322.104545851324,0
344,1218,5.76549134768789,3535.37488197689,26.5286382453467,14.7031561851352,15.1617040077981,22.6292179881997,27418.9284008166,23941.7605925804,277.141744617635,0
344,1219,5.76231813886501,2611.98199458573,26.3338337416541,18.1591536667347,18.8440477098552,27.9809064138247,31264.0518710395,22682.6836827546,187.094215983812,0
344,1220,6.09258412318568,1523.52711097397,25.922462387093,26.9565842977313,28.3159406391945,41.6312625843544,28815.8078850425,19649.234416399,292.452895840989,0
345,1221,5.82429121925811,3143.75336286305,25.5381508811493,15.8327689859092,16.3534622483518,24.375187426804,35565.4002048479,17900.1507918283,330.696948898885,0
345,1222,8.4370457193259,4790.28038094959,24.5618727759673,11.8188887908433,12.0978788927403,18.1654180696604,36487.8258893353,23369.5908610913,-1502.66103238811,0
345,1223,5.70977529874484,2932.12990458573,26.3338337416541,16.7277519308564,17.3148165876045,25.7632236359693,31260.1913295692,22678.7906425145,194.422596979951,0
345,1224,5.63082892834385,3154.17633936774,26.5586085581672,15.9192042762432,16.4551863757122,24.5116860640341,27729.7993835799,23761.3940405506,59.5248690292605,0
346,1225,6.79126211980045,4741.09999271034,25.7834508666283,11.9939855744162,12.29041467319,18.4382107564852,34957.3062409743,17356.1858508716,801.69283630795,0
346,1226,8.18960998624354,4993.29402294959,24.5618727759673,11.5002193019462,11.7628460082872,17.673187970804,36478.9459368376,23367.7432741368,-1492.31112304952,0
346,1227,5.54628670873091,2654.24988858573,26.3338337416541,17.9520436173199,18.6225077710092,27.6599530103776,31248.6879043377,22653.9093660305,211.678573123827,0
346,1228,5.51288744853759,2271.90288336774,26.5586085581672,20.1213341687631,20.9499991381918,31.02360464656,27781.1209659205,23752.8247582094,72.7373283885157,0
347,1229,6.22928723553714,8393.05484471034,25.7834508666283,8.30099407841267,8.42447957569853,12.7384362356766,34947.8981891436,17338.7920545878,759.094442182964,0
347,1230,5.67342390427084,2132.28006936774,26.5586085581672,21.0773455431443,21.9774460448393,32.5064546092395,27755.7178002044,23740.0571628322,118.548409996995,0
347,1231,5.80139768163981,2150.38311258573,26.3338337416541,20.9053264285127,21.789539976049,32.2388018232176,31261.519575923,22656.5169593508,217.739794730239,0
347,1232,5.79669020605065,3746.87990740849,25.334181400458,14.0088485899605,14.4153539169535,21.5522560839434,34999.5395785369,24600.462814568,121.262993678853,0
348,1233,5.62819208411279,11016.8198495604,25.6653793931313,7.01364140700889,7.08948029258473,10.755004342803,34998.8351419028,16927.9096541264,22.5904537434323,0
348,1234,5.57029595214972,4786.773668003,25.3315178705211,11.8835666198778,12.1711249519984,18.2667702143739,34989.4515745014,24598.4144994131,77.2944180417607,0
348,1235,5.76710305473128,2379.54161658573,26.3338337416541,19.4186775609819,20.1932071638847,29.9332817494984,31269.1842660026,22667.4268941629,229.01633114908,0
348,1236,5.73722915920239,1563.04012536774,26.5586085581672,26.6040789286108,27.9447454195243,41.0866063121458,27779.8903099078,23739.9650152824,112.083533880813,0
349,1237,5.70194341453579,5137.56678992914,25.2594806559429,11.3367453392564,11.5955393059659,17.4219386612638,35040.7733345143,24605.6859501163,114.932071332441,0
349,1238,7.47218615749264,9217.57889182771,24.7600583268952,7.79275154487303,7.89289171093546,11.9541279632801,32827.9118658881,13622.3424195507,1128.34633849475,0
349,1239,5.62038407543677,2144.46044736774,26.5586085581672,20.9893382297457,21.8827960379392,32.3699296484394,27776.270694897,23744.8022933117,71.2969688087599,0
349,1240,5.90378954573214,2501.8023873949,26.3409258660782,18.730352179328,19.4555846252134,28.8662288248516,31233.6932584078,22660.3170947355,245.330795407029,0
349,1241,5.67726623469385,5361.02762156035,25.6653793931313,11.0519374514954,11.2988435768373,16.9827677765675,35017.0656795195,16934.383949862,8.23500332549974,0
349,1242,4.90318275203664,7976.12033007766,24.6265806446094,8.52059758830048,8.64801616484456,13.0756172808654,31953.8092679095,13938.9708824539,701.952028559816,0
350,1243,5.6958806668922,3514.33659078354,26.3997155080069,14.7501705851527,15.2105271806165,22.7016708963263,27794.548159689,24055.422264208,159.20216113397,0
350,1244,7.62437308286617,9669.96722370568,24.8030347241013,7.567512199468,7.65966397226714,11.6071966418097,32847.3209297631,13606.1253611872,1167.56942115191,0
350,1245,5.56516498770816,4541.17537732784,25.1229685225544,12.2898568285268,12.5976194789663,18.8941595455365,35140.8597604692,24576.2752667282,92.3584675292655,0
350,1246,5.51229792816785,1954.00826856695,26.1908351481169,22.4062113421996,23.4030164350411,34.5669244938297,31234.5193162251,22674.5628227404,205.287617457686,0
350,1247,4.99294508456706,7675.09842576944,24.66379010833,8.73037591933718,8.86638670570418,13.3990522679038,31944.8002368751,13922.470768478,702.241132495045,0
351,1248,5.98854130358552,3802.56882678354,26.3997155080069,13.9730944626585,14.3861623662916,21.4993434490669,27767.7155272605,24045.4791463435,155.806279327695,0
351,1249,5.53770564253353,4144.92763732784,25.1229685225544,13.0640735748937,13.4144284363161,20.0908233454977,35136.7255135487,24587.3759265514,117.608801613342,0
351,1250,5.55548369807668,2747.64910056695,26.1908351481169,17.4951512705297,18.132584216309,26.9515883792375,31243.5611682665,22669.0280419818,174.24361466393,0
352,1251,5.71218110857419,5630.07473932784,25.1229685225544,10.6695363536241,10.894402958127,16.3914291968622,35136.8917463382,24576.6300510513,107.91192169001,0
352,1252,5.81774192105524,4279.60793478354,26.3997155080069,12.8961300438406,13.2464768274876,19.8337878670404,27791.8073876417,24056.2972530586,151.292351077926,0
352,1253,6.60178884830179,3888.9641187758,25.5695948928983,13.6814567725108,14.0706603372829,21.0464221671395,31173.4412127963,15834.5179878663,692.207832315566,0
352,1254,5.56497764471075,3423.20854656695,26.1908351481169,14.9975094541144,15.4714222329584,23.0839525895789,31247.1756049489,22645.554498871,217.157434555324,0
352,1255,5.50250301925267,3526.09714107689,25.796580468688,14.6522189032873,15.1013456408356,22.5486642006213,33365.8855761131,27151.1174125983,-198.239962609119,0
352,1256,5.37804085053838,2452.4022489022,25.95238948148,18.9391749626023,19.6747338249539,29.1886730707771,25583.4114979619,23586.7646526448,149.748867639565,0
353,1257,5.7306214220295,5178.43160932784,25.1229685225544,11.2683738156632,11.5228496526598,17.3161061226551,35125.8873301847,24574.1142672868,129.038715243382,0
353,1258,5.73788970659873,4509.86773878354,26.3997155080069,12.4498929817639,12.7752642874956,19.1439472607196,27785.9971287343,24044.8322498511,150.577026202409,0
353,1259,5.75824989231533,4501.2745432018,25.9071874376486,12.4261129602549,12.7467679156003,19.1062518568993,25242.2042743839,24117.0387995103,191.876317587318,0
353,1260,5.71199175843391,3078.30341256695,26.1908351481169,16.1477447647537,16.6951082860217,24.8645980068779,31268.3075463781,22662.9007798678,201.170069781726,0
353,1261,6.90053577585517,2709.3616887758,25.5695948928983,17.5815035480259,18.2181111396309,27.0835215000623,31143.5000583529,15830.6676507097,787.378930225844,0
354,1262,5.88598827309214,6423.92408320181,25.9071874376486,9.84149757670096,10.0315459309707,15.1145260544004,25275.4827736525,24130.1559608581,187.849950720953,0
354,1263,5.79673476358631,6042.93008332785,25.1229685225544,10.1915749074733,10.3937192598425,15.6536486652999,35139.9335388763,24583.7573755784,112.577779199665,0
354,1264,5.80372999528961,4657.99258878354,26.3997155080069,12.183728639026,12.4944978455794,18.7325629121094,27790.9597139456,24055.9535437466,129.492209490689,0
354,1265,5.68003471002021,4413.71776656695,26.1908351481169,12.6139933895464,12.94701239155,19.3972074327275,31254.2214251346,22673.0957477775,197.889657987701,0
354,1266,6.04730328104678,4938.67144342066,26.0580291780599,11.6937659157599,11.9760781935872,17.9748386432499,32020.483887308,24991.5946869714,274.687573943618,0
355,1267,5.74747697189254,6082.2718987351,25.9540953162857,10.1973086340766,10.4041894660108,15.6637333716129,25304.5352713109,24139.2846902318,175.06322642345,0
355,1268,5.72039653202079,4889.60467132784,25.1229685225544,11.7020998053925,11.9787839649086,17.986039982389,35132.8043519952,24575.9455295395,96.1588676379622,0
355,1269,5.71763949265323,4512.07033878354,26.3997155080069,12.4458211605381,12.770967403553,19.1376533832026,27791.4080407099,24060.072629419,168.475118004959,0
355,1270,7.41939730042894,4795.11030357109,24.2178361543575,11.7844969763883,12.0593611505954,18.1116436018777,37064.3345145028,15775.5908523138,984.809876531573,0
355,1271,6.10227835471891,4308.37542742066,26.0580291780599,12.8091570993514,13.1521362051089,19.6986466908875,32021.7512978775,24974.9734296328,243.167991026811,0
356,1272,5.90507500042591,5760.18570073511,25.9540953162857,10.5637494439122,10.7882097274936,16.2294143514802,25310.3884241393,24144.8583967766,179.128351821277,0
356,1273,5.66094611168208,6655.94834119437,25.1185445023224,9.57839044794461,9.75259752033018,14.7074706317923,35156.7373654954,24586.9314172391,93.2901304677501,0
356,1274,5.71316782687821,4338.41735478354,26.3997155080069,12.7781375811828,13.121821063295,19.6513663376175,27783.7189021039,24066.3118134903,154.434191850848,0
356,1275,7.50773258100853,4885.10853957109,24.2178361543575,11.6411341568977,11.9086503879727,17.8902031749922,37041.519147227,15792.4782217928,1005.17369784751,0
356,1276,6.00573544785947,5376.70250542066,26.0580291780599,11.0568805845819,11.3063719618994,16.9910470332331,31992.0041113022,24956.8719058345,215.613084613547,0
356,1277,6.03275676298005,4767.95106127441,26.1457887654895,11.9765406771194,12.2744358975263,18.4119164014998,31581.6212862698,23761.6700455886,368.055346267499,0
357,1278,5.84215076007848,7198.44634720181,25.9071874376486,9.15064669627567,9.30988093845378,14.0486859289004,25314.6700598136,24138.1438096278,171.128255874681,0
357,1279,5.70766605160952,6383.69432932784,25.1229685225544,9.83815460142527,10.0240362841346,15.1082573217817,35141.5744378829,24577.37979937,76.0810433051335,0
357,1280,7.19452819816648,4581.83254557109,24.2178361543575,12.1440595675241,12.4376459304967,18.6671097643952,37076.4129144864,15792.0866102034,992.572946921796,0
357,1281,5.78649941658046,4874.87182599284,26.0916215019927,11.797430209885,12.0854298957646,18.1350630175711,31953.6868351196,24949.3827047083,297.041056659274,0
357,1282,6.95706970920611,7319.41442630431,25.0614992701216,9.01428013247924,9.16382770200571,13.837301997631,35555.1583820611,21931.3746953604,939.426985237676,0
357,1283,6.21574964415978,5866.90089916168,25.9134770569168,10.435985045114,10.6540378701578,16.0321055169738,25886.3086553581,22474.6962168499,57.5002907653939,0
357,1284,8.68115515431459,6201.50119186733,25.044505727745,10.0183981509103,10.2120980374413,15.3862742390714,35887.9501659581,20777.3787436612,-1053.13726104105,0
358,1285,5.73641444397521,6345.10477732785,25.1229685225544,9.87650897303398,10.064132914406,15.1674388404441,35129.2680411572,24574.9856401241,95.0973331207693,0
358,1286,7.31340763062447,5093.21018757109,24.2178361543575,11.3268464622583,11.5784918624213,17.404814618196,37039.702880183,15786.6729759388,992.054829221746,0
358,1287,6.39391470879508,4935.84076321168,26.1525636472273,11.7050839630089,11.9885953181752,17.9924914615018,31631.4818395162,24878.451317409,-196.180239819371,0
358,1288,6.73137100203121,5746.51574030431,25.0614992701216,10.5248085502786,10.7423576127094,16.1679069653801,35553.1431699491,21928.3133865047,1004.63525610222,0
358,1289,5.78551607961931,3429.80430785853,26.3505621314159,14.9950102869437,15.4701716186034,23.0804715737517,27248.1796014813,24064.0053426779,138.272021972633,0
358,1290,5.70084702710782,2597.73590116169,25.9134770569168,18.1673764883132,18.8481455236004,27.9923546748032,25991.0595321953,22447.5197701043,-15.8362116345787,0
359,1291,5.8231056683599,6303.93818332785,25.1229685225544,9.91787628275312,10.10738556425,15.2312710843456,35141.9110481048,24563.1248581872,98.6013700761993,0
359,1292,7.00183572104127,4692.24125030431,25.0614992701216,12.0207130103281,12.3136860932876,18.4781626077068,35561.7276403935,21936.9289330757,963.027966244951,0
359,1293,5.94495838216992,5042.89847542066,26.0580291780599,11.5333580036509,11.8072753786651,17.7270226609982,31944.875331534,24933.8685411896,240.352489400434,0
359,1294,7.74446725632027,4926.04667239213,22.377340700712,11.4372573199753,11.6819423772979,17.5718713373379,37651.1245232775,13500.199360553,1222.3731739809,0
359,1295,5.57758410515027,2796.11628785853,26.3505621314159,17.3014158876208,17.9273212034092,26.6519045307394,27256.6098105452,24064.9927184671,155.86559229578,0
359,1296,6.06391602938541,5244.69844719801,25.8660304686488,11.2258111415716,11.4827109295896,17.2516348492328,32941.8162067693,31202.6547691803,244.204264890696,0
360,1297,5.71875673413999,5602.25365195038,25.1669831376347,10.7067812969604,10.9337093615877,16.4490007164069,35147.0484130602,24583.3769270385,115.94259627117,0
360,1298,6.89132683168522,4298.14725008705,24.985728926487,12.7377770122323,13.0689418491544,19.5861435236184,35573.0536812058,21923.3332925376,1023.74171159313,0
360,1299,5.73795148023625,3281.23655303621,26.2592061647074,15.4522071309618,15.9553841356822,23.7879197370819,27218.8657054886,24064.3647914668,83.8900367139787,0
360,1300,7.70589771143619,4421.45747604115,22.244635030298,12.2648251299133,12.5500143174037,18.8496195201359,37653.8463123499,13502.2711755575,1188.23352828107,0
360,1301,6.46428036734625,4266.94062053148,26.128899716566,12.8987861242029,13.2473241390196,19.8373542565408,31601.1239336189,24873.600343668,-204.421360652997,0
361,1302,5.72281908010675,5082.82072126592,25.1665684190114,11.4102363695578,11.6721840617196,17.5352848440349,35133.1738246664,24586.1757295836,106.00018433011,0
361,1303,6.03852471770388,4241.92434555287,25.3093448438119,12.8789279280281,13.2203231546736,19.8049923611938,33781.7341311749,31100.1025142576,512.406738621091,0
361,1304,7.52400786654245,3671.91269604115,22.244635030298,13.8788270407986,14.2508925645373,21.3437683154949,37642.2483439368,13511.7107481596,1213.91512556616,0
361,1305,6.01511060238526,2607.87157125747,26.2772591722496,18.1712066320941,18.8563145155516,27.9994121366815,27232.0757427096,24054.6908884569,77.623535750756,0
361,1306,6.39671538378693,4407.70878653148,26.128899716566,12.6204197929699,12.9533596511139,19.4070210444358,31626.2521616253,24899.0549557911,-213.037798199931,0
362,1307,5.73097825561019,5323.40449195038,25.1669831376347,11.0693938480698,11.314162034543,17.0088936339247,35151.0529300659,24582.0865170452,110.654888102348,0
362,1308,5.99816918699675,3860.19173955287,25.3093448438119,13.7254626960139,14.1151373337707,21.1139020575554,33774.253962236,31095.4208433315,517.59655468302,0
362,1309,5.77222758396258,2679.45607125747,26.2772591722496,17.823235683956,18.4841567027818,27.4601858579809,27230.4346689692,24067.7057543152,127.187688780166,0
362,1310,6.12966942457675,4427.55421253148,26.128899716566,12.5824493056774,12.9132799158902,19.3483265966373,31600.4574292144,24884.1524126903,-226.530787144881,0
362,1311,7.51495835177324,5069.06592804115,22.244635030298,11.2163951674489,11.4494669070842,17.2306416169676,37648.9095697131,13503.9901243849,1190.88165896748,0
363,1312,5.69296605632414,5168.91412795038,25.1669831376347,11.2850674074946,11.5406620206276,17.3419640046478,35152.2718932514,24571.3547647891,100.936167559497,0
363,1313,6.02518238726357,3467.46815955287,25.3093448438119,14.7691957929777,15.2211946688653,22.728486291444,33780.8800680464,31100.6421608341,501.889320990674,0
363,1314,5.92675331451276,2804.47564725747,26.2772591722496,17.2547866120639,17.8767552009167,26.579454865918,27232.0920663747,24078.5724386028,159.446711150949,0
363,1315,5.92742806401,4529.92685317269,26.0772006045063,12.3871612891275,12.7068581760666,19.0463731887039,31956.2742749497,24923.8079912121,346.092959678603,0
363,1316,7.80759287935827,4085.60502804115,22.244635030298,12.9228483836065,13.242521455059,19.8662197299201,37677.0630547321,13501.1776456201,1201.68913450869,0
364,1317,5.87514309086828,3510.54060421212,25.0890287156596,14.6206669178021,15.0616714649068,22.4981369083095,34223.057615026,14916.8682734063,112.080474583229,0
364,1318,5.82088281335292,2660.93220525747,26.2772591722496,17.9116278148296,18.578668552058,27.5971542504396,27253.5724086334,24075.3305394492,145.119985665544,0
364,1319,6.0007486194328,3384.97943268031,25.3437442843868,15.0199100327378,15.4876305032967,23.1165305410777,33787.3540865346,31092.629505792,531.308922694657,0
364,1320,7.49222056512287,3508.19343804115,22.244635030298,14.3123539957597,14.7090346802858,22.014056434545,37660.2994981748,13516.3938358874,1182.0563957967,0
364,1321,5.36245434026274,2251.77348510776,26.1586059758507,20.1820962737884,21.0102477470973,31.1164574530041,31248.7366759501,24270.0264595793,50.1268597397131,0
365,1322,5.78403621127348,4059.40649821212,25.0890287156596,13.2456694106796,13.6060128810899,20.3715050115044,34237.328644646,14915.5994966666,104.036290330541,0
365,1323,5.93885738415178,2928.46000125747,26.2772591722496,16.7351482580994,17.3221370579883,25.7745226869994,27234.7845838037,24074.3398693654,164.276711900914,0
365,1324,5.73895065862805,2563.31204811916,26.1631707469403,18.3794981202241,19.0779164800046,28.3218653692896,31204.2897569567,24269.4889474666,68.1712271319313,0
365,1325,7.67389697585207,4041.94949604115,22.244635030298,13.0154801302251,13.3401129804719,20.0093581883038,37661.8868226293,13524.6885559593,1151.97627705888,0
365,1326,6.05343529314623,3480.97642824574,25.3022005398832,14.729002543822,15.1784831635988,22.6662775615695,32672.0444541108,32723.1696201992,712.658303733244,0
365,1327,5.85062967706365,1995.10020505614,25.2401409730569,21.8700405518919,22.8122298679669,33.7312589175967,34781.580726166,28281.4613823978,387.524026042896,0
366,1328,5.75941373216102,4097.59958221212,25.0890287156596,13.1623573941658,13.5179872120875,20.2426985553875,34244.4582533473,14938.8137642087,120.681159887876,0
366,1329,7.67127669709027,3844.64058804115,22.244635030298,13.4573941182695,13.8060369060315,20.6923176192781,37654.9310380133,13498.4610008456,1224.82525905449,0
366,1330,5.77077047951234,2516.61410910776,26.1586059758507,18.6227636020826,19.3382728771809,28.6988874015751,31215.323773123,24248.427845612,77.384949314615,0
366,1331,5.88962672560423,3071.88526705614,25.2401409730569,16.0528561279783,16.5847576730652,24.7151139908267,34807.4709905303,28325.8300998681,385.742352426954,0
366,1332,5.2664028993765,2810.59361283608,25.9384565746629,17.1817233184897,17.7951910228871,26.4652911998364,26860.0985388116,21897.4736495214,-42.0514953434913,0
366,1333,5.8042163309308,3363.27526725747,26.2772591722496,15.1916236487676,15.6784711965148,23.3846036583519,27215.1989151183,24103.5387907262,157.030087635102,0
367,1334,5.71473655276677,3914.76175621212,25.0890287156596,13.5743441047157,13.9534816910553,20.8797143779119,34243.5454085628,14919.4996331705,138.199753618442,0
367,1335,5.99064175190417,5403.25339264864,25.585496783936,10.9900171876007,11.2333499940698,16.8870142086658,32323.8184329575,32063.7467115216,249.981441094392,0
367,1336,5.908644795989,2938.41200910776,26.1586059758507,16.6797388992987,17.2618407683247,25.6883736093476,31232.0030051036,24259.0133544866,51.8105525672873,0
367,1337,5.67314282891377,2888.80740053353,26.1950480228242,16.8859915224573,17.482232500851,26.0079340154475,26783.8261208474,25860.4422528858,126.73506057279,0
367,1338,5.91987387123026,3035.71857505614,25.2401409730569,16.1860828801483,16.7265763057866,24.9213816221818,34825.3560604194,28324.417110355,407.888611295103,0
367,1339,7.5798641726539,4213.04746404115,22.244635030298,12.6622105195134,12.9680665636951,19.4635090291924,37669.6673768435,13503.1384231119,1222.61989472993,0
367,1340,5.39580021173921,2594.71678683608,25.9384565746629,18.1862331823346,18.8685966052178,28.0216537456049,26852.6002691859,21915.1338755484,-46.95307425308,0
368,1341,5.75508281624949,4074.47228221212,25.0890287156596,13.2126389740112,13.5711111861194,20.3204368748019,34227.5400692844,14928.9016183737,122.309880485647,0
368,1342,5.95621134759708,4084.97115484138,25.6679141941684,13.2423694902024,13.6069887424783,20.3676332956321,32310.1406058109,32045.1110069696,247.960554071864,0
368,1343,5.42121971992664,2672.29387710776,26.1586059758507,17.840085624759,18.5008778570415,27.4859388644349,31268.4246777703,24159.1804524795,-83.7792590454413,0
368,1344,5.70650830233624,2690.28706253353,26.1950480228242,17.7602517205184,18.4159310024751,27.3623460579671,26775.8054928266,25855.9537019254,99.7414025261663,0
368,1345,5.59744561714352,2344.01685483608,25.9384565746629,19.5648972658546,20.3452193187698,30.1586639046987,26838.7080715596,21904.1562100342,-61.2333782794078,0
368,1346,5.90303495671177,3044.66113105614,25.2401409730569,16.1528732893354,16.6912210018685,24.8699639419652,34821.3083116025,28334.9771574306,422.734670073674,0
369,1347,6.14813470081519,3600.46523284138,25.6679141941684,14.4302809638215,14.8647965794888,22.2049672860467,32319.3870135438,32037.173490602,239.104020983579,0
369,1348,5.6521435094551,3564.01312495446,24.9772414847015,14.458117842488,14.8883356059517,22.246386949662,35523.3349648062,22271.4368183937,210.184958524413,0
369,1349,5.46982196303087,2855.90261310776,26.1586059758507,17.0182881519202,17.6230380420055,26.2127553492052,31288.5402476729,24138.5223082051,-94.5966034216422,0
369,1350,6.32792725593312,5020.0901453179,25.4679038987032,11.5256123439814,11.7953968932016,17.7140273601048,33325.4707066298,15605.8949637059,483.748315793672,0
369,1351,6.1035368573611,3077.19353305614,25.2401409730569,16.0335420566124,16.5642015865953,24.6852120601787,34795.1186066019,28324.6761532784,404.309144327716,0
369,1352,5.42875115854046,2333.40032283608,25.9384565746629,19.6293039540157,20.4142932162796,30.2585232955541,26837.1630502814,21915.2798908632,-78.9120129914088,0
370,1353,5.72125624589281,4518.54767338451,25.6536922531422,12.3738810668371,12.6899135906112,19.0250374739021,24331.6644000406,23145.7677419065,396.842430772052,0
370,1354,5.71108605368934,3810.22319656234,25.0682535686186,13.8237192217251,14.2171531194787,21.2653174815241,35512.415456178,22257.5408195235,223.507211084154,0
370,1355,5.58441062491025,3150.71702288865,26.2937250121817,15.8996633435805,16.4318818902525,24.4807424321004,31301.7726030397,24139.1864989767,-110.512994666641,0
370,1356,6.2033730315218,4907.67774400051,24.9740056661594,11.6625568913376,11.9362114104594,17.9246845910007,32396.97627255,15108.7634386095,491.828134640998,0
370,1357,5.9290195787501,2728.68096387047,25.4055142115932,17.4696855028535,18.0969021892826,26.9097992172798,34799.9912573119,28311.5324013151,377.235444836061,0
370,1358,5.6060364636707,1716.11833064004,25.9809466615275,24.6410412159194,25.8114059905568,38.0351771755432,26838.4407882291,21892.8006378023,-53.6663804178565,0
370,1359,5.91002645419263,1499.09513107659,25.6292363941019,27.2099404031589,28.5853645917453,42.0234537679984,32286.0991665643,32034.6064821498,263.14597272827,0
371,1360,5.68690560075015,5865.90791271225,25.6037901636111,10.4184552404461,10.6339609088111,16.0045729064283,24297.1301346893,23134.752864058,405.401348822434,0
371,1361,5.88370535462254,3556.10923456234,25.0682535686186,14.4898159783801,14.9227368604566,22.2956450588272,35518.5305404965,22276.2775746442,196.97655001143,0
371,1362,6.09027019701974,2589.63082587047,25.4055142115932,18.1311058933228,18.8035928582389,27.9345614129519,34813.3210118489,28317.6949592232,359.803241030881,0
371,1363,6.00442238709493,2136.43250200051,24.9740056661594,20.7492921055275,21.6037997064458,31.9918015960656,32362.180002654,15098.4139076161,474.710681051557,0
372,1364,5.84180582233664,3669.71934256234,25.0682535686186,14.1817563181496,14.5962627262936,21.8190923848396,35510.7567151538,22272.6756284957,178.831348549619,0
372,1365,5.89630623592057,3033.71903787047,25.4055142115932,16.2145601844734,16.758552048717,24.9659291953101,34785.6752495871,28312.9025937775,351.167232257976,0
372,1366,5.62593901776312,3639.82413567734,25.5838267447323,14.3145282416272,14.7413477184851,22.0256897096489,24310.2615716495,23137.199033663,441.480719021143,0
373,1367,5.8703442231159,3101.36043856234,25.0682535686186,15.9250002357942,16.4470034804927,24.5167065340732,35509.9749205041,22272.1256759857,196.088825740633,0
373,1368,5.76223261207045,2469.65520387047,25.4055142115932,18.7565861466279,19.4727296850181,28.9038744955846,34804.2465143157,28316.9729325275,378.419170980126,0
373,1369,6.64544469361662,3829.33494090228,25.0080796678086,13.7709339936915,14.1607976537599,21.1835469315622,25823.8581028688,19609.5572234417,800.311643251895,0
373,1370,7.00821164686022,2690.52340954955,25.0846973474075,17.5981647423971,18.2305394386686,27.1078551116189,22449.1493123819,24674.2112920598,1003.98915885127,0
374,1371,5.76468205218378,3390.12129856234,25.0682535686186,14.9732407752052,15.4355733550284,23.0436199289188,35518.4362804396,22262.7803367425,196.041405526862,0
374,1372,5.94574865652269,2547.29685387047,25.4055142115932,18.3456162015249,19.0329844921009,28.2669650485917,34814.9157513315,28342.7222750631,379.674381112941,0
374,1373,6.66449682268154,3422.34134842996,25.0509208532009,14.8741619324179,15.3302590068396,22.8902639198184,25831.5367407189,19600.1437561604,772.301095405819,0
374,1374,6.89952395515467,2542.94920954955,25.0846973474075,18.3181557220777,18.9998771753597,28.2233815293444,22420.6545026372,24695.4555131589,1031.04075962933,0
375,1375,5.69011635518626,3423.86513056234,25.0682535686186,14.871539804062,15.3276334759239,22.8862498656525,35524.6434062522,22281.4936223373,194.867508957719,0
375,1376,5.96351790789834,3094.84118787047,25.4055142115932,15.9903237489324,16.5198352476533,24.6187510015039,34796.0211550542,28319.0870553453,404.747989227727,0
375,1377,6.57859128804966,3455.02793242996,25.0509208532009,14.7773029228408,15.2274840558328,22.7403933320601,25825.5536373115,19588.7063561808,811.737209679865,0
375,1378,6.85604154680982,2474.95494754955,25.0846973474075,18.6763608847326,19.3830374498202,28.7784828111606,22447.0560489539,24690.8732933415,974.588477071515,0
376,1379,5.75801412304706,3421.53037456234,25.0682535686186,14.8785181558644,15.3350390517212,22.8970477905345,35537.2956236208,22271.4144974303,226.127066294866,0
376,1380,6.00015109282723,1864.29261987047,25.4055142115932,23.0313472743902,24.0653075369328,35.533927046258,34835.3962695216,28343.0429949772,337.384096932616,0
377,1381,5.86564035784517,3520.18482856234,25.0682535686186,14.59094994944,15.0299723362888,22.452109589171,35516.2545898043,22256.3285331303,197.468749548245,0
378,1382,5.83271055148621,2553.22140256234,25.0682535686186,18.2630171282449,18.9407287481237,28.137888288964,35511.2650034615,22268.325911502,232.338008127895,0
380,1383,10.5990849033918,3285.33631252154,25.6986160396838,15.3742672174606,15.8673566296215,23.6658556097931,25224.1390747303,30084.2936154467,-960.225378186649,0
381,1384,10.8824948085606,4070.58036533646,25.693301622197,13.2762853456798,13.6430385628612,20.4201289306402,25248.8339624926,29998.1062720969,-997.990020216231,0
382,1385,10.2242021053621,3311.52654845683,25.6345861544858,15.2825788190437,15.7693143693415,23.5237780515751,24626.1485429907,30354.509571396,-1030.64861824601,0
383,1386,5.91194111422388,2622.66169066788,25.1142174825612,17.9244527300704,18.57939051472,27.6134481438101,32631.2912820127,15227.3552213694,280.120127248534,0
384,1387,5.91832259339188,4198.25364148782,25.0577057544346,12.9465289229678,13.2898067218976,19.9089729838665,32623.8196642669,15211.2812876877,286.079487256669,0
385,1388,5.80555746786447,3700.86250948782,25.0577057544346,14.0992125982871,14.5087399297737,21.6913889864401,32604.9527013831,15197.8390294541,318.075833554332,0
386,1389,5.89520540494728,3746.43430348782,25.0577057544346,13.9822141346053,14.3848439031977,21.5104246500365,32587.5013673023,15194.8731368519,316.223186347416,0
386,1390,5.83709244422699,2490.48588861707,25.3379718385629,18.6332813498593,19.3399562484462,28.7125500793147,35444.0246199982,24044.9568208773,301.299507132513,0
387,1391,5.79501095748669,4766.08005261708,25.3379718385629,11.9182190136506,12.2076479178045,18.320320798456,35423.4086586789,24069.3998166273,316.47604346587,0
387,1392,5.90174781811109,4045.08483748782,25.0577057544346,13.2743806035684,13.6361085288531,20.4158284444624,32606.0024295175,15195.1160437272,330.875216473584,0
393,1393,6.08921857148989,3050.39200613364,25.7974928077822,16.2019140561087,16.7489707838486,24.947418658153,31678.5182278737,21449.1708670521,624.23306007351,0
394,1394,6.51151223269603,2478.20662782037,25.7853943488395,18.770648524718,19.4922790609206,28.9269087427487,30209.4321660821,21437.7594051471,657.282969109333,0
395,1395,6.12683248828298,1824.36481782037,25.7853943488395,23.4912634317822,24.5669683282386,36.2493390041436,30229.1346637121,21444.2600804162,666.629595057913,0
396,1396,6.14891501767976,2119.13131672761,25.790995990417,21.0285721985741,21.9148693266033,32.4279997921637,30245.3687182692,21439.7025059696,653.977785427722,0
397,1397,6.04972420144532,3338.67434382037,25.7853943488395,15.2135939267124,15.6973852972938,23.4173869675032,30222.2371684946,21447.2513377602,690.932182383014,0
397,1398,5.77298401124749,3028.95563914241,25.0134505959846,16.1823582120544,16.7203304164954,24.914986674395,35346.6866867275,20598.0012191713,134.538274872381,0
398,1399,5.62169232884516,5498.39127958857,25.1226499735759,10.8351569150634,11.0680857970865,16.647132513436,34793.9198043996,17716.1262840785,-50.6868143593352,0
398,1400,6.35340994931666,3734.71080879809,25.7212987396667,14.0787628166143,14.4926231499596,21.6612849936403,32439.1049431439,21252.4814485263,703.490236288716,0
398,1401,6.16964507332829,2704.25946582037,25.7853943488395,17.6361197164273,18.278815325765,27.1687875995241,30232.3302159495,21429.7639374685,697.155046154195,0
399,1402,5.40221582093524,5826.93109558857,25.1226499735759,10.4342077179004,10.6477818970268,16.0281475392749,34796.5510935855,17731.0707467625,-12.4343750729646,0
399,1403,6.35625898784559,3747.74268764499,25.7421328634914,14.0474033387088,14.4595684049808,21.6128228576953,32432.5227520024,21260.8390395457,695.994668213126,0
399,1404,6.04875200313327,3018.84936472761,25.790995990417,16.3194511109515,16.8741130578624,25.1294017315035,30249.0563436832,21454.8937560684,690.760327561168,0
400,1405,5.58248624341446,6103.84118308963,24.8400607911543,10.1093563501984,10.3061463732763,15.5263362415743,34790.2478001101,17729.9956726964,-58.192968369083,0
400,1406,6.42913509978685,3622.71905120974,25.64420879938,14.367021398959,14.7975140880977,22.1070414455754,32442.3362344233,21263.0653640642,700.096610289144,0
400,1407,6.9782356178871,2962.90113411263,25.6992550144064,16.5231145626633,17.0902160306315,25.4445312451121,30177.8550951782,21437.0466988472,737.115665014325,0
401,1408,5.56700242291883,6821.20597708963,24.8400607911543,9.41533214795369,9.58099592502974,14.4555535396282,34815.2649618468,17728.9284881249,-29.890793715922,0
401,1409,5.81265908504632,2819.93187310878,25.7937026275148,17.1216275323542,17.7295223851487,26.371780649393,29377.1890325483,22130.1526147829,238.722574107422,0
401,1410,6.44256669217727,3681.99101720974,25.64420879938,14.2083556162651,14.6293142085743,21.8615798797625,32441.6651421353,21242.831637604,707.578975254641,0
402,1411,5.62824261938928,6530.15441308963,24.8400607911543,9.68087405459329,9.85823039805693,14.865188281912,34793.541646765,17715.5749216147,-47.1200434605466,0
402,1412,5.85397589628766,3036.82189510878,25.7937026275148,16.2520823821465,16.8023713004197,25.0250906289878,29385.0619256373,22122.3355634972,243.36941348097,0
403,1413,5.73439983105895,6332.51511508963,24.8400607911543,9.87325668093807,10.0592530126815,15.1620111381052,34791.0056211175,17733.7482557406,-57.3308106482877,0
403,1414,5.89624981410409,3043.12133110878,25.7937026275148,16.2285215343549,16.7772742263416,24.9886080486988,29383.5709589644,22114.5251676036,219.040509318566,0
404,1415,5.49889748656277,4853.73352708963,24.8400607911543,11.7378180202982,12.0144791519307,18.0406991347979,34792.3165046608,17734.2174690207,-28.5802373813937,0
404,1416,5.83011015589728,2038.73573110878,25.7937026275148,21.6350323535122,22.5671282034079,33.3688025562524,29360.0899537308,22104.7851715374,246.085979344048,0
405,1417,5.72417967586721,3930.37363425783,25.0400854256087,13.533159380693,13.9095324188523,20.8159201262077,35766.6970890856,25525.2897356366,481.997671584443,0
406,1418,5.95502923200908,4625.24349013395,25.036270353315,12.1339709582357,12.432782333797,18.6531113248475,35764.3652309386,25537.3050619522,479.137446550297,0
406,1419,5.92562065154787,5837.02030996631,25.4731979494346,10.4439298683722,10.6599299543661,16.0436974093817,24772.7698400891,23754.2308849527,319.129911134849,0
406,1420,5.97001910326981,2284.63130316868,26.0990686618023,19.9601631531637,20.7712600724,30.772092391541,28763.5652975806,25717.660374494,-16.6490102198886,0
407,1421,5.87677855063352,5178.39885796631,25.4731979494346,11.2928636261434,11.5507615382854,17.3545318618721,24763.2185345271,23764.6798577794,294.466683077705,0
407,1422,5.61163204653518,4958.57250445479,25.4599327214615,11.6191626825522,11.8937377347526,17.8585253511532,34983.9785802453,26394.6926021434,365.279397757963,0
407,1423,5.76732075329782,1761.5417838099,26.109028912958,24.1913193570709,25.3275539296974,37.3374672212279,28845.1987988095,25538.9702351523,75.2020333432682,0
407,1424,5.36936293343541,1974.79010955105,25.8469617665663,22.1607126810434,23.1337200612323,34.1846282065882,30364.3895379705,22079.4405899492,-113.020777909571,0
407,1425,5.33040969621457,1870.23451963838,26.1088034241291,23.1308157949974,24.182961013519,35.6911830424328,32132.6355158288,29470.1404511667,-206.173359993683,0
408,1426,5.65318198735311,4211.89023293569,26.1538493916447,13.0143297224875,13.3695946029818,20.0160453493141,31916.3884952682,29283.0299800748,-24.3859852065774,0
408,1427,5.80349233081518,5023.24771396631,25.4731979494346,11.5212170555741,11.7908085861916,17.7072472385,24779.1704036814,23751.6789410573,268.37100667336,0
408,1428,6.01734705634215,7548.43802102216,25.374812264334,8.85498407636776,8.99927265625233,13.5920512960193,34935.6483564574,26381.7499896603,500.637239724179,0
408,1429,5.80679950417854,1905.92615511125,26.1661464029254,22.8196137800895,23.8482223942795,35.2084015593402,28992.1971615437,26467.0063829792,-251.107505145385,0
408,1430,5.20133288710005,1489.18288755105,25.8469617665663,27.410354329035,28.806365883649,42.33587566361,30371.0417813993,22069.6058529652,-63.5066289546281,0
409,1431,5.47860993176114,4561.70716493569,26.1538493916447,12.335502194077,12.6528950585283,18.9666749381227,31895.8884881223,29277.5406305462,7.50881565552097,0
409,1432,5.88252495584512,8649.73363645479,25.4599327214615,8.13353494564834,8.24918951909749,12.4799789899523,34895.7105565717,26351.1983177661,413.199147467113,0
409,1433,5.41953266509866,2269.79068296683,26.1629902574096,20.0661216410152,20.8857923283351,30.9366230071143,29025.2598050808,26428.9922892491,-234.001360954591,0
409,1434,6.01132796128763,3848.05048396631,25.4731979494346,13.7707727111998,14.164419359771,21.1843426764854,24765.7192901894,23752.9696662983,259.968890397688,0
409,1435,5.00875201930047,5602.27953097899,25.4980813676583,10.7279034424202,10.9577806593807,16.4821421940952,34526.1761106163,27072.4790952678,263.607291134784,0
409,1436,5.76963726678087,6855.40074107974,25.9924602155577,9.44415323470021,9.61665738348143,14.5015558129237,33735.391350549,25074.8526199696,-345.672325668585,0
410,1437,5.48111769121892,5078.42536921507,26.1668207370523,11.4876826061689,11.7599021864698,17.6566493745947,31898.8135266285,29261.6554033879,13.9702276148766,0
410,1438,5.58945445149944,7600.68431385919,25.617048008611,8.8275158194009,8.97172503225251,13.5499905790887,34074.7910475047,23748.3045149616,-403.841576008164,0
410,1439,6.79674005780013,7817.63767217542,25.3113943812312,8.65879154549175,8.79471350418715,13.2894715960579,34824.8689747217,27768.3434182836,-672.604310166227,0
410,1440,6.16366973615032,9826.29763290948,25.3814641185401,7.51314540679734,7.6053976769144,11.524019311278,34780.8902710975,25242.5014346078,13.589593563459,0
410,1441,5.43607647173471,1864.35480566422,26.225826796734,23.210757607136,24.2708992832361,35.8157394602318,29048.2698684755,26442.4232022141,-248.05872152982,0
411,1442,5.6183466297704,4604.91042121507,26.1668207370523,12.2590912604649,12.5723986519049,18.8486033311848,31898.8095978697,29263.4592455746,-4.48699635023626,0
411,1443,5.37009348129094,6328.15311320412,25.559783380268,9.91784831071214,10.1096293855629,15.2318565963979,34074.3423681825,23724.7134503599,-401.409369464521,0
411,1444,6.13803183954927,6999.15293620862,24.8319721839314,9.26207331615322,9.42107488464836,14.2191543823735,35636.2362275391,27865.7966174152,797.462281133657,0
411,1445,5.98651186422809,7307.80932467338,25.5117427240874,9.04474371729869,9.19763522272841,13.8848508474198,34450.9625649487,27011.5170667655,35.653556749528,0
412,1446,5.56425680822764,4878.38523721507,26.1668207370523,11.7973362313437,12.085815794163,18.1350516078535,31898.1055226643,29266.0350651382,30.9854482241225,0
412,1447,5.32817023475041,5693.27568920412,25.559783380268,10.6198417717264,10.8448081354256,16.3154012295989,34073.1900394995,23722.5020896097,-419.221631169889,0
412,1448,5.8351911568879,6819.57662810054,25.1597311002979,9.4332543680664,9.60126548171539,14.4836322851058,35028.8040824127,27331.2748599096,500.485727671933,0
413,1449,5.2777418090175,5923.66872585919,25.617048008611,10.3532827905309,10.5657498963102,15.9039893571569,34059.1784272775,23740.1095575097,-414.96169057996,0
413,1450,5.78617452667037,6938.58310610054,25.1597311002979,9.32991935143586,9.49342291829154,14.324235563308,35001.2939711562,27320.1121203868,466.71025188743,0
413,1451,5.6308851570737,3426.60752521507,26.1668207370523,14.9845947346856,15.4574902589949,23.0639066445004,31882.559569648,29253.2417051347,-39.439025175875,0
413,1452,12.0647597155142,6851.61276457015,25.9661451997905,9.4461591176954,9.61862712137182,14.5046157195307,33758.8161800372,27180.0494866649,663.747325428272,0
414,1453,5.44951728149052,5678.87068520412,25.559783380268,10.6373601727413,10.8631775604186,16.34244759119,34069.0280511585,23724.7268067272,-408.165965526527,0
414,1454,5.84889228659689,6915.05933810054,25.1597311002979,9.35010006649865,9.51448063469769,14.3553638918263,35037.1152399995,27329.7799495831,457.731815100338,0
414,1455,8.44632299840317,5023.41239405634,26.1883037306749,11.5721901294092,11.8489504025402,17.787238606245,32339.6807615702,27668.3159120341,-1380.39375814787,0
415,1456,5.32359278799884,4736.75258720412,25.559783380268,11.984149322241,12.2785588914239,18.422599439219,34076.7066573946,23727.3077315877,-423.738763659846,0
415,1457,5.92356868685618,4985.76232667339,25.5117427240874,11.5810690721837,11.8540017298973,17.7997710151395,34424.8053674294,27013.4457632349,25.42541149805,0
415,1458,8.39655620699851,4182.01919405634,26.1883037306749,13.079998762515,13.4392563763172,20.1176508770975,32361.1329803862,27670.7297274853,-1432.55350359751,0
416,1459,5.46255236136838,5741.37781098407,26.2373795508086,10.6036716905703,10.8316568123492,16.2914876751763,30143.6482359541,30086.2473480103,-363.559170024017,0
416,1460,8.4588202171075,4921.60822205634,26.1883037306749,11.7301061212527,12.0151657270844,18.0312143299043,32336.79980427,27676.2757257686,-1344.23087461573,0
416,1461,5.66092196838949,4951.11542867339,25.5117427240874,11.6345040694804,11.9102104315767,17.8823171008553,34399.286542615,26991.0430140953,56.1641096950514,0
417,1462,5.58206416707309,5463.5163726595,26.1972128433855,10.950458207389,11.1954110480133,16.8269181289936,30000.6673880046,30567.8868470711,-222.000267177472,0
417,1463,5.91719914599472,5034.15344867339,25.5117427240874,11.5075277118916,11.7766584925632,17.6861689769234,34402.9443581863,26990.5991929663,64.6626655772615,0
417,1464,8.64555694702032,5065.41597605634,26.1883037306749,11.5086773712979,11.7821230605858,17.6891195899848,32339.0391048463,27681.0981350332,-1336.47164765863,0
417,1465,8.20736656977088,2459.53848762715,24.1222376362288,18.6032815795138,19.2931581502606,28.662007596101,36564.7132244364,19562.8203553167,-1503.10287049833,0
418,1466,8.44618915970962,4859.90994162715,24.1222376362288,11.6735125276544,11.942034672288,17.940034855379,36553.1771035373,19584.797599558,-1469.66173526625,0
418,1467,8.32808529110661,6886.61376005635,26.1883037306749,9.42661283501409,9.59926462839485,14.4747519223208,32343.436371819,27678.162694782,-1397.74398201586,0
418,1468,5.53194480236161,5537.75591267339,25.5117427240874,10.8101045349299,11.0440918586592,16.609083261863,34413.7578263412,26998.2664433431,24.0227221636529,0
418,1469,5.19948746329759,2641.79610954819,26.2977737103073,18.0071462347921,18.6810444033541,27.7452325592754,30240.678983116,25711.3917703597,-281.622635055126,0
419,1470,5.77210846757175,6518.07143591089,25.4530721878102,9.72552388752049,9.90799543586378,14.9349379261304,24237.1988831071,23134.0745878378,444.982905742463,0
419,1471,8.38160640798871,4752.86358162715,24.1222376362288,11.8459759838201,12.1233509579422,18.2064282316056,36554.153059574,19592.5507126617,-1442.40935750749,0
419,1472,8.41926220913282,4378.68934805634,26.1883037306749,12.6814341065878,13.0181941978572,19.5014552404885,32327.4628876153,27666.2361678342,-1388.2476065207,0
419,1473,5.66005011071725,2981.1569229488,26.3056263578268,16.529916888065,17.1035421411428,25.456738938894,30240.0887923512,25696.5839149286,-279.390505587812,0
420,1474,6.08775827326487,6582.0525691918,25.5587969717783,9.67048008257732,9.85099947510496,14.8501559151107,24258.6526328009,23143.6241426889,415.024982383408,0
420,1475,8.57908439595492,5769.18532616862,26.0386703807462,10.5582012053216,10.782862142089,16.2209784402098,32324.288479166,27607.7978151699,-1256.32810349255,0
420,1476,5.48893596197817,3896.97085124546,26.1931798132852,13.7216858348327,14.1181930721507,21.1100046208745,30279.0729063161,25668.9674298172,-268.192386591936,0
420,1477,3.15330058708177,4988.80931112823,26.2264926041351,11.6279656047332,11.9078886055809,17.8734740247457,31596.6115820546,27462.9900610978,-228.957697039417,0
421,1478,8.71083740014932,5391.46145216862,26.0386703807462,11.0357430999374,11.2840546060068,16.958371058117,32323.5089897512,27596.5269584136,-1222.41977270865,0
421,1479,5.50813032575216,3924.50335124546,26.1931798132852,13.6561051230582,14.0487543443511,21.008571619077,30289.9111515461,25565.0667603693,-288.783574196913,0
421,1480,7.01823772608928,6467.00708004957,26.1950165607897,9.81479749720728,10.0050644310522,15.0737232419029,31790.8770176816,26976.7844124033,222.095916406828,0
422,1481,8.47927955363041,4910.08322216862,26.0386703807462,11.7373999029287,12.0218861986541,18.0422190123812,32335.583345278,27613.2580429306,-1199.43093520984,0
422,1482,5.35786684385705,3227.22626924546,26.1931798132852,15.623968680432,16.1374970617226,24.0536488298603,30260.2128804576,25592.5077297543,-284.478501989107,0
422,1483,7.08355919484251,5828.86980804957,26.1950165607897,10.4971915768154,10.7197488441297,16.1270243840508,31793.379620295,26972.0588882168,199.054107356255,0
422,1484,5.79621873533232,1725.21568693293,25.2684304731814,24.37184588543,25.5093640099908,37.6141061432737,34675.5607140027,24569.5496719054,-62.4592969206338,0
422,1485,10.1683528154879,4415.84636709296,24.2501238971603,12.4478487793874,12.7578118775658,19.1365684826182,32622.4810425376,14611.6968898312,-1084.99843044784,0
423,1486,8.54063923318121,4898.51957216862,26.0386703807462,11.7557516534463,12.0412061827438,18.0705729724317,32330.9114506681,27596.9534342588,-1167.1715318732,0
423,1487,5.61893958804305,3566.67739093293,25.2684304731814,14.4816719836154,14.9158494263591,22.283527039163,34624.8504629708,24574.7515326933,-53.1272053008976,0
423,1488,5.35801451956347,3210.83651446436,26.191310237876,15.679255875614,16.1963088312628,24.1392356739887,30266.2719445815,25566.5449444806,-213.31873005264,0
423,1489,7.15660900865759,5800.94084004957,26.1950165607897,10.5300527215086,10.7542080858307,16.1777586233715,31776.5451856401,26933.012572505,192.548952888298,0
423,1490,10.1232973247621,4394.62826617855,24.3051356187737,12.4924864675492,12.8052535265492,19.205658692319,32645.85674167,14617.3804395253,-1090.66005583473,0
424,1491,6.95438323261345,5957.33928106446,26.1570880547067,10.3472944781425,10.5624075386349,15.8955558203102,31798.8143672185,26966.1961853035,204.941788202128,0
424,1492,5.64926371461474,4384.43669293293,25.2684304731814,12.5934274670215,12.9187263798567,19.3636027945804,34625.291446238,24594.4855214365,-38.2820613778498,0
424,1493,5.33097422631397,4163.50837030407,26.2035763269602,13.1205863674747,13.4822750826477,20.1804393763052,29052.3246220823,29380.8095930889,-274.558706073132,0
424,1494,5.21609147398631,3993.70663246436,26.191310237876,13.494688013482,13.8778795118961,20.7589199143151,30256.4355843449,25565.5520649646,-287.863016242109,0
424,1495,8.26928018577289,4513.74884448364,24.3221518682983,12.2737896779782,12.5749864242614,18.867757663083,31684.5568640816,14942.0834136184,-1467.30487580472,0
424,1496,3.05319711065004,4492.0118126837,26.1449826779214,12.4624892853846,12.786797108092,19.1629322592545,31644.1300743441,27502.0639077641,-269.573979091165,0
424,1497,5.2177572571269,4654.36076074707,25.8377135882002,12.1464172354903,12.451387244529,18.6738591567859,33237.4140335044,27460.1748623253,547.985044301259,0
425,1498,5.74471415586895,4897.04708405028,25.2952509578486,11.7031721679458,11.9810436794184,17.988008940688,34577.5002590936,25510.4719732953,-22.5746404345957,0
425,1499,8.63784981674243,4761.69610418797,24.3777420996084,11.8513901857099,12.130807125582,18.2152781686201,31663.4732018084,14957.3443512515,-1447.29857709469,0
425,1500,5.30787031617095,3408.32493430407,26.2035763269602,15.0441714985968,15.5211115190868,23.1562018465809,29040.0568456988,29376.2999551326,-278.120955677127,0
425,1501,7.00341944066173,5469.72769306446,26.1570880547067,10.9397098706923,11.1838904677622,16.8102549203297,31776.0693893837,26948.1381574812,197.134086610498,0
425,1502,5.28216877928246,3933.48995924546,26.1931798132852,13.6348782883385,14.0262814025155,20.9757410182492,30286.3451684944,25588.6312388667,-307.991627502917,0
426,1503,5.5762124235415,4854.63241576802,25.2968721604631,11.7707698378709,12.0521786171881,18.0924412439652,34568.2664501605,25547.1845927297,-44.6056132278706,0
426,1504,8.49808101611259,5477.51907818798,24.3777420996084,10.8128106149525,11.0401897127475,16.611398901967,31669.3056254528,14971.6549305205,-1416.75201131656,0
426,1505,6.43363988001547,5069.75755906446,26.1570880547067,11.4999637783859,11.7727616228284,17.6756049096469,31760.6903534642,26887.9018931735,202.633134370542,0
426,1506,5.35257462210134,4034.12675324546,26.1931798132852,13.4029818792098,13.7808562806497,20.617100352242,30277.2219213357,25584.6541754138,-273.745009691018,0
427,1507,5.46290886813923,3891.53042924546,26.1931798132852,13.7347432694401,14.132020121764,21.1302008203569,30299.8103677716,25583.4519357292,-288.622186712845,0
427,1508,6.65084807206604,5268.10168906446,26.1570880547067,11.2127358286537,11.4707283454246,17.23192526997,31764.6351934028,26965.6727367723,182.673764183352,0
428,1509,6.67356181791108,7459.99607429033,24.5011512185788,8.88032376023911,9.02173291841059,13.6300348551432,35573.9770211581,29320.6840574319,938.295740242867,0
428,1510,6.74364874203964,4201.31643106446,26.1570880547067,13.0366988845903,13.3932594792168,20.0506379941635,31758.4485325732,26914.7665139785,199.769320563318,0
429,1511,6.88148090639198,7387.58450115279,24.5286554636556,8.93638046858168,9.08022842574525,13.7165021847259,35582.9568981324,29322.9962970503,940.305349648232,0
429,1512,8.66248970667347,3907.00501906446,26.1570880547067,13.6942799908317,14.0888902099171,21.0675378143652,31611.8012667494,26620.7989996281,2.50332084580426,0
429,1513,9.62912340625428,5051.98130127817,25.5713944793982,11.4850127438916,11.7533610150229,17.6514945771088,25136.0888670935,35068.2065270884,-1112.90292183418,0
429,1514,5.79813919181589,3449.18775455789,26.1408298028717,14.913923604707,15.3821916851497,22.9544711356647,31403.7357481436,25563.8053757879,-380.72911643293,0
430,1515,6.80189695438666,5078.20441437569,24.5946872221982,11.3760011364416,11.6325522105291,17.4813988612165,35577.5428770264,29337.727257856,940.280159789059,0
430,1516,9.6397270169422,6636.43189096167,25.6419082115655,9.62404253196361,9.80288605450641,14.7786217959217,25176.0892706207,35009.3211900725,-1170.37662933594,0
430,1517,5.72459417562013,3054.87557819281,26.3211650209531,16.2506376651698,16.8059983325052,25.0242764096871,31401.3057004409,25535.8155909719,-400.664641721597,0
430,1518,7.51737143925559,5958.18312340428,25.6822179057727,10.3182657521842,10.5294222043197,15.8500349813571,26340.9170164727,34816.6614891276,637.150019531031,0
431,1519,7.39235180365569,6775.56199203087,25.6714542225402,9.49869135580999,9.67207839281277,14.5852680889422,31289.2274984279,33094.1761445847,1173.08585980392,0
431,1520,9.51956962538698,4956.83344389042,25.6460362555931,11.6354400187003,11.912059853855,17.884001680442,25167.7728232735,35025.8811199542,-1102.73518752117,0
431,1521,5.39631414463403,1491.51415019281,26.3211650209531,27.5111702299757,28.9238848913673,42.494796719572,31386.0078183215,25483.2615869196,-375.852232518395,0
431,1522,5.94134559086499,880.408531129633,25.7471990848781,41.5468086003658,44.2120513037603,64.3230963601389,25492.6417339,20826.3096547144,354.353531869583,0
431,1523,6.16783221670592,6750.89836587823,25.9082879096268,9.533063409557,9.70913008149602,14.638614294293,30389.1111621904,33555.7783768498,515.051852426294,0
432,1524,9.55672664612732,5254.36646896167,25.6419082115655,11.196949013929,11.4510195027818,17.2066811483844,25167.3394275762,35055.1392701333,-1162.60896007785,0
432,1525,7.57933832986741,5557.67837403087,25.6714542225402,10.7950707704442,11.0292468022219,16.586126809846,31247.8505942876,33086.8209678467,1192.42082133161,0
432,1526,5.40607680015168,1452.95645644216,26.3519781215762,28.0806656715889,29.5420990318862,43.3798648951509,31322.6649058368,25520.6093804646,-378.27132039605,0
432,1527,7.39981453909296,5319.43549800246,25.7397172961254,11.1134962055946,11.3639434504073,17.0779591229294,30250.3493688076,33609.865721949,541.852819229279,0
433,1528,10.0293197073167,5157.27004389043,25.6460362555931,11.3353164233164,11.5964497255331,17.4203976845547,25196.8917667215,35016.4413582254,-1142.37417272277,0
433,1529,5.43983080671328,2045.23559644216,26.3519781215762,21.6942274644333,22.6384656327414,33.4627501361397,31311.6783713474,25531.2539230868,-343.43372242846,0
433,1530,5.31820975191896,4184.75268330501,25.4810743261442,13.0120809835816,13.3622226411152,20.0111912537388,26273.664386024,34994.5293943958,713.205524291006,0
434,1531,5.67836992298616,3928.25410636265,25.9232819785794,13.6218553647707,14.0103828312321,20.9550172342284,31818.3533559396,31761.9620771586,79.0407586112761,0
434,1532,8.85340112349662,5567.20465747327,26.2598995626816,10.820518741773,11.0593386049981,16.6263567618483,31833.7204469912,25330.9052373004,-1037.13566787952,0
434,1533,5.60509569421813,5695.75824570256,26.0303530454488,10.6461414410475,10.8750503054055,16.3567411594787,32754.0040037536,25901.7571238087,-515.112752672278,0
434,1534,4.78294093895382,3718.29342905352,25.764704565193,14.1255451964837,14.5425552211262,21.7337523017113,30137.5089546908,33855.5614967533,768.226353837989,0
435,1535,5.5838865808513,3255.60209236265,25.9232819785794,15.4977151858188,16.0006920691565,23.8575138863578,31807.9502139802,31755.1557033084,15.005956952848,0
435,1536,9.05069857737238,5246.87849352154,26.197929396868,11.2453232380677,11.505227773936,17.2823270512107,32245.9235448359,26038.1735922897,-1093.13327199707,0
435,1537,8.69138804880309,4444.53566339012,26.253728720614,12.5603989367041,12.890880485923,19.3144828503146,31830.3728377846,25363.3769608042,-1050.19807609199,0
436,1538,5.78595020850573,3057.78020428494,25.8804986268924,16.1848946297407,16.7316584114282,24.9212900397783,31804.0695093818,31742.4727466949,-25.5942654146737,0
436,1539,5.53240987113247,1575.88544743829,26.3432127848005,26.3813544129065,27.6999305082488,40.7396247241264,31337.9974913328,25511.5151944458,-382.89427817483,0
437,1540,5.67555502109073,7905.66029097519,26.1673520503759,8.63510875340776,8.77367964910615,13.2539600720796,30423.81711964,31816.159242213,87.3616054548457,0
437,1541,5.72339447544864,7615.51663636264,25.9232819785794,8.83046535005775,8.97613152605636,13.5549081559713,31805.6043251276,31786.2784715769,31.7973828490662,0
437,1542,5.60087016420616,897.158219371157,26.0036679046081,41.0399200335896,43.6635131718661,63.5357655758701,25062.9443751321,24481.59112504,305.843956929449,0
438,1543,5.59177840880187,1910.49145497519,26.1673520503759,22.7792857641753,23.8047637061092,35.1458166896942,30436.5945367259,31818.1890378405,104.259875593582,0
438,1544,6.824600155055,2213.90640133487,25.5207574119074,20.3181501736541,21.1481522211079,31.3251940097184,33516.0832477635,30836.6713934892,1093.34195591936,0
438,1545,8.80954842677508,1794.47730849482,26.327754356101,23.9070922138391,25.023930960405,36.8971119859887,30924.063610775,24647.5973764071,-1274.6032324933,0
438,1546,6.02661563590595,928.126775371156,26.0036679046081,39.9175287542117,42.4355298458487,61.7886525652293,25050.5219550415,24461.1423978724,206.748984601878,0
439,1547,7.01202805196972,3071.55478933487,25.5207574119074,16.0892157480259,16.6262360070421,24.7721715768768,33545.5600165856,30855.4591594624,1083.03720326053,0
439,1548,8.46312638108568,1845.74223575948,26.3439079419587,23.4114089886191,24.4891124302906,36.1276789686535,30862.7151430241,24655.2649332579,-1267.83713238003,0
440,1549,7.18027161238674,3897.250162539,25.6700968274005,13.671297349678,14.0607099229994,21.0309310032899,33531.692452849,30843.4449359281,1093.98328406741,0
440,1550,8.82316249657601,1989.83461314526,26.6408901507126,22.1975157673234,23.1844221929063,34.2447921365159,30908.1185473604,24629.8738675138,-1310.30230454775,0
440,1551,6.91198522461869,2703.60968581184,26.1373325604419,17.6896402040694,18.3398322736391,27.2527648354715,33512.4142852616,30850.0086506573,1097.71421943033,0
441,1552,7.02861392774754,4665.561094539,25.6700968274005,12.1139391397227,12.4160266289193,18.6233571687403,33545.3136263532,30869.0483642568,1109.02344372766,0
441,1553,8.62237550099603,2583.74367714526,26.6408901507126,18.3470447385123,19.0485365010608,28.2730431344558,30933.7645289446,24662.7921036995,-1279.16609643117,0
442,1554,7.27846974474574,3314.794618539,25.6700968274005,15.2762125286945,15.7628752215237,23.5140144916234,33522.05546327,30857.9812020392,1073.01158199131,0
442,1555,8.88646663471644,2897.76835914526,26.6408901507126,16.907900103106,17.5101378293923,26.0431164996777,30896.041113769,24660.2227611786,-1264.42306295383,0
443,1556,8.72292811783237,2781.47107914526,26.6408901507126,17.4060474295785,18.0421314202353,26.8148450830288,30897.932149708,24641.519073691,-1327.60505315484,0
444,1557,5.43563222836575,2943.86154945008,26.121453236205,16.6531599383732,17.2331209789568,25.647105323289,24742.8982291359,23165.6114366004,354.574885376944,0
444,1558,8.92227834983407,2589.07396914526,26.6408901507126,18.3199455631331,19.019527641475,28.23104221112,30892.1592736711,24673.1726453872,-1232.10391871811,0
445,1559,5.8938760685414,3251.65287345008,26.121453236205,15.5338550245508,16.0409646693446,23.9139635626918,24717.2346588926,23163.295761224,296.942483256928,0
445,1560,8.71252768285779,2851.55781114526,26.6408901507126,17.1013772398156,17.7166946556868,26.3428325586867,30919.0116971313,24618.5003907111,-1206.01345233889,0
446,1561,5.87971052873982,3255.30918945008,26.121453236205,15.5217200735894,16.0280566884957,23.8951783189298,24722.5464838129,23171.0653450236,325.392287157504,0
446,1562,8.81088541422895,2902.59205314526,26.6408901507126,16.8880293958815,17.4889286000149,26.0123360495096,30917.0306652337,24660.7158354963,-1278.91564852593,0
446,1563,5.70628997488657,1911.62264777706,26.5529275483298,22.8508581677201,23.8874436641567,35.2584235803752,27095.0679218897,26046.3728305181,230.298965695478,0
447,1564,8.92643843266658,4633.70233495646,26.6658926958397,12.2469912761943,12.5629929305275,18.8308277934989,30878.7877490397,24686.9888473484,-1322.67965155029,0
448,1565,8.68560873338076,3498.96802914526,26.6408901507126,14.8205063345527,15.2872958766517,22.8110904603003,30907.655950314,24625.5166903434,-1279.08144713418,0
449,1566,8.71881691549942,3561.87428514526,26.6408901507126,14.6393501561524,15.0949030402454,22.5307390605464,30895.8739616838,24653.5746070123,-1307.35070814211,0
450,1567,8.73674882097874,3770.05474035201,26.8358523979589,14.0979862114014,14.522046962955,21.6935164538082,30892.178295301,24624.4383982744,-1282.02027977733,0
451,1568,8.54715619322362,3935.71228635201,26.8358523979589,13.6895549084794,14.0891577177397,21.061681952755,30922.0600805742,24658.3205539508,-1250.52911518357,0
451,1569,5.60069217059881,2759.67424505335,26.7057143323128,17.5126905871971,18.1567727576172,26.9802637430848,29440.9096928972,30353.0296014146,-156.187862549344,0
452,1570,7.25486624002948,4984.54959115089,26.2589976049957,11.6368763476732,11.9174723522474,17.8872973631927,31911.3345477854,31315.5137130509,1131.91994031168,0
452,1571,9.03969040832019,3525.96260835201,26.8358523979589,14.7625545576506,15.2273952157221,22.7218595074312,30892.7951488676,24611.380954745,-1326.28328837876,0
453,1572,7.33100111140888,4915.67428915089,26.2589976049957,11.7446474944229,12.0309271778029,18.0538061242959,31900.6561788781,31309.3906622559,1182.67076772349,0
453,1573,8.83953743482803,3443.06770925466,26.8568764986786,15.0098379985224,15.4903358220265,23.1046350263681,30885.0959638283,24655.6629299033,-1271.03711632097,0
454,1574,7.3611258905701,4918.51564315089,26.2589976049957,11.7401486116213,12.0261902653173,18.046855043116,31912.2162232641,31303.1247518851,1152.48674143255,0
454,1575,5.55489271051222,3632.96820303396,26.9510714154606,14.4729747739724,14.9208479616829,22.2739891706316,29905.1374966236,26197.7196159698,-312.090130648224,0
455,1576,7.27521649557438,4232.25156115089,26.2589976049957,12.9811507127208,13.3353004159514,19.9649582727275,31907.4283362054,31306.6672631623,1145.60565117126,0
455,1577,7.7646238074855,4219.62799019657,26.6117513242508,13.0377796585516,13.3977252717213,20.0532252312929,26556.9210860028,23060.7149509763,-1473.80591094388,0
455,1578,5.49030888961841,1922.42904303396,26.9510714154606,22.8383709499615,23.8795915410528,35.2405935542061,29907.0305066169,26200.8084679015,-347.581164245202,0
456,1579,7.11261911701739,4592.90528515089,26.2589976049957,12.2877376606883,12.603233942007,18.8930495762587,31893.8056782421,31302.7647419396,1100.38130793603,0
456,1580,8.214598965558,3624.85991219657,26.6117513242508,14.4606994264496,14.9050150789049,22.2542219736261,26563.7447685766,23041.5700207506,-1438.8572917681,0
456,1581,5.4544304764396,2003.35041415759,26.9511675988612,22.1482712515854,23.1355954614204,34.1695412697268,29946.0718606982,26186.2453421171,-331.266233500704,0
457,1582,7.29632031776936,4498.87629115089,26.2589976049957,12.4589451290544,12.7838468118525,19.1576718065733,31915.4447607979,31306.0624994381,1195.59268567534,0
457,1583,8.05486460652784,3932.12261219657,26.6117513242508,13.677225312091,14.0743717046638,21.042134889271,26567.2289257213,23053.4093762293,-1509.77198150696,0
457,1584,5.44404749625777,2302.57577703396,26.9510714154606,19.9926246026105,20.8165884268369,30.8253222049882,29897.1279899244,26202.3124555996,-369.052634209914,0
458,1585,7.28165928308157,5774.90854915089,26.2589976049957,10.5648331329034,10.7910378340172,16.2315548921913,31902.1883662946,31304.5982802534,1162.81240693984,0
458,1586,5.36601456460745,3609.92109507719,24.9015325056081,14.3242106788279,14.7457568545299,22.03905553324,33633.929572723,16573.8961366184,-308.111371077354,0
458,1587,5.48224231446496,2791.59702903396,26.9510714154606,17.403597391691,18.0427340364451,26.8119363240003,29895.3969039749,26202.1904652476,-378.237771152132,0
459,1588,5.33678195128027,3518.93168907719,24.9015325056081,14.5764868820265,15.0131587442057,22.4293265653523,33637.9079529725,16581.1505915033,-309.669365929601,0
459,1589,5.12452753385949,2911.71732475724,26.953959110824,16.8914379581751,17.4957023107554,26.0184797406871,29708.1626451791,25800.1872996914,-274.382542087462,0
459,1590,5.15702187673845,2335.59327278417,26.8281057923791,19.7658112530657,20.5715842205347,30.4731745971355,29040.7602138474,28848.2257023261,-311.697676365355,0
460,1591,5.34021433980246,3961.01638189762,24.944083970976,13.4531895579604,13.8242079909158,20.6920522478062,33636.1272061659,16575.3133856134,-278.102416679807,0
460,1592,8.48522970775551,4776.42758767369,26.4714349460585,11.9869098768914,12.2874941651087,18.4285280382351,31864.956126155,31167.1701995789,-1459.23750656969,0
460,1593,5.38951936613624,2517.27882947736,26.9434951370044,18.7403794163915,19.4731860486025,28.8836628631715,29047.5685775271,28833.7753347538,-342.266239235277,0
460,1594,5.4094793154474,1750.68407188026,27.0647769857552,24.5269543232193,25.7047127490976,37.8626216229497,29657.0924640751,25764.4431210705,-257.136861002503,0
461,1595,6.04526870926723,2901.01063294153,26.0053303308934,16.8107430093071,17.4000139840166,25.8908476919167,32996.410162857,31615.3569860185,302.91031471972,0
461,1596,5.5819784232946,2916.87266788027,27.0647769857552,16.8846908251104,17.4896008928883,26.0083312483335,29613.9817082892,25793.5915734273,-192.23757078735,0
461,1597,5.07789142129034,1392.25615789762,24.944083970976,28.5913498671318,30.070492330725,44.1663239933459,33618.6233419459,16567.4269971062,-234.461013153302,0
461,1598,5.27675175906343,4058.64799267005,27.0007172670729,13.4206847268509,13.8056770936986,20.6461558591677,29384.4509460303,28070.7496538275,-492.955053149288,0
462,1599,5.9190775216487,2310.53762494153,26.0053303308934,19.7813319225731,20.5781983735266,30.494472507507,33061.433951071,31658.7958558105,283.856151809323,0
462,1600,5.15537884429323,5362.54621562737,27.0070986121859,11.1385715905988,11.3977849776787,17.118756598968,29439.1172356757,27999.7747014177,-545.07199327727,0
462,1601,5.66198176075857,5007.44324220658,27.0690357860465,11.6591638592063,11.9459875643557,17.9231262595566,29848.9088390957,26631.9059783682,-318.385817070052,0
463,1602,5.87815900542338,1974.79530694153,26.0053303308934,22.1931608772563,23.1708964870908,34.2355943433572,33044.3167478354,31668.0867833792,298.518797811225,0
463,1603,5.06952342514829,2932.21667520803,26.9837382201911,16.8116629134836,17.4108388778078,25.8949838903857,28973.1352577871,27355.1909496001,-233.687665243578,0
464,1604,5.75387437461199,2250.25246294153,26.0053303308934,20.1649849188249,20.9899401858594,31.0893875656571,33062.5460367507,31682.6543358251,350.453548812526,0
465,1605,6.13990690570579,2131.37814094153,26.0053303308934,20.9803420438461,21.8658738263653,32.3539741540611,33061.5924889611,31673.7361283898,315.136438297471,0
465,1606,10.0732809055495,2018.66321933381,25.1605960315612,21.6658445084113,22.59143310394,33.4141632384853,28318.926995689,17665.7269883978,-1012.29706036846,0
465,1607,6.32592238715925,1648.85055172453,26.1425863016488,25.4375846050129,26.6751553118472,39.2728278201559,24368.4294720166,23177.1512274853,278.672265247195,0
466,1608,5.79655688345669,4149.02181172453,26.1425863016488,13.1461386429743,13.5088356132851,20.2198244440318,24345.4719735502,23191.8297423833,352.962609722032,0
466,1609,5.90081617177919,2167.21444294154,26.0053303308934,20.7257914815512,21.5922857041982,31.9591412019501,33051.3758020371,31635.2456124101,305.40016184834,0
466,1610,9.79269025114122,2448.35193981709,25.0803406682984,18.820780128541,19.5375391926066,29.0022915433141,28303.0230668272,17681.8312101963,-1032.29190975573,0
467,1611,6.96148348550728,3489.21422436492,26.7467401509193,14.8603953590324,15.3305782973059,22.8730745960797,27972.7973905396,29911.3584098909,880.924057112792,0
467,1612,5.60688864055468,2394.76504894154,26.0053303308934,19.2753458510476,20.035588716079,29.7099778988194,33064.0396463036,31657.9799566735,346.495398453099,0
467,1613,10.6666494740851,2570.66231781709,25.0803406682984,18.1764938689851,18.8483687606261,28.003858149408,28313.7246618037,17648.1703167511,-1059.79595541803,0
468,1614,6.6799592107313,4943.17251036492,26.7467401509193,11.7365240958852,12.0254606381053,18.0421066599077,27976.7046162291,29919.8449147439,891.92625290022,0
468,1615,6.09515552747426,2038.38436894154,26.0053303308934,21.6796731714287,22.6180753516631,33.4388642686228,33072.8354687564,31664.9346133739,332.061651805193,0
469,1616,6.66978941904134,4369.61547036492,26.7467401509193,12.7454407468526,13.0897323173692,19.6014923326086,27980.8077605222,29913.1531193478,887.509106429804,0
469,1617,6.60664203487875,3471.83043638658,26.8831109195082,14.9264028843518,15.4018848732854,22.975557518487,27985.6252719097,29911.0887487821,887.248330982921,0
469,1618,6.03815596645552,5382.55245170024,25.5742492865887,11.0169103132661,11.2615182857614,16.928525325397,27088.1997567956,18868.4670293119,441.56105747445,0
469,1619,5.8785086639485,2252.80747894154,26.0053303308934,20.148338667717,20.9720695843149,31.0635733403398,33034.9258353278,31650.3008782539,309.003728957303,0
469,1620,6.09172750910479,1796.62692010071,26.7263632334493,23.9759552152303,25.1042488058003,37.0056704422333,27211.8063546264,22321.0511678168,66.3164387567274,0
470,1621,6.73017353111596,4396.6575021221,26.7840164576165,12.6956758576126,13.0374220378399,19.5246266680076,27969.7577223907,29909.6500623128,914.630658653757,0
470,1622,6.19963152960698,4501.35692314838,25.7017028452879,12.4093136952599,12.7276148983521,19.0798918556688,27086.7525908895,18862.354679806,408.92875420869,0
470,1623,6.16143089685604,2272.3961926278,25.9697995602199,20.0156616742521,20.829205750932,30.8577060238111,33060.8349332097,31649.9725748497,309.66190744068,0
470,1624,5.90814880658525,2559.49550648513,26.1806742320933,18.4017947610717,19.1019777041907,28.3564761273139,24235.7338167025,23255.2221925028,423.499642711095,0
470,1625,5.82693306576499,2009.78444146727,26.9489740134747,22.0952009160816,23.0783812011317,34.0871751306028,27222.579243625,22296.4638662799,73.2785454110845,0
471,1626,5.95810674147869,6720.93376448513,26.1806742320933,9.57429921702152,9.75353443740774,14.7026003512502,24259.1592447011,23242.2304168926,416.815247969272,0
471,1627,6.63772464893226,4604.3847081221,26.7840164576165,12.3083034093305,12.6284644961116,18.9258114584553,27991.1409378599,29928.9464404961,897.261524464561,0
471,1628,5.79403768187241,2062.3782826278,25.9697995602199,21.4866776712631,22.4099244589679,33.1393092988754,33071.565490122,31686.5021473207,336.873901094665,0
471,1629,6.0643151465926,3763.97049514838,25.7017028452879,14.0020421818761,14.411179595924,21.5425643113369,27078.7994685555,18871.0431588166,440.348445453422,0
472,1630,5.95483332034147,6954.36531248513,26.1806742320933,9.36745509184053,9.53744334628551,14.3834768277292,24263.6807394417,23236.5764836622,396.406280122599,0
472,1631,6.90006651034285,4941.22237680986,26.7996561405401,11.7434079531264,12.0330434397391,18.0528350445823,27989.3843354211,29909.1302598285,917.441064029853,0
472,1632,5.80865235568746,3106.9393066278,25.9697995602199,16.0163666502309,16.553050414245,24.6605846305045,33075.050170817,31662.4576555635,319.262182094935,0
472,1633,6.26803363299388,4743.73102714838,25.7017028452879,11.9833147702366,12.2786295093133,18.4215719476982,27101.6266131495,18881.7329834698,458.83606201461,0
472,1634,6.93175323759751,2446.51090947659,27.1203803828288,19.1582422979359,19.9231401092347,29.5320373634659,29056.5955468677,22694.5542389439,942.844179012813,0
472,1635,8.87529280804601,2786.94355662685,26.3596701884675,17.3430496262936,17.9718859278166,26.7164315758763,35006.2545287994,28874.393197861,714.74410691102,0
473,1636,5.85746404340421,9089.49967448513,26.1806742320933,7.91330751528054,8.02322855205087,12.1413439184053,24242.3079551126,23239.5663380789,403.828182465577,0
473,1637,6.87691472064401,6841.8078141221,26.7840164576165,9.49598496285355,9.67455112820014,14.5825589594717,27987.0422451952,29930.8116775028,911.481134142849,0
473,1638,5.78362201001023,3304.04795862685,26.3596701884675,15.3894393349784,15.8895399933335,23.691007415154,34637.9647058448,28856.6985036217,296.582971249439,0
473,1639,5.75805751155607,3205.9461766278,25.9697995602199,15.6697423355287,16.1841134217214,24.1239367065274,33051.5440436418,31667.3527307252,303.612569891652,0
473,1640,7.30355929977046,3509.54594579553,27.1385622985938,14.8421368619697,15.3145072939578,22.84573283963,29070.0158386992,22757.2427912783,1111.03032140526,0
473,1641,6.03442947046878,4790.20588714838,25.7017028452879,11.9060202464319,12.1972264764887,18.3021414394086,27076.0439437805,18854.5728090428,487.642832913214,0
473,1642,6.04614451066347,3626.51593803401,27.0969833968977,14.5055158783862,14.9565942148144,22.3246756331305,27425.288382129,24581.6164222054,70.0139510694167,0
474,1643,5.90939877315655,9367.00524848513,26.1806742320933,7.76691445715327,7.87129352106203,11.9157611791767,24261.3062653106,23243.7872523716,402.451394945811,0
474,1644,6.1867191648361,7659.21573822276,26.5679754709773,8.82727847693142,8.97557775173766,13.5507599137119,29838.764414286,31454.3048244874,749.942279070405,0
474,1645,6.54875901434884,7533.22003080986,26.7996561405401,8.93099977535369,9.08471545298226,13.7109996658151,27990.1969190452,29925.1706391706,921.538484040236,0
474,1646,6.03387977243167,3258.54224262685,26.3596701884675,15.5385850124259,16.0481890998835,23.9218897694844,34608.6768267138,28825.1896034849,314.356390382561,0
474,1647,6.55724940685355,4628.7596986278,25.9697995602199,12.2014832202444,12.5103239382352,18.759203803452,33070.9883921173,31722.7406540528,215.277197788028,0
474,1648,5.63894407640024,4904.02393803401,27.0969833968977,11.8240478381439,12.1198671261886,18.177958044405,27435.5063588941,24619.3597731637,70.737261071438,0
474,1649,6.15340365365006,4859.01511114838,25.7017028452879,11.7939939752551,12.0792799972794,18.12905510117,27080.4797689046,18898.5279902089,418.647834723134,0
474,1650,10.5630536291406,5788.78945995022,27.2046323534072,10.6053861247567,10.8387500658836,16.295597486132,27994.489022075,23524.2457474014,497.111973047805,0
475,1651,5.98856040908692,9511.64999048513,26.1806742320933,7.69352288719807,7.79516015485058,11.8026793430139,24253.0662157542,23241.7890456262,379.282044493787,0
475,1652,6.05234789501657,7593.72360570402,23.7228646218721,8.74546493719268,8.8778427226117,13.4211386643585,36643.5001204004,15896.5640453624,479.044978943772,0
475,1653,6.30201048020255,8814.10499622276,26.5679754709773,8.08109192358962,8.19894074108827,12.4003260088862,29821.9481802226,31482.4865734321,725.669947333477,0
475,1654,5.70081050285475,3259.59949062685,26.3596701884675,15.5350769486508,16.0444568626185,23.9164589959247,34617.0641378058,28846.9730476914,299.971736469517,0
475,1655,6.90828594114502,6219.58835259959,25.8488485956592,10.0453108738618,10.2444965593017,15.4289799436389,33090.7114951064,31783.0134321963,179.507716939924,0
475,1656,6.95712633351221,6686.6126181221,26.7840164576165,9.63688405533847,9.82186135895976,14.7999718651149,27942.3460419157,29859.7736935159,1023.2208864506,0
475,1657,5.81318610438723,5077.74300003401,27.0969833968977,11.5537686808314,11.8351717308601,17.7603264985657,27450.9289492815,24617.9561062329,44.777226568934,0
475,1658,5.81659800247353,2692.80304286824,27.2112769507746,17.8934417712099,18.569263032171,27.5717402126828,30446.4611007937,25672.1215943271,69.6287523115143,0
475,1659,6.10790111973514,5175.72696514838,25.7017028452879,11.3125810977493,11.5728975139477,17.3853765333086,27088.7647725398,18866.1417382155,405.339744150564,0
476,1660,6.08995399623562,7421.06179170402,23.7228646218721,8.87258268352306,9.01007783559278,13.6171033237356,36663.6757349731,15902.9881879657,488.12158272009,0
476,1661,5.76150843412442,3555.25448862685,26.3596701884675,14.6287419352717,15.0812612594842,22.5136677292894,34622.5189493479,28832.6864406496,299.021568190163,0
476,1662,7.69454718388204,5023.53478650164,26.800723551413,11.6154458450854,11.898293868765,17.8551201652926,27870.3099785426,29776.9948040544,1181.84698994437,0
476,1663,5.7194979488074,10933.048192722,26.5268959181914,7.07223361962252,7.15273757905639,10.8459706430389,30800.2458244872,31327.8788335782,-213.577698403726,0
476,1664,6.12251797832726,11284.1880562066,26.1427457193731,6.92584190751059,7.00019721849886,10.6202207691891,30375.8999023346,32685.2829158575,178.469744422341,0
476,1665,6.7383272840085,11262.7801203325,26.4155373721078,6.94176424911613,7.01747661291645,10.6449655273155,30054.5180067149,32532.0244273741,747.309000355198,0
476,1666,5.77212175054136,5164.77483848513,26.1806742320933,11.3615604601702,11.6273337202691,17.4618442751012,24251.46149797,23257.215834484,397.76657745611,0
476,1667,6.24113059161993,5501.73379114838,25.7017028452879,10.8685725781101,11.1065549995839,16.6996699849859,27104.7030079705,18867.3008319295,428.372654057424,0
476,1668,5.96208052639694,2892.20330174385,27.2180900165019,17.0066240527828,17.6213284843454,26.1976457524813,30417.9399269949,25652.1431621347,48.4076736156696,0
476,1669,4.76262895250141,3904.59578876052,26.9774009157383,13.7771301958132,14.1830313726818,21.1974495545306,29380.0578924556,22403.3136544595,-667.488416722808,0
477,1670,6.02064410701278,7073.13909570402,23.7228646218721,9.14492676727436,9.29360587546813,14.0370093974869,36671.658954541,15906.7194750978,522.850921829745,0
477,1671,5.89926100166966,3351.18359862685,26.3596701884675,15.2388350222976,15.7293965036875,23.4578827791489,34619.4416192413,28848.3667698371,266.137337870967,0
477,1672,7.79179044553905,3519.53342850164,26.800723551413,14.7774853706155,15.2429580183804,22.7448849251811,27884.6334301408,29768.6040964575,1192.8412587214,0
477,1673,6.31961433304256,5344.51220314838,25.7017028452879,11.0767342595867,11.3251028016333,17.0211222557171,27098.8303195954,18871.4938342491,431.953626812856,0
477,1674,6.47698549537637,5453.74195237528,26.3215978571434,10.9713906032902,11.2181181740177,16.8594445174262,30017.7014081553,32572.5210594696,730.393330824991,0
477,1675,5.56493524849421,4736.9135513749,26.5503894796446,12.0594023931667,12.3644178266549,18.540698082455,30841.6052827468,31265.4497383145,-198.099503917512,0
478,1676,5.5863636901162,3783.59803062685,26.3596701884675,14.0170384759652,14.4324145011702,21.5672348053829,34630.4163762645,28844.3523614925,306.309669721152,0
478,1677,6.35933143250333,3172.39548237464,26.2787060130712,15.821913960533,16.3489642765949,24.3603249030679,30000.7561242849,32545.9857531514,708.320832629737,0
478,1678,7.7279179301972,3026.26115850164,26.800723551413,16.418402716534,16.9894821688837,25.2853672887368,27895.3823561207,29802.7302183051,1180.49276774463,0
478,1679,5.58015743809298,2328.24903687663,26.7736032703992,19.8019828142077,20.6097548658006,30.5290853512513,33841.416095389,26228.2858010995,-185.649060606518,0
478,1680,6.15148747851052,4773.24586714838,25.7017028452879,11.9340723657091,12.2267674417399,18.3454851514462,27069.3010017518,18877.9862736322,420.106081284115,0
478,1681,6.34811935700108,3802.85077170402,23.7228646218721,13.7073951438614,14.0828370045613,21.0823270184546,36683.5637300747,15922.6238331228,487.756456527997,0
478,1682,7.29137764796486,6238.72152779553,27.1385622985938,10.0972658294534,10.3055226042223,15.511002444503,29047.8297460006,22732.3155958656,1126.19184546458,0
478,1683,10.4492603377275,3230.74493309869,25.7028807207549,15.5545738586707,16.059103156231,23.9449626598522,33098.2670335754,19223.5731908092,-1007.22017054813,0
478,1684,6.26029444866456,5596.48924186313,26.9576858476922,10.8272654378962,11.0703646445948,16.6378642601943,28120.1012655891,21773.0071869912,92.3316542122866,0
479,1685,5.77161118173721,3153.41214462685,26.3596701884675,15.8980798193239,16.4308187090806,24.4784621915408,34616.0836536773,28850.7227945415,266.569341206645,0
479,1686,7.40050284371852,2959.74263850164,26.800723551413,16.677607365746,17.265967972274,25.6868352502329,27877.7828311704,29781.9372525529,1195.82856214526,0
479,1687,6.20067867351266,3140.59064314838,25.7017028452879,15.8637837385667,16.3880416401143,24.4236367592748,27099.8579019803,18897.1239438667,450.918147046521,0
479,1688,7.56514468687958,6377.68356179553,27.1385622985938,9.95424528323077,10.1557078972056,15.290237530982,29052.0459575901,22741.623905727,1088.78396564192,0
479,1689,6.44716890645374,2034.64245237464,26.2787060130712,21.7631089112187,22.7116189002519,33.5693495520924,29983.2439417622,32579.2600001186,787.352622057799,0
479,1690,5.55800947123997,1281.00084087663,26.7736032703992,31.11192959197,32.8434128012617,48.0938646777311,33877.5382985926,26216.2185092034,-227.062957024433,0
479,1691,10.1566471769148,5810.18549386313,26.9576858476922,10.5650780481989,10.7951122704074,16.2329877325389,28305.2534368441,22079.5910029743,-135.476327301403,0
480,1692,5.92755356290844,3079.90701135558,25.8175409053877,16.0956515893838,16.6359984456579,24.7829377478639,27073.8309881743,18885.3063152483,467.338995924652,0
480,1693,7.6586455827686,2960.41347242973,26.9229509277304,16.6905722859444,17.2810053315852,25.7072486699166,27891.0501270301,29784.7171095444,1248.95948028375,0
480,1694,7.66974471637984,5436.85254443449,27.4454092690305,11.0663009157619,11.3243122674892,17.007817006464,29067.1134986414,22767.6138885262,1121.83198443834,0
480,1695,10.5045661949516,2756.1285063918,25.6988782256953,17.38781104956,18.0126653364806,26.7838411569891,33108.70963066,19197.2735337382,-1070.45584120914,0
480,1696,6.31763536128554,4668.54853584543,27.218770368791,12.2281186765671,12.5467332348316,18.8026644496782,28066.7285564572,21754.419754114,67.3253322467165,0
481,1697,6.17451009457591,3218.34042135558,25.8175409053877,15.6097558150964,16.1188693847314,24.030680320672,27086.3912252215,18890.271021397,463.753706577342,0
481,1698,7.55916760667605,2909.97393242973,26.9229509277304,16.8945598757698,17.498726012564,26.0232307228158,27915.8475127473,29793.0305768594,1241.43725871594,0
481,1699,7.28586280106108,6349.60998443449,27.4454092690305,9.99926406846251,10.2043789028556,15.3601464380895,29060.5558533278,22733.1957389668,1149.98445326458,0
481,1700,10.4061845430838,3194.71505698178,25.740386894889,15.6807747094226,16.1936873870313,24.1404198713643,33140.571334894,19236.046648599,-1094.6855587335,0
481,1701,5.86494485964541,3670.05151381841,27.0644882776957,14.3835073030733,14.8268066308661,22.1358009351348,30330.2095475083,21612.2959513953,17.5115489834784,0
481,1702,10.2131290909555,4967.68364184543,27.218770368791,11.731720140842,12.0233425891011,18.0354954428694,28270.3386119078,22044.0189400921,-178.466937834659,0
482,1703,7.43106243597148,2901.40581842973,26.9229509277304,16.9298559992244,17.53640802805,26.07790799507,27897.0759321191,29806.053521464,1210.89323337691,0
482,1704,6.19314320597562,5661.29275811263,27.261404867964,10.7646008011747,11.0062322697044,16.5415530160768,30056.2321389765,22307.7147278504,723.492169829552,0
482,1705,6.28266847425298,2554.08031335558,25.8175409053877,18.374190387321,19.0683016372725,28.312555163951,27091.3225164917,18887.7921365535,468.512957644719,0
482,1706,10.4319897053008,5287.35878561708,27.2631684719759,11.2597360602255,11.5267070347819,17.3063361442948,28262.0854716065,22066.9155177717,-210.712317116826,0
482,1707,8.35575992132839,5738.41397286013,27.5142909301371,10.6848870486644,10.9238919306662,16.4188286880769,28640.2175353993,23509.866363851,-159.022902641857,0
483,1708,7.56151635658805,2848.41126242973,26.9229509277304,17.1524851031513,17.7741509299283,26.4228009628338,27881.5663155706,29808.4266610527,1226.33787298419,0
483,1709,7.88476078720895,7560.24704843449,27.4454092690305,8.93949883433698,9.09632947406658,13.7248693017464,29091.0478489534,22737.9959316081,1097.12042609087,0
483,1710,5.3149426379541,4576.57355951194,27.0343754436719,12.3779389127169,12.703625990531,19.0339106183369,30405.7463806342,21646.4617459726,-85.5212187573309,0
483,1711,6.01137546753702,2793.2787059167,26.1707929681012,17.2891209466383,17.9123039856272,26.632337453508,28335.7845084788,19343.8903131099,290.098773313184,0
483,1712,9.80746635095472,3307.4772128019,25.65635403274,15.2980300419129,15.7859353740524,23.5477480775293,33180.2153542499,19060.0438564851,-1074.9910872242,0
483,1713,10.5512897759035,5473.31255266164,27.2079736135406,11.0025687980018,11.2559643369118,16.9090028774836,28275.0559878431,22050.9116237241,-160.972596418149,0
483,1714,3.82869304418551,4737.78135413003,25.6999221641505,11.9931707074999,12.2889988158062,18.436797801901,26511.645230894,35922.2710332282,66.9484225729669,0
484,1715,7.39097727070785,2893.63064042973,26.9229509277304,16.9620513478939,17.5707821330405,26.1277825341313,27902.6289440515,29797.8847343414,1184.57956445538,0
484,1716,5.53741038108378,4824.56632981841,27.0644882776957,11.9510316520489,12.2534999462654,18.3741372339473,30404.3496593378,21634.8852580524,-70.8115664634207,0
484,1717,5.89496334684964,2777.0235179167,26.1707929681012,17.3608122387377,17.9888687214746,26.7434020930494,28334.3338021031,19329.9937254173,344.066744977541,0
484,1718,9.85983932044365,3896.80395643935,25.6127914626765,13.6668898416744,14.0555886129559,21.0239886906818,33221.4404600697,18907.5425988152,-1014.46799286685,0
484,1719,6.1404549227322,4758.83316466164,27.2079736135406,12.071640327517,12.3815908848342,18.5607891959806,27985.3032635435,21688.7949585449,120.504549844312,0
484,1720,7.22661367804618,2162.37328434065,27.469596563605,21.027664703168,21.9356679534555,32.4326013941933,28831.0909885489,24956.8534471221,-11.5007987710336,0
484,1721,9.73406534222728,5105.68987099203,27.5142478543176,11.5405491898074,11.8237718104191,17.7405965946236,28672.1115151974,23633.1297625693,-145.468059872282,0
485,1722,5.80030863042981,3658.17797522413,27.4810599531876,14.4573510416294,14.9085776555719,22.251001099798,28825.7710508667,25051.2685369687,70.4650204992839,0
485,1723,7.77862194294965,2865.85585442973,26.9229509277304,17.0783674695659,17.6949892337144,26.3079758483205,27885.7099602242,29796.6266494472,1216.41149412598,0
485,1724,6.02066733505133,2570.006812951,26.1846993218172,18.3484539378002,19.0449363627267,28.2738194799612,28392.9114195674,19356.0018383446,258.112367870442,0
485,1725,5.28723987543784,2343.55768981841,27.0644882776957,19.7563078307967,20.5642121512037,30.4592176969082,30415.7369429825,21623.5217448352,-62.2986857212095,0
485,1726,10.3191610595977,3274.10329143001,25.6192664570592,15.4016076865532,15.8956837647605,23.707971472588,33280.0321135108,18944.2306130697,-963.74651918961,0
485,1727,6.01287914097364,2784.00397584543,27.218770368791,17.4739495662406,18.1206916474915,26.921704204136,28024.0919918306,21693.1281450335,100.584042074446,0
486,1728,5.78813578574663,4235.25917522413,27.4810599531876,13.0793283442967,13.447904302229,20.1191933428758,28886.6133907475,25017.1261203987,74.6997326888271,0
486,1729,7.70546511980858,2780.98967642973,26.9229509277304,17.4469507845456,18.0887770159971,26.8790287915902,27892.7820120904,29818.2810419726,1171.69371576814,0
486,1730,8.22056510005949,5841.45125611092,25.731717141367,10.4544921695042,10.6724339503291,16.0603992158212,36385.5686252202,27534.3282072122,-1400.04018000896,0
486,1731,5.47669066123259,3058.34544181841,27.0644882776957,16.3295507228515,16.8972665036171,25.1484544269206,30429.4096868002,21624.0923059049,-56.5239589205317,0
486,1732,9.69940346866929,3748.41479443935,25.6127914626765,14.0327928904847,14.4430237494007,21.5899289128346,33250.5131309017,18933.2355752291,-1062.04161422272,0
486,1733,6.24080818338203,2369.3663099167,26.1707929681012,19.4519507298328,20.2269261855002,29.9843283315561,28262.069978007,19220.1829869862,229.246934115652,0
487,1734,8.82566054606459,5972.57203411092,25.731717141367,10.3050886042897,10.5158874436679,15.8297690655198,36375.768774864,27551.4855364915,-1342.82111003977,0
487,1735,6.08831948958694,4279.99398122413,27.4810599531876,12.9865466973478,13.3497555299138,19.9757139032448,28855.5168878182,25033.0362686479,41.5307240224947,0
487,1736,7.33337761820111,3374.85468842973,26.9229509277304,15.2269651764091,15.721766322722,23.4408839446821,27885.454181269,29779.1058125999,1210.48617913298,0
487,1737,5.37170410789871,3141.33940981841,27.0644882776957,16.025233866552,16.572869758196,24.6771722490935,30412.069991562,21624.0978356987,-131.71966705672,0
487,1738,10.0663412659272,3829.35672543001,25.6192664570592,13.8306733747834,14.2290158850824,21.2773134025738,33263.4015424638,18936.8582911566,-1089.97430253068,0
487,1739,6.47060709720872,3058.42596466164,27.2079736135406,16.3468691311056,16.9170998287142,25.175652639581,27965.1645031781,21685.9352566507,89.548212575611,0
487,1740,6.34556583323008,2007.91926745217,25.8790428735119,21.8964738416989,22.849676555343,33.7747542905475,28053.1149439736,18809.9224528614,392.739846459903,0
488,1741,8.29527898353735,5694.84620011092,25.731717141367,10.6286717571289,10.8550428108306,16.3293033092579,36397.2340118569,27572.6926740432,-1340.57118397823,0
488,1742,5.51870781941179,3085.63413122413,27.4810599531876,16.2783959671608,16.846647638537,25.0703105934053,28840.48170969,25053.9003663767,91.3060254195787,0
488,1743,5.27363552610146,2819.44940951194,27.0343754436719,17.2924286035868,17.9247926809978,26.639928923376,30423.1000798591,21624.5324904488,-96.980590345332,0
488,1744,6.25859524851482,4037.61220907533,26.2888382338608,13.403835558703,13.7824879850672,20.618621322902,29897.0961785702,19333.9110738133,744.451607416449,0
488,1745,6.19370949494389,3074.66047345218,25.8790428735119,16.1224928430211,16.6651825551278,24.8246630974702,28047.0782684802,18828.9050616274,461.224887348407,0
488,1746,10.0812273296117,4118.03310043935,25.6127914626765,13.1655526927273,13.5253735295138,20.2487443066972,33243.3794848789,18895.4587850099,-1042.380574622,0
488,1747,5.96339322643087,1477.13537266164,27.2079736135406,27.9674277647153,29.4339439955286,43.2079785085997,28010.9306652946,21688.3062391166,104.541825470808,0
489,1748,8.59089471390887,5297.80552411092,25.731717141367,11.1426989636758,11.3945714647683,17.1230464635797,36403.3757797052,27555.1868219059,-1387.82571137833,0
489,1749,5.81555517059263,2980.41592922413,27.4810599531876,16.6819395451785,17.2772263084456,25.6953733847761,28849.243427977,25042.1647612763,69.1929977565653,0
489,1750,5.45555953043948,2748.59176751194,27.0343754436719,17.6086374936435,18.2627803635729,27.1298802971634,30444.593869488,21642.4543752331,-77.2947862770775,0
489,1751,6.01796338949274,2676.69470545217,25.8790428735119,17.7786330771632,18.4321260428842,27.3898760264203,28060.9071135998,18824.7671902317,441.153014236599,0
489,1752,6.23074573878298,3905.06199117964,26.2120596750275,13.704110474151,14.0997307657197,21.0828615011595,29941.7949964976,19306.3725744825,669.270562377999,0
489,1753,5.99484489540849,1393.10618266164,27.2079736135406,29.2679903462673,30.8462936213197,45.2293780759101,28035.3137363871,21684.5579876896,132.030254880116,0
490,1754,8.69871694726156,5441.60936687597,25.8516392420002,10.9567547279768,11.2000023704115,16.8360837538177,36390.6090314372,27556.8642278541,-1346.92449897126,0
490,1755,5.78020767373385,2059.39382167568,27.6496160317291,21.834222737372,22.8064754016225,33.6847426402025,28856.6171628159,25045.5033796753,80.6300053021791,0
490,1756,5.58624418936849,2505.97421410331,27.2812853555975,18.8532930333617,19.5979975762018,29.0597538822549,30437.0351135882,21635.9391805184,-109.62734375779,0
490,1757,5.65968683931086,768.28303770249,27.4561523714974,47.5135742919908,50.7945444949642,73.6264097894118,28020.3354714129,21680.7427189083,65.0547334761613,0
490,1758,6.08851910892142,1850.84240536331,26.0805424388973,23.3052070149321,24.3706508573447,35.9617543053073,28048.380169069,18802.7033869575,444.446974827011,0
490,1759,6.0974454932193,3832.34143587666,25.0718396032244,13.7698612935528,14.1601859052658,21.1820322296608,35291.1462708377,19041.7148901193,42.2223589440576,0
490,1760,7.07610961739961,1459.23171953196,27.3233614902181,28.2653889133879,29.7593245421407,43.6715857679581,28160.7184478827,27933.0837352473,980.547587867417,0
491,1761,6.03022252491273,6323.46000987666,25.0718396032244,9.89533606182022,10.0835499956648,15.1964160251538,35389.8042556021,19089.040324893,131.366149576932,0
491,1762,9.45322483360268,6565.81137471871,26.2525495483062,9.72262059165511,9.9089429063898,14.9315597205025,35960.2222109966,27447.6813884113,-1197.34647390919,0
491,1763,5.73439109871823,2393.46216367568,27.6496160317291,19.5506787155304,20.3503221690102,30.1422305596231,28851.2773551853,25038.5819351806,62.4051776537938,0
491,1764,5.3733386913258,2026.96958854117,27.3147844767075,22.0278193269634,23.0106805664216,33.983962866886,30435.5701654185,21636.2901113673,-57.745011201729,0
491,1765,7.16108247867157,1407.04728721394,27.3569898052201,29.0861575557995,30.6513266823162,44.9474570152626,28180.4151183693,27902.0008530401,1022.6190391018,0
491,1766,6.02673734046034,1288.73888536331,26.0805424388973,30.7353566967385,32.420620679772,47.5047161970253,28044.0523141599,18835.7874003305,482.071086079765,0
491,1767,5.67783529323902,834.152595768988,27.5123463922936,44.3882757684058,47.3673819524262,68.7592495386494,28007.4665699573,21695.9008735205,102.774510756422,0
492,1768,5.87194876922286,6029.19264987666,25.0718396032244,10.2035326364535,10.4059563344265,15.6720266808716,35390.8405101058,19083.392163514,114.770007762944,0
492,1769,9.28182448081778,7348.08679071871,26.2525495483062,9.04800603196387,9.20436596929773,13.8908038719582,35846.5863110084,27448.4320686027,-1108.62749399542,0
492,1770,5.61304416514772,2136.68305567568,27.6496160317291,21.2468000483022,22.1737984157916,32.7732225425447,28817.3639274887,25050.4332528003,54.1517817332254,0
492,1771,9.40790647725998,4047.17704507072,25.3974206036019,13.3010262500696,13.6669151685501,20.4577560255422,36602.4644303312,24467.8597970339,-1279.99789741289,0
492,1772,6.37658932748036,946.388767363309,26.0805424388973,39.3254459548791,41.7898034348858,60.8675970388371,28045.9960622868,18806.4499931973,456.510678760244,0
492,1773,5.67643134416214,1323.25013370249,27.4561523714974,30.547706037042,32.2421234626105,47.2200922191479,27981.663055146,21693.21627176,107.957772245835,0
493,1774,5.85882273654833,7445.04595587666,25.0718396032244,8.91834297968208,9.06391828776999,13.6893751448405,35383.2653205956,19078.818106253,172.747416779123,0
493,1775,9.49467663411225,7780.98579471871,26.2525495483062,8.72585681191804,8.86855362810202,13.3939879181989,35864.9395827679,27435.703884499,-1113.35627478358,0
493,1776,5.81689127754668,2782.54053915822,27.6365967284111,17.5373813780167,18.1927947036809,27.0211743363605,28844.5162169091,25055.401236083,83.4115899921308,0
493,1777,5.42340201484479,3144.32264272055,27.3583194303146,16.0495048628454,16.6014615206749,24.7155086436786,32966.1847834188,26991.9558230771,-260.007973106725,0
493,1778,8.99855201712224,4274.48536507072,25.3974206036019,12.8206166071718,13.1594155375248,19.7150325241673,36599.4705291825,24458.7779130563,-1239.48594898769,0
493,1779,6.02192845969433,1066.58464936331,26.0805424388973,35.7051117852018,37.8348469757896,55.2339308922622,28081.5168359541,18830.7489434687,408.625595329866,0
493,1780,5.7043105226969,1748.81447970249,27.4561523714974,24.6373413439769,25.8299081620738,38.0356595304866,28014.5478641331,21671.7452994697,73.5323907181032,0
494,1781,5.97469663133668,6386.05790187666,25.0718396032244,9.83298526068647,10.0183676497324,15.1002077712914,35389.5672110276,19079.1829142995,126.27263602889,0
494,1782,9.42948735248055,7809.59756871871,26.2525495483062,8.70565838868164,8.84751282857738,13.3628419962327,35855.1293248573,27438.915276964,-1108.72462740681,0
494,1783,5.78085927749885,2392.55909767568,27.6496160317291,19.5560490175995,20.3560875155732,30.1505585868416,28850.6589460862,25041.9360467982,64.5066289138709,0
494,1784,5.40865721382823,3519.49150072055,27.3583194303146,14.8360916747615,15.3099302115075,22.8368851710925,32970.9562342724,26992.7404388101,-172.806421175718,0
494,1785,9.43407199839171,4833.74753107072,25.3974206036019,11.8119539446444,12.096184509469,18.1562509591739,36589.2183855474,24484.8553768161,-1238.50782760192,0
495,1786,5.80743526258485,6873.42720387666,25.0718396032244,9.38162334594626,9.54695116803913,14.4038708964269,35388.857626781,19080.0259712397,176.018972686116,0
495,1787,9.35116223329295,8077.87424871871,26.2525495483062,8.52231035860389,8.65659654440522,13.080141274093,35843.4862801381,27430.5198489719,-1117.71811655857,0
495,1788,5.72469394341629,2677.26717367568,27.6496160317291,18.0300419198274,18.7200840705547,27.7847223928653,28855.3258898855,25047.483348533,71.0403608156615,0
495,1789,5.81857176274824,5208.55647960344,25.0663787024246,11.2216540721164,11.4734231149731,17.2438557625334,36866.8150484642,27324.5711227453,594.55459277759,0
495,1790,5.56541234418153,2498.44408050114,27.3685886696392,18.9077739157041,19.6573831904432,29.1444875071443,32884.282086329,26848.2570194486,-242.383784701001,0
495,1791,9.38072350580194,4896.98417707072,25.3974206036019,11.7108558119328,11.9897961556595,18.0000635176008,36601.7531064965,24464.5301153499,-1290.77256708144,0
495,1792,6.35594023391483,1916.98948162813,27.4439019111275,22.9895194773172,24.0495256910944,35.4771101501217,30063.7842754511,21955.5817500182,506.922691320694,0
496,1793,5.97736467174402,7166.70339387666,25.0718396032244,9.1359218716499,9.29066698879761,14.0249075787925,35396.6066925575,19081.4411522719,162.974825302767,0
496,1794,9.50351725868575,8109.85600071871,26.2525495483062,8.50115405506498,8.63457608474194,13.0475232970925,35878.1127918629,27436.9216755385,-1106.0549864295,0
496,1795,5.82662115724835,2588.89886167568,27.6496160317291,18.4704390592622,19.1917482427957,28.4673568914776,28848.7844687464,25038.6571816327,80.1798648381896,0
496,1796,8.88036572961047,4828.83573307072,25.3974206036019,11.8199047559955,12.1045527855603,18.1685346293801,36601.1796124143,24456.8332042446,-1290.11926443985,0
496,1797,6.1077956791009,2153.23541077334,27.5002506737481,21.0989677376559,22.0127865727723,32.5433330561073,29873.9710085918,22100.1314734199,545.868201652681,0
496,1798,5.30700659101812,2523.70790250114,27.3685886696392,18.7708515485061,19.5106029512693,28.9322139748797,32872.346629507,26836.6241874546,-230.366177515406,0
496,1799,9.52121211604393,3880.74123662606,21.7207601870266,13.3202906592074,13.6568345427264,20.4791474923692,35602.1060905402,10623.8360125213,-1244.42753619807,0
496,1800,5.66590588970869,1722.87618383936,27.4703891476304,24.9213225202831,26.1372926289829,38.4767496887378,28007.1150694957,21715.1368664602,58.9342546610007,0
496,1801,5.84905536778364,845.31717867708,26.180475445628,43.1922004042208,46.0243907427447,66.8877420213813,28041.7386929651,18858.6722796203,427.156339180629,0
497,1802,9.47984106065498,8063.38114071871,26.2525495483062,8.53194545090578,8.6666258239242,13.0949964628087,35871.019321916,27439.1091557552,-1127.29381730722,0
497,1803,5.35409633912437,2375.49494850114,27.3685886696392,19.6125035710828,20.4134266005412,30.237204448756,32875.9867682484,26837.6342912088,-196.400420745838,0
497,1804,5.7402238050174,5820.10836960344,25.0663787024246,10.4386710438565,10.6521405146554,16.0349495268391,36926.2533203686,27365.2855161599,665.600637263554,0
497,1805,5.90987405696656,6099.71990187666,25.0718396032244,10.1273000738758,10.3261761597975,15.5543751730318,35421.8745943804,19092.858999127,92.6446462199005,0
497,1806,9.18527698756948,4197.21080462606,21.7207601870266,12.645045090566,12.9457207541672,19.4358081297687,35554.1073565444,10611.6235461955,-1240.3052808011,0
497,1807,6.20124325489427,801.04491867708,26.180475445628,45.1596746664514,48.18050290783,69.9513501392668,28047.8229318938,18840.3522323006,411.116921021204,0
497,1808,3.41591652377394,6197.18304701586,26.8755331505399,10.1264571350389,10.3347710867417,15.555694312247,35009.4713915372,27126.0186038303,-428.285998468998,0
497,1809,7.16430713438527,3466.5463909035,26.0231783968806,14.8495974987408,15.3128454460785,22.8546383850427,36080.5106283172,24906.8969940199,-278.274973841619,0
498,1810,9.60272089362034,8436.03903471871,26.2525495483062,8.29331951188193,8.41835399322715,12.7271199476177,35870.2106289415,27427.3698433684,-1135.49037626173,0
498,1811,5.07191050920823,4966.07224560343,25.0663787024246,11.5787801964219,11.8487184627039,17.7954413452397,36894.5622042717,27398.9775784699,683.846563701131,0
498,1812,5.44214020715632,2349.76858050114,27.3685886696392,19.7685981770486,20.5810144377097,30.4792720680399,32898.8982347147,26823.9095851397,-194.055607383658,0
498,1813,9.35960305150907,4424.47507262606,21.7207601870266,12.2133184519084,12.4917848769074,18.7689341980123,35578.32484405,10660.9975333954,-1260.78084461409,0
498,1814,5.55761497590915,6342.17674017109,26.3510555536545,9.94735522344655,10.1445510345737,15.2785129422346,35115.2171702836,29213.0402119832,547.249878846232,0
499,1815,9.44237596851328,8833.93872471871,26.2525495483062,8.05781162892268,8.17356803494992,12.3641168905857,35850.1964427704,27423.1659806516,-1135.87571774193,0
499,1816,5.93139770262723,7546.11790017109,26.3510555536545,8.90111312381461,9.05161716112694,13.664370518173,35102.0670691518,29187.6789147707,563.374063627076,0
499,1817,5.5175127879769,2043.91554450114,27.3685886696392,21.9025832495746,22.8764481057332,33.7898103108269,32982.4781581816,26818.7023675885,-266.575462324027,0
499,1818,9.12762921841492,4301.17352462606,21.7207601870266,12.4425424876778,12.7327291775861,19.1229894062523,35569.6375060986,10616.9016904473,-1244.31358263477,0
499,1819,6.43968573707212,738.74743275603,26.0568807309366,48.2394318787968,51.5553592289046,74.7469137470653,28041.0810641264,18863.2734895836,431.854349936191,0
500,1820,9.37227522780139,8240.43716194829,26.5001442340725,8.42638273923295,8.55775603636779,12.9325222478214,35842.8052332207,27436.3743049557,-1105.64071128861,0
500,1821,8.09732510368433,4634.35646079997,26.5690643701302,12.2383316268359,12.5532126027307,18.8172653481476,25805.4098076299,30247.5332179743,-1488.32425308172,0
500,1822,5.53766090515587,3655.94678885314,25.2342993261038,14.2353359819048,14.6544443897281,21.9023629789592,33357.2828824543,17108.7300500554,-23.4773495592052,0
500,1823,5.65542631802788,5498.03991821412,27.5399996850969,10.9910307769032,11.2457086713144,16.8916983991959,33270.891169582,27695.1980641963,-143.542762425255,0
500,1824,9.21366916722331,4515.77460675489,21.7959950034183,12.0572151045444,12.3283745659265,18.5280059367023,35567.3253422526,10610.7644823248,-1249.56216561459,0
501,1825,9.50445732917628,7568.53403194829,26.5001442340725,8.8911039708456,9.04182537992446,13.6491122008031,35864.6223177416,27420.428738761,-1112.25978944029,0
501,1826,5.47399880864519,5447.17129493807,27.5544626771578,11.0594519316084,11.317728421897,16.9974080716118,33282.5003815237,27699.8777650168,-123.695618639855,0
501,1827,8.19334363649223,5241.26086479997,26.5690643701302,11.2784015221258,11.5422348347906,17.3340368577935,25800.6383365886,30253.3300584638,-1475.30042758092,0
501,1828,5.74020711734336,3789.12286185326,25.2932750612042,13.898284184736,14.2979377220543,21.3811515392259,33356.0857303699,17122.0842406205,-59.8662036127166,0
501,1829,4.93184073348366,4990.92357682402,25.268223777622,11.5554796133808,11.8255243193301,17.7598099991447,36903.6766552121,27455.0455197431,804.382280825946,0
501,1830,5.66251094053295,1865.51871932391,27.5046145274225,23.4763312674471,24.5759056063178,36.2330859354863,27730.5597025655,21502.7994636195,207.152650419029,0
501,1831,9.22880440375086,4089.96797475489,21.7959950034183,12.8707065604147,13.1838522699937,19.7846171747011,35578.3876950964,10614.7917094648,-1255.07648336608,0
501,1832,6.09342024125925,796.636236000477,26.204517254104,45.3810478947059,48.4238129324463,70.2962581204485,28020.477662823,18820.7255272686,408.726512160158,0
502,1833,9.41304275406367,7390.93839394829,26.5001442340725,9.02609929753765,9.18260920778563,13.8573182257074,35854.6156306972,27433.5232215728,-1136.53919294451,0
502,1834,5.66298541507176,4973.30393093807,27.5544626771578,11.7466824221233,12.0411767493302,18.0591870893476,33266.6574411309,27694.1544602753,-128.873770223142,0
502,1835,8.35068557204671,4422.00379479997,26.5690643701302,12.6291285481177,12.9656409013383,19.4213346647177,25799.2464468185,30243.9604172624,-1473.80101770125,0
502,1836,5.61504417103074,3979.81709285314,25.2342993261038,13.4375124788042,13.8099376391868,20.6684466304762,33378.3933552409,17111.7645066926,-9.31106277689964,0
502,1837,5.44637396422662,2403.26148332391,27.5046145274225,19.4693789372692,20.261378221855,30.0156956764257,27719.8752826565,21478.8847081509,187.042901669597,0
502,1838,6.39787380777242,2221.10145923977,25.8095323878288,20.3222711755149,21.156310246936,31.3326144597433,28029.1728364866,18166.7294477781,621.922562510476,0
502,1839,9.29297776215016,4171.99279875489,21.7959950034183,12.7025924495382,13.0068950557384,19.5248835104703,35577.9679582903,10648.2571316743,-1206.61834939435,0
503,1840,9.54323725717788,7415.40927994829,26.5001442340725,9.00716510815838,9.16285864599429,13.8281144097829,35861.4923550998,27412.5014629786,-1133.90204612523,0
503,1841,5.59248203902067,5597.79567221412,27.5399996850969,10.8618190274768,11.1099001624842,16.6921230184888,33284.9831708986,27704.8467678206,-141.86458957427,0
503,1842,6.53253730572949,6447.85006128488,24.9838412860647,9.76764487734258,9.94962307803128,14.9992656462758,35140.5895616593,17772.7049766083,214.035831929899,0
503,1843,5.45497970781235,5651.09077185326,25.2932750612042,10.6545262641272,10.8796502853449,16.3685280009632,33370.6657541196,17123.2179168804,2.74773202658638,0
503,1844,9.38228797255885,4075.01232075489,21.7959950034183,12.9020054308517,13.2168069049074,19.8329760080755,35587.9362763999,10634.7940513258,-1219.04067564394,0
503,1845,5.54327577007367,2360.00241932391,27.5046145274225,19.728449218078,20.5395029882493,30.4174495975146,27695.8915434518,21475.7852947575,241.068425757392,0
504,1846,9.60075452797457,9913.06957594829,26.5001442340725,7.51015571322723,7.60613213845557,11.520476641822,35873.582553079,27418.9269225254,-1148.92856931719,0
504,1847,5.45227147146239,7710.22122821412,27.5399996850969,8.83269163718257,8.98529734059206,13.5602367216981,33284.1568359625,27700.827222342,-87.8959435461357,0
504,1848,5.77020370976471,7279.96420371115,24.6806797025799,9.02684687308001,9.17516347691469,13.8561938704371,35273.7035722664,16811.3710997496,-49.981359014555,0
504,1849,5.34110538822607,6237.06655282401,25.268223777622,9.9943408053992,10.188119498926,15.3494773549469,36886.1412687623,27343.8585014294,605.870290648628,0
504,1850,5.68087877772353,6169.12026585326,25.2932750612042,10.0665119951053,10.2637570820046,15.4608907183024,33355.2377519725,17118.4884346129,-19.1725694676384,0
504,1851,5.50682315932365,1726.06813237555,27.4604124332721,24.8840133960925,26.0967811230259,38.4187643703023,30245.2364027908,21958.8449947959,-115.731398802235,0
504,1852,6.46455078537851,2984.02217195583,27.4096464051161,16.6586976461071,17.2517285816618,25.6591807110601,26495.8627854255,22207.9509695447,56.5237512585274,0
505,1853,5.43804819326416,10290.0825562141,27.5399996850969,7.37229829566485,7.46663883723332,11.3090401470146,33266.6099811476,27696.4500100964,-87.8328276090168,0
505,1854,9.51188396758359,10964.9432319483,26.5001442340725,7.05884456172588,7.13880505347392,10.8253286989935,35877.4810217975,27418.7589355095,-1134.88420699603,0
505,1855,3.03856921595722,12618.0552173307,27.1368803663051,6.49745794473805,6.56060197982573,9.96149341317864,35004.5843650855,27177.8715201755,-829.746667626542,0
505,1856,6.52037122493508,6648.21072178489,24.8542422253424,9.57148093386982,9.74405868451071,14.6964450925789,35398.2032871281,17785.7912882232,-103.405242683895,0
505,1857,5.64388734307687,5469.80991485314,25.2342993261038,10.8793774477425,11.1151400128329,16.7155931743692,33357.3765723362,17108.9951673296,-26.0542888666235,0
505,1858,5.34425441834013,1245.29108153345,27.4258508838233,32.0349876512994,33.8605772513229,49.5326614272378,30232.0947460724,21967.2982447813,-83.2375372047698,0
506,1859,5.56599283166695,9860.17908821412,27.5399996850969,7.56955573681494,7.67120418786658,11.6129577874577,33272.6512464826,27699.5757764411,-117.162801042847,0
506,1860,9.3045830405201,9490.78710394829,26.5001442340725,7.71517367334877,7.81874226166372,11.8363501383818,35862.9363277065,27420.5263019557,-1118.56499559879,0
506,1861,5.62295992739642,4443.15602885314,25.2342993261038,12.4791358291279,12.7979391475328,19.186891104768,33337.4673860751,17124.1317407182,-32.1681876040468,0
506,1862,5.45180358695815,1691.39920837555,27.4604124332721,25.2704746287109,26.5149505194564,39.018992357237,30236.2705334937,21964.0313771892,-157.876640363325,0
507,1863,5.60447615736165,9541.35273821412,27.5399996850969,7.72563759625919,7.83319726715428,11.8534710540129,33280.8472879969,27692.5265850527,-115.108918359405,0
507,1864,9.47602450278935,8263.34420194829,26.5001442340725,8.41169597485499,8.5424726912956,12.9098796706804,35848.0942998261,27424.2118380008,-1111.50257860611,0
507,1865,4.8741298711627,5168.80555282402,25.268223777622,11.2923119906769,11.5489062078598,17.3533276096733,36865.2954472275,27435.7776398722,734.907514543438,0
507,1866,9.85562680350498,4278.8829186425,25.2656052478475,12.8003907100901,13.1370913641553,19.6834987178626,31885.8160537304,16965.527930242,-1086.99757544497,0
507,1867,5.502657702418,1636.86283237555,27.4604124332721,25.9096807411125,27.2070143815095,40.0118851848718,30230.4750671839,21975.7604314894,-131.671914273953,0
507,1868,6.5882156130422,3108.65686537169,27.3650496914445,16.1795000251272,16.740104641213,24.916845852845,26513.5220599743,22177.6071136628,-3.2377613117958,0
508,1869,5.56093480901475,10146.2087242141,27.5399996850969,7.43671848553568,7.53342546949695,11.4082877850445,33290.3973459972,27701.6371880568,-125.120883013718,0
508,1870,9.43135204327096,10440.7464579483,26.5001442340725,7.27405017728529,7.36152649869877,11.1567732687498,35874.2561719102,27435.4577359243,-1129.6547609626,0
508,1871,6.056835954188,2923.98956608506,26.0595411449618,16.7246716676646,17.308760948678,25.757689812487,30400.8731433327,33403.2213707817,736.499452310732,0
508,1872,5.7346304872375,3595.2760890917,26.6838471708254,14.549918971032,15.0003158085826,22.3924459956416,34601.6274873809,24800.3367973449,122.774800957561,0
508,1873,10.3120895754416,4719.88189822859,25.3396780797006,11.9955728061699,12.2891066746905,18.4398410782466,31864.2003618017,16979.3438154145,-1099.49948542841,0
508,1874,5.29986283860722,2553.05632837555,27.4604124332721,18.6287254634693,19.3592951314471,28.7121627405475,30237.2105497026,21972.6814184831,-98.2589699159568,0
509,1875,5.50057307675383,10007.6211322141,27.5399996850969,7.50026844413973,7.59932911445564,11.5062000167105,33290.0203046513,27707.3557187247,-119.508312082901,0
509,1876,9.46228822892004,9920.97690994829,26.5001442340725,7.5064595483544,7.60230088663593,11.5147824118077,35866.1092701816,27421.6196531047,-1132.78948342947,0
509,1877,5.35726949468776,6000.92580682402,25.268223777622,10.2461764726704,10.451669394,15.7381397930941,36901.5927715746,27377.7673528687,690.440392285674,0
509,1878,5.49792097673716,4031.6111490917,26.6838471708254,13.4532211935523,13.8377444898286,20.6958229235251,34584.3960570062,24783.7463715105,163.124916214798,0
509,1879,5.21293513413184,3584.57796037555,27.4604124332721,14.6596182651252,15.1232514418858,22.5639848022638,30238.2452412575,21987.2767578837,-103.704978446547,0
510,1880,5.68644434528447,9999.46745773785,27.7195879506475,7.50987749850363,7.60988174106349,11.5211677574021,33265.9583628472,27705.4570423559,-94.0340377270763,0
510,1881,9.43855865125396,9654.88658395233,26.7407954627984,7.64191070261718,7.74357289970931,11.723696753493,35868.3524527802,27414.9225352799,-1132.58064333559,0
510,1882,5.62595844346158,4164.24638469737,26.8030224986029,13.17147427847,13.5405010129924,20.2603447813764,34603.1300913959,24809.5472841412,173.422650455348,0
510,1883,5.9679691978649,2093.80131669859,27.3833801408428,21.517695137183,22.4620628652848,33.1926111556519,27470.4859047864,21129.0128630424,610.964920547379,0
510,1884,5.42006749472459,3652.29239600896,27.4071463356664,14.4660213922147,14.9171869344651,22.2642540860268,30251.2159611116,21992.1710448355,-92.2036927456066,0
510,1885,5.41288002696974,4218.87061139679,27.1897257211569,13.0889270942782,13.455982080464,20.1334647936535,31450.7810841185,22993.0946560808,-449.208491011894,0
511,1886,5.58276330484308,9937.13387773785,27.7195879506475,7.53903633724061,7.64013153669242,11.5660961865476,33272.7026855125,27698.5740020118,-125.197789574917,0
511,1887,9.26705558084819,9169.76393395232,26.7407954627984,7.89052041951145,8.00160380751421,12.1067917549711,35879.558970453,27437.1434394452,-1150.40646692965,0
511,1888,5.03083753955506,5310.37249337174,25.4846837690252,11.1087084891117,11.3573744071731,17.0701397491256,36885.4254327459,27418.5054432013,727.055765131975,0
511,1889,5.64093749248564,4000.68130869737,26.8030224986029,13.5347159343762,13.9249218817809,20.8221148423999,34596.5955566683,24793.5665110053,144.585171521763,0
511,1890,5.44002282990284,4285.38571400896,27.4071463356664,12.9692999847547,13.3309949326445,19.9489009413825,30230.3609078116,21958.5898832988,-101.473647374917,0
511,1891,5.3449504585051,4396.70853539679,27.1897257211569,12.7287543006297,13.0751844114995,19.5765437391067,31447.1205452265,23004.6165165939,-427.014349234724,0
512,1892,5.60885270464799,9956.12028973785,27.7195879506475,7.53012159228894,7.63088283007184,11.552360081016,33283.7825266424,27696.5251258289,-123.828079464537,0
512,1893,9.73787504177642,8398.34733595232,26.7407954627984,8.33615748581022,8.4648212125196,12.7936866866419,35851.7611355191,27421.216693176,-1133.03551836039,0
512,1894,5.68859064016659,4132.15535829939,27.0793832248624,13.2649491104106,13.6414194920965,20.4054574208583,33846.7506011453,24958.1066861424,477.686488190222,0
512,1895,6.24300827445464,2790.96607205562,27.0826399030991,17.4243461522369,18.0662668383479,26.8444588786497,26067.2336779293,21124.4654798582,594.71846236029,0
512,1896,5.41475937379033,3318.86280800896,27.4071463356664,15.4593914909334,15.9733243374233,23.8018777361023,30232.0851159673,21978.1245629686,-92.4002261779799,0
512,1897,5.47094656930473,11570.8871257171,27.4006516459612,6.85599309019179,6.93169222873808,10.5136942013053,34775.144470882,27571.3788174131,602.025320319929,0
512,1898,5.45263066359047,3778.21845539679,27.1897257211569,14.1114017576386,14.5390848959199,21.7150466518014,31452.287186588,22984.0975387509,-473.257080088912,0
513,1899,9.35402737356577,6526.31354395232,26.7407954627984,9.78626416954248,9.97791110892012,15.0304358955863,35870.3956767006,27429.7219909486,-1114.47023208628,0
513,1900,5.79796402444521,3363.16162029939,27.0793832248624,15.2810287472486,15.7806437472218,23.5249531675654,33849.3710612688,24981.0179755637,396.5013818537,0
513,1901,6.33319501139474,3419.16961805562,27.0826399030991,15.1069915801937,15.5955733795385,23.255553473976,26086.3125100037,21096.9860158765,683.508544812441,0
513,1902,5.36314870455437,1629.30804961118,27.3758567740355,25.9802505900324,27.2821281450138,40.121145056295,30236.868217096,21953.9191344262,-111.79182678328,0
514,1903,9.48375968318462,7333.32415795232,26.7407954627984,9.08228632536116,9.24229094766257,13.944277006267,35854.9082893746,27426.522658532,-1132.22548064139,0
514,1904,5.81318978563458,4206.29487429939,27.0793832248624,13.1059649093508,13.4732120332421,20.1595937266896,33865.5700308294,24990.3243351112,398.331249038546,0
514,1905,5.76179282718427,3942.54264876925,27.2472570742553,13.7113745776066,14.1154181398643,21.0963001186619,26654.4321500625,21232.8196190486,-57.2548578510115,0
514,1906,5.26865404430077,4642.67632937174,25.4846837690252,12.1390820755113,12.4412555849267,18.6618613923534,36895.4848511157,27395.599449417,711.619000804875,0
514,1907,5.39414492030732,1830.69814400896,27.4071463356664,23.7899761233856,24.9132860678845,36.7196635866007,30239.5185171869,21987.7858507831,-104.965226618102,0
515,1908,9.57208192828133,7336.80426595232,26.7407954627984,9.0795441353285,9.23942935305142,13.9400471710005,35843.2843033923,27423.6905457577,-1130.79053822292,0
515,1909,5.6848406770107,3892.44640029939,27.0793832248624,13.8160475787634,14.2250605137508,21.257869190086,33861.9402768821,24978.6935701116,380.887922255787,0
515,1910,5.58065584836125,3785.10187172174,27.298754161026,14.1042988003075,14.5324097395978,21.704293572782,26649.9221657924,21232.9966835775,-41.94368656717,0
515,1911,5.89470513344652,4269.55588937174,25.4846837690252,12.8380904448445,13.1785068866784,19.7422217918672,36906.0826623073,27335.0173627995,644.322992677828,0
515,1912,5.19490354176782,1540.58732161118,27.3758567740355,27.1199047877815,28.5172786668992,41.891751328334,30266.9954693464,21976.4027606085,-89.1423418555879,0
516,1913,9.69561380758162,7617.01903795232,26.7407954627984,8.86591317313526,9.01659038211086,13.6105467256549,35851.4744197114,27425.610039896,-1168.27740038563,0
516,1914,5.7771050308033,4398.22943829939,27.0793832248624,12.7167853938254,13.0617745954416,19.5578283840861,33856.7931887436,24974.7847523803,378.080691140391,0
516,1915,5.53189844122475,3598.54165172174,27.298754161026,14.6038017451104,15.0626280418002,22.477234576866,26656.1459690636,21250.3997411288,-55.7945454040351,0
516,1916,5.25025872287332,4615.78258337174,25.4846837690252,12.1860913608736,12.4907887634154,18.7345039931224,36888.0491151224,27373.5679243537,669.113898761924,0
516,1917,5.442633483245,4997.20930594679,27.7171800827128,11.7206756344595,12.0147634359383,18.0192723358838,33189.6495672936,27575.8707828477,-156.190668849356,0
516,1918,5.45153134369246,1536.18849800896,27.4071463356664,27.1880366932347,28.5916779561919,41.9977586700617,30255.3902143542,21969.7861186208,-121.430930794268,0
517,1919,9.41288027150865,9101.06483995232,26.7407954627984,7.92756042560596,8.0400714545448,12.1638751406136,35859.9504661018,27410.6853267175,-1137.53312404479,0
517,1920,5.81878307105166,4690.75674429939,27.0793832248624,12.1787542074266,12.4937402372421,18.7261127824612,33870.0858046289,24973.2214860702,415.646686544357,0
517,1921,5.64958073624684,3362.71795507407,26.1122353335781,15.1749206346681,15.6592399947839,23.3583436282649,34376.7346424975,21532.5076505959,-176.310482944468,0
517,1922,5.61970767223046,3083.28743372174,27.298754161026,16.2650130675976,16.8306645293798,25.049112112948,26676.5014713254,21244.4260915096,-52.630905313662,0
517,1923,4.85979308935132,5690.76151337174,25.4846837690252,10.6181921726179,10.8426511191008,16.3127363706475,36870.2111003756,27420.7879801376,751.070088971956,0
517,1924,5.44967791510262,1504.47105800896,27.4071463356664,27.628892373541,29.0699118231215,42.6828117552718,30234.7890535459,21974.9355048595,-86.9288771354715,0
517,1925,5.35510662440517,5481.67117594679,27.7171800827128,11.023848496285,11.2812064043636,16.9426646620718,33204.0888878852,27568.8981922437,-134.340177304979,0
518,1926,9.47246250120404,8047.82557195232,26.7407954627984,8.56280307544802,8.7007395959824,13.1431243284633,35857.6719915347,27431.2380676672,-1115.64892509323,0
518,1927,5.58318695580069,4525.69075507407,26.1122353335781,12.3977226680961,12.7182407109786,19.062763560729,34380.1675899667,21530.3619272745,-204.028898522694,0
518,1928,5.82931135981578,4261.73431629939,27.0793832248624,12.99032837977,13.3509142946299,19.9807787004285,33855.6518330609,24961.6136212847,391.707056362107,0
518,1929,5.67183354050731,2506.57960476925,27.2472570742553,18.8447773195501,19.5884873697677,29.0464466621353,26664.2336055392,21235.3174490979,-28.0738185250437,0
518,1930,5.44423486547166,3173.90970200896,27.4071463356664,15.9500805685896,16.4959457991012,24.5616637614069,30230.545012626,21966.1717655441,-143.770864551977,0
518,1931,5.54761138798162,4376.62675594679,27.7171800827128,12.8111866211981,13.1659462161228,19.7050005504744,33174.7602141334,27562.3630799537,-171.40588224084,0
518,1932,5.94895971114874,3516.41895054135,27.2759735877477,14.8364530358663,15.3096236714882,22.8372542587845,26683.4044153552,26668.3177831999,336.696992052195,0
519,1933,5.45185182824434,4484.39200507407,26.1122353335781,12.4740126059711,12.7987283418046,19.1806808776292,34367.5537933636,21531.5176906658,-173.657605726671,0
519,1934,9.45145426363778,7268.78797795232,26.7407954627984,9.13355170885903,9.29579420775618,14.0233555313853,35856.2077739982,27424.2174475476,-1143.9058155053,0
519,1935,5.80050372812994,4937.31621054135,27.2759735877477,11.7837605949744,12.0785308981978,18.1160102435631,26679.2696731862,26676.043458486,320.020887643146,0
519,1936,5.42856473005337,2519.77317876925,27.2472570742553,18.7734944554296,19.5120825787313,28.9359382106185,26666.8074273959,21231.1189691691,-10.9539300420791,0
519,1937,4.5714276004714,4197.44276537174,25.4846837690252,12.9859155911892,13.3346119304581,19.9707473040884,36832.8719424691,27429.8384067965,702.244119622341,0
519,1938,5.96469634329184,1755.63678661711,27.0296984059588,24.4665520056145,25.6388899960835,37.768680226357,33849.2078518049,24955.1518078306,376.530305127236,0
519,1939,5.47269879807173,4163.54723194679,27.7171800827128,13.2521427603242,13.6324815628945,20.3869236968515,33191.100878216,27555.9803054344,-172.333086296896,0
519,1940,5.30381544791847,2529.34083800896,27.4071463356664,18.7465200519935,19.4849517330755,28.8946114665726,30253.4703487353,21975.7720392776,-78.645083905462,0
520,1941,5.63477252263473,5163.51195436741,26.168436426559,11.3625464251265,11.6282956677968,17.463346629923,34393.308024122,21523.2585264223,-205.776218922797,0
520,1942,9.47237874402443,7505.73232184752,26.84982274466,8.95401877996418,9.10894069363674,13.7465630137802,35832.1292048662,27411.693030338,-1118.65769041171,0
520,1943,5.80493878091264,4749.0999715198,27.3368962853309,12.0977986810522,12.4100102423612,18.6014474298632,26666.8345139677,26665.4179343207,322.543329870053,0
520,1944,5.68065588629444,2380.11989562777,27.3616083769802,19.5836382816166,20.3823594198237,30.1924197836188,26681.8409263309,21248.3031111124,-36.1905736313021,0
520,1945,5.40241041183496,4170.90228173314,27.8042328911558,13.2437215905268,13.6241887343135,20.3740706522356,33170.0220393402,27583.6296726285,-148.553846439504,0
520,1946,5.91023827342725,2994.82550905499,27.520501414332,16.6300778067972,17.2222476431917,25.61514138424,29254.165848031,21215.3533015149,374.110016985089,0
520,1947,5.4819507695646,2807.27505416979,27.502027438386,17.4088812174116,18.0540216415334,26.8216771606841,30240.6042225665,21967.5293514469,-115.389296803736,0
521,1948,9.386700499189,6418.13249384752,26.84982274466,9.89816650422236,10.095561697753,15.2032868963446,35862.063820678,27410.8366593466,-1156.27924097945,0
521,1949,5.57482405586096,4307.13833605273,26.2400391918415,12.8270456942662,13.172341333226,19.7266634295494,34368.8091065054,21519.6001765935,-178.10302227648,0
521,1950,5.8932848298372,4036.7144100008,26.7015580639536,13.4432629924292,13.827337216548,20.6804583611744,32324.3228080854,31466.8781108714,94.9140427091118,0
521,1951,6.04040717333474,5513.1598855198,27.3368962853309,10.9583684195525,11.2102352279346,16.8409336835329,26660.2666039047,26664.1828580208,313.517433585874,0
521,1952,5.5005873450698,3763.00177400383,27.7969616780682,14.2092830217762,14.6477193189716,21.8678143587275,33191.2157413536,27574.9874826011,-168.641593341231,0
521,1953,5.81316506120607,3513.62591305499,27.520501414332,14.8702036287861,15.3475456566794,22.8900579066651,29231.4836983948,21173.0079006493,412.866175747385,0
521,1954,5.11993791425973,3314.99638016979,27.502027438386,15.4825644948885,15.9988276827353,23.8379854477531,30225.6088065758,21971.7646476707,-134.273789321274,0
522,1955,9.43014515368043,7323.86363984752,26.84982274466,9.09480971728935,9.25584033616142,13.9637274096346,35868.3736119102,27424.2849636484,-1123.48122573792,0
522,1956,5.73524108523777,4585.4040960008,26.7015580639536,12.335941295395,12.6570730911373,18.9683781823752,32338.5252238372,31486.0058174866,112.349431344336,0
522,1957,5.36557121337132,4493.91255800383,27.7969616780682,12.5908218525058,12.9335530495131,19.3644218632376,33185.3108770432,27574.0196659924,-177.566231784405,0
522,1958,5.90224884837544,5320.6085935198,27.3368962853309,11.2180797731157,11.4833152836061,17.2421035688103,26671.1347684471,26661.2909673147,293.115826587769,0
522,1959,5.36582729365778,3253.34560616979,27.502027438386,15.6870622305212,16.2165865721834,24.1546181032783,30221.7814560812,21969.193343184,-112.263499881103,0
522,1960,5.75195499403076,3422.37219505499,27.520501414332,15.1444302165115,15.6391554672364,23.31454474865,29235.9798173359,21187.272640711,382.150173041991,0
523,1961,9.67420557354155,5737.00046984752,26.84982274466,10.646372833101,10.8798415138186,16.3583549976314,35859.2954904321,27436.0059799286,-1173.39896588836,0
523,1962,5.91742967764421,4802.24211183746,27.6960621851588,12.034583413597,12.3456135148928,18.5043724043857,29343.2554245513,22878.4994398553,31.9401407799067,0
523,1963,5.4010547612659,3923.15282000383,27.7969616780682,13.8083512780902,14.2223732844792,21.2474702589515,33157.9834052478,27561.6037647614,-171.752061264531,0
523,1964,6.13249240370873,5097.9477595198,27.3368962853309,11.5399663367798,11.8220915006869,17.7394017220139,26645.5488163251,26666.986120763,342.35621418394,0
523,1965,5.62333340954476,3598.40441644545,27.1625335755552,14.5902802162966,15.0471446226618,22.4559997105474,31510.853489004,30426.2298775102,432.094328749296,0
523,1966,5.37379627771045,4339.93668970238,27.5315718825598,12.869077116085,13.2258783346666,19.7941633253953,30230.3406626226,21960.8930229641,-84.2790983621014,0
523,1967,5.69308376388104,3475.7782680008,26.7015580639536,14.8952743088453,15.3672488847745,22.9269496956035,32308.0298981283,31456.0189255575,83.6192069265888,0
524,1968,9.47507738378101,7160.89326584752,26.84982274466,9.22623739117171,9.39304292131622,14.1664692346859,35864.2807783611,27423.2610144349,-1147.6537712257,0
524,1969,5.71117990952255,3337.35226444545,27.1625335755552,15.3724331624782,15.8786223663181,23.6666567373476,31500.0450890248,30424.0954678191,428.998136663619,0
524,1970,6.06511800190728,3532.60307166762,27.3094482733794,14.7928491582966,15.2635652182076,22.7698432162252,26640.052534057,26888.1632212458,495.473719420147,0
524,1971,4.9481093174671,4379.84571582812,25.5739429364044,12.627921207301,12.9573228830958,19.4175260224462,36852.6556290664,27383.406610704,639.13994982871,0
524,1972,5.51063648777585,4889.96206400383,27.7969616780682,11.8971600560552,12.2013033413298,18.2921503810687,33169.8565534594,27564.7986391195,-197.060716565848,0
524,1973,5.39099589386417,2341.40312816979,27.502027438386,19.8421379520396,20.6615624031146,30.5937552785537,30246.2024455555,21968.406152267,-119.497103663149,0
524,1974,5.84954793203163,2741.81856645656,25.8370227731454,17.4716305544582,18.1036655388474,26.9141033653572,35955.485957075,23559.1385708104,544.533943205018,0
525,1975,6.02489976710556,4572.32642550197,27.2033403808473,12.3988483118636,12.7268261410571,19.0665435802537,32022.0840039823,30416.9128250064,585.464311982091,0
525,1976,9.5762036912421,6339.10320584752,26.84982274466,9.97771550721935,10.1788473432042,15.3260662524136,35847.6357241041,27430.0957115914,-1104.03250444818,0
525,1977,5.93253126420583,2272.40628272316,27.3306573803962,20.251226920829,21.0990022295217,31.2276727148334,26404.7945857909,26628.2046353667,347.355312462704,0
525,1978,5.81239036101176,3485.24011845656,25.8370227731454,14.774566265048,15.2315537629903,22.7380799495315,35942.2647925252,23525.5062183033,536.810733662572,0
525,1979,5.4141698796907,3993.98843600383,27.7969616780682,13.6402946218935,14.0442177496027,20.9874805453658,33193.6123333664,27571.6808930687,-126.756253393834,0
525,1980,5.2603606092977,1760.33522216979,27.502027438386,24.5257047973184,25.7098615163909,37.8624803614752,30244.4198010305,21974.3413103128,-96.0720829800969,0
526,1981,5.99508840103778,5202.68851950197,27.2033403808473,11.3764967221765,11.6492091845981,17.486619149109,32021.4937440362,30422.8492930517,628.274098945317,0
526,1982,9.45694084277293,5074.61257184752,26.84982274466,11.5412766931747,11.8205123059045,17.7406097778712,35859.2124969022,27411.3146762102,-1156.06856777642,0
526,1983,5.95907150707791,3723.47333445656,25.8370227731454,14.119366741317,14.5366056446302,21.7243593686513,35955.2856774484,23543.5867250041,511.910038802937,0
526,1984,6.09025725306683,2236.04135672316,27.3306573803962,20.491885135067,21.3576720102102,31.6009608989277,26426.9668226349,26648.5136816814,342.585932993165,0
526,1985,5.52331765120163,3858.46245800383,27.7969616780682,13.9666821731711,14.3902918641973,21.492433967757,33178.6766510056,27565.6151851431,-188.864188635572,0
526,1986,5.37112429821822,2230.65640016979,27.502027438386,20.5581358498777,21.4310078958358,31.7043102159438,30252.5331948998,21963.3304410295,-118.624836171002,0
527,1987,5.9617401132841,4104.67039350197,27.2033403808473,13.3361222303286,13.717657230255,20.515782051519,32031.9257497406,30421.5137615518,581.590949720262,0
527,1988,5.97488757261092,3763.78091445656,25.8370227731454,14.015930521446,14.4270016795438,21.5643529577098,35956.5393246896,23543.4712026103,525.797924419418,0
527,1989,5.54079486843774,2341.77412400383,27.7969616780682,19.8885385447102,20.7148695393822,30.6666749390845,33164.9658383726,27572.7392407882,-154.322867818405,0
527,1990,5.41755057349469,2145.04133816979,27.502027438386,21.1586957215463,22.0770920709632,32.6360078522122,30243.7713458523,21973.8810902612,-89.5575140109786,0
527,1991,9.15336795989476,1713.62117984752,26.84982274466,24.8762413841644,26.0791253780298,38.4041334220414,35892.1196259815,27405.4264503656,-1165.79285374619,0
527,1992,5.95276003293455,1660.51418159159,27.3204851535158,25.5932966807179,26.862244829197,39.5198226195198,26445.1262088573,26673.8774488822,353.095747177519,0
528,1993,6.01121772133941,4859.21507550197,27.2033403808473,11.9043019756434,12.2051206762075,18.3021637973769,32043.5976575384,30424.7175206879,597.086854413703,0
528,1994,6.10498966592245,4296.12581466063,26.0352509129348,12.8317724252028,13.1758569829332,19.733563653118,35891.6480532281,24224.2540976032,410.930652166427,0
528,1995,5.47220437159876,1762.00575200383,27.7969616780682,24.5754351865177,25.76797350903,37.9409091917473,33182.7279078656,27574.7800468625,-157.641954733687,0
528,1996,5.23553679881398,2624.41965370238,27.5315718825598,18.2729905849876,18.9789680980955,28.1609412092344,30265.8932662128,21966.5629870229,-91.2286688568571,0
529,1997,6.01566446007861,5315.46163950197,27.2033403808473,11.2164536447628,11.4808283619896,17.2393772224766,32022.3353249904,30431.5373568002,596.277309884011,0
529,1998,6.1676979313467,4319.62755666063,26.0352509129348,12.7847875418952,13.1262356026061,19.6609275734881,35898.6747760379,24221.3668701442,389.979538853989,0
529,1999,5.66425625564121,2164.28861600383,27.7969616780682,21.0730854780821,21.9886530545023,32.5042041524975,33156.9324785452,27570.6345356562,-161.984512287841,0
529,2000,5.4364279539879,2259.22857370238,27.5315718825598,20.3722544170185,21.2315214644952,31.4160715420889,30240.1550145145,21968.9240466097,-132.440181655778,0
530,2001,6.06860823910969,4576.5085087699,27.0330502423446,12.3779533649268,12.7036323849499,19.033930514996,32026.4322766288,30426.1961485706,599.399272989676,0
530,2002,5.79860987160022,3996.97718952559,25.9943888848347,13.4690408312901,13.8492223579115,20.7188379221507,35892.9408966611,24223.0299410628,437.148058405153,0
530,2003,5.5706838513014,2100.22250449589,27.6318149134329,21.5155488157023,22.4629530194584,33.1901648182219,33188.2738719673,27563.5017841067,-178.449534703991,0
530,2004,5.24185889218174,1821.41321571122,27.3498347672311,23.8685723288927,24.9973709218379,36.8414680241368,30255.2911665646,21969.7285175314,-131.029840980955,0
530,2005,5.60622758634928,1056.0418833418,26.9997687010989,36.3723865307485,38.5829812365996,56.2776454232138,27781.2488350813,27615.5481198917,518.486581431968,0
531,2006,6.06792912510555,4886.7226927699,27.0330502423446,11.8472599660023,12.1439258727909,18.2137170706911,32026.9320843159,30421.4095749297,595.508123943443,0
531,2007,5.98220011349336,4414.32583752559,25.9943888848347,12.5966290672477,12.9272977418323,19.3699836766663,35898.9674952986,24228.1175326205,410.477174828211,0
531,2008,5.41423214646296,1830.71236849589,27.6318149134329,23.8390185053015,24.9694863094368,36.7966997800604,33170.6939684846,27563.2310756476,-180.570011376776,0
531,2009,5.26225807592414,1828.54963971122,27.3498347672311,23.7984248209067,24.9215893543292,36.7325535087136,30241.4662626332,21954.1445859068,-134.376479072099,0
531,2010,6.16222436552572,1589.83065752446,26.9797180838051,26.3701415338135,27.6981781728093,40.7250867131709,27775.6264223938,27583.313698314,496.061564518853,0
532,2011,6.10783801439544,4611.1113547699,27.0330502423446,12.3156091875834,12.6378332729374,18.9375616925071,32036.1174735461,30425.3044841083,580.795867238834,0
532,2012,5.92802549111475,3694.64831352559,25.9943888848347,14.2104686116252,14.6344712866441,21.8656524906492,35893.1986023209,24241.5029132475,418.740082203334,0
532,2013,6.57099483205999,3852.73092505143,26.0493724027228,13.8150176821031,14.2158929230428,21.2540506493719,24348.8682051083,20550.3593101211,856.451420748367,0
532,2014,5.70582145303315,1651.11236449589,27.6318149134329,25.7810063673775,27.0703075697728,39.8127349694268,33172.9014138644,27563.6453722101,-165.23610991673,0
532,2015,5.27913710435267,1275.7574469873,27.3297026013018,31.3973050863616,33.1644050498125,48.5405025394181,30264.9134631112,21950.4257283542,-133.247717904214,0
532,2016,5.83512072569804,1654.36683752446,26.9797180838051,25.5815975986373,26.8442749088671,39.5001809334702,27796.9340661915,27607.5519629954,481.860085022215,0
533,2017,6.13541696505033,5077.6220347699,27.0330502423446,11.5495063859675,11.8302949313754,17.7536336153712,32027.9034225543,30434.7879759253,606.981373606756,0
533,2018,6.72563485981091,3265.6769124182,25.6152068130934,15.4286774563452,15.9244221921073,23.7498608822329,28200.726047332,17838.648805019,910.50923816884,0
533,2019,5.37821351234954,1775.0207889873,27.3297026013018,24.3329492390054,25.4989204257815,37.5624491295403,30283.8222260542,21985.2923432,-124.491586360357,0
533,2020,5.35278421982544,1778.88929517636,27.636373875195,24.362376007716,25.5352265169802,37.6093886117893,33182.9185016603,27581.848011727,-189.911007282853,0
533,2021,5.86644072570362,1301.06979752446,26.9797180838051,30.801714476916,32.5097495519452,47.6126026044059,27791.1599242335,27624.560154631,476.925354876566,0
533,2022,6.58997866596813,1513.34946505143,26.0493724027228,27.1304972427587,28.5065644428474,41.9020522366463,24356.3708299349,20546.8120314721,861.817232268531,0
533,2023,6.64157605844892,2729.64593395102,25.4414067791817,17.4704467461848,18.0981074964256,26.9110866090612,28199.050370264,17847.1355112963,920.539795913454,0
534,2024,6.09199267205956,4783.9493767699,27.0330502423446,12.0162812079594,12.3220893319037,18.4749210496838,32008.5576736244,30410.4849921228,577.638143876555,0
534,2025,5.34051790029325,2199.62994717636,27.636373875195,20.7945823267423,21.6869690113741,32.071567895645,33183.1384083938,27564.0089123622,-157.507982633798,0
534,2026,5.03608738080024,1454.87854971122,27.3498347672311,28.3384553709507,29.8391023853895,43.7852689061759,30220.4795798209,21987.9741993229,-151.210165260437,0
534,2027,5.58367201953942,1178.8808853418,26.9997687010989,33.3049346250178,35.2360968630983,51.5055167015486,27778.6191611507,27584.1120099412,426.601889572506,0
535,2028,5.57433086046179,8642.9850927702,26.9230488435222,8.19445162899131,8.31812105863787,12.5754297908818,29824.1703938012,29634.0288917119,-7.33710991867271,0
535,2029,6.35156666392524,3956.2039975763,27.3342823864643,13.6870033927676,14.0902524911626,21.0587816273126,34413.4247685631,26311.5546951926,585.844049206481,0
535,2030,5.44969352828325,4630.15499517636,27.636373875195,12.3279859051896,12.6548702040968,18.9577890322406,33185.9576540834,27577.2075228426,-166.336737705002,0
535,2031,5.32196645576445,1361.5927689873,27.3297026013018,29.8326175442322,31.4621452563919,46.1077031737795,30259.359363792,21980.7047492996,-118.549344565976,0
535,2032,6.22570101401305,4323.84585836945,27.2364732610821,12.8769944581917,13.2321933560328,19.8058389388348,32065.7419925355,29753.4922612402,142.529707448272,0
535,2033,6.58657102820098,2311.1452960206,26.9921038394374,19.9455083707374,20.7664879408963,30.7523892417126,27757.7804536805,27609.4619760883,428.36500720292,0
536,2034,6.16808201525306,8655.32483636945,27.2364732610821,8.19915535018386,8.32419312135742,12.5830077133514,32074.011514407,29764.8960662656,-16.4869240506539,0
536,2035,5.65955104093378,7007.8629567702,26.9230488435222,9.35804260913132,9.53104408901907,14.3699052040504,29829.9207641003,29646.6175515295,-17.2315448494022,0
536,2036,7.05652142130522,2926.41370552795,26.2725682055756,16.7427843635738,17.3302354348513,25.7863369368919,22744.4504136784,25659.3747754315,1047.77237175974,0
536,2037,6.46343595356248,3078.43762306707,27.2986473158637,16.2830315470543,16.8498780894334,25.0770182411897,34405.4894807638,26283.5556041531,562.120347372329,0
536,2038,5.26739818455544,5318.59965117637,27.636373875195,11.2405292163868,11.5086659171075,17.2772624792739,33197.0608542943,27582.3670412001,-177.92464256317,0
536,2039,5.12603880265193,1363.3548489873,27.3297026013018,29.8024723646342,31.4293715187036,46.0608392906503,30266.8540330086,21990.9087575709,-112.271755223971,0
536,2040,6.34699699286331,2243.9921673418,26.9997687010989,20.3809345561942,21.2343362235473,31.4277378772422,27810.1647653653,27591.2370060347,526.904578966775,0
537,2041,5.59593614834607,7374.2214147702,26.9230488435222,9.05858856809678,9.21835979948026,13.9079441601456,29816.5129097749,29639.0937159209,-18.6152952963463,0
537,2042,6.08904485312496,7026.34025457553,26.8553295949151,9.33900449890366,9.51084531828981,14.3404471545742,32253.8022073945,30867.418734531,-78.6658778724697,0
537,2043,6.65527808986316,3577.5736456992,26.3399786492921,14.5637987325953,15.0121600036876,22.4131279608004,22752.0324032965,25650.9018424579,1046.78031314377,0
537,2044,5.96983226082598,1856.23690906707,27.2986473158637,23.52002277154,24.6201665310652,36.3001103860281,34408.7777158346,26296.8157635435,596.376392332723,0
537,2045,5.66546796944343,3025.9812453418,26.9997687010989,16.4442922118573,17.0190136504299,25.3259938343301,27820.5253855884,27620.5068138536,495.522491695972,0
538,2046,5.59034620819222,6463.99696477019,26.9230488435222,9.85668078211781,10.0524970735651,15.1393582713555,29792.1335731756,29631.5026074318,-37.2582511659064,0
538,2047,5.5776951392514,3966.37881245446,26.5848124670541,13.5941875220211,13.9862292263358,20.9136406824353,31813.3120298412,31502.4622477611,-51.4928765497109,0
538,2048,6.1531747475148,1720.55674906707,27.2986473158637,24.906387857958,26.1185534956527,38.4528399401153,34420.1044700469,26298.3677649324,535.665101535464,0
538,2049,8.66209163113348,4051.92522687431,26.4116343146776,13.3828162790506,13.7611786056122,20.5863718463328,23193.0163181752,26045.1409737777,-1424.93714718806,0
538,2050,5.76391665914879,2675.16792426934,27.1938452990727,17.9753065058197,18.6566759626765,27.6985611879228,25422.5946526871,24762.9448337716,149.714173602749,0
538,2051,6.12181836068994,4654.8769507269,26.9879241029445,12.2344814088724,12.5519307501366,18.8120810746956,27846.7294715958,27662.6985966349,474.71377315796,0
538,2052,5.80356407492861,1271.51781929345,26.7153213118586,31.2746861467945,33.0194133861043,48.346624533543,32991.6388502173,21658.1398050374,0.731968795454911,0
538,2053,9.54513511533651,7040.74557562493,26.6727788233093,9.31792892782738,9.48799642193619,14.3077013384477,28023.9964595096,29949.475177199,-1070.89312036724,0
538,2054,5.34801158344539,809.136636987304,27.3297026013018,45.4273783890742,48.502500235966,70.3762581989535,30282.0207345773,21980.6120662181,-150.630707047094,0
538,2055,7.43736305515793,4226.29336501383,26.6568450228134,13.0277571150699,13.3874559420926,20.0378179446846,23523.8637154352,24931.0211554216,186.456546531614,0
538,2056,10.9013720304642,5325.51827106589,26.7861387676569,11.1749462850418,11.4347397297405,17.1745869352219,27416.6563091251,28900.477561726,131.063522036327,0
539,2057,8.12878065390917,4420.70654487431,26.4116343146776,12.6187326322653,12.9535650423872,19.4049607648109,23218.0054907624,26077.2968294534,-1378.8304672904,0
539,2058,5.44546482588282,2665.41312245446,26.5848124670541,17.9347051377078,18.6066970914021,27.6338377840342,31812.2821346563,31515.1861903411,-71.830933564575,0
539,2059,5.59368015703345,2140.11312929345,26.7153213118586,21.0496960581146,21.9497422658314,32.4641231905141,32975.68807021,21652.5697437293,3.72372100030691,0
539,2060,6.14094253360693,4336.73639161449,26.599233702177,12.7981543021663,13.1443831032711,19.6827031769961,23328.237013672,24641.3255650037,555.765990919194,0
539,2061,6.70261016717045,3034.50993630668,26.861213280013,16.3945101036327,16.9645881225655,25.2485242417017,28054.0002676093,27961.3917313714,-1398.64053366862,0
540,2062,5.76834944230088,3669.73394914162,26.8405716453534,14.3619191088248,14.802070576454,22.1018934501015,35093.3192809582,29359.1831676145,616.353167394676,0
540,2063,8.19304243144112,4755.41631044918,26.3802349317384,12.0152697643315,12.3167857270762,18.47218901844,23222.5601167408,26075.3848149935,-1408.26586887971,0
540,2064,5.64078318419049,2681.72970460003,26.6392972829237,17.8645400143336,18.5322410471225,27.525269285853,32964.2870741209,21640.285073964,-30.1021714274084,0
540,2065,6.12729310552766,3694.43758111935,26.7713235136824,14.2889380491623,14.7240687976146,21.9888142198069,27787.8169235825,27620.5278889699,526.906339430261,0
540,2066,6.02078370229487,4491.95005812646,26.493407004109,12.4906861610714,12.8189608308454,19.2071807702787,23288.256922225,24645.7718865902,591.750585595209,0
540,2067,5.50285648007813,1601.03095029929,27.0192595222631,26.2391300822133,27.556889876793,40.5217376012576,30249.2365164615,21956.7759041819,-129.744906154692,0
541,2068,6.07503200709748,2295.5565412659,26.9083740582011,20.0298996189633,20.8561003513458,30.8829873813179,35088.8608639278,29338.9596901641,585.10343408881,0
541,2069,5.69064628013465,3616.79729183165,26.6907142035241,14.490950342335,14.9377776932233,22.3012123356794,31711.0476440183,20515.561377841,-232.181419217581,0
541,2070,8.14767288622394,4514.95846844917,26.3802349317384,12.4389278809102,12.7635594679704,19.1269614769565,23237.7989108078,26064.6637335631,-1430.34446431999,0
541,2071,5.94332729429809,4317.48558922481,26.5542658352388,12.8327969432415,13.1806649659778,19.7361747859912,23304.6593189586,24631.3466436481,598.620827593133,0
541,2072,6.20999766044409,3820.76249072896,26.7866796096298,13.964858047832,14.3805073357484,21.4874490264286,27761.5424268159,27558.3265902163,550.499592543376,0
542,2073,5.82993290448132,1914.23247083562,27.2880501764131,22.9818005159685,24.0390327174193,35.4645298715916,35149.1595901402,27465.0583065271,388.808533697548,0
542,2074,8.18883323382183,4438.22093512517,26.4342633371521,12.58712499715,12.9203525332109,19.3561435876351,23273.4984537985,26055.4805396301,-1486.64475355445,0
542,2075,5.48841509165129,862.128340514021,27.0117674717617,42.9305660892131,45.757835200652,66.4860111855282,30248.4860265877,21965.7108596431,-105.930974617335,0
543,2076,5.99249562144101,2382.19869152867,27.2036640013376,19.5455099091396,20.3395869350697,30.1327847717518,35159.6411943627,27495.8747390349,396.042518579854,0
543,2077,6.79961564104817,3488.67168630995,26.1736497034452,14.8007584041309,15.2622958350006,22.779419881914,34404.2704176802,21620.260194838,984.025946067092,0
543,2078,8.2860519254476,4301.08600844918,26.3802349317384,12.8510562361318,13.1987129260444,19.7640619031099,23231.1935504897,26067.1216098037,-1457.73376663163,0
544,2079,7.15162187809378,4402.32886948477,26.2383274733237,12.6398046035301,12.9745956192991,19.4371994370915,34360.8730037976,21654.9193423545,1093.89338885938,0
544,2080,5.87074356914273,4213.1554101421,27.2882581885739,13.1093762247729,13.4783201617214,20.1652823455231,35144.344159338,27466.9241875955,404.410002772194,0
544,2081,7.18683721158734,4265.57238898211,27.4241246346606,13.0114811021207,13.3757283346762,20.0141616343929,33519.0117955957,29235.9437531131,1103.08050803114,0
544,2082,5.40865887420749,1687.17360700046,27.0254711785145,25.2137199995951,26.4468743543262,38.9289985277312,30146.5865975949,27090.0635860362,-324.851975850156,0
544,2083,8.22156775575446,3001.64011244917,26.3802349317384,16.459977429786,17.0297088459183,25.3486253509313,23211.1583808625,26069.3778658201,-1389.89341573618,0
544,2084,5.36099416498156,1127.98216051402,27.0117674717617,34.5024284169973,36.5421351058558,53.368334612458,30234.3015291927,21964.0218065903,-123.282991927481,0
544,2085,5.79533053060936,1550.92158037529,24.3062689409592,26.1501049413776,27.4147398096078,40.3707763184636,33789.5771117395,14042.9646508787,511.67316039415,0
545,2086,8.2740956996439,5336.21814297605,26.9380981119308,11.170207593334,11.4306468786527,17.1675128342406,34420.7711748498,29838.1279509171,-1404.59775652651,0
545,2087,5.88077083394284,3258.26507551219,24.2414625570826,15.2908997292756,15.7650185707186,23.533037700516,33767.2079514173,14051.1849977123,466.203076643996,0
545,2088,7.28649150655448,4236.29691330245,26.3867014009907,12.9837802603188,13.3390095452498,19.9692803483244,33533.7586310135,20856.691839821,1109.61903259273,0
545,2089,8.440765621149,1291.53636105016,26.7491128786695,30.9043531075829,32.6171111056064,47.7709895206554,27540.7604059308,20718.1890567392,-1481.45353321475,0
545,2090,6.02774117468684,4594.68836552867,27.2036640013376,12.3583497412756,12.6840763996836,19.0039408399315,35159.6505098775,27544.8373892036,313.434149995848,0
545,2091,5.2439983329612,943.158382299294,27.0192595222631,39.8779803070689,42.4156656758848,61.7336528706049,30246.8141478273,21961.6811296183,-144.224896380901,0
546,2092,6.08714047604125,3264.45209302753,24.3322716904372,15.281724767563,15.7561535071925,23.5190809621975,33378.999772862,14230.845686394,373.280038640331,0
546,2093,7.50885139781223,2902.53450930245,26.3867014009907,16.8548623091544,17.4509658655434,25.9602534711099,33507.3813657364,20831.3507855996,1225.06459741245,0
546,2094,6.02032824481277,4105.47610120397,27.6476822628176,13.3733476788799,13.7603143941375,20.5742516330741,33652.0380435016,27225.1384974064,-42.8348088314873,0
546,2095,6.59658541522406,1189.5522180014,26.2144894195191,32.7828324710615,34.6515564790121,50.6891269010166,27962.9099316041,19215.9607389921,227.562604091609,0
547,2096,7.29920512407867,3148.34466930245,26.3867014009907,15.9192063269194,16.4535700369552,24.5112434574371,33511.0931418576,20831.6880627023,1174.61645050231,0
547,2097,5.63486265743347,3248.48849320397,27.6476822628176,15.7200841443707,16.2530621181076,24.2061087818581,33653.8016775157,27207.2655324912,-57.9182459535695,0
547,2098,6.00707175167154,2260.44093502753,24.3322716904372,19.8012495044703,20.5781680022532,30.5194564301764,33402.6721314835,14258.555577027,373.168551175566,0
547,2099,5.30763465623809,1007.94157678138,27.1205329550552,37.8220473832168,40.1694739782149,58.5342862945372,31387.8414895737,25084.8845750754,-278.601435054331,0
548,2100,7.49531338913002,3317.19598530245,26.3867014009907,15.3500999242838,15.8479472699833,23.6301785099043,33498.8320976437,20834.8135989877,1203.13642847673,0
548,2101,5.56322788208002,3672.81938320397,27.6476822628176,14.434125493736,14.8852540792122,22.2154278298638,33634.9128369923,27197.7701355029,-55.2652226706605,0
548,2102,5.34423903001592,1452.47030878138,27.1205329550552,28.309271815771,29.803507631264,43.7388265017904,31404.6155109404,25081.4457403789,-200.029570118009,0
549,2103,7.46972578463253,3512.85294330245,26.3867014009907,14.7530867606831,15.2135122470067,22.7061530252293,33484.3055830403,20827.4570145886,1187.6115079437,0
549,2104,5.90904049497591,3865.92132520397,27.6476822628176,13.9342191808613,14.3547162498004,21.4418924791461,33632.8946920432,27210.3375622403,-71.7095164922865,0
549,2105,5.56630681753463,1513.08586078138,27.1205329550552,27.4291785537507,28.8484955193132,42.3711492523776,31402.9243300728,25070.2143338184,-207.667702120227,0
549,2106,6.9208174623642,2645.30690336082,26.5497255262218,18.0269021453405,18.7049369981846,27.7766083477087,25574.7527147255,20918.1805154683,580.645092205314,0
549,2107,8.21667713479027,2300.87731907329,26.2472006126333,19.8831428480855,20.6904378643605,30.6531667361318,26215.7603497211,19928.9353322944,326.75016452727,0
550,2108,7.40722978289018,3111.84723359677,26.4143907085629,16.052958693875,16.5962845086059,24.7184175003477,33497.2328844553,20825.1624774153,1197.21423038862,0
550,2109,5.42642113030089,4332.11837860798,27.197512415173,12.8571486932257,13.2109405745406,19.7750776215368,33618.2383871485,27195.955755273,-61.0160523865228,0
550,2110,10.2461381852047,4914.37467198404,27.0330194456211,11.8028560960183,12.0971354827798,18.1450998839337,33477.4169524629,29333.9239867556,-992.389388846151,0
550,2111,5.53605186940878,1465.28144939052,26.9635763792346,28.0729208024604,29.5442802430727,43.3707677013626,31388.1002078724,25085.0620883122,-223.359719135294,0
550,2112,6.70412849213749,2556.76503311544,26.4883953524503,18.4626803876788,19.170626825609,28.4517995861165,25210.2536582344,21078.2277029397,844.717265715316,0
550,2113,5.39985832187642,2675.21371217151,26.4811696360493,17.8728240800127,18.539392674536,27.5376358615958,34566.0897743666,29422.0753006971,743.384094570233,0
551,2114,5.42195208165033,4261.10472091514,24.6955268999059,12.7864685571474,13.1181457190237,19.6608058614772,34912.5968758311,15966.9189638845,-103.451465269443,0
551,2115,7.68234857722192,3648.97326959677,26.4143907085629,14.374886135783,14.8123212958324,22.1209909266041,33504.3991426528,20821.3372121752,1199.62508010434,0
551,2116,5.76173876591744,3417.81911860798,27.197512415173,15.1235786854777,15.6142039622442,23.281502586713,33610.4614009043,27187.2584959566,-26.4377307050149,0
551,2117,5.32540529971329,1972.31996939052,26.9635763792346,22.4091485811966,23.4169316629848,34.574452471442,31399.6837265181,25103.1173598832,-194.106602086105,0
552,2118,7.36440815688039,3823.59539759678,26.4143907085629,13.9219704968632,14.3321023564092,21.4202903065794,33487.8619288355,20822.7376169994,1224.81476147868,0
552,2119,5.20550082578591,4313.28431491514,24.6955268999059,12.6828204270792,13.008811284302,19.5006070118428,34929.5757715707,15979.7433311478,-98.7008748275216,0
552,2120,5.49751623698927,4316.14617619249,26.910095292383,12.8652952235873,13.2175311306982,19.7871167495604,30909.4428061265,29365.2702888931,-485.729541956269,0
552,2121,6.26566898967069,2538.89626848825,26.6714766382918,18.583868436346,19.3024578978909,28.6402081583983,25569.6227863738,27508.9898102134,722.056311978486,0
552,2122,5.17341501900081,1520.14821539052,26.9635763792346,27.288240422789,28.6930306462829,42.1514282917335,31390.0737974318,25101.1075341254,-212.184100171169,0
552,2123,4.69173642751228,3004.9994806165,25.1625323859257,16.2915406759376,16.8380801746749,25.084448170801,25248.3641951567,18293.1223601063,306.007730297811,0
553,2124,7.64550083546352,4039.62640559677,26.4143907085629,13.4106956014875,13.7906999270705,20.6294930551096,33483.6714774568,20829.9669935992,1202.67993255367,0
553,2125,5.37796529123359,4346.27926291515,24.6955268999059,12.6184257684012,12.940900379236,19.4010829716514,34900.6814412219,15971.4675979109,-113.715683068327,0
553,2126,5.35264203785264,3804.62817057063,26.8644121224327,14.012852836395,14.4320029197419,21.5618686022656,30909.7168025238,29374.8376330274,-480.550842058316,0
553,2127,5.33638336003185,1394.53393739052,26.9635763792346,29.1712564938974,30.7368826476341,45.0778165363749,31425.9411680992,25101.1639731878,-249.520909579255,0
554,2128,7.56544335646204,4067.66550359677,26.4143907085629,13.3479224364796,13.7242797404901,20.5324150190236,33494.0290464507,20825.6775367007,1201.35806887544,0
554,2129,5.62088960174487,4624.30804554881,26.8886299871887,12.2808872956465,12.6002348705035,18.8836275043335,30924.5017850973,29374.4083827744,-486.329866410525,0
554,2130,5.68023045650723,1128.01933739052,26.9635763792346,34.4830707195771,36.5200401565556,53.337947396527,31409.1756113505,25100.5352144101,-229.484696213557,0
554,2131,5.97007038756858,1958.7525918246,25.8514750436687,22.2957640173865,23.2792291112937,34.3942058517069,35906.185329293,24346.4776667944,452.115785381062,0
554,2132,5.11377709782571,3403.01581291515,24.6955268999059,14.8922536066847,15.3462111227833,22.9173634596251,34840.1282020826,15970.2894459334,-81.0214335692471,0
555,2133,7.46450338730211,6155.42193959677,26.4143907085629,10.1449311297311,10.3517477206957,15.5835540837384,33511.0793438004,20814.0547744656,1173.91195023205,0
555,2134,5.80784795065271,7276.14594975108,26.7287336033203,9.12710276554511,9.2890096667874,14.0133928591613,32716.2633031293,30559.7045412852,35.6489345401541,0
555,2135,7.68723453983199,4079.29584987409,25.3019810738892,13.2215499394018,13.5821749277145,20.3346683789552,36511.4400389048,23923.4663266639,1086.01930955243,0
555,2136,5.57638259359285,6732.15219354881,26.8886299871887,9.60027825990425,9.78407932296689,14.7436230417576,30920.546784933,29381.4533259823,-494.41914813535,0
555,2137,5.34994303219652,1930.53664739052,26.9635763792346,22.7693805708646,23.8053546389508,35.1335577086082,31428.5444514299,25078.8108401561,-248.795809336306,0
555,2138,7.68707308405167,4818.55469663139,26.6853025545196,11.9329431288964,12.2320062095287,18.3455138922214,32532.8444990883,21384.013572653,502.765679079107,0
556,2139,7.04805112735821,8142.082283439,25.9182446078436,8.46605267459293,8.59668749012455,12.9930303728003,35002.9839082398,30756.2928911473,1103.35236818606,0
556,2140,6.1406097783276,4543.24876441436,25.6787579754768,12.3309539400874,12.6448245661015,18.9587424235012,26223.7353831946,18987.5851876448,571.376256458041,0
556,2141,7.42989335892568,3724.10457387409,25.3019810738892,14.0639270970771,14.4734215482305,21.6373762287955,36516.4305148983,23931.1935828242,1117.74417481647,0
556,2142,5.32919018497761,2428.02950754881,26.8886299871887,19.2267159344868,19.9938953041528,29.6374633787079,30915.887128886,29365.2494211176,-484.181501954808,0
556,2143,8.54292347238197,4853.6795477453,26.4249716122176,11.8562322754376,12.1495071691807,18.226513329246,33738.6356741253,21479.109370466,330.650144774021,0
556,2144,9.72700936904117,6103.15153823904,26.0645340002998,10.1810766152117,10.3877739280369,15.638840231155,22161.1538504046,24365.9901045379,-1116.07426869491,0
557,2145,6.94029063499038,9156.093245439,25.9182446078436,7.86788125547975,7.97511303638033,12.0710760544088,34982.4127519073,30740.1352352586,1077.93072241804,0
557,2146,6.14217771697111,4833.19720624238,26.4459987477327,11.8911611102156,12.1864390229004,18.2805234829899,33776.5678652887,21724.6181091392,516.051544154678,0
557,2147,6.19356825373991,3281.31314641436,25.6787579754768,15.3850339178594,15.8786178278398,23.6824700552999,26238.6136024537,18974.6501779762,592.270514591899,0
557,2148,7.56899357422767,3494.63770587409,25.3019810738892,14.6894006340274,15.1364650042255,22.6050019622685,36521.6656975783,23921.9586097665,1131.89616122258,0
557,2149,5.44804531496362,3485.78410554881,26.8886299871887,14.8856056344785,15.358578032918,22.9124268139307,30913.1793968376,29385.9878459347,-500.475747416071,0
558,2150,7.1448873015366,9249.879953439,25.9182446078436,7.8182883744084,7.92365088061028,11.9946587077073,34989.4966716878,30748.0066423549,1112.45177824301,0
558,2151,6.09890245937701,4789.58572624238,26.4459987477327,11.9630737544948,12.262209715923,18.3916480048923,33764.9171753835,21722.7282989943,466.573675633349,0
558,2152,6.62249632025634,6939.59910984154,24.8645563765739,9.3141189669591,9.47551671522728,14.2994709641536,35032.2674274543,30747.3812701522,1073.18753768064,0
558,2153,5.32236683727322,3921.58623057063,26.8644121224327,13.7258298843898,14.1278058674374,21.1178539559822,30897.2083144148,29363.6383296145,-540.928001105096,0
558,2154,5.84741607767832,2171.12921264773,26.5105920433543,20.7910913961361,21.6690173345175,32.0622344298852,35189.811167812,25708.9081828718,311.975566136429,0
559,2155,7.06696714068649,8517.405323439,25.9182446078436,8.23037277817098,8.35160030790185,12.6297284881485,34996.9358706595,30727.4399630467,1054.50361351923,0
559,2156,6.24617067987129,4935.13353424238,26.4459987477327,11.7274872248526,12.0140470519744,18.0276201875403,33775.2173864481,21736.7649089361,499.97680074203,0
559,2157,5.47537849058099,3847.21263619249,26.910095292383,13.9108739770036,14.3242532075725,21.4042020633113,30926.8925397253,29363.165187506,-493.435804211899,0
559,2158,5.67814594355934,986.90132264773,26.5105920433543,38.2034521352762,40.5729634703452,59.1241128446487,35216.7025309885,25728.2502415512,226.719288978623,0
560,2159,6.87432101118902,5481.97459724579,25.5218698321973,10.8824331362477,11.1200467939667,16.7207811634035,35001.3305177836,30731.9008027074,1029.06404237299,0
560,2160,6.30098003047516,4913.08789182893,26.7179674592893,11.7821261562644,12.0733124507383,18.1125199442913,33771.3828284003,21751.8971469626,505.105950094792,0
560,2161,9.35639172181211,5787.86860055324,25.7679540349633,10.5194723500371,10.7407481389515,16.1607700818793,22126.6672193279,24323.2707911647,-1128.43560494001,0
561,2162,6.9963477366586,5118.45749324579,25.5218698321973,11.3830657712892,11.6458668295669,17.4939368319454,35028.0326998177,30730.4319050448,1051.671551971,0
561,2163,7.28728004598105,2151.54837108294,25.3501137487278,20.7137413912227,21.5706857574854,31.9380645305065,27924.069908969,17895.1323803381,1111.89891070533,0
561,2164,5.88407714014255,2762.31506982893,26.7179674592893,17.5024738235622,18.1459818680757,26.9644690219103,33787.0796948396,21743.9977803545,493.736880523489,0
561,2165,5.40119503556155,3006.92345942742,26.6728193873537,16.4765753025367,17.0502740667187,25.3751208428481,30905.3535007404,29365.4197826831,-543.488009034889,0
561,2166,9.20433165595894,5816.56381299314,25.8457037228819,10.4904529860796,10.7107586300893,16.1160890380809,22154.8436618928,24330.8092020954,-1114.46639909952,0
562,2167,7.04179033733152,5403.98053124579,25.5218698321973,10.9848317672263,11.2275269892078,16.8789020114655,35004.5444600337,30728.6221576099,1063.63277299753,0
562,2168,9.63512325523793,6006.05349099314,25.8457037228819,10.2745500374637,10.4845133477884,15.782800130274,22097.7130843624,24296.4168598716,-1100.18561279915,0
563,2169,6.97870395548305,4798.04527124579,25.5218698321973,11.8795098825212,12.1681215657039,18.2608522012983,35009.5932778457,30757.5913959807,1050.27706612291,0
563,2170,9.75246002598763,3920.70255455324,25.7679540349633,13.624991535287,14.012478108447,20.9595302062299,22118.9571437801,24340.2504108757,-1098.19589359163,0
564,2171,6.87140960868372,4751.10405573643,25.4504430449037,11.9517358538799,12.2436916249155,18.3723145507581,35031.6961683019,30774.9197016359,1029.81712490503,0
564,2172,5.33628594347002,3244.3603694013,26.9779326293582,15.6573316832593,16.1802076046097,24.1072848795071,32736.0046921085,21249.7461972122,-290.822686073262,0
564,2173,5.96587392488319,1186.14894918698,26.5552345633744,32.9814545896909,34.8747582655318,50.9999336595227,28087.9192454918,20601.8611046488,150.6486894706,0
564,2174,10.0334439128675,4966.91086299314,25.8457037228819,11.6343412319546,11.9121826045424,17.8826571859728,22164.6030150292,24340.2761387488,-1086.39133067025,0
565,2175,6.94602856392444,4666.13155724579,25.5218698321973,12.1013833897177,12.4017911289645,18.6036775338049,35026.9865577872,30771.4956478417,1035.80730500466,0
565,2176,5.36160756695964,3813.3360014013,26.9779326293582,14.0018397387297,14.4212219389019,21.5450772307784,32727.9669662832,21272.8301555208,-315.701722363202,0
565,2177,5.8626878722618,1486.29725118698,26.5552345633744,27.6513324759231,29.0799011597213,42.713698360775,28109.8756077533,20589.291626565,209.836778438306,0
565,2178,9.67677088345435,4599.75946899315,25.8457037228819,12.2429385116945,12.5531808899586,18.8230365545105,22177.3500635964,24319.9801775279,-1111.4989058056,0
566,2179,6.73679801428644,3539.41355324579,25.5218698321973,14.5850846601436,15.0277299738349,22.4441309967487,35023.4920926008,30771.9549659448,1022.06853505764,0
566,2180,5.44080659851341,4238.5038794013,26.9779326293582,13.0298132597769,13.3919430927461,20.0416349324718,32726.7073065291,21263.8985471441,-305.675137273438,0
566,2181,10.0485466008091,5486.76851499315,25.8457037228819,10.8972878610827,11.1375366157061,16.7442436502192,22209.2651255834,24321.8965629408,-1145.23038694195,0
566,2182,5.99779215726563,1944.43805118698,26.5552345633744,22.56361945648,23.5777829962006,34.8126248044002,28093.71617006,20585.9137441985,128.22689831173,0
566,2183,6.09200952645463,5077.1695844104,26.3765481586002,11.5043077814535,11.7786933495685,17.6826915018512,23368.9593742432,24282.7050235259,763.694043876268,0
567,2184,5.30583085116294,3999.0592334013,26.9779326293582,13.5543827055354,13.947070280139,20.8528982648471,32723.304069945,21278.8169878437,-302.223069936181,0
567,2185,5.63665282769576,2181.28362918698,26.5552345633744,20.7282374734238,21.6020228266577,31.9648963447879,28084.445158291,20596.2046593137,185.907758530339,0
567,2186,7.38083051667522,2905.5439344972,26.2222259970897,16.8208825060215,17.4130416671413,25.9071615358991,30595.8720983286,18472.1384856604,1148.02943444438,0
567,2187,9.933574791771,3021.66264699315,25.8457037228819,16.3157412920939,16.8707035191895,25.1238066240363,22221.1202469355,24367.9184499712,-1133.42878559096,0
567,2188,6.34285135705171,765.86628058109,26.3602229248302,46.9885497043222,50.1907843047446,72.8008663407182,33380.3843112449,30515.4389711617,154.148205814382,0
568,2189,5.81776127336083,4455.17722858109,26.3602229248302,12.5489375906165,12.879524867753,19.296970728399,33349.5533387202,30479.1220751498,210.177205583278,0
568,2190,5.46185768719933,4163.3291414013,26.9779326293582,13.1886665240048,13.5599643800185,20.2872830828835,32734.7334248873,21284.6685825035,-316.932676216321,0
568,2191,5.81540814740327,2234.03589918698,26.5552345633744,20.3690271205023,21.2160028716658,31.4077412167399,28098.243316281,20612.0451124888,123.318838919944,0
569,2192,5.85202273158581,4756.51493458109,26.3602229248302,12.0119101162693,12.313113852482,18.4669610413968,33347.3198360707,30487.5361990463,235.481487917839,0
569,2193,5.34610419893156,3920.9990894013,26.9779326293582,13.7377988777276,14.1413599475294,21.1366090082585,32729.890584402,21270.3311996518,-333.496767995928,0
569,2194,6.24018687625807,3330.57776454551,25.8231360382315,15.2434750695287,15.7294838593424,23.4637302906933,28844.0293807723,18244.6399397535,541.855179830636,0
569,2195,5.60504930531475,2685.83321118698,26.5552345633744,17.8330032126442,18.4976093453707,27.4761501607519,28095.1711580265,20582.2228947278,130.426547989577,0
570,2196,6.14641958670526,6984.22357244871,26.1832673523016,9.3419961230778,9.51086993448986,14.3442047188496,33340.072588136,30522.3423227061,218.554312689025,0
570,2197,7.54287308739235,3182.33442137701,24.5037582051464,15.5737738899515,16.0680141101475,23.9715139378768,34203.0461643177,14015.2754436094,1210.53672371906,0
570,2198,9.79801889186826,6905.92532699259,25.8960504441918,9.39512284979522,9.56499524387391,14.4257889365251,32897.4033594866,31690.1244259804,303.387495830018,0
570,2199,6.31141339583346,3058.31698286496,25.9342604043574,16.1896231482162,16.73722171256,24.9287568748099,28838.9426455405,18220.6386236952,532.663741112381,0
570,2200,6.01977594182747,2284.31211854189,26.478722938885,20.0278584454984,20.8486406210737,30.8783689340561,28052.5412455854,20556.3872375676,67.7725115234553,0
571,2201,6.33579091718919,7210.3159392897,25.9843118464243,9.14475554797104,9.30408634663472,14.0396965470633,33795.0998289788,30729.093214741,374.71539485816,0
571,2202,7.80870660472786,4476.25179137701,24.5037582051464,12.3570851794957,12.6640374329338,18.9968268904962,34109.6259255976,14046.3747728815,1216.66844502447,0
571,2203,5.86597209761396,3565.59568017083,25.7265842412539,14.5331145962054,14.9743707544124,22.3642091332643,31701.5714239328,16428.8536678473,252.396607946043,0
571,2204,7.42105040963391,3062.79140330753,25.5728729881386,16.1278884935603,16.667924608394,24.83219017871,22373.6439863491,23193.6715355969,1228.68463197168,0
571,2205,6.18457561504232,1805.72038886496,25.9342604043574,23.7061769841094,24.8011136775576,36.5835677491768,28842.6937205363,18246.6677909901,519.865712969632,0
571,2206,5.63513015962779,1707.87680669331,26.5171948927793,24.859875344233,26.0563026425243,38.3772991570447,28078.3049184501,20602.7915046278,139.100987261112,0
572,2207,6.49370253984555,6148.8389472897,25.9843118464243,10.1275109518313,10.3312578628737,15.5560446553879,33776.7678523548,30739.9755818116,393.226185165373,0
572,2208,7.42192325572153,2289.59069930753,25.5728729881386,19.8373852412282,20.6329213807905,30.5798936953037,22344.034788175,23198.5786018101,1176.55555388232,0
572,2209,8.51095510346567,3339.01249499546,25.1115805966336,15.1357747880354,15.6085352950692,23.295247721566,33767.5094608093,15115.8652611333,-1362.57947594627,0
572,2210,5.8316480194435,1693.44264254189,26.478722938885,25.0106897990058,26.2187775408939,38.611336743031,28069.7046628661,20576.2223898548,111.530289056269,0
572,2211,6.43454793976924,1896.21744786278,25.8804125334209,22.8452152488661,23.8716831822079,35.2469917972774,28805.9578540835,18248.824094394,563.29805479707,0
573,2212,6.44893318190283,6368.7024792897,25.9843118464243,9.90055249151672,10.0937132199789,15.2057676677779,33785.329909224,30723.962911467,369.419611437298,0
573,2213,5.82505858544397,2760.97678454189,26.478722938885,17.4752784712404,18.1144043367895,26.9216398233904,28054.5806580942,20584.8168501581,196.514377917596,0
573,2214,6.32432689073477,1814.50876286496,25.9342604043574,23.6202085156838,24.7083380243471,36.4501163223731,28814.2312066706,18235.1755180159,491.750536239924,0
573,2215,8.68680906112674,1892.37244961003,26.458108506692,23.0037288315256,24.0509562452407,35.4953245146964,25830.323819018,22337.7992194244,392.17387698541,0
574,2216,6.3750131117441,6765.3907392897,25.9843118464243,9.52389383255541,9.69991700700561,14.6245686567121,33777.8417498929,30741.8195924145,382.947379567633,0
574,2217,5.91440840143494,3198.24022534039,26.5444721106354,15.7639421252296,16.2897314200479,24.2712527084929,27128.6316651779,21803.7482097131,-4.93259028333502,0
574,2218,6.32797012533725,1642.19936486496,25.9342604043574,25.4630245465619,26.6993064978317,39.3114047660859,28845.9926608659,18224.2934764787,531.383735798443,0
574,2219,5.96525226434913,2930.53293254189,26.478722938885,16.753041387169,17.3432505367762,25.8027948179567,28085.4324534412,20600.7776367204,139.762452644383,0
574,2220,6.50771001327792,5002.69664272633,25.5402053431202,11.5572477442757,11.8291288615847,17.7630230163447,33287.7660916041,31638.5317451695,384.290760938895,0
575,2221,8.458197947899,5329.59790731403,25.7380524417611,11.099483648067,11.3492148554108,17.0563156782055,31170.6405575894,33460.244432148,-1370.795901802,0
575,2222,6.08157169362718,4161.15376681135,25.8605890708179,13.0953569287275,13.4530535572123,20.1407258450476,33257.1194013538,31678.299892954,389.068556223271,0
575,2223,5.75410282949078,3008.44218334039,26.5444721106354,16.4545445883889,17.0255278463841,25.3406552829794,27132.3192159072,21795.5941288993,83.0469303943392,0
575,2224,6.31560547509036,1929.48448286496,25.9342604043574,22.5633549053301,23.5686890647921,34.8097807675806,28819.2676933603,18221.5820590593,540.332886704049,0
575,2225,5.88995851828799,3049.82574854189,26.478722938885,16.289117817458,16.8485351512926,25.0842869254415,28066.5647001573,20602.6917558542,142.34985479828,0
576,2226,8.60095995627651,4444.35094131403,25.7380524417611,12.5184896977265,12.8430311865422,19.2487037608599,31147.7800383626,33469.7470905033,-1439.13387247523,0
576,2227,6.21476194017049,3805.12605876472,25.8031567525584,13.9085716261045,14.3129983288575,21.3982115764756,33255.481807189,31734.2397471912,405.388207080984,0
576,2228,5.93969714000075,3651.84366934039,26.5444721106354,14.380323953953,14.8191673165828,22.1297013454611,27094.5327541751,21777.335376833,52.2500279312588,0
576,2229,6.03475321052282,4135.64147054189,26.478722938885,13.2045921980507,13.5731428229761,20.3108997422713,28064.3439528132,20595.3746165606,175.9623185078,0
576,2230,6.23294833015662,2153.07568031322,26.4722725486033,20.9117273664213,21.798220754667,32.2492273229572,29428.1236226739,19129.9488855581,555.963352847969,0
577,2231,6.14068220605229,3176.53217728601,25.9131032813088,15.7638848371795,16.2837499733591,24.2695333615506,33247.2264443597,31709.897881781,440.503465686422,0
577,2232,6.28918269572713,3493.23115454189,26.478722938885,14.820043258674,15.285412350024,22.8099904607368,28044.1031575098,20587.8257645994,205.577189005124,0
577,2233,8.4322088979299,3011.51558931403,25.7380524417611,16.3405476338218,16.8960622955259,25.1619244492502,31152.9446562901,33455.5441131836,-1390.02971702633,0
577,2234,5.79715363964771,3207.29291134039,26.5444721106354,15.7328675988173,16.2566505718583,24.2231410987045,27104.1396434161,21807.9597436529,65.2601020256588,0
578,2235,6.03243737781899,2234.70041728601,25.9131032813088,20.2506393619827,21.0807273544544,31.2218945500642,33263.0075272032,31688.7514085273,407.699595667648,0
578,2236,5.22561054362898,2601.96392910386,26.5246003184001,18.2375560512813,18.9300559515728,28.1029953295779,33685.8551153211,24341.9904813944,-402.948802098696,0
578,2237,5.62225899778027,1411.95036254189,26.478722938885,28.7468933491155,30.2674017278768,44.4158486905496,28065.1986991985,20594.8910726178,144.179716508661,0
579,2238,5.52941232033805,3009.62113710387,26.5246003184001,16.4475041082391,17.0178265020904,25.329697929258,33712.7442771923,24348.8627710718,-412.124994527636,0
579,2239,5.92484102995696,3272.97734281135,25.8605890708179,15.4332755796754,15.9315881994702,23.7576055189118,33276.7049075676,31697.6906074678,417.822119722934,0
579,2240,5.62668646309865,1268.56110254189,26.478722938885,31.2523407161702,32.9905895246735,48.3106249766,28087.3551069878,20572.4176120755,164.417885417374,0
580,2241,6.82572192795589,4276.89189800815,25.1206016633717,12.791832706497,13.1269842101287,19.6699737190493,34266.4631954223,32002.3148667716,910.558492257713,0
580,2242,5.42096183796121,3484.5757162769,26.3805627471846,14.8349519344831,15.3004008307544,22.8328298953603,33708.5300912768,24337.9282678283,-344.933021723766,0
580,2243,5.72670993634171,1327.67977417281,26.3818318431744,30.1257206457708,31.7635255301061,46.5585572601419,28079.3403129479,20608.1524318878,111.907636579763,0
581,2244,6.78273129570509,3716.19804200815,25.1206016633717,14.0659382855295,14.4740299761656,21.6400677652184,34257.0720329785,31988.469267006,901.640242240075,0
581,2245,6.59075830425101,2843.23957291695,24.7029308395855,16.8729732278185,17.452710760024,25.9834640926715,37031.7262115069,16829.6435233567,705.840722630424,0
581,2246,5.29608817518445,2838.28524334276,26.2511063094183,17.1054274658174,17.7170086125381,26.3480021544956,26485.7276381956,21893.4393988418,-112.358813644421,0
581,2247,5.97912474019634,1334.60653438692,26.3587413843453,29.9962545212295,31.6223764543103,46.3571791928359,24460.6391864437,26005.0006252715,350.779620418394,0
581,2248,9.1087355530717,1258.82712082258,27.059581578296,31.6390016434874,33.4224680507171,48.914937126703,31439.1606843452,18938.2892900334,-1159.50252293358,0
582,2249,5.71047339266886,2299.30128238692,26.3587413843453,19.9121913318162,20.7229915679596,30.698591174172,24459.3316968654,25976.4259695847,384.72173945765,0
582,2250,6.95571962932264,3830.21757720331,25.2055805725202,13.7881571659992,14.180643129112,21.2106293150411,34250.8306125596,31982.8021037034,887.635484789432,0
582,2251,8.69540041292508,3483.38704282258,27.059581578296,14.9108604404986,15.3868738342522,22.9519164623101,31403.2585180488,18928.6597353001,-1159.55459198449,0
582,2252,5.68408442676549,2435.38565134276,26.2511063094183,19.0825302114435,19.8318559028287,29.4118692315952,26495.9101251172,21880.2411565245,-102.588705329995,0
582,2253,5.10771448938718,2623.05838680914,27.1396270525697,18.2226835504008,18.9208743565871,28.0818015411391,31958.8741342925,18753.2613964051,-168.981224383622,0
582,2254,6.74342933849084,2132.68081291695,24.7029308395855,20.7241421784008,21.5730975027472,31.9517790878628,36989.1007552527,16848.5336406093,723.85872064297,0
582,2255,6.97513107592207,3383.41801422275,24.4333048418923,14.9216604995782,15.3749842608736,22.9621955393531,34246.8410964899,31979.1191930823,895.525558271614,0
583,2256,6.79764213131344,3690.70489320331,25.2055805725202,14.1407641348683,14.5540029450315,21.7560054372208,34260.5555582621,31988.1980719726,882.711617639222,0
583,2257,6.01143405545833,2489.38566238692,26.3587413843453,18.8003117243334,19.5307263148901,28.9747284576248,24426.9299119848,25978.7729166075,366.412296556778,0
583,2258,8.85926604984392,1814.13807199741,27.0085666514966,23.864794646688,24.9883343577841,36.8342317631048,31471.4067877183,18871.5074218093,-1196.55982796999,0
584,2259,5.70687080771515,1589.11696438692,26.3587413843453,26.2176386858112,27.5228975405288,40.4853824862294,24444.6520238713,25977.5371480399,408.261965670181,0
584,2260,8.35919650556556,1395.69668482258,27.059581578296,29.1811782581477,30.7493576381204,45.093710049516,31463.9762221558,18907.3770402124,-1187.410292819,0
584,2261,6.08803096556373,1519.74440938696,26.1462752658278,27.0697238872885,28.4423640318126,41.8080944758702,29707.4939889434,31794.9690480079,474.697138748997,0
585,2262,5.93050696071893,3922.58227711316,26.1717068990881,13.6586352920562,14.0512652055193,21.0124386657642,29676.8238897547,31674.6053596116,243.052197029973,0
585,2263,5.92988437590263,2800.61304238692,26.3587413843453,17.2828318328555,17.9075582344121,26.6231372337698,24446.5478793766,25989.0544645666,364.817025945655,0
586,2264,5.72560567033634,3942.05326111316,26.1717068990881,13.6127246214215,14.0026614083301,20.9414312302827,29671.8200342309,31663.8163104985,218.05832740635,0
586,2265,5.71062764939555,2380.64330038692,26.3587413843453,19.4162805865173,20.1909351153367,29.9296476885106,24466.461531877,25982.9303946093,380.75651124226,0
586,2266,9.22920127824352,2991.11070270927,27.106979795865,16.592726368588,17.1783968262665,25.5561854424658,31413.2126501089,18946.9276177289,-1471.28782246669,0
587,2267,5.60823945112136,2861.06123311316,26.1717068990881,16.9983567366357,17.6019011027631,26.1819186223991,29674.2884928311,31659.3958255467,220.536727690984,0
587,2268,9.750333887311,3584.50354353752,27.0758411611821,14.620417957877,15.0784349886088,22.5024424638128,31428.4363385022,18941.6920893657,-1451.64345728246,0
588,2269,5.66774957464093,4366.52944132252,26.8016092638091,12.7560414102803,13.1013164307386,19.6179875156256,30835.0280633306,18581.069815654,291.975540170825,0
588,2270,5.58326353380169,4140.91854661851,25.7542643650229,13.1290443474166,13.4878585873386,20.1925916992887,34548.6084049709,27034.0978141164,133.339936405943,0
588,2271,9.39548042612456,4276.1080777996,25.6588550501287,12.8398771530505,13.1816740235606,19.7453369432921,30874.3402503485,16307.0872377781,-1141.26684745879,0
588,2272,4.39593343234514,4119.75368284439,24.463444197837,13.0578244505589,13.4027388048691,20.0797590726912,37008.1991032005,27703.5051731298,-301.85083648852,0
589,2273,6.00843844468052,3569.55464946001,25.5225109485702,14.5005416592492,14.9380617331112,22.3133276153206,36233.9824983276,21745.8745672071,458.848321623019,0
589,2274,5.65108424301161,5172.15071780422,25.7017708260428,11.317729899368,11.5783096851123,17.3933293083362,34575.6089287342,26933.7550465438,108.987599391019,0
589,2275,5.25577290952769,3799.24981132252,26.8016092638091,14.0203699865692,14.4394753929984,21.5733611387662,30806.5755983129,18578.9268482258,324.290072645818,0
589,2276,9.97187508276062,3034.66312220905,25.7063398577242,16.249141341052,16.798373908342,25.0202984710714,30918.0837821289,16236.3807486556,-1203.87049980363,0
590,2277,5.81096016332102,3864.28433206402,25.4807910457271,13.7321766809571,14.1236281312878,21.1246673447542,36242.4627156644,21746.0640992631,495.560543871696,0
590,2278,5.84450565538783,2513.70749583729,25.6166267616776,18.5536579389451,19.2580221801228,28.5900515094246,34504.1293000494,26914.0356898035,-1.00723977203098,0
591,2279,6.04887542745124,2853.57727006402,25.4807910457271,16.9363903789643,17.5285966810496,26.0839572316076,36218.3189083657,21737.0980944097,468.265648751483,0
591,2280,5.58740414898887,2181.68322931151,25.5615324526831,20.5437690580775,21.3909357202427,31.6752305327653,34519.3855497511,26900.095976523,22.8459257983094,0
591,2281,5.2120210905158,2355.23259944501,27.2874668332098,19.7218178979196,20.5298287758056,30.4064613345729,31279.1280187012,20661.1051235933,-177.826073463821,0
591,2282,5.80933722657531,878.864489903008,26.3926898398471,41.9387691687324,44.6567811554724,64.937685720535,28317.2123686502,21421.4508049267,186.934112352278,0
592,2283,5.98432277669424,7344.87690406402,25.4807910457271,9.01434021290439,9.16580038301962,13.8379235341862,36229.7003033832,21746.4458059781,515.006470566352,0
592,2284,5.66064427214263,2172.85514583729,25.6166267616776,20.6147925377069,21.4679405556977,31.7855794505582,34517.1840642919,26918.2263413321,23.5317621036397,0
593,2285,5.99759408328976,5983.44984406402,25.4807910457271,10.2781164005277,10.4862732403256,15.7877589291201,36229.0888656882,21733.0054436701,508.503506229781,0
593,2286,5.81497017548358,2815.02317583729,25.6166267616776,17.1183547493181,17.724158765577,26.3661957951007,34479.3505124754,26892.4827587258,10.4303297256461,0
593,2287,6.00040204958985,883.773540956334,26.4339398988991,41.7681609406772,44.4709641940771,64.6723516590162,28346.4325286287,21433.0439111108,157.267243810995,0
594,2288,5.82343815460524,4431.40978006402,25.4807910457271,12.5216719902158,12.8445612698083,19.2531184794319,36242.8645100558,21747.797596355,507.494862483356,0
594,2289,5.85412902832408,2149.94810583729,25.6166267616776,20.7749385636595,21.6399756876442,32.033957113439,34509.5399593939,26927.3219762527,16.4499871737158,0
594,2290,5.81262430930183,1381.41111971789,26.2324358263475,29.1633706358984,30.7151920714449,45.0619125272661,28223.1063036929,27327.0580663831,-91.5842276518351,0
595,2291,5.90664948408165,4040.25004606402,25.4807910457271,13.3240894956959,13.6919428183894,20.4935952678378,36239.3225285302,21736.6331797927,497.435004328841,0
595,2292,5.42058745956628,1477.95107771789,26.2324358263475,27.6799808411898,29.1054011300181,42.756667990028,28266.7894167741,27348.1937859451,-68.1245480801825,0
595,2293,5.26261951068372,999.089605837288,25.6166267616776,37.4273965389105,39.7048095301475,57.9107778722692,34510.893599616,26919.4292990032,-28.1830420315959,0
595,2294,5.8395438802684,846.968094956334,26.4339398988991,43.2582313316449,46.1029438803741,66.9922999140612,28335.7292008823,21482.4651111833,191.488807964612,0
596,2295,5.78426699464236,3530.98690006402,25.4807910457271,14.6045824649464,15.0480554855068,22.4742000313169,36247.2011948883,21735.5870163416,479.414894126393,0
597,2296,5.78237536941326,4466.78353606402,25.4807910457271,12.455316120311,12.7745749712757,19.1505613822509,36232.7150524313,21741.0409888384,483.06218672156,0
597,2297,8.70703949864949,2031.11252040341,26.3060816092413,21.7964416572795,22.7478763381198,33.6211713376957,26261.9623605757,27551.6010584681,-1240.81799863203,0
598,2298,5.91091977147224,5692.97095606402,25.4807910457271,10.6152683002553,10.8395633250745,16.3082162060069,36237.7148498348,21746.5682935828,502.122943614954,0
598,2299,5.49802240706892,2566.28119195961,26.3251452559533,18.3888260841375,19.0897287798706,28.3368261994068,27670.5924480675,23623.0709698661,77.9203367498543,0
598,2300,5.62875677692168,4502.26799743649,26.5229161225481,12.4738533967985,12.8013973211328,19.1812171692102,35014.6628863334,19857.9545296078,17.0642798422239,0
598,2301,8.56474366954171,2623.63394640341,26.3060816092413,18.0973467084499,18.7776183052013,27.8850385369198,26269.8823844749,27532.8681002628,-1231.94627916599,0
599,2302,5.87918681038481,5558.30399206402,25.4807910457271,10.7820337946944,11.014461786596,16.5656912967573,36230.6726157028,21729.5510300537,484.972983602007,0
599,2303,5.93198194304537,5784.20763336864,26.8818062605961,10.5914678706039,10.8223938929654,16.2736226892987,32117.9492376773,18241.6968656466,378.973987548521,0
599,2304,5.5587050170224,2492.49409195961,26.3251452559533,18.778175914325,19.5066271070177,28.9403090034949,27630.3202038524,23615.1376517787,64.418458910646,0
599,2305,5.73167724722819,5591.56382743649,26.5229161225481,10.8062514370422,11.045853854275,16.6047373461941,34994.6557070464,19848.5978669647,2.27666548162815,0
599,2306,8.76337390456304,2301.81206040341,26.3060816092413,19.8873742157756,20.6957059082878,30.6599285925757,26264.8616852221,27573.1815286087,-1331.36858824094,0
600,2307,6.05467648659424,7795.0763338395,26.9728569818232,8.74715054036618,8.893755420213,13.4276590545748,32076.5801552096,18227.1353510984,420.380017776752,0
600,2308,5.94528379442328,9611.26417340535,25.4373220148361,7.61821740099536,7.71445698713598,11.685931794339,36229.7614602612,21733.0472480438,485.828540595387,0
600,2309,6.22987423880323,10665.9155484463,26.3458724548886,7.17466187378185,7.25815254920268,11.0035596568874,35160.1098622378,21040.4888407888,62.9503001301961,0
600,2310,5.65697399637886,2491.72328181832,26.2240919443112,18.7665161359852,19.4929705399239,28.9219136636248,27645.989703564,23612.2991704682,138.982807371189,0
600,2311,9.33071891758072,2151.91486529589,26.1854353430808,20.8669322483673,21.7463294944943,32.1787120059136,26287.0343442897,27564.0940826191,-1336.30558620858,0
601,2312,5.77405579691509,8327.33076863728,26.9730868898726,8.390076279936,8.52183629186873,12.8770642757728,31525.5969648145,18300.6098950633,275.379259885489,0
601,2313,5.90586462218445,9525.47290340535,25.4373220148361,7.66048572687865,7.75826544445037,11.7510481516889,36222.8513850832,21730.412231589,516.937312031423,0
601,2314,9.05856550019733,8742.23148631507,25.8163908754675,8.09364831383952,8.20913870950535,12.4188892151851,35898.6782494407,20988.3046966458,-819.064967012891,0
601,2315,5.73010648771414,2910.10715181832,26.2240919443112,16.8025182811812,17.3934685536379,25.8787224429372,27661.1949599052,23611.4123493086,63.1215621678132,0
601,2316,6.71874906925231,8071.77228577178,27.3450582063826,8.57184575734867,8.71258562035587,13.1577400555502,32684.9284851283,19784.3410967754,382.461224530246,0
602,2317,5.77956385000218,8500.01460863728,26.9730868898726,8.28257186996765,8.40996903177547,12.7113258849646,31531.6127674957,18288.0752790346,287.39050785278,0
602,2318,5.93676743478104,6039.0753442665,26.222298924569,10.2600412366973,10.4713265028806,15.760960428013,35187.2715140638,21082.8096941736,100.542396669864,0
602,2319,5.71638387674719,3009.02591781832,26.2240919443112,16.4118047189578,16.9768166255111,25.2735979703217,27672.3437957277,23610.7796510585,64.4715741995811,0
602,2320,5.57000274011697,6611.04103099402,27.4014626763985,9.73954546408014,9.93221195634,14.9592169167281,32592.0805404127,20660.5237780136,-315.889814263492,0
602,2321,9.29588326108784,2627.27450485921,26.1754126934459,18.0601236450651,18.7363558967737,27.8269564653674,26280.4887232723,27546.3785966066,-1233.25307052301,0
603,2322,5.8043655588737,6690.38047463728,26.9730868898726,9.64308371663334,9.8292472720584,14.8097882482987,31544.3422573089,18307.1979414411,296.024025312392,0
603,2323,8.27906734319846,4647.46161959746,25.7212251349358,12.1493136350347,12.4536495899437,18.6781170844488,34145.7429683595,29864.2231634163,-1407.79264335608,0
603,2324,5.74890955805751,6533.35337644633,26.3458724548886,9.75859059153774,9.94702122325177,14.9871932713679,35182.2108223441,21078.103321521,149.710611386398,0
603,2325,5.76053002023928,2820.02081181832,26.2240919443112,17.1800966721554,17.796446349295,26.4635955141523,27655.408845333,23591.1689970709,99.7254830261281,0
603,2326,5.79915626217349,5521.54696699402,27.4014626763985,10.9514906091267,11.203368777503,16.8304105772337,32598.2345700585,20673.4212528497,-310.094866197991,0
603,2327,8.85824945351227,5257.64882868238,24.9446515454974,11.1445115328659,11.3916596441421,17.1245157516425,37027.7012784248,19069.1622635438,-1293.04212612253,0
603,2328,9.54436979780886,2407.98364885921,26.1754126934459,19.2266981818771,19.9854794255068,29.6351210120373,26244.4113175039,27552.6531059953,-1331.33965006453,0
603,2329,5.69130182560948,2350.22502317273,26.2901702034998,19.586527709214,20.3727083856547,30.193383955873,30572.7223632297,28889.0489370061,-160.632825738975,0
604,2330,5.99850450879948,7870.50921854857,26.2390599434257,8.66249940239019,8.80250325822532,13.2962769027201,35188.2298044018,21060.6094021586,138.796386926777,0
604,2331,6.02380373262814,5738.85208031724,26.9444099375369,10.6498772597871,10.884037669853,16.3639094653648,31543.5911325763,18333.1012852316,367.453395888026,0
604,2332,5.5520419892596,7431.82375553241,26.8205921131957,9.00917837287592,9.16635704996682,13.8316067132665,34174.5479869049,18888.4417836464,-138.223180020775,0
604,2333,5.69876083946123,2692.71053181832,26.2240919443112,17.7530401506434,18.4085373070123,27.3512587205912,27651.0584687784,23603.1068671103,76.9429267818957,0
604,2334,9.17803901507795,5428.37235468238,24.9446515454974,10.9142713211782,11.1500176189467,16.7689923793106,37000.7117990583,19078.4661763584,-1336.02046422011,0
604,2335,8.82556674098985,2479.04501729589,26.1854353430808,18.8294125400733,19.5598904348837,29.0192839898953,26288.2256759991,27557.8405935921,-1254.38005362477,0
605,2336,6.17995485417369,8520.25419254857,26.2390599434257,8.24136252815143,8.36427683674226,12.6470151277317,35191.9451631128,21053.2804308195,126.165710097722,0
605,2337,6.61958728246813,6861.64457823291,27.0275548236539,9.49050482555012,9.66995887712311,14.5744174729162,31637.3956521936,18493.5753113232,756.288587888804,0
605,2338,5.40004700947453,8230.64069753242,26.8205921131957,8.44576572091936,8.57920279678179,12.9627585637556,34177.9826845422,18897.7842675462,-120.16809917578,0
605,2339,7.63079392879499,7793.35863310993,24.7906862638862,8.65261200920042,8.78602980297144,13.2793204188705,37209.8930727567,18671.7881299652,836.940406312283,0
605,2340,5.70786994383562,2713.94359581832,26.2240919443112,17.6540583496778,18.3027412045403,27.1978917386308,27636.6265948418,23597.7013509499,47.5903375818435,0
605,2341,10.9978873792784,7020.8954487034,27.3727324557516,9.36867758291995,9.54420008608255,14.3868789803652,31886.3296545129,19321.4723846274,-675.645925580077,0
605,2342,9.0510390298957,2447.83417529589,26.1854353430808,19.001987005904,19.7447731672715,29.2867973560489,26266.4142300748,27531.8020952841,-1257.94372120796,0
606,2343,6.57511735976383,5154.49742223291,27.0275548236539,11.4347686267563,11.7094846092503,17.5763553331471,31622.932110578,18490.3907094878,806.495349202221,0
606,2344,6.03474148118601,7806.1992982665,26.222298924569,8.70673284966293,8.84850473601878,13.3644635401441,35176.8178480072,21075.0953000816,111.770656840624,0
606,2345,5.55358748612773,8557.59464153241,26.8205921131957,8.24161882023989,8.36678547526352,12.6480314665234,34126.7674124695,18904.8375418866,-120.018351272569,0
606,2346,5.52701700207689,2503.99176381832,26.2240919443112,18.7003637531073,19.4221222680397,28.8193748368186,27672.6038983043,23596.3026233367,92.859921523521,0
606,2347,8.7043427577648,6766.80748224436,24.798208116889,9.46126697920345,9.62872667394133,14.5263516010675,37124.4004289188,18671.1253616501,851.00982776325,0
606,2348,8.82784504043713,2459.70069685921,26.1754126934459,18.9343005247997,19.6721347874519,29.1818400096264,26253.8729317871,27561.8330809539,-1257.397539054,0
607,2349,5.90280368505181,7602.27659054857,26.2390599434257,8.85438409304769,9.00242271625931,13.5921715013578,35184.0784944331,21062.6920109254,118.093523383018,0
607,2350,6.69847811033629,4941.21966423291,27.0275548236539,11.7597813021267,12.0517178532477,18.0785288457161,31636.4186374098,18479.9091613557,775.689313512263,0
607,2351,5.71282256164562,3223.09661181832,26.2240919443112,15.6415305314505,16.1564704433311,24.0809157084762,27662.512369825,23606.9341134778,54.1933345763155,0
607,2352,11.2723090510781,6398.19251647638,26.9194756091063,9.92182593008116,10.1206758681984,15.2398988182274,32818.6048584371,18691.4922165066,-735.566775259428,0
607,2353,9.02477050158339,4631.58180468238,24.9446515454974,12.1156652754449,12.4128670443966,18.6246509113476,37005.5145343286,19072.7481245753,-1300.57368807003,0
607,2354,5.57068095725104,8298.55589786437,27.1129932811966,8.41399294124147,8.5472778797523,12.9140898671493,33616.3213761072,19653.9807020273,-133.760309663218,0
607,2355,8.94380610306449,2572.05532285921,26.1754126934459,18.3365804395062,19.0321250299402,28.2553889294094,26247.6859868749,27544.5938617413,-1255.31728438001,0
607,2356,5.78156116424211,2559.17706084536,25.7904471816998,18.3438554963323,19.0355356072336,28.265458389346,24821.7149911668,22697.6433879039,347.812134931346,0
608,2357,5.81307896922692,6641.6626522665,26.222298924569,9.64958974555615,9.83243513894403,14.8188276652488,35177.7468971525,21079.8107680262,139.324786965879,0
608,2358,6.66038811629636,4478.38732623291,27.0275548236539,12.558968105147,12.8947100178667,19.3137435256136,31639.8658227319,18477.0831009044,782.378263372045,0
608,2359,5.78973210325841,3560.60100981832,26.2240919443112,14.5994195885181,15.04898381092,22.4679763832549,27647.1524449646,23619.60136592,76.3841016039629,0
608,2360,5.57618861284024,6087.26922995518,27.1504677693895,10.2603236184787,10.4764810754924,15.7627391353577,33564.0173420948,19639.5170917067,-126.252215216971,0
608,2361,10.9000223588619,4800.20621647638,26.9194756091063,11.9806977699135,12.2838453010561,18.4197277189519,32794.764423236,18683.5819402901,-731.935888381758,0
608,2362,9.03962474213881,4434.16495484616,24.9402087400053,12.4715346003267,12.7878103008847,19.174560417127,37016.2644322955,19085.0060345571,-1320.30931360745,0
608,2363,8.9179107005244,2314.81366885921,26.1754126934459,19.7838820725857,20.5830354464779,30.4990060259429,26251.5696665596,27563.3599462915,-1276.12162428559,0
608,2364,5.60642331539125,2356.93911551128,25.8397293570864,19.4706552405861,20.24295595475,30.0122176853991,25805.9757647557,22170.0224605211,89.3172753589367,0
609,2365,5.98330384916526,7697.51701454857,26.2390599434257,8.78492668326744,8.93003926593907,13.4850602811274,35185.0416846617,21065.1808486909,108.193100710666,0
609,2366,6.36175623168096,4723.69088823291,27.0275548236539,12.1180075318334,12.4293267581761,18.6321303765458,31632.0486415019,18472.1289465619,787.906565657183,0
609,2367,5.4995528069009,8114.52866786437,27.1129932811966,8.53374611533763,8.67197307632435,13.0987346133334,33576.6035177941,19664.3791473317,-123.250538858358,0
609,2368,5.74826289803127,2721.21217581832,26.2240919443112,17.6205006089541,18.2668780175641,27.1458971512475,27667.3550031488,23628.5374566596,107.504832544693,0
609,2369,9.02508379580669,5001.61860468238,24.9446515454974,11.5156453115801,11.7815530325881,17.6977028542262,36996.7701352525,19103.24815048,-1325.44485542549,0
609,2370,8.92033986995078,2268.47645729589,26.1854353430808,20.0784986233177,20.8993602153007,30.9558940250412,26281.3639952493,27540.478346851,-1285.97654338242,0
610,2371,6.58361675321432,3864.48268218066,27.1901398936959,13.8947831233949,14.3093755865954,21.3799096124846,31639.2170744052,18478.2533207923,779.045814914088,0
610,2372,5.79630827251364,2987.66261936949,26.0418429394885,16.4708804010197,17.0379811973641,25.3645875993967,27655.4858772506,23602.6481474722,73.7123853297805,0
610,2373,8.90554411230614,3926.68843166685,24.9809917969445,13.5361048914298,13.9121725875087,20.8203439940949,37019.9065142945,19088.0883967084,-1312.42565369527,0
610,2374,5.42927826615706,3737.48243182932,27.2051959926898,14.2183597948492,14.6526796714811,21.8805721930631,33568.1274544117,19657.505717187,-140.620291144719,0
610,2375,9.1940630595419,2438.50820415795,25.922847424627,19.0120351032007,19.7524363088864,29.3015183563038,26274.874279898,27530.8535753035,-1253.32297278499,0
610,2376,6.76545681641249,3467.20035763679,25.6887712966056,14.8113730096022,15.2693225248779,22.7946769809572,33089.5103631661,15005.9718201998,400.034643632598,0
611,2377,6.61892454928145,6516.67739418066,27.1901398936959,9.81926461675106,10.0146362488605,15.0819715301218,31650.5826709241,18478.3801611623,775.976272843875,0
611,2378,6.07457972534602,7999.49015310597,27.4413784475568,8.62473531103042,8.76808070431312,13.2394062953442,32682.8807742022,20254.5685280252,230.330655507086,0
611,2379,5.5003202607628,2818.76725136949,26.0418429394885,17.1606172990042,17.7737458676481,26.432895413182,27654.1535133005,23623.7113326024,94.0474146287514,0
611,2380,11.0799916832558,6538.93993347187,27.0632042953152,9.79102874465389,9.98446728436558,15.0382232759951,32803.91502852,18706.3497201648,-712.996217914034,0
611,2381,8.97898709920833,4086.50908766685,24.9809917969445,13.1765391318892,13.5321329644257,20.2643934189316,37016.4150827706,19082.6559363798,-1346.20758643075,0
611,2382,9.20791340546532,2662.68712021416,25.9064055226425,17.8491525665673,18.5078012790543,27.499225084115,26252.4352311381,27523.1725030457,-1239.58286372669,0
611,2383,7.13721484303386,4344.60606763679,25.6887712966056,12.706166313053,13.0407286835531,19.5387011869556,33139.3491384967,15021.2418398453,433.583433907962,0
611,2384,8.81607481173384,5436.41379699448,27.4031225431065,11.0641792154185,11.3218411902699,17.0044733645518,32274.5719856373,21350.5186662695,294.078706481131,0
612,2385,6.66101663070354,6848.47705818066,27.1901398936959,9.51029919503316,9.69140801053832,14.6051695600045,31646.7643612555,18489.0384535689,790.063671894757,0
612,2386,6.04408206754141,8221.29197310597,27.4413784475568,8.47700937725243,8.61417753955715,13.0116087644481,32671.6094237413,20247.7204443924,256.618774212568,0
612,2387,5.85383662412574,3452.80768736949,26.0418429394885,14.8923682604983,15.3584294813768,22.9208731845711,27659.5239796304,23600.5237544821,69.7549201776308,0
612,2388,10.8702575433659,6908.73444747187,27.0632042953152,9.45072559056711,9.62854239886104,14.5130843057227,32793.0432266466,18708.7107594157,-718.327494603883,0
612,2389,7.11107411112808,4419.14205163679,25.6887712966056,12.5621622134072,12.8887582827133,19.3161099637176,33083.2055738283,15006.5590043853,401.990850952902,0
612,2390,5.29984190537627,1605.05076426897,26.2725324447441,25.9967492091495,27.2823381758349,40.1418811119922,30409.5849934186,24846.588484245,-253.912505034987,0
612,2391,8.8104777686584,5632.02670299448,27.4031225431065,10.8099861392585,11.0546854815132,16.6118608280762,32270.4212569329,21344.2760817134,276.979056751648,0
613,2392,6.46008370806273,6904.87963396148,25.112196166365,9.35645674614451,9.52088458640053,14.3651055599543,36857.5850609872,18469.8814221424,708.450848998274,0
613,2393,6.59937772319834,6644.78061018066,27.1901398936959,9.69678107159385,9.88645433143158,14.8929402332027,31642.0597454096,18477.5620733239,794.219196054953,0
613,2394,5.70405095747301,3270.45443336949,26.0418429394885,15.4625190167033,15.9643574083343,23.8033331973294,27659.8934400016,23602.5769603575,100.538754215968,0
613,2395,6.1029740827002,8096.95520310597,27.4413784475568,8.5589579146891,8.69954132799416,13.1379725555785,32682.8058049885,20229.1397826215,254.861515782748,0
613,2396,5.29887617172011,2465.04040999897,26.286633915165,18.922414903082,19.660700428591,29.1637737426573,30443.3255339509,24853.0436372184,-307.471149664263,0
613,2397,5.74827115520495,2207.36540220768,26.0451563308768,20.456922243449,21.3039433257942,31.5422742172028,27764.2238369048,28155.6290152979,359.955997688742,0
613,2398,7.11681394573216,4315.53174763679,25.6887712966056,12.7635403565141,13.1012943854939,19.6273907282019,33090.2915943468,15002.7053267946,350.177600067966,0
613,2399,8.75418165438763,5709.66835299448,27.4031225431065,10.7133684294304,10.9532004459059,16.462646815216,32298.6211783017,21331.1555228861,255.003101404,0
614,2400,6.56467798883144,6718.62777796148,25.112196166365,9.52091264692538,9.69254516842839,14.6187912072233,36862.3373297632,18493.1891017406,744.299440763923,0
614,2401,6.4995530953844,6811.60553418066,27.1901398936959,9.54333171919794,9.72594772987984,14.6561412001427,31635.7257240058,18478.2255686599,773.693402955497,0
614,2402,5.99656902712119,8414.41594110597,27.4413784475568,8.35389049107742,8.48598174524724,12.8217756047605,32659.5040696467,20223.1054765149,229.961448588176,0
614,2403,11.0801717290233,6771.29220747187,27.0632042953152,9.5734120754394,9.75680897612199,14.7023937909164,32778.5600356426,18712.8762358258,-710.100356328376,0
614,2404,5.90961091987015,2057.74278420768,26.0451563308768,21.5370270189424,22.4651204226869,33.2177046779336,27772.7565304302,28177.0908744274,352.540016024871,0
614,2405,8.75694983567402,5643.48022299448,27.4031225431065,10.7955858239187,11.0395576189431,16.5896207605764,32246.1741960204,21309.9245244058,305.929759603414,0
614,2406,6.09734958097959,3100.53353563679,25.6887712966056,16.0048768709617,16.5380944655129,24.6420450541407,32999.4960814235,15033.87540416,305.65984725575,0
615,2407,6.72862629244063,6837.35392818066,27.1901398936959,9.52023142769287,9.70179297832652,14.6204956101881,31626.6143681465,18485.7933773822,749.657906558761,0
615,2408,6.03449422936327,7944.88769910597,27.4413784475568,8.66219594322668,8.80712248316562,13.2971756825227,32682.3133388198,20235.3757726743,272.839732643933,0
615,2409,5.7650447156699,1967.52428820768,26.0451563308768,22.2620428428399,23.2456484383612,34.3426360064994,27778.484629227,28166.3621511362,362.531445843649,0
615,2410,6.91670171311096,3165.55309218498,26.0210914512005,15.814932268919,16.3391001824046,24.3488456584128,32338.0704833259,15744.0245412646,898.436052374567,0
616,2411,6.54287233842935,7044.55251018066,27.1901398936959,9.33972221002336,9.51311629824056,14.3419753197889,31641.2262467919,18483.7290797074,758.487376227525,0
616,2412,6.05641667514669,8408.22663510597,27.4413784475568,8.35776032693031,8.49001016143971,12.8277421099532,32674.7763012779,20241.6101973446,250.507212114192,0
616,2413,8.44988621692245,5111.87986609967,25.9082467623179,11.4198892450725,11.6869917479167,17.5514814114942,28942.108060751,33722.2768262751,-1398.18101137035,0
616,2414,6.51956140243896,6671.86684347187,27.0632042953152,9.66490951066682,9.85250615187057,14.8435879697205,31641.4852109719,18480.9861257843,762.654607360504,0
616,2415,5.77683314801353,2462.82295020768,26.0451563308768,18.8962751164172,19.6298720841114,29.1224751826307,27748.9127250445,28163.1979271194,344.682808458026,0
616,2416,5.320960501786,4722.80449188425,26.8566914484263,12.1066230252906,12.4162077080343,18.6142282836333,33230.1788485417,19909.3691104111,-1017.25855172595,0
616,2417,5.02949641496436,3062.04910032609,26.7616386159575,16.278393696136,16.8398299441648,25.0684299174447,31587.3055071808,23518.4224458606,-500.894379627784,0
616,2418,8.03582275253967,3642.21740978709,26.295775440467,14.3811028398771,14.8179306126841,22.1303381398484,31798.0117659946,16587.4616588017,97.1387075050998,0
617,2419,5.97819479028504,9286.99795710597,27.4413784475568,7.85325209829819,7.96538319847108,12.0500450775056,32689.5969676189,20229.8806499717,195.908502317104,0
617,2420,6.67141588679008,7639.93731618066,27.1901398936959,8.86888156915542,9.02158591268124,13.6156509037557,31634.2083861632,18479.0754313902,776.390435985265,0
617,2421,8.58103971689283,5949.00671341762,25.8990624698452,10.3414405101397,10.5548794195903,15.8861338553666,28993.2876252774,33723.3563964749,-1449.16661139014,0
617,2422,6.10068785007439,2105.34097020768,26.0451563308768,21.1779277672366,22.0788457581606,32.6606173551146,27780.8240969503,28191.9925638901,401.333366357675,0
617,2423,8.69077297876957,3433.18190771514,26.815302497545,15.03528100533,15.5170204741213,23.1439170892152,32186.9232052662,23209.1754119969,389.159473401773,0
618,2424,5.96665033788109,9714.80895510597,27.4413784475568,7.63632267948386,7.74015489078601,11.7157462575811,32708.4904137739,20240.7299850359,198.130252500637,0
618,2425,6.59793890791827,8217.87753018066,27.1901398936959,8.46905441806695,8.60490784241923,12.9990699813977,31638.5113965945,18504.4137964771,764.709101571802,0
618,2426,8.98691565023774,4231.32490243453,26.1841977729311,12.9766124901741,13.3299582247799,19.9577909953151,28189.721833247,30848.3141472452,-1237.78426210848,0
618,2427,5.40388780222336,3455.74182432609,26.7616386159575,14.9614422945663,15.4380775699843,23.0295023660923,31603.6356481906,23512.837009497,-526.68652537963,0
618,2428,7.08278232486914,4353.2615710879,26.1319417817506,12.7264346533118,13.065308811595,19.5709103110896,32368.7446607095,15726.7631015081,855.875178056994,0
619,2429,5.92058018065334,9362.30485110597,27.4413784475568,7.81383276206399,7.92443983082587,11.9892935500676,32695.0736460962,20234.9162560583,190.819714880883,0
619,2430,6.59027298379009,7975.19506218066,27.1901398936959,8.6308267073864,8.77341701035149,13.2485197722714,31642.9989068021,18487.8350285903,782.511825000565,0
619,2431,6.80878111702607,6487.78530946498,26.1811832836969,9.79382257180085,9.98305569709716,15.0413361594137,28531.604397942,30169.993515033,840.828900005403,0
619,2432,7.06940470095405,4804.99232418498,26.0210914512005,11.9057387270615,12.1990327325626,18.3022866767696,32396.2227133402,15709.1714727701,848.454764038135,0
619,2433,5.35844999266847,4106.49999432609,26.7616386159575,13.2930835524961,13.6688513411812,20.448322899022,31576.3920439334,23499.9679787653,-499.768724519346,0
620,2434,5.76251610736518,7090.10369956996,27.6683817434662,9.32406727743233,9.49890130479122,14.3184145358399,32713.1202748231,20248.4642431949,214.317901489255,0
620,2435,6.54763381554161,6704.72461027651,26.1831733204423,9.58925670358774,9.76917915443743,14.7256821982681,28542.7906809674,30137.8249115164,852.393667011622,0
620,2436,6.98141659434138,6716.30667971828,24.4374757738452,9.48748497882518,9.65428653044772,14.5662947987434,36299.6854699118,27621.0045413896,1037.8819604283,0
620,2437,5.23854705563631,3982.48017458117,26.9133477988402,13.5868913966395,13.981009606096,20.9030463404418,31600.0644275269,23514.0517407329,-506.100290348132,0
621,2438,5.92884049605339,4282.49353156996,27.6683817434662,12.9970634933379,13.3621933114009,19.9923390864927,32721.1219275378,20244.8148101457,188.891672272803,0
621,2439,6.49146653753843,5717.11953383776,26.1795062218305,10.6294131947974,10.8583376780388,16.3311435577882,28522.392505162,30146.2823714164,862.060835935994,0
621,2440,7.10774954257794,3115.5209205614,26.3458398436836,16.0313733498685,16.5726390064924,24.6848140898393,32353.5199541004,15737.4610829132,877.882753074515,0
621,2441,8.92373332057952,4015.00313661992,27.1802963065488,13.5360105957385,13.9291343613373,20.824900348166,31677.9759868134,22577.239237868,374.199315556757,0
621,2442,6.0670464584525,1873.55353758871,25.3145879170348,22.9267206605097,23.951182665972,35.371177440974,24327.9705478876,26433.830639808,497.217776562558,0
622,2443,6.5378747411274,4587.82448783776,26.1795062218305,12.2905627157458,12.6056734102254,18.8972668869369,28524.5128148181,30142.0446358252,852.275183410895,0
622,2444,6.12101039937837,2543.49677956996,27.6683817434662,18.7104969488397,19.449221991252,28.8395599237553,32735.6383214128,20223.9479022018,182.92605888634,0
622,2445,5.2358502972357,5074.22693540368,26.719197300827,11.5327332531406,11.8107187264016,17.7271893099133,32349.1765958267,24070.0822921871,-488.498488977868,0
622,2446,7.18856508399751,2979.3341625614,26.3458398436836,16.5421752258844,17.117011904317,25.4758337744311,32366.701858652,15742.0871708822,887.194500059005,0
622,2447,5.66084899910521,1584.88078158871,25.3145879170348,25.9954569220046,27.264983127071,40.1354543176281,24323.3788968553,26376.1412088315,540.475930904315,0
622,2448,5.13276785088202,4067.71545590071,25.453140880036,13.2607333684865,13.6247535328931,20.3955736102631,34916.987884462,14556.0439508605,157.245416796574,0
623,2449,5.73306005593513,8271.28945190071,25.453140880036,8.36368126570434,8.48832213762358,12.8346957102731,34971.0650088299,14589.1393947155,107.421887428157,0
623,2450,5.54230119201241,4673.28455135465,26.5107622699588,12.1656532061609,12.4761775439783,18.704831445906,32706.0853456727,24467.5404168997,-498.55673427546,0
623,2451,6.02376050176039,3232.95463156996,27.6683817434662,15.7753333534152,16.3121074978487,24.2917122908999,32728.5751547592,20229.1486371088,205.449280621552,0
623,2452,7.32371854357432,3115.0583745614,26.3458398436836,16.0330392110437,16.5744133368409,24.6873935363199,32361.052413367,15717.5452566503,875.410405525471,0
623,2453,6.1088309798024,1327.45917043939,26.0660536233001,30.0281498678854,31.6515685994053,46.4052390641801,30834.3032115293,28659.1884446012,205.81466190666,0
623,2454,5.80172951086264,1394.97623865049,25.3702756014028,28.679775741585,30.1743961041148,44.3059453479215,24314.7198459151,26396.0843639038,527.240520399549,0
624,2455,5.67410681055712,8387.08013390071,25.453140880036,8.29128374815038,8.41306474094949,12.7231027589442,34962.8835631596,14593.760779567,83.1140850324239,0
624,2456,5.92522121364144,3372.09287356996,27.6683817434662,15.3174390850864,15.8245108125185,23.5827323403066,32742.0863595489,20243.8471035159,184.033429771182,0
624,2457,5.44971970735202,4444.21415135465,26.5107622699588,12.5819550363622,12.9154264283565,19.3482983446393,32704.3316980052,24475.4960308095,-464.514682758783,0
624,2458,7.2726503799066,3543.2878665614,26.3458398436836,14.6613041391554,15.1157112467835,22.5640235932075,32371.831714201,15727.1827937508,881.516486260388,0
624,2459,8.90724172922937,3642.23706064466,26.4498838085808,14.3967556941844,14.8358182376833,22.1549101851031,34820.9432382583,22223.0493535567,-1244.31160397391,0
624,2460,8.88692540353626,4296.62136888038,27.5925540745131,12.961788029994,13.3243491853988,19.9376428290642,32339.7215349227,21332.752312611,333.01889159981,0
625,2461,5.73723608356928,8346.19987790071,25.453140880036,8.31664626750667,8.43942657601518,12.7621956361273,34953.2670117097,14590.3013095707,127.543018408553,0
625,2462,5.98221012279186,2821.83934156996,27.6683817434662,17.3670594158594,18.010989630351,26.7573363288112,32739.3556241553,20234.0914114968,157.819406792019,0
625,2463,6.81399103198464,3189.5282805614,26.3458398436836,15.7705117628157,16.2948753844398,24.2809147567628,32363.210454882,15725.027604764,897.343388806231,0
626,2464,5.89445307714837,2469.00484756996,27.6683817434662,19.1172806266851,19.8854343614258,29.4702443830297,32760.5087211457,20237.5603266354,189.172978107582,0
626,2465,6.8656633021666,2528.6822025614,26.3458398436836,18.5877918920353,19.3029699835109,28.6452727520058,32342.4257137814,15751.5813571295,904.979545876987,0
627,2466,5.67172841957771,8513.79553703377,25.2612644922662,8.20631118113551,8.32400300167138,12.5919236385882,34917.684049322,14309.8940927573,162.236340232784,0
627,2467,5.76603120374833,2263.98683956996,27.6683817434662,20.364361931674,21.2246928299988,31.4042859343891,32740.5041373263,20237.3048999077,180.124606549894,0
627,2468,8.34966415500256,2363.16688801067,25.7472296263285,19.418051981331,20.1854292450169,29.9303525478376,28416.9148160332,17507.5161755883,-1475.99426898566,0
628,2469,5.82381791093333,6601.38808703377,25.2612644922662,9.63651339962743,9.8140217339994,14.7973384658857,34918.2491359867,14316.5601631437,123.088667330533,0
628,2470,5.60840334584722,2333.36873956996,27.6683817434662,19.9195546224265,20.7466788309145,30.7143627966471,32742.6208075243,20232.7978440835,169.220368276982,0
628,2471,8.16614477566092,2158.30306201067,25.7472296263285,20.7404628493289,21.6046633181616,31.9809624243234,28390.0574169314,17526.4597717335,-1509.80847232853,0
629,2472,6.13464196016876,1859.34719356996,27.6683817434662,23.5700349200603,24.6794168672052,36.3792058150507,32727.0113787462,20218.9827102475,211.277126624163,0
629,2473,7.74957093476665,3316.33528786371,25.7065084859869,15.2754636122837,15.7624135331427,23.5129474040136,31776.50378587,32903.5983133714,-1320.43210466724,0
630,2474,8.44889388058509,4821.11241096247,25.695548763683,11.8548887862375,12.1433473303266,18.2231281474908,31777.6661302208,32967.9191660943,-1278.50235193844,0
630,2475,7.68082185964413,2572.92971520207,27.7232536349576,18.5639186979213,19.2927161676671,28.6124891560131,33454.1486911742,19446.3357458686,1261.15535634282,0
631,2476,7.54416591001627,3193.11579720207,27.7232536349576,15.9194941479267,16.4662235866228,24.5150898121738,33462.1641947161,19435.8034132586,1251.09320596734,0
632,2477,7.80429660966419,2758.91725920207,27.7232536349576,17.6563893694124,18.3209758414815,27.2058410150347,33453.0541176768,19441.6681252316,1247.57621580418,0
633,2478,7.52565136146182,2871.02959920207,27.7232536349576,17.1618519455108,17.7921854763813,26.4395245446111,33448.1357330749,19452.0591413763,1263.80783274622,0
634,2479,7.91532187561118,2245.67413916093,27.7807206012392,20.50545913777,21.3777611994439,31.6235332533875,33447.631098582,19430.0162326869,1250.01852927815,0
634,2480,10.6133607449847,4043.85060845506,26.1647228399794,13.3785391795273,13.75478008151,20.5792411485892,30023.2113792151,32380.0488885944,-934.79891161794,0
635,2481,5.56323822980822,6677.73819591823,26.3738599207438,9.62396141544766,9.80637781433447,14.7794860271835,29289.0897579906,30593.6729052145,-128.708692123867,0
635,2482,10.6854434941142,7325.71235774539,26.1674429875478,9.06157093458647,9.21813596934402,13.9116210514293,30163.241643791,32363.633894732,-914.282806331887,0
635,2483,5.88177087609381,1426.02849778018,25.1379468461301,28.1274700156477,29.5710511786347,43.4465401225045,24333.1180664158,24913.9803958484,309.842759467409,0
636,2484,5.51051803992787,7007.11499991823,26.3738599207438,9.3318646736889,9.50117518856368,14.3288198674987,29295.8506422635,30595.0340310068,-102.285832251181,0
636,2485,5.98412011528385,2129.53999512588,25.1192207101506,20.8259153589721,21.6880630992937,32.1111783156996,24329.8101409054,24910.2885077697,303.351846439092,0
636,2486,11.2545207633663,6343.92134799787,26.1423396934179,9.93413834874169,10.1296593766358,15.2578220102371,30134.2021888797,32330.9318814488,-898.240370093763,0
637,2487,5.39377123286085,4717.67874404117,26.3667320746593,12.0781822503421,12.3830055114935,18.5693870802066,29296.711621128,30575.006604678,-135.051090080071,0
637,2488,6.25480748900852,2060.56349170663,26.206582649418,21.5467818922212,22.4778058250854,33.2334430450807,28809.4378425249,17934.7182163679,591.303088574266,0
637,2489,6.01143713801848,1640.21037912588,25.1192207101506,25.2786415330627,26.4865484837825,39.0213664896418,24334.6437923742,24884.3834191978,318.225745087167,0
638,2490,5.56768771830329,5732.27214591823,26.3738599207438,10.6230250709828,10.852717236936,16.3215788807675,29276.7731859313,30585.4881902509,-130.462667941062,0
638,2491,6.05218133543342,3897.51743956834,25.1150595889982,13.6174890246426,13.9993270667257,20.946490984,36383.8048203327,15243.7410962321,352.845128249596,0
638,2492,6.41618436691231,1878.72557688457,26.3082022067986,23.0959627597196,24.1482745243007,35.637888473174,28825.413171897,17926.184052813,604.942044038528,0
639,2493,5.51858540320319,5402.35695404117,26.3667320746593,11.0426924508393,11.2932827671671,16.9696360894086,29299.5918949964,30578.9664031872,-111.881183054604,0
639,2494,6.39414902088962,2046.34343688457,26.3082022067986,21.6769824433277,22.619309464414,33.4358297522866,28840.5261619343,17945.4779354081,653.410109193512,0
639,2495,5.86071656363596,3232.79267392133,25.5416519944437,15.5287311734121,16.0301072116233,23.9045423738247,33623.7737265636,30360.9867161459,237.098780294211,0
639,2496,9.47144643281937,5204.06555896439,25.2315127564461,11.2394880816432,11.4931827120866,17.2716818355599,32173.9482830033,33850.1228466309,-1142.46144274437,0
639,2497,6.63851014078439,3421.46950156834,25.1150595889982,14.8839146584053,15.3411901866088,22.9055149198189,36345.1540726616,15313.8392286597,308.365720090155,0
640,2498,5.59227658107122,6497.12549553384,26.5075139101283,9.80217567774435,9.99341220677135,15.0546742538449,29290.3553114471,30569.4535157259,-127.102877626793,0
640,2499,5.92065699778316,3982.56988549533,25.4955367702963,13.4556686772563,13.8311937604993,20.6970887267067,33620.5408309823,30350.3087335738,257.076044474753,0
640,2500,9.32049467786853,4752.60932770342,25.2862452692267,11.9366256599515,12.2266790243499,18.348663903961,32220.7079673441,33818.0117468124,-1175.89912357236,0
640,2501,6.12328106102512,2347.39641484391,26.3447447727412,19.612780550776,20.4015325086527,30.2342721332492,28843.2321125478,17849.1584125601,624.740709703827,0
641,2502,5.63052552912623,4393.11387153384,26.5075139101283,12.6798260117489,13.0187478377553,19.4995901613037,29288.9698667939,30571.2939842432,-107.754818967517,0
641,2503,6.08431883133342,4077.65612749533,25.4955367702963,13.2427591721842,13.6060806205084,20.3678719326529,33617.3861655,30347.8888667489,260.359790682798,0
641,2504,9.58138586620873,4750.49483170342,25.2862452692267,11.9401467564798,12.2303861017496,18.3541041522187,32168.5422523099,33835.9297302074,-1205.44094483706,0
641,2505,6.47328412076843,2714.63266957991,26.5564794737619,17.6980696172939,18.3533494452991,27.2670675650052,29587.5482066823,17413.1749821179,819.99484193041,0
642,2506,5.97492467496328,7089.27110749533,25.4955367702963,9.21991954474642,9.38024803728772,14.1550074676663,33602.1294843234,30338.3617973481,273.919121224897,0
642,2507,5.5851073260797,2472.07531591162,25.826928970121,18.8106878774163,19.5356416699459,28.9891038854061,35043.9855863427,15145.9841609432,41.2959943007666,0
642,2508,9.51956346884459,5532.04338970342,25.2862452692267,10.8027886568551,11.03509699194,16.5974227309091,32211.6235548969,33826.7993821755,-1202.61384534837,0
642,2509,7.61768440589933,1475.54294793028,27.7013787453461,28.1290121857534,29.6176159239497,43.4613972708785,30271.9886895824,19802.4144642353,1137.4250817749,0
643,2510,5.92201962883146,7526.61936349533,25.4955367702963,8.87672558420211,9.02245620741813,13.6257248954379,33581.6286450126,30347.3289458797,282.771440748262,0
643,2511,5.64012711299884,2116.86201391162,25.826928970121,21.051909837024,21.9404371033155,32.4643325306061,35052.6065864348,15149.7229434852,36.5024511588564,0
643,2512,7.48805735457948,1117.73057793028,27.7013787453461,35.0208321366417,37.1216977990526,54.1787239833232,30262.9788406669,19757.1757587668,1130.46417776298,0
643,2513,9.07905831667277,1586.13835894517,26.2055675511383,26.2150372727395,27.5175575085073,40.4806424131175,29445.8758135287,16880.8446196161,-1223.09270977234,0
644,2514,6.05806796275812,5427.78384949533,25.4955367702963,10.9515671783681,11.1924511891562,16.8274915366588,33618.4671959465,30357.3253633633,301.075647996864,0
644,2515,7.61721839993737,1325.10536793028,27.7013787453461,30.5916706792794,32.2943677246078,47.2896777558764,30283.1366489635,19766.0054344976,1140.01406527568,0
645,2516,5.71528624851258,6415.04129440006,25.7715506918225,9.84286567892625,10.0322893209597,15.116447097103,33188.5774246746,29408.2351392478,96.2296025217347,0
645,2517,6.20449705985244,2014.13471390529,26.9052266364962,22.0511349911931,23.0303117682722,34.0186286016342,29883.6124006981,17717.6281378632,689.639012848939,0
645,2518,7.40826399904738,2005.33432593028,27.7013787453461,22.2804139495381,23.288098476444,34.377403806539,30285.6743813231,19775.6765842651,1146.07564107867,0
645,2519,5.65139240013191,2180.74404686571,25.5447386143927,20.547125632083,21.3943197076702,31.6803752200745,26073.2239722512,22976.9941519539,6.83280920342619,0
646,2520,5.89704131907796,5576.04892840006,25.7715506918225,10.7782462153543,11.0121719431357,16.5603083381539,33197.5349336765,29402.8491377514,106.190050394735,0
646,2521,6.27656697042739,2319.52520390529,26.9052266364962,19.8783439923333,20.6933209684599,30.6479407678491,29896.2556537846,17709.9858384056,686.668995699552,0
646,2522,7.20911550699659,2142.01019685758,27.6219648778939,21.202719103649,22.1259952251771,32.7047309214841,30239.999247918,19751.3571458792,1190.43729083447,0
647,2523,5.75649043161059,5436.13977640006,25.7715506918225,10.958715535652,11.2015894460163,16.8389814689884,33186.9933094658,29386.7900319688,112.306669265008,0
647,2524,6.56319679415745,3263.88277182199,27.0006016510923,15.5944840299187,16.1135060249406,24.010036178935,29974.660021365,17692.4777675363,666.290943409227,0
647,2525,5.36285045012902,1048.51130889362,27.2779464993147,36.698423039854,38.9449703649583,56.7866232447516,33880.8391152186,16994.8049692359,-314.496626652518,0
647,2526,6.52898246015096,2521.7590662054,27.4992366486083,18.8012089649826,19.5445961603104,28.9796774518281,30924.8275843686,22476.92330228,385.896708451936,0
648,2527,5.7643858531892,3894.49598440006,25.7715506918225,13.6875436200695,14.0787127680352,21.0562796520301,33191.5748889697,29407.8643759721,104.485705439157,0
648,2528,6.00547980424053,4561.6750302054,27.4992366486083,12.4413759653855,12.7736980674427,19.1328289134597,30907.0789139335,22455.1544966342,361.671379699015,0
648,2529,10.3670694166487,6642.76744184711,25.7963303510779,9.62627750330318,9.80598292827276,14.7822807610155,22559.4017024112,33682.8583431603,-1086.56512399148,0
648,2530,6.41941813465512,3476.89621782199,27.0006016510923,14.9238611205666,15.4001883798606,22.9719002197849,29978.9185771839,17705.3593034753,706.864435078393,0
648,2531,5.33480190390806,2177.14557489362,27.2779464993147,20.8880039756392,21.7829962110981,32.2152650818368,33877.5127967625,17013.0151498193,-307.918781267308,0
648,2532,5.6072443484809,4201.89868749861,25.9582080670413,13.0181398406902,13.3721789165354,20.0215387026337,23684.3344089168,33679.5484690751,704.349680601364,0
649,2533,5.49893114055161,3991.80685240006,25.7715506918225,13.4602373163459,13.8381815828041,20.7047477184993,33197.0393057493,29413.7046523443,156.319815930445,0
649,2534,5.89028966410479,4307.7372762054,27.4992366486083,12.9313853936033,13.2915425617265,19.8904496939997,30896.0018969875,22459.4973837461,367.639463906378,0
649,2535,10.1037083654405,6662.34855584711,25.7963303510779,9.60814593986251,9.78703544297008,14.7543055310042,22578.4559788492,33679.7503378538,-1086.1884312415,0
649,2536,6.28475013245117,3211.10847582199,27.0006016510923,15.7730994428776,16.3036842833068,24.2865886365977,29980.0113910482,17694.5486354714,664.60803640611,0
649,2537,5.25799988219779,2048.07321489362,27.2779464993147,21.8520932861117,22.8208547161413,33.7111283200159,33869.7122516441,17009.5939634193,-270.340996017441,0
649,2538,5.12276348277898,3875.48014208762,25.9661450333888,13.7517880178265,14.1482729413149,21.1560692011298,23656.2514642105,33718.0165039386,746.845095526767,0
650,2539,5.68098063097576,4692.26259429824,25.8774206390849,12.0840914121855,12.3859747443758,18.5776198096787,33203.8423012632,29412.9233785261,100.856176689783,0
650,2540,6.33017099857483,3040.26140341802,27.1274951074325,16.4056654781821,16.9790410982225,25.2665056230359,29960.6013913028,17679.4930961938,676.953120066793,0
650,2541,5.39406547700651,2274.38084913895,27.4498838712517,20.2587829179209,21.1085671060872,31.2397911351854,33863.7709535698,17009.0977437344,-240.072194259386,0
650,2542,7.31194809828761,3430.30472964885,27.8070150937042,15.1507557276432,15.6483244599859,23.3250090103535,30267.620743956,19769.9212829699,1190.80732844401,0
650,2543,10.2381856032093,3622.14063004922,25.8305620520191,14.3878793342003,14.8212124402117,22.1397466536106,22602.8019250279,33686.7142669336,-1083.87307857598,0
650,2544,5.49119437548265,3953.14930264954,27.6012223214091,13.7186611932931,14.1258160186169,21.1083093825194,30944.8498581531,22502.0909574865,411.150664713656,0
651,2545,5.8929036738277,4293.87833229824,25.8774206390849,12.8228389141608,13.1652774859617,19.7194373086525,33192.0312838947,29394.7867846372,108.004304141615,0
651,2546,6.50976496457214,3506.28751141802,27.1274951074325,14.8505191990376,15.3233217027948,22.8586808662457,29958.1385383657,17697.4991877258,688.042122286968,0
651,2547,5.18321663672443,2562.74524113895,27.4498838712517,18.576346435923,19.3030510395014,28.6309326114733,33866.9662516826,17001.3705876972,-294.594229563154,0
651,2548,4.88686235741651,4770.0104773828,27.465798448271,12.0718856873431,12.383501364042,18.5616239800522,32245.4621173789,22709.2806555746,-520.651579227099,0
651,2549,4.88711216193615,5121.22050757852,27.5801067009958,11.5218177799617,11.8044393422633,17.7117629108123,32245.3925783858,22709.3237566264,-520.849155093473,0
652,2550,6.35683742328847,2841.47675341802,27.1274951074325,17.2095213926099,17.8371565046002,26.5117383071614,29976.2740364877,17695.505523945,671.622032707044,0
652,2551,5.29804090830566,2384.64300513895,27.4498838712517,19.5709407714168,20.3697585714827,30.1730132971239,33859.5602836676,17007.7275865179,-265.087993629734,0
652,2552,5.84816419372935,2182.68623229824,25.8774206390849,20.5948854308797,21.4499714230004,31.7556468785494,33214.278936829,29425.0267934379,123.080726002138,0
652,2553,6.1605400234305,3491.97116035434,24.9937711519336,14.6635749339279,15.1063322355181,22.5642896589217,36687.9831177086,15418.8013887763,609.099514529294,0
652,2554,5.51766732299308,2998.16510155473,27.7914972860407,16.6507799101667,17.2469382237547,25.6479242206175,32204.6726498638,22375.7832870605,-360.310962551328,0
653,2555,6.1578740726989,5086.85179435434,24.9937711519336,11.3919475986554,11.6518646674574,17.5067338410123,36710.0403363473,15439.647262742,595.324015243594,0
653,2556,5.78867668747394,3198.72358629824,25.8774206390849,15.6833997111354,16.1977747742225,24.1448401741794,33190.8456302225,29414.812082382,120.780166000697,0
653,2557,5.33028431442843,1914.10156713895,27.4498838712517,23.0167147414141,24.0789572484195,35.5193490938123,33854.2498809023,16999.0404648618,-252.813937872447,0
653,2558,6.45671857880162,2855.55136741802,27.1274951074325,17.1492372407202,17.7727523751447,26.4183396132672,29948.1416069059,17709.3790281981,672.890244510404,0
653,2559,5.74388687934248,1075.26652471137,27.8008761017329,36.1698217453666,38.3783402964782,55.9670870052443,32217.8542635006,22345.225205711,-469.758299373791,0
654,2560,6.17013045695954,5445.43507435434,24.9937711519336,10.8952174966222,11.1303232591957,16.7396542884011,36702.7237694167,15446.9023434521,581.994775438306,0
654,2561,5.78344943552476,3932.01317829824,25.8774206390849,13.6086903428763,13.9960885436783,20.9345572465917,33174.3577028951,29409.8723703108,123.339877008313,0
654,2562,6.42604226877285,3317.59076941802,27.1274951074325,15.4322553312757,15.9419715415444,23.7591849478378,29969.3876014794,17714.9631712091,650.640365639889,0
654,2563,5.35232529261635,2509.08990513895,27.4498838712517,18.8622146758939,19.6094482341792,29.0741053910467,33880.0432356199,16997.4281885699,-266.094453519971,0
654,2564,5.29963101000224,1689.17519671137,27.8008761017329,25.3773523464953,26.6357966161512,39.1864289567926,32232.7644358863,22360.2403407844,-358.283092044867,0
655,2565,6.08690422702436,4997.69054635434,24.9937711519336,11.5251851818324,11.7918996791187,17.7125260342518,36695.1255511254,15438.2142558029,621.190720980673,0
655,2566,5.78441542944363,3680.05776429824,25.8774206390849,14.2371592235361,14.6617949857768,21.9066763542368,33196.863571971,29411.3745182703,127.294259736494,0
655,2567,6.25313698004086,2974.20542941802,27.1274951074325,16.6618629137242,17.2523705803085,25.6633300565639,29975.3928707106,17709.7409118685,687.442232850381,0
655,2568,5.29372889029041,2852.07877713895,27.4498838712517,17.2068201499864,17.8375186588292,26.5084480343275,33887.7952873534,17014.7582739556,-290.908790337573,0
655,2569,5.94892453348108,1345.42795343996,27.7484216315509,30.2428797301482,31.9157390518849,46.7476031159272,32216.7364851665,22366.7670450353,-332.280016167304,0
656,2570,6.13656911522715,7371.91713835434,24.9937711519336,8.97043634441061,9.11783387760756,13.7696059663284,36701.3512011326,15449.6913547125,601.205388725206,0
656,2571,6.56140529302551,2443.35680341802,27.1274951074325,19.1772716654036,19.9436303427348,29.5615640412847,29964.7703819201,17682.7748248371,650.6261169949,0
656,2572,5.83745285503841,7377.68971956583,26.6842925084596,9.04489362281238,9.20302508428953,13.8865308580427,35031.4076083371,16744.4072283595,41.6011454697283,0
656,2573,8.52288619361888,2787.10715782476,26.2290031393632,17.3242937218701,17.9504796834948,26.6869959275595,25428.2652292929,31387.0166896749,-1380.21555052757,0
656,2574,5.28560269937073,1744.9632771679,27.430709576475,24.6726227285594,25.8676866572501,38.0903462150189,32645.544964046,23081.6440707459,-445.528245045279,0
657,2575,5.5485586787539,7236.28279956583,26.6842925084596,9.15701413686302,9.32003243082786,14.0594783360946,35049.8412908615,16757.4806088186,-7.66826852160047,0
657,2576,6.35943783445498,2661.78864541802,27.1274951074325,18.0304425756253,18.7149713728011,27.7838162883559,29968.2733679877,17673.1608675312,689.618498503907,0
657,2577,6.41731277432243,6183.04423198448,24.848612499309,10.026348326646,10.219365708575,15.3982528641591,36710.1490331697,15466.5091733509,577.881429728481,0
657,2578,8.79443458960195,2308.01963182476,26.2290031393632,19.8353126248624,20.6388834020576,30.5789370396269,25446.1414317596,31374.5290599954,-1446.46788767183,0
657,2579,5.61057272531894,2169.39187868258,27.7371519084232,21.025752322999,21.9369623324573,32.4305598162597,32205.83801826,22398.7592158364,-379.491358548762,0
658,2580,5.56667454117205,6954.30594756583,26.6842925084596,9.39238417611163,9.56582526768393,14.4225849726914,35074.3760912346,16756.6800410527,-17.7475124708748,0
658,2581,6.32157829158605,2323.79967541802,27.1274951074325,19.8890475658438,20.7074866289853,30.6652771093003,29974.4184981035,17690.429657915,700.024424562876,0
658,2582,5.61925857100339,1218.66161468258,27.7371519084232,32.6966057555174,34.5872985849933,50.5632972397543,32201.502101804,22378.4401715319,-340.422479559244,0
659,2583,5.42877400703256,8041.02473556583,26.6842925084596,8.5650038938182,8.70280248981869,13.1464543650868,35058.33681388,16753.7578181466,-40.590364347213,0
659,2584,6.47825906953736,2905.66051741802,27.1274951074325,16.9389638445465,17.5481720712944,26.0925790638212,29996.2479448838,17700.1443477001,697.201739672219,0
659,2585,6.63516218934137,2372.3734233412,26.4070929850782,19.4732603939971,20.2526250395038,30.0181522805295,27968.5907853587,22292.0958122538,574.100025107476,0
659,2586,5.68503629626121,2094.3396891679,27.430709576475,21.5225059255522,22.4678555637645,33.2002449867468,32695.5699287013,23083.6148133837,-432.486362612962,0
660,2587,5.51525305132926,9345.10755198183,26.5411226626826,7.79102766301043,7.89759981776543,11.9532731039577,35059.8244994086,16733.4222662464,-8.98892939584871,0
660,2588,6.13096194644139,2156.89536555029,26.4284484440403,20.8764827315908,21.7597588883583,32.1943989713166,27939.2295873942,22278.1252385681,589.923438316576,0
661,2589,5.46587640164656,6768.81443598183,26.5411226626826,9.54922794635027,9.72905682712455,14.6643941672336,35063.4682634688,16708.8454882323,-21.6012562026799,0
661,2590,6.14318931323469,2107.38091755029,26.4284484440403,21.2355919452751,22.145955283532,32.7514768701289,27947.6080076725,22276.3254568376,596.324770453565,0
661,2591,5.58654007887587,2363.13148630196,27.6593306704025,19.7347181316464,20.5480437417769,30.4276705743331,32193.5776472125,22379.4180091968,-318.463301819602,0
661,2592,6.38909212473051,2049.9142142288,26.4216738218819,21.6712948953298,22.6147225574523,33.4274290806391,31764.3652212868,26862.4904988386,214.431293803136,0
662,2593,5.3735010126666,6512.88909684527,26.496436017474,9.78630566555674,9.97675462528535,15.0301681175747,35077.6428754278,16544.5756657608,-55.6774457846873,0
662,2594,5.81211733477047,2139.2296442288,26.4216738218819,21.0015680137323,21.8941658256278,32.3884095279086,31754.3106222997,26866.7511695727,220.395937149214,0
662,2595,6.15178945481034,1799.19312555029,26.4284484440403,23.8828799631704,24.9992947570333,36.8599394716374,27915.2233985652,22265.2200148725,573.522788450925,0
663,2596,5.44929231338001,6998.20998084527,26.496436017474,9.34545853992458,9.51593877215157,14.3499482950775,35075.0917876431,16534.7269355489,-37.3845396243896,0
663,2597,5.93693414149443,2526.1824122288,26.4216738218819,18.6126871913634,19.3304923725374,28.6840984248698,31757.7723944122,26858.8194394643,191.633478579397,0
663,2598,6.05389912551196,2920.82312355029,26.4284484440403,16.7857594092769,17.3776535168427,25.8533332678271,27910.3729228293,22259.3654152912,603.410408048123,0
664,2599,5.42197257806211,6551.96322084527,26.496436017474,9.74870676201683,9.93742329385023,14.9721455870354,35062.7185938425,16536.1575454267,-36.2139283614207,0
664,2600,5.78523890452626,4280.52741758657,25.5573816586268,12.822247307093,13.1623147554029,19.7178780606442,26145.4943952279,21401.8969775896,69.7321525163284,0
664,2601,5.86836698419073,2729.3722622288,26.4216738218819,17.6109340922454,18.2587690658223,27.1316573393264,31787.0955692289,26869.2125034127,211.318238928758,0
664,2602,2.80055237126011,2092.44643127499,27.3800485774881,21.5273704507049,22.4724384900947,33.2076121567069,32457.9372171046,22715.33187526,543.526360815523,0
665,2603,5.30226641161401,6466.89880884527,26.496436017474,9.83106816975994,10.0235866724039,15.0992474281256,35053.8310174901,16540.70029769,-71.5457053089181,0
665,2604,5.72711622641483,4614.48801579772,25.5753225268426,12.1955374137822,12.5013658011397,18.7492729125114,26159.3819462669,21412.3988186673,87.6079771284092,0
665,2605,5.59328875922554,2284.3809842288,26.4216738218819,20.0175734035789,20.8368931558596,30.8622246748666,31777.4483223727,26874.0215509838,226.563014549912,0
665,2606,6.23107752411727,3212.09538558329,27.7032164193651,15.8511079246379,16.3931611396892,24.4091379384124,31167.219601261,17869.9185663863,63.9641332022414,0
666,2607,6.68221352029342,7125.17280149327,24.829691225438,9.15774075634771,9.31227634000768,14.0582422588317,37034.0113827063,16077.2253086709,781.719017155946,0
666,2608,5.60591329186338,7299.26134884527,26.496436017474,9.09783968968328,9.25743950130236,13.9679686165599,35057.7796197294,16542.7177291789,-71.2942435998951,0
666,2609,5.46692167618974,4110.13428158657,25.5573816586268,13.1776317970924,13.5377182304274,20.2673042933327,26125.2974532617,21394.9853000643,112.049475154201,0
666,2610,5.97268555378425,2148.6347462288,26.4216738218819,20.9340680389974,21.8215848659489,32.2837012863092,31751.0944832721,26838.2745969098,193.504798232686,0
666,2611,6.00276546671242,3672.59296758329,27.7032164193651,14.4402464697815,14.8921993347839,22.2250229257774,31174.2551345196,17930.7430950939,103.568278264273,0
666,2612,5.9861232879712,2404.49781529677,26.4546727503362,19.2923775491439,20.0592126374441,29.7378617527602,27886.6861255633,21599.0822320161,76.3750479549027,0
667,2613,5.70625229208679,4685.19224979395,26.5131051412991,12.1451864188186,12.454612243782,18.673204612617,33061.1682094758,15117.7581728009,34.4950299831796,0
667,2614,6.23231220365579,2917.2760682288,26.4216738218819,16.7992742530702,17.3920051494893,25.8742479794521,31739.4832800199,26854.5976421387,224.926357729996,0
667,2615,6.06463763911546,2300.42496529677,26.4546727503362,19.921553773214,20.7342218583536,30.7134352081537,27916.901977147,21607.5088605173,113.193197476007,0
668,2616,5.54993781495594,4820.34378579395,26.5131051412991,11.9172215966142,12.2143295177872,18.3209131574506,33077.4620048558,15120.9437912926,18.4961194075937,0
668,2617,5.84184354193078,2172.9073982288,26.4216738218819,20.7623797178959,21.6370083033812,32.0173824528374,31773.5414403251,26892.8381231569,184.760344172711,0
668,2618,5.97482018641004,2003.69069329677,26.4546727503362,22.0463503410002,23.0190194065532,34.00950858845,27953.3210488714,21629.5607677366,169.289016255219,0
669,2619,5.65508669217504,4401.16697979395,26.5131051412991,12.6646851693425,13.0027975547231,19.4761943144985,33090.2673110333,15113.3868223537,11.7076101237134,0
669,2620,5.8927610018258,1803.0247802288,26.4216738218819,23.8432424904552,24.95639371986,36.7983743511356,31756.4456755963,26877.2888193131,228.159039630716,0
669,2621,5.3616480755287,2344.26369248295,27.6890995300328,19.8553478907453,20.6779515349111,30.6148495844852,32205.2457838822,22398.5852835509,-350.709387629752,0
669,2622,5.84498241631397,3029.7476255998,26.0300334045081,16.3084864772039,16.864794750122,25.1130739946005,27288.2153420947,20425.7317583591,-17.4280901174697,0
669,2623,8.16324940572136,2506.47819529677,26.4546727503362,18.7228977137437,19.4489053003638,28.8550335821121,27595.5971526126,21454.9603660701,-365.983911956713,0
670,2624,5.75042021351897,4750.58723142383,26.3447669454014,12.0207183833396,12.3222951707857,18.4805447452279,33086.0386040267,15123.8535489349,16.0475296665192,0
670,2625,5.886982689737,3087.7873856949,26.4242400988836,16.1416834141174,16.6908992944531,24.8558314044632,31748.3941510037,26867.921862604,227.888113311805,0
670,2626,6.52688573061011,3702.36046921525,26.3772700445063,14.2286159487814,14.6568675388461,21.894597248301,27517.597663657,21510.613373924,-30.8453654956543,0
670,2627,5.63139081717166,2861.23387095767,27.6038307578688,17.1879370679378,17.8188769608769,26.4796143524947,32203.5330546132,22369.4572563394,-337.683257819134,0
670,2628,6.67122018440577,3970.42001273736,26.2271061297714,13.5517000092101,13.9384950434334,20.8471686016988,27427.7555408851,20505.8855748652,-132.802010171244,0
671,2629,5.66968813784462,3684.26451942383,26.3447669454014,14.2732276737589,14.7039125076014,21.9635449694417,33020.8512237937,15124.3011808098,53.6129278407818,0
671,2630,5.93550436086822,2258.6846936949,26.4242400988836,20.1836495948371,21.0152478553767,31.1197854230665,31775.6044926126,26864.8218424815,238.870130380553,0
671,2631,5.84539192281045,5046.27781942805,25.5423241959887,11.4914868936369,11.7599847525062,17.661444334317,34779.8660618194,26833.6288585637,158.421380215896,0
671,2632,5.42990777673038,3110.17743463127,27.2681611275839,16.1622902389674,16.7208518508548,24.8899438711918,32656.6355569474,23069.0615834416,-437.933065139201,0
671,2633,5.76838502355542,1933.18659519464,26.7077923062145,22.6929996014022,23.7194080532165,35.0140174772712,28269.8862353959,21534.5824114954,268.689239627967,0
672,2634,6.44499909785453,4326.5660784899,26.0816999428458,12.7749224075779,13.116151711769,19.6457689278954,32023.4382702674,14798.551568275,708.30795217499,0
672,2635,5.93527428747809,2595.8146496949,26.4242400988836,18.2535208868959,18.946026935297,28.1274308479321,31762.5793534192,26865.4351223588,193.438127566702,0
672,2636,5.80421352137016,4907.84440942805,25.5423241959887,11.7044358003543,11.9839852923281,17.9904060368299,34797.2657079228,26837.5522001496,184.996730416992,0
672,2637,6.34780283521501,1563.76652319464,26.7077923062145,26.6341749681898,27.9798128479761,41.1340435731898,28299.5121107293,21553.3664583212,256.116626216644,0
672,2638,8.59181606542073,3523.26420306126,25.9998222929115,14.6819689675026,15.1346786339599,22.5951831219384,28092.7309979231,17794.0553115406,-1258.99017502625,0
672,2639,5.43892640168777,2880.70178901901,27.5807552134705,17.1022496679089,17.7270829762665,26.3467891854118,32175.0672639443,22412.4117514835,-312.728755539467,0
672,2640,6.8661842142064,2356.40179235168,26.9592571792193,19.6605119939674,20.4601297212126,30.3103198830984,32656.7471986317,23950.1696820894,218.308288257383,0
673,2641,6.50634585140759,4932.1489224899,26.0816999428458,11.7057283969949,11.9888214411024,17.9933623040447,32035.2666585621,14775.7701916711,709.115313362637,0
673,2642,6.0521968094296,2788.2558116949,26.4242400988836,17.3461526550202,17.9758774051338,26.7214254475451,31748.7259873059,26842.9600260607,216.809954425119,0
673,2643,5.84823515008168,5534.48410942805,25.5423241959887,10.8162477924245,11.0507158343504,16.6186180830611,34757.0911119086,26842.0167169739,179.452889915538,0
673,2644,5.89303511728304,1787.33042319464,26.7077923062145,24.0654760379049,25.2006720230015,37.1445852896756,28255.8077445332,21543.2271355611,216.674399911933,0
673,2645,6.07489163660818,3872.14978875389,27.7015788010801,13.9238814456568,14.3441645905856,21.4260118449577,32906.4690434938,21171.922178513,372.624741679245,0
674,2646,5.98658215015406,4907.72420475389,27.7015788010801,11.8615746105476,12.1631904894136,18.236990736737,32931.5302520782,21177.2407187273,382.421420150943,0
674,2647,6.44108014166757,3600.8974824899,26.0816999428458,14.4721165336104,14.9126884880194,22.270664303264,32016.6578782002,14778.6370791635,763.97241344573,0
674,2648,5.80555329679504,4915.00285942805,25.5423241959887,11.6931638645971,11.9721246044537,17.9729922147719,34771.4374098504,26836.3181260687,186.258669965699,0
674,2649,5.81139753569798,2097.3662696949,26.4242400988836,21.3093433422388,22.2252409507427,32.865877895304,31759.3974242979,26868.160086725,249.491632618353,0
674,2650,5.84229964032519,1260.46850319464,26.7077923062145,31.4876507852195,33.2510375272259,48.6777277004669,28278.3997859153,21540.9151493843,229.525693873813,0
675,2651,6.20651310578565,3015.6666624899,26.0816999428458,16.368403105736,16.9291532568112,25.2059987557171,32019.6829412064,14791.3689769855,756.858007794206,0
675,2652,5.887412464325,4692.12176542805,25.5423241959887,12.0583812873683,12.3566288690408,18.5372681377956,34764.8906057951,26865.1044332552,183.586702236058,0
675,2653,6.23088287300532,4014.48180075389,27.7015788010801,13.5841236957259,13.983984465237,20.9003927988235,32856.9175135505,21130.8967119326,314.841782088748,0
675,2654,5.91830148091016,938.977007194639,26.7077923062145,39.876090188555,42.406533098766,61.7287298479712,28277.7033162227,21557.2883982414,228.579574972266,0
676,2655,5.95751137830624,3649.83464973985,27.7768757373666,14.5097030542837,14.9665624481276,22.3326764770655,32719.8288604186,21024.8838433461,128.754879833566,0
676,2656,5.82446086590503,4712.56189342805,25.5423241959887,12.0236123845264,12.320005245232,18.4835436626666,34765.269884649,26847.5466375041,169.004848635039,0
676,2657,6.3795443311851,2284.50719697484,26.0562949241828,19.9535316617493,20.7636090412306,30.7616619449236,31969.6215137906,14834.4684524854,737.058985680671,0
677,2658,5.46160132322983,4729.68371456648,26.1587945705028,12.0419139939982,12.3434054978582,18.5129604557469,33020.1178682596,27395.1591027421,-177.764809322629,0
677,2659,5.80959789655167,4672.32039142805,25.5423241959887,12.0923212757689,12.3923831001607,18.5897128082425,34773.9611998006,26845.6185348021,191.375609643933,0
677,2660,5.98822585260227,1197.60629919464,26.7077923062145,32.7860230785095,34.6648641886054,50.6968294230758,28280.9084899457,21547.9539138587,218.263612651675,0
678,2661,5.84233902958856,1292.11986519464,26.7077923062145,30.8797983453946,32.5896232317011,47.7325959704032,28275.7154735228,21524.9885470306,273.189093681354,0
678,2662,6.5785685194492,4198.6255988116,26.5915561880137,13.0800771182472,13.4422990104652,20.1185879308044,28909.4021966089,30459.5292008903,-296.344085421402,0
679,2663,6.45987177544674,5559.96577777016,27.199132938482,10.8890159950868,11.136583446973,16.7336051452095,30685.2268255542,17175.1848292082,765.815618987577,0
679,2664,5.9093844602773,1378.32962919464,26.7077923062145,29.359833693397,30.937192122736,45.3696692855487,28281.2625791763,21531.872689584,269.741652277218,0
680,2665,6.39649270974164,6086.5131179536,27.0681545260369,10.2564809635518,10.4720273084708,15.7566892316756,30670.8468308329,17160.8337821761,713.879277715945,0
680,2666,6.08149133503991,1247.29089704809,26.7432368887222,31.7615712584077,33.5498800733269,49.1038581425563,28266.0018271656,21509.5978037433,238.789913344179,0
680,2667,7.00351662022744,3277.4860008738,27.2924260651093,15.5824322143486,16.103293957291,23.992097799828,33669.2854695105,18059.6350365288,670.640479361202,0
681,2668,6.55723809558757,5979.6870179536,27.0681545260369,10.3752984814413,10.5966114511032,15.9401281005774,30683.5140153171,17163.8101083868,747.60017017552,0
681,2669,6.35267463798649,4188.32207789903,27.2631546148534,13.1598706039157,13.5315632387651,20.2433204026962,33661.3947081568,18020.1761377056,618.05935876252,0
681,2670,5.83162031789357,761.573545048086,26.7432368887222,47.4399283533591,50.6958461946721,73.5066604099692,28293.6464778257,21538.0495016995,285.771362628035,0
682,2671,6.41225831847784,6045.3465239536,27.0681545260369,10.3018313920103,10.5195726311489,15.8267027476872,30696.4319509405,17178.0333630675,769.81787123484,0
682,2672,5.99182642511527,1027.93396304809,26.7432368887222,37.0641885354982,39.3331487036526,57.3526097723433,28269.4514104192,21538.4458863138,314.136212564595,0
682,2673,5.48165265519679,4816.57255443396,27.5517123360276,12.0000647995854,12.3082925478458,18.4507697223947,33078.1558700105,18234.2326667893,-125.130651628644,0
683,2674,6.47134822704923,6652.8015779536,27.0681545260369,9.68298201392549,9.87143565271949,14.8714841225754,30679.1498186799,17157.1613349196,795.422188558118,0
683,2675,5.4604440123717,7634.14683665226,27.0916903191006,8.86881309780367,9.02110024573009,13.6154306187186,31348.9786902542,17239.7578804849,-447.298054563046,0
683,2676,5.84793134469992,1835.75953904809,26.7432368887222,23.594874790084,24.6929800384336,36.4141028088494,28288.3092091472,21504.8955537913,266.89694919822,0
684,2677,5.08658673731,2698.05087532863,27.3557164272554,17.8889390952681,18.565969631095,27.5651821801562,29747.7808815325,21934.1555799998,-0.82726949769523,0
684,2678,6.10239366139482,4371.6788879536,27.0681545260369,12.7678721172362,13.1156787291731,19.6367920544013,30792.85954554,17151.1511503102,853.855996107287,0
684,2679,6.28656366998263,2813.25852303098,26.2928865338861,17.2187313559857,17.8384162082744,26.5236438879794,27981.136100462,26829.1196684695,633.791385586879,0
685,2680,5.41624792996246,2409.15785932863,27.3557164272554,19.4108637382397,20.196858794885,29.9244842147302,29805.5851959154,21970.6070739636,-13.2541233605748,0
685,2681,10.4709705819994,4716.25144341255,27.5753102580647,12.1720032115728,12.4898318897141,18.716564558353,32355.2991581471,17814.2677685905,-976.590185073416,0
685,2682,5.91374211132453,1043.58686388994,26.0781309314874,36.3344311915495,38.5216942944101,56.2130406568223,26785.3979622298,26792.38408496,363.015638518724,0
686,2683,5.45644974389143,1908.06635932863,27.3557164272554,23.0514929283673,24.1151817216836,35.5729748326807,29822.6117224438,21946.9300464618,-38.0068836204638,0
687,2684,5.324403539503,1289.79653932863,27.3557164272554,31.1362694608021,32.8807471302909,48.1347306743824,29847.149506007,21959.6378083183,19.1448929905573,0
688,2685,6.45372356419446,3677.18826654293,26.9639021063987,14.3542383823056,14.7949249207877,22.0902856482867,29464.1786204158,23448.0515189207,84.3996200044351,0
688,2686,6.13547071159368,3273.98672332863,27.3557164272554,15.6012428368922,16.1238871296482,24.0213780869812,29792.6433575227,21986.8094058077,33.9266403226594,0
689,2687,5.79417900089013,2965.47455342052,26.9273382622144,16.6710146716431,17.2601791242501,25.6769666685612,29441.6664263505,23496.3863452559,64.8205233830703,0
690,2688,5.92361052083119,2488.24877032241,27.1182889973998,18.9249783658514,19.6730052609101,29.1703822390015,29425.0902947117,23496.9754589283,67.66269081753,0
691,2689,5.83066652176942,2055.73496282508,27.0820491433962,21.7539666192055,22.7125659510045,33.5581436325676,29427.3548275254,23499.0009645971,96.7594993168347,0
692,2690,5.83875341230768,2225.81973482508,27.0820491433962,20.5171063441561,21.3817118295497,31.6392350438699,29420.2824123872,23499.2147114216,114.725532378477,0
692,2691,11.5493999226125,3761.323340537,27.7762671850952,14.2116532957112,14.6500733409972,21.8714375407452,32345.3228207193,17777.2017736871,-882.690348400238,0
693,2692,5.86196847949719,1869.59178751487,27.119870182641,23.3554593212342,24.4399462996112,36.0439269468771,29447.6736482335,23503.2178837197,106.037881099697,0
693,2693,5.85481103218764,1407.46318542419,26.5401073268806,28.8362864918601,30.3655538012344,44.5550865241396,34896.7232130771,21890.9235734185,-17.4693981826972,0
693,2694,8.41441880619388,1976.99662651859,26.4888016455567,22.2734957647136,23.2641876041599,34.3621213311682,32704.8609065578,26190.053621428,77.2860331840023,0
694,2695,5.5439013012011,3170.42398055451,26.0939299747513,15.8067039677306,16.3310317991218,24.3362964335294,34038.4315755906,26097.7272080318,-146.168435497468,0
694,2696,5.66043378437583,5231.37373195609,26.4196126569982,11.2823180626183,11.5454567542671,17.3398392248585,34402.7382930873,15757.3586354839,-156.089506092857,0
694,2697,5.75516117874396,3094.4336033079,26.5092807853821,16.1277832130313,16.6769035991169,24.8345310893973,34907.8880844719,21888.7712241897,-14.629299818301,0
694,2698,5.81048178270877,1752.47954551487,27.119870182641,24.5207106790485,25.6987873907565,37.8531542934899,29446.0070394986,23488.5587123621,96.3194122521212,0
695,2699,5.73889685389368,7319.84662869684,25.7858323379024,9.04825576736228,9.20253742799066,13.8906107386709,35052.9175802711,24785.2870118773,81.9988067322228,0
695,2700,5.52333048395494,5525.41843121419,26.490315567708,10.8887088075065,11.1322525507398,16.7320238155417,34376.5391796467,15790.3603665993,-178.428124416119,0
695,2701,5.7495465548129,5183.9300933079,26.5092807853821,11.3564279389044,11.623934961189,17.454467739946,34904.6367592227,21896.7531302601,-44.4965866223022,0
695,2702,5.61961991146526,2496.42041632241,27.1182889973998,18.88021745402,19.6250238039126,29.1009890603241,29413.2131714684,23488.0307229073,104.831150895979,0
696,2703,5.93701060235916,4209.32336324792,26.5187906069708,13.0513109287876,13.4113547074925,20.0739615699333,28304.076368516,25472.6170652814,285.580363168849,0
696,2704,5.81811266010366,4649.20581342419,26.5401073268806,12.2099592656447,12.5230955283864,18.7733610356162,34900.6056611046,21898.0199580389,-41.5784509783851,0
696,2705,5.72313848136459,5892.86043189691,25.9807643334501,10.4101410118372,10.6273183339332,15.9923103348187,34999.0613914245,24388.7474066639,124.985121711845,0
696,2706,6.63583002445409,2521.82278826138,24.8796357654067,18.3952518938524,19.0798990173167,28.342181685825,22499.0345602451,24479.714111451,872.635848388902,0
696,2707,5.98844962087623,3536.80235261046,27.0329553895819,14.751885833402,15.2177237369486,22.7058059155557,29135.0997082738,23449.2090606623,15.1936334410025,0
696,2708,5.52290936784076,2195.50572521419,26.490315567708,20.6181042970439,21.4828186725339,31.7938387691811,34385.3157587493,15773.0640148129,-149.409647721748,0
697,2709,5.99683630301819,6491.19672189691,25.9807643334501,9.7797664126264,9.96735460775034,15.019368906615,34988.8632083292,24370.4340113713,104.549475252683,0
697,2710,5.94826208602097,6169.0429433079,26.5092807853821,10.1357803891609,10.3426546810372,15.5695652153627,34889.1740527054,21915.1662668332,-58.1779319850932,0
697,2711,5.56970068607718,2459.85241095583,27.3753001048453,19.1229987802314,19.8882541316728,29.4781967248719,34157.2137434299,18455.5176722452,-137.221159188791,0
697,2712,5.73181951195943,869.846454223518,26.8634162696073,42.5393480287734,45.3257352469482,65.8758890206967,28534.0868941247,23507.5408920644,-1.35047962105927,0
697,2713,6.67462196237699,2647.61293895819,24.8051004414642,17.7582201690333,18.3982969217808,27.3549385604824,22473.3662100312,24483.1228094642,907.948656218699,0
697,2714,6.28923861638275,1399.78488887752,26.9978022980047,29.0963526239721,30.6561150706949,44.9615565987417,29447.1220261125,17787.7721420724,637.21431599159,0
698,2715,5.45081392768926,1959.02522295583,27.3753001048453,22.6060230625474,23.6348459850976,34.8815719437029,34145.227045444,18423.4672822004,-176.527765782193,0
698,2716,5.73184360756227,4797.1315073079,26.5092807853821,11.9552757392349,12.2544034208963,18.3797110958834,34903.7606788938,21903.9909993404,-31.1489591803439,0
698,2717,5.94217244157411,5529.12306789691,25.9807643334501,10.8513331218733,11.0900820802946,16.6734974045087,34966.3979965242,24386.2230161351,177.767582575454,0
698,2718,6.500600239789,2028.73731887752,26.9978022980047,21.9515494396866,22.9242708690784,33.8644348368524,29443.4458038034,17781.9402239512,688.099737241225,0
698,2719,5.5079625214209,1955.39786422352,26.8634162696073,22.5327996769462,23.5488527060437,34.7659788248315,28499.0536516259,23496.916639737,28.5095919340904,0
699,2720,5.79037444778363,4751.34095589691,25.9807643334501,11.9918357505976,12.2894609527186,18.435250539322,34961.5024911585,24380.056086621,114.340211995161,0
699,2721,5.75309746598906,3368.14415237969,26.6494478997437,15.2177747671923,15.7095830181327,23.4259938417234,28877.8262586124,25327.0420800532,29.5320049161344,0
699,2722,6.32341970380706,4591.98596515225,27.8312125203029,12.4117479287,12.7445959328204,19.0876289855319,31825.3996746818,21615.1818381981,607.420336816757,0
699,2723,7.31683134330796,1061.98697628906,26.9064058754575,36.1699001149606,38.3598843964755,55.9620237895604,29391.1915926028,17902.4985777972,542.276292987444,0
699,2724,10.7664385846825,5015.11203763544,27.5048102434364,11.677948293017,11.9684463669827,17.9528890696525,30979.5578806289,22652.2236770204,470.01283219578,0
699,2725,7.88968484540911,1269.82912288167,26.9178584165468,31.3753065302462,33.1327501732642,48.5041482886575,28811.8510820028,18933.3123696207,238.477606555246,0
700,2726,6.02265250347927,7442.78659621085,26.1998845820201,8.97234043210735,9.12522150431337,13.7740384043184,31912.6356190045,32810.7119265486,530.064946163899,0
700,2727,5.61121038383059,2673.34769361601,26.7562626535503,17.9213491348621,18.594262761008,27.6136506573924,28854.6865319541,25338.8251980861,19.0545003293814,0
700,2728,5.77884434467344,1734.20829392586,28.0725809163345,24.9374793722211,26.16370965444,38.5043179423576,31062.2805777733,18573.8209753897,80.4266159529864,0
700,2729,6.24432126674287,3071.11031314758,25.8552641365745,16.1325682717378,16.6756805598005,24.8401997525678,36402.1537211458,20753.8764714706,702.878437599833,0
700,2730,6.0445792386109,4025.11053050144,25.9905285364661,13.4048000013266,13.7812289324204,20.6194845465259,35042.7250790643,24362.9857870765,244.985786645174,0
701,2731,6.34208979323172,6308.91028714758,25.8552641365745,9.95374368785626,10.1487052578637,15.2876724051283,36412.5151761348,20740.1239938523,728.399003190966,0
701,2732,6.05801932494411,3882.93269792586,28.0725809163345,13.9318119406022,14.3553966379335,21.4390588773516,31043.9243739842,18552.769097848,121.345987836126,0
701,2733,6.22311112766613,7635.4784557017,26.36441261204,8.83559149718394,8.98337424337266,13.5633395466901,32049.3569272113,32025.3968002731,-210.930161276381,0
701,2734,7.83190419971573,4252.7959787391,27.409369922082,13.0367007181247,13.4023007243455,20.0531325236829,31868.3866946019,16310.9255523153,1228.56092330176,0
701,2735,5.81159135791772,2199.54640761601,26.7562626535503,20.638183086415,21.5077775586693,31.8259150850503,28887.0450362473,25318.6417045762,0.481024504083177,0
701,2736,5.77053440899007,6766.39104467387,25.8885595051323,9.51808056124408,9.69338190091511,14.6154720079922,31925.2443950403,32820.4208587319,496.733145431839,0
701,2737,7.19823200689917,5794.54649054119,25.7427479853719,10.51005094029,10.7307310666033,16.1461863905166,33673.8086914969,31186.2691069078,732.280134146167,0
701,2738,10.7534631926825,4930.91533556942,27.5137216782411,11.8109411729045,12.1086509227419,18.158420227199,31169.632136663,17234.2296069247,45.9600247351123,0
702,2739,5.71980665725267,4055.55045992586,28.0725809163345,13.5229020663398,13.9218325189127,20.8064380423877,31079.8171403364,18583.9481625823,141.205392149374,0
702,2740,6.34134309562085,4441.19359114758,25.8552641365745,12.5340853716865,12.8603135804107,19.2730376908339,36413.2252330113,20728.8294236837,725.761185191888,0
702,2741,8.06133928747267,4366.80469675754,26.2647326830881,12.7109732955332,13.0499271336878,19.5472690835487,32591.9280269561,31452.9322053201,-1500.73950526281,0
702,2742,7.99936591285379,4275.6809927391,27.409369922082,12.989405450073,13.3522748071342,19.9799955861472,31873.2727493778,16307.3287050822,1212.46489827068,0
702,2743,5.5678968509161,1243.53320014852,27.0519344811771,31.943128941066,33.7534599654856,49.3878359541485,28984.0784186976,23793.0457396128,207.511268558179,0
702,2744,11.0735123926073,5163.44381756942,27.5137216782411,11.4547331118562,11.7334046379051,17.608001961974,31189.8241475675,17268.8724284532,23.7589015910979,0
703,2745,5.89427508949294,4863.61832192586,28.0725809163345,11.9600294852967,12.2693194456463,18.3897897913729,31064.8652439148,18561.6619917322,142.478739913215,0
703,2746,7.85690031050478,4290.7247507391,27.409369922082,12.9585618594418,13.3196540477709,19.9323003535743,31890.3443073189,16307.7206534655,1245.82694813826,0
703,2747,6.11837201587791,2483.96162335817,26.0919584240979,18.7878607311244,19.5142974996362,28.9545761904256,27325.6619727215,18909.2508246977,452.521021001387,0
703,2748,5.97573424629269,1365.93785686151,27.0197065919877,29.6632172722695,31.2724648198616,45.8428207220726,29042.670847016,23805.1265867152,205.909285173287,0
703,2749,11.0142638609576,5294.01394556942,27.5137216782411,11.2669360702352,11.5357418369578,17.3178619549622,31192.6315724574,17244.6081912487,38.8378139511266,0
704,2750,6.08188406975122,2339.22877735817,26.0919584240979,19.619820221041,20.4060052397079,30.2443383918942,27316.6907311608,18927.0165694923,483.019573156595,0
705,2751,7.68039449479136,4168.19625475754,26.2647326830881,13.1159831730851,13.4778614583726,20.1734465567945,32593.1596680591,31458.4042570357,-1523.57973091504,0
705,2752,6.07495090698957,2379.38217535817,26.0919584240979,19.379634492071,20.1484327051936,29.8719473285525,27328.7598063803,18910.1810452875,485.551541308943,0
705,2753,10.2240987085804,2108.49685594739,27.0789946112747,21.3498029108884,22.2773661515843,32.9310198253607,29302.3137519126,23805.5920996442,-998.4182497206,0
706,2754,10.6045706826168,1692.22417886194,27.0841217797218,25.1707079964761,26.4012399651938,38.8624460154218,29306.2820213026,23789.7227426337,-984.957275221845,0
707,2755,9.21815334863199,4487.87148058205,26.1718915757003,12.472362176356,12.7974012419283,19.1782441118651,32830.0364987743,31215.4799888896,-1233.82617192197,0
707,2756,4.8012878477842,4107.89791300142,25.4505017619405,13.1728349546607,13.5318338023486,20.2596630183225,33802.4623860305,31153.8362199057,662.914673844311,0
707,2757,10.4538102425914,1593.94746994739,27.0789946112747,26.3436513044255,27.671076603086,40.6843765229692,29323.4594903821,23811.4190390269,-990.963254448608,0
708,2758,9.09101591112327,4833.21713458205,26.1718915757003,11.8707720271037,12.163186967167,18.2485286835382,32849.8705095634,31217.1678053576,-1213.00122867814,0
708,2759,4.77875453918692,3753.04302373375,25.4073985703227,14.0004944736907,14.4071136769017,21.5395016701287,33801.5196366419,31150.3573316269,620.351313291541,0
709,2760,5.90482927293121,5011.75558857061,27.6296025680156,11.6918908856897,11.9838970325909,17.9746438532195,31528.2418931258,22628.1683154215,54.7728138482977,0
709,2761,9.03963267984624,3939.71041858205,26.1718915757003,13.6182445100831,14.0085062137349,20.9499688385415,32830.5271675451,31198.0963946724,-1217.40870101335,0
709,2762,8.4270668033003,3242.15510919964,28.2024105416871,15.8046933241215,16.3481422630378,24.3384856342182,31748.4249301518,20001.9727448424,-1409.06278641605,0
710,2763,9.04814594208833,4227.55430071182,26.5194623391601,13.0133249113863,13.3712027066246,20.0152278224329,32848.3167558751,31181.1377359012,-1247.18634454279,0
710,2764,6.15489509388828,3459.9410081758,26.9347611251678,14.9674390569128,15.4459409017572,23.0391944364426,28390.5036747208,22151.8406722387,603.591927358332,0
710,2765,5.70076403784743,3593.97665674814,27.5270265752415,14.6398889409725,15.1028371321893,22.5336007539959,31546.6257746382,22642.3643132032,41.3195050942594,0
710,2766,4.04659017264381,2982.41274047204,25.7307086490676,16.4512397765416,17.0139343129557,25.3333143583786,33781.870795233,31195.2242753391,784.565877781748,0
710,2767,5.84733074108002,1819.92291585991,27.040857498485,23.8149009768066,24.9349139035594,36.7568973409583,30992.2661882713,28204.0391128473,-64.2090699859739,0
711,2768,8.95325389931297,3105.90227671182,26.5194623391601,16.0872665906514,16.6338335677634,24.7718178343509,32845.1952560745,31198.5914591384,-1194.57532557006,0
711,2769,6.39145710164489,3971.4287801758,26.9347611251678,13.6146041849571,14.0105232469731,20.9459564066363,28397.8366094612,22159.370976983,576.043051415731,0
711,2770,9.77186388809531,4312.98213107459,20.5473027674806,12.3124609847934,12.5864329348604,18.9194269640206,38489.2469594665,12767.69945625,-1016.64980324189,0
711,2771,4.85638762453854,2319.80772437706,27.4962171584157,19.9757923761494,20.8050545363998,30.8010225187447,33719.0934949135,17199.1459289346,-320.137709639248,0
712,2772,6.2334789232299,3826.6518821758,26.9347611251678,13.9643296782715,14.3811133946876,21.4869529246719,28384.3287583043,22173.5505252955,534.555099442509,0
713,2773,6.52193914112675,2417.14838056083,26.4716818586129,19.2220749172812,19.984036176911,29.6289218621492,25243.6582622667,27481.5292201174,803.715688407647,0
713,2774,5.90552452907344,2745.63787019715,27.8905858593355,17.7404355533096,18.4126145498178,27.3365639470401,31093.4463518257,18895.0710308556,170.414097323793,0
713,2775,5.77633895511044,3166.2457931758,26.9410651713199,15.9221506625815,16.4618931279588,24.5172311572443,28502.4213154404,21809.4571879783,448.351147592632,0
714,2776,5.49778043716445,3769.47252237688,28.0764990372699,14.2193124542984,14.6605437240987,21.8839341492003,31865.8705433722,19391.0544737302,-167.416698978039,0
714,2777,6.40246538820846,3449.41889656083,26.4716818586129,14.9491166007288,15.4224678293755,23.009733535696,25256.4188770489,27467.8415932007,795.827946743167,0
714,2778,8.25653820353013,4693.84013253432,26.2536594668933,12.1103625835955,12.4161768243325,18.6189114952646,33638.5066601514,29610.8145706064,-1500.34788337253,0
714,2779,6.02271956325889,2909.64122262155,26.9987543437477,16.9057999351636,17.511481424812,26.0408508413495,28523.4798368366,21716.1692999861,387.575100481015,0
715,2780,5.36930716900276,3874.25020437688,28.0764990372699,13.9536106261281,14.3785526133723,21.4727952593791,31871.6640844539,19406.598599492,-148.282279548215,0
715,2781,6.25434008641717,3193.66284268293,26.4537554752231,15.7690128171403,16.2942863652455,24.2788712637684,25230.2976956844,27451.5953343527,824.970235370329,0
715,2782,5.85809413873134,2354.67378687855,27.0009626938242,19.6779025397489,20.4792915139232,30.3374240358401,28527.1181122114,21729.5639521267,367.970250800303,0
715,2783,10.7187684419329,3385.11581391307,27.0659314593276,15.2105719176725,15.7055821769063,23.4158519499102,30253.1442762972,24248.7500611876,-956.705601717678,0
716,2784,7.50973600396691,4778.74714549182,26.2564393713159,11.9668783665766,12.2649816102877,18.3971859264403,27565.609244578,35212.6904668635,1262.72673677625,0
716,2785,5.41534389140578,3690.88375437688,28.0764990372699,14.4275375134207,14.8816702520366,22.2061725651222,31855.4939926144,19394.2513362979,-161.972516958961,0
716,2786,6.53203619999913,2624.78748256083,26.4716818586129,18.1160917575612,18.7994994112381,27.9145915368287,25234.3941081961,27446.0645381066,758.297419025423,0
716,2787,6.00430199735166,2053.77694062155,26.9987543437477,21.7532206592253,22.7106584001988,33.5566811962013,28513.2304467419,21720.0765636712,381.90063242296,0
716,2788,3.56384022877816,2069.84770813806,26.9659700634705,21.6218934100781,22.5688045919126,33.352784146521,31037.262477126,24790.6345161923,-138.795007217448,0
717,2789,7.49206707156175,7697.56658749182,26.2564393713159,8.78565980632484,8.93087724529692,13.4862113243257,27561.8978014266,35216.5855945491,1238.30192528996,0
717,2790,5.47484698955176,3961.73747637688,28.0764990372699,13.7415018274713,14.153582051407,21.1446235429827,31883.0729412682,19391.8488201994,-162.453680675061,0
717,2791,7.46056899748123,4112.18104382079,24.6434503531971,13.0904025444609,13.438536523777,20.1305067746251,36977.4578959399,15663.4006249169,995.128802409612,0
717,2792,6.44084162218283,4557.39277456083,26.4716818586129,12.3685135154601,12.6898862684596,19.0182955067502,25276.0337201536,27525.7411735237,703.552919027051,0
717,2793,6.1148466753051,1677.43141889176,26.9412686709003,25.3043514271652,26.5436346203522,39.0693996682726,28505.330641875,21716.3424103126,395.480230514254,0
718,2794,7.62776656676687,8035.3962818783,26.2548296694097,8.55073105269095,8.68619045285553,13.1239626203184,27546.0668303273,35229.1313417766,1225.16868062955,0
718,2795,7.17977669579506,3583.33678382079,24.6434503531971,14.3692977330836,14.7912747518627,22.1081790339505,36982.2934336527,15642.9423327132,1020.90186422498,0
718,2796,5.40105782793162,3165.96012237688,28.0764990372699,16.0565847830887,16.6155702247713,24.7282802924759,31846.3156533088,19399.4588010924,-167.225033078099,0
718,2797,6.46857401171725,2885.15682856083,26.4716818586129,16.937764819804,17.5403018038062,26.088906327087,25255.2119912543,27510.0130628472,725.818754381096,0
718,2798,6.00760517891408,1385.08926687855,27.0009626938242,29.3372944733139,30.9179412089323,45.3360899923565,28528.2229710683,21725.915948763,407.59293137718,0
719,2799,7.53805786588552,7470.3633038783,26.2548296694097,8.95383828294929,9.10617027969466,13.7455697885224,27548.7272141351,35214.6054776397,1222.07029521637,0
719,2800,6.98139625285387,3903.0991443808,24.72198174829,13.5664312479313,13.9421448000751,20.8666601316559,36989.6570085812,15666.338751866,949.320096994527,0
719,2801,5.9252101231974,1374.63999689176,26.9412686709003,29.4926703061439,31.0857126756083,45.5773170698455,28503.2703352013,21729.2285386471,394.766377962613,0
719,2802,6.2950895575316,1686.72216856083,26.4716818586129,25.0843762220129,26.2983532511574,38.7257383838579,25238.9232750348,27476.1824473884,736.310022534789,0
720,2803,7.45417427416486,8528.9880678907,26.3062258318095,8.23873043639971,8.36180112645299,12.643030188618,27573.6062591372,35216.2873557204,1247.13891164354,0
720,2804,6.93415331260704,3704.19138462504,24.446885731639,14.0280228206788,14.4281612075271,21.5798472345635,36983.7935575447,15649.0610143138,1000.16870656325,0
720,2805,5.77331296808036,1208.42181491436,26.7885628447706,32.5820957732041,34.4442950000414,50.3801165346711,28505.7352052578,21721.7827813506,374.634377040456,0
720,2806,6.43500921403449,1875.53791442961,26.5227499293882,23.1716122742196,24.2329835141682,35.7561696549443,25226.9153784552,27441.6007325602,753.123131417189,0
721,2807,7.63562482800395,8463.3065358907,26.3062258318095,8.2787088149438,8.40337049116306,12.7046557711995,27555.4632554243,35223.8197916949,1226.88742888944,0
721,2808,6.00512963197835,5779.03691052962,26.2670955750672,10.5604092809921,10.7864425451594,16.2247369958087,27686.5868263834,35210.2464357175,1213.94959129772,0
721,2809,6.16225905174263,2429.09534642961,26.5227499293882,19.1619280191795,19.9201543173768,29.5358390201542,25241.5522870078,27450.0221234414,808.626694908385,0
721,2810,6.00282682808212,1046.92718291435,26.7885628447706,36.5394967388346,38.7610008808088,56.5364194350058,28497.7597822054,21706.524852514,408.420669187895,0
721,2811,6.57316360824235,2444.30744363353,27.1381259911409,19.1735541778933,19.9397655683123,29.5558339234258,28151.7841965293,33863.1405538541,-484.057081738623,0
722,2812,7.48359770362121,9438.1993218907,26.3062258318095,7.73497885747627,7.83860689584318,11.8666773293081,27564.6093233645,35216.9935932842,1223.78884191675,0
722,2813,6.40122080271923,2491.35933758998,26.5435789077072,18.8184973413567,19.5523362908588,29.003504919336,25254.4051129072,27469.7615200736,791.584802484474,0
722,2814,6.01971627620614,1417.77894491436,26.7885628447706,28.7471508821087,30.273164102592,44.4177718238883,28513.4326629489,21707.0903307407,393.940609087416,0
722,2815,5.46318563942368,2472.45667163353,27.1381259911409,19.015356496315,19.7701239955616,29.3105617476005,27940.8045446332,33092.0616235844,379.324751010374,0
723,2816,7.52269405054044,9089.50819336355,26.3005213868289,7.91771111051095,8.0282399855507,12.1482518726543,27547.4280418841,35215.1336588931,1222.74437226168,0
723,2817,6.31266022446005,3060.26889158998,26.5435789077072,16.2581077281325,16.8161108288312,25.0364370104448,25238.7765748655,27465.4613925177,775.355076236894,0
723,2818,6.00714413989555,1553.29656203214,26.8482886397579,26.8090308992346,28.1716085059257,41.4063399880115,28513.3751832557,21737.7960602436,398.683613796999,0
724,2819,6.22117704373429,2601.46731158998,26.5435789077072,18.2428724234049,18.9359557196969,28.1112926778674,25241.9439181517,27470.8789990089,804.680725486933,0
724,2820,5.89087171616233,2349.55848803214,26.8482886397579,19.6836918782697,20.4836846803937,30.3458994200762,28526.3854680378,21734.2962855263,392.518204637704,0
725,2821,6.36267491384667,2692.52279558998,26.5435789077072,17.7997159148475,18.4618890585407,27.4245343144844,25243.6412234229,27453.8492557572,820.247643805603,0
725,2822,8.55183440344412,4028.4264545219,26.0430243153518,13.4021246863446,13.7788014753652,20.6154583547399,23731.6032645335,31960.6796607477,-1371.67279706923,0
725,2823,6.01706975468851,1738.84358603214,26.8482886397579,24.6024892704171,25.7831094644961,37.9790142109205,28529.9077560935,21713.8175568626,396.793792260263,0
725,2824,7.73828538822329,1737.53727580284,25.7152070706184,24.3487978967789,25.4915346408878,37.5802760249299,27889.2747182118,17902.2529270262,1190.35037124327,0
726,2825,9.23422516967686,6202.71856900452,27.3551872027169,10.1472493246084,10.3589966609853,15.5884648261256,27300.6760188474,30996.4713639658,-1159.56653390823,0
726,2826,6.25785103808072,2904.98559158998,26.5435789077072,16.8654300360682,17.4638284792993,25.9770593073723,25256.6368784603,27454.6717224759,834.04156005853,0
726,2827,6.07306140214434,1356.82464203214,26.8482886397579,29.7654192923241,31.3804613200804,46.0008376485072,28523.5474699731,21719.8880914541,393.854520530265,0
726,2828,8.70901487323641,3872.2841405219,26.0430243153518,13.7668637414335,14.1648469713848,21.1795551548896,23702.5418222799,31940.8306321019,-1267.36436084533,0
727,2829,9.53579772140675,6335.35914100452,27.3551872027169,10.0089562489093,10.2140861139012,15.374984064419,27279.90518978,30972.3396699659,-1211.0372885071,0
727,2830,6.31149200123751,2827.98620642961,26.5227499293882,17.1863238793921,17.8061935708332,26.4740957778014,25247.7020098803,27418.980931428,828.781153008224,0
727,2831,6.00623742212805,1518.21750491436,26.7885628447706,27.2671033731423,28.667185994015,42.117774316169,28506.7277231121,21700.3541171982,395.421163404712,0
727,2832,5.28439851853961,4786.70199627355,27.6392350429674,12.0565197947669,12.3683949990516,18.5381784978774,28276.4729425498,30848.315277994,544.486615038776,0
728,2833,9.2940398459088,5763.40999900453,27.3551872027169,10.6449588426478,10.8811061092504,16.356930818196,27308.8378911161,30982.2478737948,-1185.10338800014,0
728,2834,6.34982555026865,3010.00555958998,26.5435789077072,16.4484194440039,17.0189881223332,25.3311666693922,25240.6329478207,27457.6561379315,773.537366701246,0
728,2835,5.79543509555884,1428.67345403214,26.8482886397579,28.5945549811004,30.1085220397665,44.1808969945862,28513.314306744,21727.9922204388,396.979855522564,0
728,2836,7.04272906468588,1401.88073040779,25.6244246052007,28.6482504782442,30.1448852336312,44.2582587594436,27848.2053318791,17898.066411132,1210.9178837542,0
728,2837,5.21444931123119,2332.47134725985,27.3684339680511,19.8753191600353,20.6956174431808,30.6447790458991,31003.99000607,32090.8492787731,49.913202009182,0
729,2838,9.18596240670546,5717.68402300453,27.3551872027169,10.7006199189008,10.9395517483847,16.4428870803218,27308.3983632917,30972.2399520291,-1193.51058325953,0
729,2839,5.67710549426434,2132.92012155699,27.4161040241899,21.2315356814549,22.1544017840608,32.7487202248119,30939.4200135081,32038.7614735615,-10.1426907831683,0
729,2840,6.33489917273772,3169.25353958998,26.5435789077072,15.8644230143083,16.3967077659099,24.4268259602981,25246.5633649604,27451.5478891023,814.110232090909,0
729,2841,5.75708210315842,1685.29353785462,26.847507633378,25.1919292138034,26.420546567906,38.8943931346241,28515.6016373707,21709.0951380768,420.832522644855,0
729,2842,5.67830778312352,3442.82965827355,27.6392350429674,15.0944859946936,15.5870399567773,23.2375079621627,28324.0263306753,30862.8414787433,626.909603589088,0
729,2843,8.44259936160831,3327.89903247117,26.3932336869529,15.3165347093714,15.8123125086792,23.5782375229402,33627.9560608113,15343.0614878624,27.4301518763526,0
730,2844,9.24798049575767,5591.93629465139,27.2300703111349,10.8500379689044,11.0958046747839,16.6734534360402,27295.7953813326,30967.7303087572,-1177.53837949891,0
730,2845,6.39538778356254,3024.27292999874,26.4213428804694,16.3784712139675,16.9432199264493,25.222509139718,25249.087026588,27460.7317275055,765.151801167119,0
730,2846,5.62589726689442,2394.69705372199,27.390501165655,19.5015637980405,20.2946006432055,30.0652397452757,30964.8312212078,32060.4275476201,38.4023688612756,0
730,2847,5.92352510227235,1493.71763445316,26.7044725585225,27.5872147858761,29.0129072731899,42.6147752557637,28529.9797291851,21717.1578672909,379.194556544966,0
730,2848,6.37206169431384,2662.19726052132,26.6462711873075,17.9590737023968,18.6334287107663,27.6717844478557,25250.600619158,27459.3431770101,765.915800581563,0
730,2849,6.74591460231259,3108.80495363392,24.6879903237325,15.85110824892,16.3646373207005,24.4012821042995,36998.675710821,16829.8874947796,590.646631625583,0
731,2850,6.52258228926765,7453.02804734683,24.8414781771471,8.9015386449387,9.04537289767775,13.6631748049625,36978.9156079271,16797.4756287741,615.760209756547,0
731,2851,6.213399680077,3255.70011199874,26.4213428804694,15.5551565239762,16.0663856789019,23.9476997657026,25255.6108091161,27467.2300067286,818.582750635884,0
731,2852,5.7305974682517,3729.38454972199,27.390501165655,14.2577261615238,14.6959299503286,21.9418916054549,30951.9654462115,32044.3683876782,5.35846528298593,0
731,2853,5.81987839090787,1647.70140045316,26.7044725585225,25.5917768925813,26.8509569277499,39.51479069555,28509.7972362892,21717.064167635,411.616893828397,0
731,2854,9.49222889560085,3677.48042665139,27.2300703111349,14.3800176714849,14.8244445367867,22.130770727895,27275.3076991034,30953.3759212513,-1173.24630013084,0
732,2855,6.29417735255545,5963.89569694837,24.7871070599069,10.2584451508186,10.4618636591012,15.7563429267151,36966.9140930763,16784.34290589,632.767732227636,0
732,2856,5.69770325955871,2679.98218985899,27.3418569763703,17.9732541630477,18.6560511277323,27.6958134825049,30979.7408661256,32070.4151202986,-10.7791895353822,0
732,2857,6.35863838273526,2572.38751399874,26.4213428804694,18.3720515962059,19.0728547036084,28.3111257839185,25225.2827339417,27456.1763667062,829.170388731539,0
732,2858,5.25847844360855,3075.18688747683,27.3241372470719,16.2982504400082,16.8663481563924,25.1006551029778,31311.1652591719,28319.4537716933,-495.102928298627,0
732,2859,5.70000288794197,1456.75800645316,26.7044725585225,28.1255829814916,29.5969733731013,43.4513695293464,28509.4948651559,21721.3305475926,455.597389873347,0
733,2860,5.87681037302902,5520.92934631539,25.359831222686,10.8217388350616,11.055408790282,16.6268014190951,33238.498725655,14159.8364856421,648.813738184867,0
733,2861,6.42689795629349,2756.30461399874,26.4213428804694,17.4883294078009,18.1277435968119,26.9416934536764,25248.4686928643,27472.8338362294,803.413923537271,0
733,2862,5.55122582699528,2341.46021172199,27.390501165655,19.823320173646,20.6400356348839,30.5642080835232,30957.4551486061,32044.017632685,35.206662943349,0
733,2863,5.38009936733022,2948.51536147683,27.3241372470719,16.7894745552368,17.3905000103555,25.8615344772317,31295.9322237535,28345.137725738,-548.654272900217,0
733,2864,5.86045298974248,1666.53825415836,26.6487084038557,25.3579499359213,26.5970554777859,39.1513785078929,28522.4871485207,21706.0627595754,402.151742624988,0
734,2865,6.12061380725649,3386.29226599874,26.4213428804694,15.1359548285479,15.6205798901417,23.2987913697275,25264.5251185701,27480.2900760382,782.357539639012,0
734,2866,5.60961841655856,2139.96636372199,27.390501165655,21.1752450839045,22.0934888225632,32.6612938025827,30962.6670898097,32062.6760172579,20.8766842933691,0
734,2867,5.79837276466544,1624.62018251695,26.7085065707885,25.8690494947131,27.1511480267756,39.9454810438953,28521.3646219931,21741.5133871059,395.549510435085,0
734,2868,5.11146594321558,1864.61073236873,27.1171064037631,23.4016170597388,24.4897355125934,36.1155725961119,31302.8479437484,28347.5339508366,-491.459348477905,0
734,2869,6.26595782187511,2870.27735371477,25.5906940568361,16.8817615145402,17.471481757461,25.9996639809579,32778.9062181784,14496.9565433841,391.879915423379,0
735,2870,6.32710491233097,2804.49750199874,26.4213428804694,17.2744217830656,17.8992292879045,26.6102881553459,25249.4026189587,27466.3799740276,775.459649833558,0
735,2871,5.83317050182167,1721.93105051695,26.7085065707885,24.7518336131181,25.9424381421236,38.2103378554489,28509.9486182942,21735.3742474267,413.069156254691,0
735,2872,6.42235988096967,2405.81462052132,26.6462711873075,19.3158731686022,20.0866724388705,29.7749140432109,25240.1970892817,27465.4753867426,786.901141868856,0
735,2873,5.33480610487212,2630.21246636873,27.1171064037631,18.183825242738,18.8790310338966,28.0215071976757,31347.884320212,28329.4708401717,-489.736873632609,0
735,2874,5.78232980032883,2163.93503585899,27.3418569763703,20.9933373162155,21.8971213769473,32.3789001186788,30960.469407829,32077.58891456,21.4985111523526,0
736,2875,6.27374998534309,2989.89034399874,26.4213428804694,16.5106770831675,17.0841715531737,25.4272567386533,25243.1555930675,27467.9958400143,793.436305716285,0
736,2876,5.35620791034157,3381.03992347683,27.3241372470719,15.2516064266884,15.7514790608097,23.4799937861611,31311.0804234899,28325.4305620773,-541.909573241697,0
736,2877,5.92101698088451,1604.88748015836,26.6487084038557,26.095810732686,27.395704790035,40.2974493768041,28540.4071000125,21718.0091928892,407.675084001753,0
737,2878,6.41875700098185,3806.15187799874,26.4213428804694,13.9662010522229,14.3790297130375,21.4887273089325,25240.638340855,27453.8423899658,808.85656753578,0
737,2879,5.83641496389444,2188.57388651695,26.7085065707885,20.7053398283808,21.5793635717716,31.9299181279258,28518.6949347991,21730.2499689519,403.493316318687,0
737,2880,5.46766545237478,3406.10163089206,27.2959580273747,15.1703972387975,15.6648475265656,23.3542110828598,31331.6694703837,28332.0077180007,-529.232982828929,0
737,2881,6.25810094539086,2212.44723832967,25.9546905795448,20.4063353780362,21.2484482556233,31.463498859255,25144.4082356043,24633.3694236688,278.255964198952,0
738,2882,5.65611296025866,5194.81937316735,26.6219944533273,11.3484100733014,11.6161820030429,17.442269796606,34858.4770274514,17221.3260353476,-105.640108394681,0
738,2883,6.41597951545983,2231.26171412775,26.8336293281024,20.436707327963,21.2922076905945,31.5136751228474,30106.1487493902,18165.5248969439,591.576755890441,0
738,2884,6.35980866887978,2680.13870599874,26.4213428804694,17.8407703284019,18.5044684256139,27.4877873896954,25250.6808889351,27448.2986231627,780.841359344883,0
738,2885,5.9879281072629,2613.29792422584,26.0174176159051,18.1055607423083,18.7831951184612,27.8968833019522,25142.5798888038,24588.682625595,155.156984317594,0
738,2886,5.78311783778624,1590.35032015836,26.6487084038557,26.2776743268755,27.5926536772202,40.5799552584263,28518.0539200665,21726.3164088898,368.708502425913,0
738,2887,7.27580129659134,4068.9612090282,25.8303029430176,13.2922926753073,13.6610109128008,20.4451694220821,36478.5691668109,21055.6765475571,1226.32660165082,0
739,2888,6.57340423909366,3639.33882547683,27.3241372470719,14.4931722624997,14.9453440133398,22.3060851574476,31329.2298805736,28366.2512162391,826.369848354585,0
739,2889,6.15781814521543,2948.70172399874,26.4213428804694,16.6727573211398,17.2570296134187,25.6782862484221,25236.1944519543,27442.120411231,788.079186036991,0
739,2890,5.72032164247575,2270.92578022584,26.0174176159051,20.0334058495436,20.8488490153191,30.8853866480726,25155.0398071419,24621.1370266605,230.827048764343,0
739,2891,5.33259574735362,5357.94015664978,26.5349317402519,11.1138364028202,11.3690271571515,17.0797896431652,34893.1571626714,17244.4830990893,-80.5938464429287,0
739,2892,6.11649601724393,1703.18951815836,26.6487084038557,24.943251017597,26.1484933352705,38.5073392703638,28509.5280368573,21720.2056743915,377.276131225355,0
739,2893,6.51778920572117,995.342981039443,26.7593165424872,38.0508244944414,40.4116553243938,58.8881245707438,30093.717421284,18145.9521237407,599.347042428774,0
740,2894,6.39360260098037,3663.75345001002,27.3588856279166,14.4299814713731,14.8785288890445,22.208374463543,31323.8456673949,28385.7742265773,833.716609462209,0
740,2895,6.30150705801487,2753.27414977523,26.3456294744647,17.4914282087697,18.1302527554847,26.9462736692902,25242.1460308962,27457.3256357395,812.051592365994,0
740,2896,6.07369809845858,1335.53691001043,26.5301600008575,30.0344949514552,31.6671154612763,46.4175076859399,28540.2581181683,21752.7239878477,397.155710518658,0
740,2897,5.38544945326172,1323.37892323473,26.9660706227647,30.3894137584395,32.0610260010927,46.9715042027103,31120.0513605709,24231.431617623,-447.841461042907,0
740,2898,5.83406019188608,1405.25141208159,25.9148816577657,28.6831952694655,30.1881148482307,44.3140376742154,25109.1284099609,24582.5308177866,187.809285168811,0
741,2899,6.32447238997538,3999.62792401002,27.3588856279166,13.5876283754983,13.9851473481864,20.9051113701723,31330.923437703,28376.3887516682,813.611968671853,0
741,2900,6.51690592233885,2701.53507577523,26.3456294744647,17.7291082282417,18.3842685905378,27.3145386119333,25238.3175608359,27456.5733497876,789.36203147426,0
741,2901,6.10839750911351,2056.68046793612,26.5219351606341,21.6381530897323,22.5803967383546,33.3763801189075,28503.0470320238,21692.5679752774,321.845357901103,0
741,2902,6.62072029266941,1736.42289777841,26.478512024415,24.5414414219139,25.7114870109008,37.8826585552912,30118.2053902194,18163.1445410921,614.467612192067,0
742,2903,6.5569016012421,3476.84081401002,27.3588856279166,14.9620726368358,15.4438518475975,23.0318839442346,31333.4015111332,28351.5416485063,841.202466519093,0
742,2904,6.06623337535993,2270.93565283162,26.4718683647758,20.1125235845168,20.9394625386119,31.0096442743194,28494.9177730267,21707.9576971499,384.88772304086,0
742,2905,6.2719512393384,2514.11584177523,26.3456294744647,18.665077810444,19.3857297892131,28.7650655862022,25239.5395395362,27455.7941035899,811.225138287284,0
742,2906,6.69177060144269,2692.65178334956,27.0110198884335,17.8657430701323,18.5375053121718,27.528229525012,31322.0615418191,28353.2872279242,848.752294894254,0
742,2907,6.24938412220793,1627.71726577892,26.4121320193502,25.7564127705665,27.0244668469183,39.7692097505872,30073.5365974941,18147.362435013,522.5083226438,0
743,2908,6.33327268082441,2535.50000434298,26.3240218577183,18.5485344235885,19.2606873404436,28.5843564191541,25242.6967459545,27433.0170255738,799.228607956685,0
743,2909,6.00221629092277,1642.55589883162,26.4718683647758,25.5943851403754,26.8500794195649,39.517816920432,28500.552456888,21705.4231166275,400.701927786226,0
743,2910,5.95774090178536,1847.47359679509,26.972050747501,23.5326504911322,24.6291196513094,36.3184200804277,27789.5901444504,27446.3051076399,452.100832153092,0
743,2911,6.35758622033602,1466.69250177841,26.478512024415,27.9138534650282,29.3633344778623,43.1212605583805,30113.626143562,18150.3044729416,613.594212385019,0
743,2912,6.47298536684627,2380.56274201002,27.3588856279166,19.5805457104703,20.3790079840348,30.1876153103486,31343.8720100897,28403.99581174,831.768472979188,0
744,2913,5.92324607685286,2800.36240879509,26.972050747501,17.3676871080335,18.0045737171337,26.7563564824999,27794.3411536497,27497.3783113376,455.303398688955,0
744,2914,6.41759929269142,2473.58491834298,26.3240218577183,18.8812220840623,19.6170023214093,29.1000386399374,25243.2273640287,27420.3694480045,808.108015092296,0
744,2915,5.97680149519938,1707.06176993612,26.5219351606341,24.8699888784329,26.0673109592196,38.3930248179471,28612.9036097447,21742.9355832942,147.021533910552,0
744,2916,6.26879474950026,2586.03179577841,26.478512024415,18.3110943577982,19.0082481589273,28.2168264876947,30120.841368175,18158.5329841856,589.755520281512,0
744,2917,5.62427648442819,5119.4242433643,26.2570444516707,11.4331637985125,11.7031096822642,17.5725825765719,35257.4586127062,17435.2806383363,3.57187459191261,0
745,2918,5.70297041178591,7717.67173086728,26.3034097281183,8.77325639668039,8.91815283538734,13.467139656919,35280.6814505105,17455.7068721898,-10.8313722676037,0
745,2919,6.10762297119028,1816.04280221038,26.553154554199,23.7443684656421,24.8515896920714,36.6454141482883,28563.1217615282,22701.0350865805,251.137267515313,0
745,2920,6.18543217552381,2428.39064977523,26.3456294744647,19.1374232803667,19.8918035551533,29.4972749540983,25242.8478680733,27458.6925412534,806.392277038765,0
745,2921,7.56484248971187,4092.74755087763,25.5243284411677,13.2123898175184,13.5742017226099,20.320976249448,32027.6659378003,14753.9606149488,1042.78132833689,0
745,2922,5.64873370544494,2663.41102830096,26.1839345819893,17.8861622987501,18.5504177410068,27.5574124156464,26517.5607804723,24529.3127646086,-1.25052259754167,0
745,2923,6.57342857572915,1932.05782977841,26.478512024415,22.6550862303252,23.6753044885322,34.9542827007807,30108.9754868588,18154.0315513328,613.435715816399,0
746,2924,5.55705379479509,8050.59472086728,26.3034097281183,8.54261053675511,8.67793573905168,13.1114974285818,35285.4781770582,17450.4478183706,-9.57886964061192,0
746,2925,5.19380161722238,4393.54568187297,27.4535961719082,12.7564269055337,13.1062476155829,19.6198306882333,31066.9597023325,31298.0592956048,-256.039338898684,0
746,2926,7.55153586718421,4113.47401687763,25.5243284411677,13.1674396105867,13.5266950990276,20.251476331532,32046.7812653965,14739.8922555497,1059.26846920556,0
746,2927,6.39414859531009,2604.24623377523,26.3456294744647,18.1994848293007,18.8873304669097,28.043445673315,25252.4877686865,27454.6854617124,801.555388517606,0
746,2928,6.09555069474441,1850.91404577841,26.478512024415,23.3920087195048,24.4701483590132,36.0981086155328,30140.2796556419,18160.3087897452,576.413007503902,0
746,2929,5.80290827449964,1418.73270059263,26.5515250512395,28.6619736146952,30.1764996467744,44.2842280815531,28524.3243323925,22653.8070704753,221.816837947369,0
747,2930,5.54183979200612,6586.37231886728,26.3034097281183,9.70578498776279,9.89158733975419,14.9056497856753,35280.894411687,17461.8434169028,-4.84860812138227,0
747,2931,6.25975628141221,2569.04868577523,26.3456294744647,18.3777232113,19.0780752830878,28.3196817710237,25244.0229888091,27457.0034474016,734.746743249697,0
747,2932,6.31887787444259,1942.80651777841,26.478512024415,22.5618032599297,23.5747478816612,34.8095084499715,30100.0096168266,18163.5036360577,580.196705345682,0
747,2933,5.78324972088242,4537.35440250905,27.6559338002904,12.4984464524519,12.8350160055789,19.2213449124401,29500.2664799429,30131.1521340076,-300.916190946871,0
748,2934,5.58863775055528,8027.57755086728,26.3034097281183,8.55802322832166,8.69398104286516,13.1352609666984,35279.9484351676,17449.7145174221,-13.4259976584052,0
748,2935,5.49942418548058,4532.50868250905,27.6559338002904,12.507438961247,12.8445152439078,19.2352474253161,29518.8791717032,30133.6884369102,-314.316151822151,0
748,2936,6.24032426638801,2446.67222977523,26.3456294744647,19.0341280283259,19.7810947516413,29.3371406978655,25238.3935207699,27459.6717408047,773.190295917954,0
748,2937,6.38373194538575,2177.27328777841,26.478512024415,20.7422361928939,21.6160868103147,31.9863388751424,30100.754495546,18158.4833083606,589.974720673408,0
749,2938,5.55795860739704,7826.65637886728,26.3034097281183,8.69588450974961,8.83754536460716,13.3478299719647,35300.6173926925,17464.6529881936,-35.2283104365283,0
749,2939,6.14920065854493,2648.21012977523,26.3456294744647,17.9829893475234,18.6557331579121,27.7079428988027,25246.4054520843,27462.1408389472,792.659754121074,0
749,2940,6.09863784307854,3142.93043676408,26.6818925311073,15.9738187929244,16.5145141421459,24.596570772767,33411.9810222827,30190.3552713481,196.097814641514,0
750,2941,5.79287742779584,5792.03766353506,26.7720895260385,10.5755102770968,10.805052093132,16.2488178194842,33445.8518476301,30171.61943606,181.528109216697,0
750,2942,5.36369501396547,8773.26837302219,26.2331669036289,8.09178937593439,8.20879596084127,12.4164644465655,35273.7788893673,17441.9627531739,-28.4770858952494,0
750,2943,6.36865624288583,3028.7081381769,26.4676281920419,16.3674192289036,16.9318900896144,25.2055177435139,25248.6669668212,27447.118018906,826.660856370334,0
750,2944,5.74016569787696,9163.99972068703,26.1189868708666,7.8710080863305,7.97909293374899,12.0760979927837,33797.8993021939,15974.7061487378,-291.587583588974,0
750,2945,5.81925155375578,4471.69191774212,27.7780772329544,12.6314835702988,12.9763970086629,19.4272552095385,30734.0254218262,28639.4256332892,327.140336834662,0
751,2946,5.32605585674765,8013.66984468703,26.1189868708666,8.55956688456519,8.69483006783392,13.1374310407707,33767.2894606342,15956.819218808,-266.632397620571,0
751,2947,6.28112717475562,2561.8450421769,26.4676281920419,18.4332537105974,19.1388894334841,28.4061259539002,25254.6764182741,27450.8946796098,771.291507489031,0
751,2948,5.66429073188177,7335.77481947469,26.6145638169118,9.07450019487601,9.23360960437102,13.9321129375477,33897.9790110292,28869.7895960937,208.248828613098,0
751,2949,6.16858706287947,6843.44215008337,25.3873081044776,9.42392633269487,9.5926331170312,14.4695487084898,35370.3039459797,29061.7311034971,737.747076417753,0
751,2950,5.4206719263488,6430.42883102218,26.2331669036289,9.85275814615488,10.0449671002704,15.1323573647728,35292.9559369131,17432.7139941502,-100.647828413181,0
752,2951,6.34139841064842,9179.56376208337,25.3873081044776,7.83590164971014,7.93997475845073,12.0212573166311,35384.3281533083,29063.7956066311,728.233120251334,0
752,2952,5.67055025125996,8540.77322747469,26.6145638169118,8.24372780715537,8.3681886739713,12.6510635986491,33897.9092615669,28837.6435021964,179.163026482761,0
752,2953,5.53542608606878,6005.55942468703,26.1189868708666,10.2910988203917,10.5033165556392,15.8087504866267,33793.8806828915,15967.0004139547,-236.419352158699,0
752,2954,6.25186296088522,2759.8587821769,26.4676281920419,17.4787657894297,18.1180136056141,26.9270106908957,25220.6658673285,27459.6039072114,800.277214883786,0
753,2955,5.71710136247731,10241.8155863429,25.7739594977697,7.33718783755378,7.42452253755448,11.2533624733214,34889.9017825434,29248.9184551821,384.682699921061,0
753,2956,5.26606945950449,4341.80348868703,26.1189868708666,12.7479058397366,13.0878890376686,19.6040771937777,33806.7375749986,15947.2557654877,-245.151878092353,0
753,2957,6.44386655485365,3355.9484201769,26.4676281920419,15.235883278254,15.7272224234303,23.4535793853455,25264.4190936168,27463.1452818684,755.332324175985,0
753,2958,5.94361504515222,9800.68245347469,26.6145638169118,7.56709322148443,7.66554780576491,11.6083034474717,33935.9809794876,28855.3776257772,199.534224898339,0
754,2959,5.97566323136271,6008.15407434293,25.7739594977697,10.2680141479907,10.4772808502422,15.7726046703444,34873.5250505945,29261.4755008059,362.487149998336,0
754,2960,6.36049496691057,3376.6308341769,26.4676281920419,15.1710908577921,15.6583392511338,23.3532890003455,25226.9499188178,27450.5772888864,794.252820710852,0
754,2961,5.20709492220962,1738.71197414792,26.4377851524395,24.5074761919198,25.6741559694968,37.829745881757,33373.8224509577,16553.3704739364,-356.813690759397,0
754,2962,8.4955365592918,2180.68453731039,26.2946604912861,20.6849841810884,21.5521860964357,31.8968823297756,32202.8219731782,33566.8279469275,-1317.57941661748,0
755,2963,5.74600822959156,7292.62229034292,25.7739594977697,9.0691076595105,9.22422778316651,13.9227556318584,34885.1687290414,29262.3571157989,373.163111926174,0
755,2964,6.36322123307967,3404.4716981769,26.4676281920419,15.0850014601972,15.5668312073845,23.220038213527,25231.2481382274,27461.4413916634,750.105283229727,0
755,2965,5.47109463545592,3614.67541043029,26.7299125162708,14.5008156179474,14.9485746474972,22.3165676051982,33706.5425178773,24292.2859848996,-417.785618986202,0
755,2966,5.22716095042805,4907.49867432481,27.8650921163347,11.8736306893172,12.1769127089716,18.2559018032351,29274.1904070703,29272.3613381771,-372.650981734034,0
755,2967,5.2876659431589,1082.88782414792,26.4377851524395,35.4185922917506,37.5298310244456,54.7903074917816,33346.7841310569,16551.358836308,-372.113649833601,0
755,2968,8.02924396643207,2157.46913331039,26.2946604912861,20.8477417754281,21.7271242279778,32.1493376165102,32206.6500869224,33543.0770113038,-1350.28729515786,0
756,2969,5.86946231892163,7154.87168634292,25.7739594977697,9.1796097127224,9.33948608507093,14.0931901281776,34871.6323827801,29256.7077352078,378.383830936672,0
756,2970,6.36780319701097,3934.8137261769,26.4676281920419,13.6574174900689,14.052279613772,21.0111899850832,25250.3738113021,27470.5845535917,808.903812342737,0
756,2971,5.29753699113022,4035.41160325721,26.3632598856067,13.4155564907342,13.7954557079844,20.6369035659455,33441.3070414874,16337.6361261123,-240.183779090581,0
756,2972,5.35622099230076,5268.54167243029,26.7299125162708,11.2506757014138,11.5140369459324,17.2914731303956,33705.9060769658,24275.5867899934,-421.781175002934,0
756,2973,8.67778231792857,2027.40560331039,26.2946604912861,21.8236090078529,22.7769686846392,33.6632812500629,32166.6856451771,33519.6874568733,-1330.89915774131,0
756,2974,5.82618147388635,5442.96669752006,26.6508895332642,11.0069864569301,11.2574188879963,16.914945769779,34542.0543282216,22623.8175945859,-82.3055271814593,0
757,2975,5.94392758987856,6431.05327434292,25.7739594977697,9.8272366420893,10.0159564329939,15.0923329009822,34898.434269952,29269.7811763795,347.697865639721,0
757,2976,5.99858112773848,7846.97926742516,26.942174473253,8.70917316780423,8.85404703397835,13.3690573281683,34282.1005905575,21376.951153961,-196.841806526328,0
757,2977,8.05842740095602,9712.10464749134,26.7206332872735,7.61331303443936,7.71384081407646,11.6796151055842,34512.3008900252,22450.2654099015,-120.551732491568,0
757,2978,5.43718887893905,5777.5405064303,26.7299125162708,10.5902720435869,10.8203113355944,16.2715475583995,33694.1111935068,24269.7379129364,-382.160407051191,0
757,2979,8.35774315132068,2430.72368931039,26.2946604912861,19.115949379094,19.8681862281863,29.463818861905,32214.0417510366,33537.7759646049,-1282.67425086462,0
758,2980,6.00725909436688,6946.74801234292,25.7739594977697,9.35376228509377,9.52123358156256,14.3618241381594,34879.6819217465,29264.5894085949,364.686396564346,0
758,2981,6.52324426958568,7048.77905342516,26.942174473253,9.32418019490148,9.49575452887303,14.3176855311364,34294.0983394142,21421.8630771774,-189.814423577619,0
758,2982,7.53134553083739,8847.03349749134,26.7206332872735,8.06804980087917,8.18595660850635,12.3803818305047,34534.786351349,22484.9918541668,-134.249950071401,0
758,2983,5.5963479573515,6012.82223843029,26.7299125162708,10.3185308578868,10.5353091847408,15.851994505597,33717.7373745104,24260.3177297527,-460.023795770462,0
758,2984,8.17370943041692,2291.67676774865,25.1099718294984,19.7434512630324,20.5263089656499,30.4326349509518,22634.2719546913,22516.2214388562,-1511.97893214633,0
758,2985,7.99015238243611,2585.85280731039,26.2946604912861,18.2844154868417,18.9776419904757,28.1749128702062,32212.3126709194,33548.790272731,-1299.52442363226,0
759,2986,5.97967863989816,6023.16629168024,25.6416167568508,10.2436863247995,10.4510879095393,15.7348563928594,35057.6142361937,29289.6786999751,571.655671950607,0
759,2987,7.23573183364408,6375.37210581163,26.4190422674801,9.91761977777806,10.1137724343271,15.232715721616,35174.4328971915,22020.729197241,1005.3917694849,0
759,2988,5.60157991867085,4879.78277243029,26.7299125162708,11.8363836107144,12.1305465989441,18.1963805987683,33720.9942901859,24256.8522132257,-461.736798543765,0
759,2989,8.58092178666521,2282.84112531039,26.2946604912861,20.0054368025259,20.8222897717086,30.8429696802046,32199.2062859209,33498.97041324,-1412.66516850121,0
760,2990,7.13241895495391,6460.38892408347,26.4273790338744,9.83374794159957,10.0260475668305,15.1032881726419,35189.9839405001,22053.7951327174,1048.41162639615,0
760,2991,5.66038408052817,1677.30889358119,26.6654813566085,25.2384118159761,26.4679960159302,38.9657986706557,31281.2236251044,18175.2253869639,71.1822129924918,0
760,2992,8.26212018893367,3679.71280645365,26.4031992339264,14.2912208341033,14.7234776519121,21.9915162256889,32198.5611221717,33513.7749956058,-1368.49615370826,0
760,2993,5.52896377403667,3824.82993889868,26.8489147395454,13.9606622377412,14.3765502108183,21.4810931878089,33636.2459621684,24423.0603732152,-386.553096118312,0
760,2994,6.0257017283291,2633.36723466613,25.5612089248162,17.9393352309749,18.6003540353567,27.6379007898366,35449.4512346234,28203.9581984887,591.938952073746,0
761,2995,7.04091943707657,5873.22632344352,26.4455178258319,10.4605287077978,10.6826695076832,16.0707982678238,35199.1782615871,22033.6492477349,1061.64398302822,0
761,2996,6.45186704314893,5674.3801076864,27.8620089783025,10.7849468821048,11.0308829521775,16.5738806696113,31872.3993992223,30521.0116457056,745.773220697911,0
761,2997,5.36198210889405,3859.01617036705,26.834374317601,13.8745819797919,14.2851949020101,21.3478957195856,33619.967881613,24603.206451745,-463.509520651778,0
761,2998,8.48276832966791,3587.26968445365,26.4031992339264,14.5432568741287,14.9908911105251,22.3814887589113,32173.7196067685,33504.4332932016,-1375.62073281238,0
762,2999,6.48636987602208,6159.7230176864,27.8620089783025,10.2213801442837,10.4392717169489,15.703616908766,31844.4019457974,30491.8644809186,740.521883587539,0
762,3000,5.34757527470942,4050.50660098145,26.9834759098206,13.4374768811966,13.8233258635363,20.6720919448701,33075.6673703638,24653.8891380494,-507.268486413642,0
762,3001,8.12844140304118,3618.32634445365,26.4031992339264,14.4572870121843,14.8996566348677,22.2484632441821,32180.9016924411,33512.8827206204,-1343.81664665893,0
762,3002,6.38273365118714,1480.57525148136,26.781411734382,27.79740224244,29.2422137595303,42.9417492560165,30612.4677307657,19317.9418321008,198.304794295613,0
762,3003,4.51836148355146,3552.0449224983,25.5828656210381,14.5559392336277,14.9973424377797,22.3991823013734,22991.3141018724,23591.9288347137,15.0339885342567,0
763,3004,6.39119258856382,6347.5166936864,27.8620089783025,10.0237889038755,10.232124142049,15.3985707698369,31871.3980056193,30517.0636989734,784.792196718889,0
763,3005,7.93266023290023,3941.27155645365,26.4031992339264,13.6361759924609,14.02928804401,20.9781980703414,32172.0258405145,33546.6822077694,-1343.15812776034,0
763,3006,5.68578516653825,1665.08705348136,26.781411734382,25.4074390016491,26.6526863833818,39.2288183083941,30651.4440530376,19346.7551123151,235.902344197738,0
764,3007,6.41352585331471,6400.2249116864,27.8620089783025,9.97016457403539,10.1759316002625,15.3157911568683,31850.20690496,30494.8918089954,774.926837510582,0
764,3008,8.41357839328193,3687.86991495734,25.8162465514315,14.2103192733382,14.632832993753,21.8650136941121,36155.1861284021,21716.646407306,-1342.49380564499,0
764,3009,8.01500824485161,3128.46810445365,26.4031992339264,15.9918650450926,16.531105049332,24.6237894061395,32177.0618388257,33508.4763380137,-1443.75902001652,0
764,3010,5.74348208528153,1229.45682548136,26.781411734382,32.1378983493008,33.9603599829978,49.6892767114828,30638.0835266376,19267.7088434043,191.027152634148,0
765,3011,6.16892827026934,8659.97564613595,27.9358549978422,8.22301790209526,8.35162264198047,12.6205162699574,31831.8751130093,30484.3768155758,737.199073175451,0
765,3012,4.60465402788429,6783.28682483564,27.37786075093,9.57833237264152,9.76342699911753,14.7103936268083,31954.2697387055,30103.4048061585,-1070.81119304474,0
765,3013,8.26820300642609,3675.13888695734,25.8162465514315,14.2439804533163,14.6685156633568,21.917088402958,36197.5925168195,21698.7925501819,-1482.98918278479,0
765,3014,4.76956425976914,8761.15812690866,28.2721236304097,8.17576360232639,8.30367431571182,12.5480038260372,30996.0913428108,29593.8853963994,604.456713345194,0
765,3015,6.38790128707664,1925.91894548136,26.781411734382,22.7721288601448,23.8057692612129,35.137118888954,30661.3613110598,19377.277093714,219.333416722184,0
766,3016,5.44596616195652,8944.50751413595,27.9358549978422,8.05783825806005,8.17977674644668,12.3658708324126,31826.763536898,30466.1088341059,704.760555280317,0
766,3017,5.39211277079802,7325.28060683564,27.37786075093,9.11806642081778,9.28242677899561,14.0002421578792,31834.3998449775,30463.6430446024,700.018644316391,0
766,3018,6.78500188976212,4893.78521029604,27.0131702435923,11.8344358785906,12.1302867403368,18.1938653344718,30915.7033106943,20011.0045743102,937.491319400418,0
766,3019,8.3828556020121,3846.80953095734,25.8162465514315,13.8070176178803,14.205556226162,21.2411628273571,36169.9880599207,21686.3785350828,-1415.75008203991,0
766,3020,5.38049671370142,3046.09695004674,27.1697307860314,16.3887308963079,16.961382556471,25.2403881437067,33249.0237077609,19741.6314202123,-216.859709105121,0
767,3021,5.21554631000794,10407.1507796864,27.8620089783025,7.33098492540025,7.4248303922773,11.2456751209424,31877.5787699047,30458.6710089889,737.991524215594,0
767,3022,5.3136546953697,5302.28253558053,27.1867292648597,11.2337472571163,11.498921722962,17.2660652685536,33253.7593900474,19783.7213239759,-165.461240242208,0
767,3023,6.90215184951018,4846.73767429604,27.0131702435923,11.9108044859732,12.210770285171,18.3118804074007,30929.8132165735,20027.9874128869,925.059126905691,0
767,3024,4.97763095001463,9248.35011750951,27.6816070078079,7.88220011994844,7.996297826297,12.0948934875762,32033.3412252807,29966.2389903581,-177.500006227363,0
768,3025,6.10360732004189,8514.70423934846,27.0654351914001,8.27721200884654,8.40474618185322,12.7031608645953,33611.9299961788,19311.0640011613,679.874927381033,0
768,3026,6.35177786109788,6534.8037716864,27.8620089783025,9.83669641663519,10.0361186472866,15.1097699931118,31872.2205062094,30511.1853798329,770.554743057526,0
768,3027,5.77375684637535,5664.39850432287,27.364896040006,10.7670769794914,11.0094011628291,16.5455340217924,32725.7529535019,27860.3676113492,-156.673854137008,0
768,3028,5.85676481450934,978.61553419963,25.8816702135941,38.1797689969287,40.5328343229106,59.0832680890113,23975.6085287345,24178.6992930287,491.142790668118,0
769,3029,6.12942670189046,8632.25700134846,27.0654351914001,8.20631690057193,8.33099871231082,12.5938694536965,33610.2105931784,19320.0812378917,672.528623509454,0
769,3030,6.64952126996202,6031.8620876864,27.8620089783025,10.362083840895,10.5868688455916,15.9208628943718,31869.0054398302,30513.5370265611,752.682464664486,0
769,3031,5.53148137805483,5067.53795632287,27.364896040006,11.5878145060215,11.8726498091721,17.8133796619397,32702.5079186434,27889.447115333,-173.094067843408,0
769,3032,8.94875046259303,1818.51106691162,26.3204009806993,23.6680987707019,24.7658008894255,36.5260560042877,27259.2271710197,21911.620875065,-1275.22313975767,0
770,3033,6.11342515742635,8635.56362830291,26.9635441725826,8.20042405247214,8.32448520245411,12.584678799058,33623.7534225496,19301.5020425951,678.316148853937,0
770,3034,7.04303404425506,5665.71345207321,24.957756287655,10.6154021913145,10.8366996796389,16.3075927470391,36351.1242296805,27230.0757490442,1138.41108222746,0
770,3035,5.32480081551979,4268.00019450997,28.3206163466998,13.0813483338807,13.4559220135256,20.1239378677048,31454.5792036061,30359.8924500114,-284.733052968791,0
770,3036,5.6330917224236,3438.16561319599,27.1914881167735,15.0607270961235,15.5473171366111,23.1841979066529,33045.1918784494,25622.173542225,-540.126921629838,0
770,3037,9.17548288568979,1836.48113937603,26.3301083560029,23.4966219026781,24.5808662057304,36.2599004216176,27270.3722634568,21934.8481690924,-1226.7899161158,0
771,3038,6.24506723225546,8395.06173430291,26.9635441725826,8.34707584964785,8.47704777577101,12.8107590755674,33619.0191891897,19308.3669698225,683.356866424462,0
771,3039,7.15989770474009,4980.22028007321,24.957756287655,11.549147016555,11.8168561532532,17.7494733856903,36338.7238995611,27215.7030169324,1084.98486147068,0
771,3040,5.6051761101057,2895.15863519599,27.1914881167735,16.9908393968224,17.6042057249122,26.1731190306962,33049.5737312328,25594.4815960101,-477.32165235876,0
771,3041,5.4043993167921,3379.14966011604,28.24825572804,15.3580576349011,15.8727198863362,23.646988942935,31524.8520266607,30341.6685016006,-348.997669909717,0
772,3042,6.14591692425263,6889.60666030291,26.9635441725826,9.46261082918643,9.64050427954667,14.5312953109827,33617.9205919109,19319.4132309437,668.444514242713,0
772,3043,7.04989981927301,4523.13672807321,24.957756287655,12.3090030417331,12.6166282763003,18.923424330174,36338.7860143649,27226.7556059871,1137.62468563849,0
772,3044,5.42746767486167,2612.01440519599,27.1914881167735,18.2855697689683,18.9887676195452,28.179427290662,33065.0202124856,25594.5320644703,-489.109001315849,0
772,3045,5.53062885184804,3881.95049250997,28.3206163466998,13.9571793907483,14.3841817198524,21.4788247815676,31482.9243470961,30349.7749833872,-287.223055089745,0
773,3046,6.22848131290321,4985.90654861415,26.9885665486587,11.6868721028653,11.9746735479876,17.9658026412976,33618.554456612,19340.1868759388,659.310874231453,0
773,3047,6.88518470471541,3870.90281607321,24.957756287655,13.6656024669195,14.0489464141073,21.0205425416698,36330.06804799,27226.2476399115,1106.34716379162,0
773,3048,5.43819868596491,2869.91683919599,27.1914881167735,17.0967095922152,17.7172840073859,26.3371369631399,33055.1167304906,25605.3505105599,-493.911787941202,0
773,3049,5.24289612784456,3042.74656211604,28.24825572804,16.5336455794969,17.1261839044258,25.4676551618201,31494.907885094,30329.1209880511,-282.761146182903,0
774,3050,6.4338870161711,4107.7448863029,26.9635441725826,13.3082019646015,13.6863419497142,20.4721150713647,33620.8373655079,19340.9291062821,632.582945446675,0
774,3051,5.50207210002807,2501.59856905123,27.1383366919671,18.8550855966132,19.5983115291523,29.0620897564447,33060.3219527612,25596.6415481561,-530.336337908706,0
775,3052,5.9749851573406,4557.38239410346,25.5541266688468,12.2954417355686,12.6065199305781,18.9036217458585,35497.6056647024,28025.9366339007,557.394923872228,0
775,3053,6.7314608668351,4644.98012889634,27.3563178183362,12.28017574997,12.6025697397504,18.8833786472078,32377.0810991371,25595.9830905167,731.361843371616,0
775,3054,6.25498432234168,1259.29365330872,26.2232205013528,31.3459560138049,33.0875229725531,48.454812052581,29511.1407232407,18981.7885663372,577.232933250828,0
776,3055,5.8783986407483,4811.65028417806,25.6901573643457,11.8699328281096,12.1591513977062,18.2463623043091,35467.9150531058,28021.7740473465,595.814790419478,0
776,3056,7.32017606896995,3456.50122089634,27.3563178183362,15.0228415734774,15.5084417818016,23.1259421562243,32309.3065075408,25619.4224364999,762.246653270631,0
776,3057,5.94598307527172,1118.29524399841,26.0749986414806,34.3769751188666,36.3859622423576,53.1677790004815,29534.6405911655,18974.1704715667,560.331112918586,0
777,3058,5.92652623435973,4090.95956417806,25.6901573643457,13.2312841852375,13.5954398435825,20.3505397128612,35470.0013071664,28020.2267135702,583.425966567004,0
777,3059,5.49428158527324,1629.46852085673,27.2007571760057,25.9343881769511,27.2297074914351,40.0491393407989,33042.2373470486,25847.3100210311,-424.035260210616,0
778,3060,5.98978554820795,4354.76496617807,25.6901573643457,12.6863971935479,13.0198721536632,19.5081452196946,35474.5148400258,28039.7032883095,606.940782485803,0
778,3061,5.42499556730393,1818.21390346027,27.2115691742322,23.8695878582517,24.9964674764248,36.8424913491311,33053.0449959761,25864.1446189946,-429.752902192473,0
778,3062,5.88585529609203,936.294405998405,26.0749986414806,39.6676899413192,42.1639478905622,61.4002483536561,29540.7897664007,18945.5530196459,581.468894374148,0
779,3063,5.88531265711064,5137.30469417806,25.6901573643457,11.3673708374029,11.630418213305,17.4699842988445,35458.6673591977,28024.9042248,586.811612995576,0
779,3064,5.51878849076457,2485.29333946027,27.2115691742322,18.9557206903249,19.7070188585489,29.2183343403405,33041.0308989436,25872.5572982909,-475.572666070997,0
780,3065,5.99164581675941,4614.75197167384,25.7512538492308,12.2089633728206,12.5167210178017,18.7703531730081,35477.0663530248,28032.4055379856,572.099985280964,0
780,3066,5.62934860306124,1717.35127801215,27.302515025741,24.9425484095089,26.1577287921633,38.5090154879666,33069.6628076028,25845.5145902116,-423.78231533596,0
781,3067,5.84462859295127,3828.35769367384,25.7512538492308,13.8459742755099,14.2462846940136,21.3012733949343,35476.4709709735,28010.3867279598,603.532838542918,0
782,3068,5.66040597719899,3569.17775167384,25.7512538492308,14.5256962558944,14.9667133098816,22.3527896377229,35360.4834521652,27987.310300673,498.193713974005,0
783,3069,5.99475632727041,1143.85290439346,25.8885880529966,33.6931132422228,35.6366090741095,52.1029907382653,35244.6537816266,27997.0602811963,395.733806890444,0
785,3070,11.2700495803086,2683.72696778995,24.0141471329539,17.4715648790411,18.0832962906144,26.9084101444328,21663.01335752,19052.7266800077,-988.122934975458,0
786,3071,5.2850911478469,2776.83757457444,25.8726323695927,17.3201560827845,17.9422872780633,26.6795463949814,35090.4359884778,16513.1342975245,1.72948039807308,0
787,3072,5.39730414946506,6101.90456057444,25.8726323695927,10.1713818349115,10.3766061157634,15.6235955735953,35087.7890085044,16521.4874822589,20.2825942063425,0
788,3073,5.5457391411388,7528.90302257444,25.8726323695927,8.89226853666757,9.04031333012506,13.6501534062145,35107.0986386276,16521.776236388,-1.61077106988508,0
789,3074,5.70245544503173,3428.63516240352,25.797403852213,14.9379426438952,15.4046687200288,22.99080706933,35147.4504534146,16522.1404447076,12.8338982609679,0
790,3075,5.68283754450472,4318.05462557053,25.4457668747334,12.7378366208054,13.0723912405189,19.5871695900906,35433.1262563779,16575.0045054027,110.606315027251,0
791,3076,5.69424138986963,5254.11557357053,25.4457668747334,11.1838809463505,11.4360921751713,17.1861675120366,35420.7858910282,16577.3078064597,124.300098692076,0
791,3077,6.17889104514904,3253.36325922566,25.5044231069263,15.4561840703577,15.9526280921957,23.7921518710836,22816.0963408318,23227.6280681312,668.435593942018,0
792,3078,5.84406523227318,5640.34148357053,25.4457668747334,10.67739194999,10.9045039363182,16.4040723310146,35429.188572683,16561.8323176829,83.4991471368786,0
792,3079,6.16943524246391,2864.76266739483,25.4473490749628,16.8852585993033,17.4737125774196,26.0046674298778,22762.1149326014,23245.8658290922,679.287080641205,0
792,3080,6.34283272296211,3085.03470939931,26.6579719787973,16.1804348329495,16.7344284564478,24.9164556901292,29313.6328439974,21059.569858506,744.58317584511,0
792,3081,5.39007520205712,2812.77799758131,27.340888278616,17.3629305917148,18.0032636909488,26.750026223786,33076.8176110333,25463.364065806,-523.311763662272,0
793,3082,5.53943386069137,5488.42816157053,25.4457668747334,10.8691115746126,11.1056190409762,16.7000874451989,35436.872394526,16590.4916629274,131.61299996955,0
793,3083,6.26523439938763,3811.10563122566,25.5044231069263,13.8644629829959,14.2638592522379,21.3293180413741,22794.3696056528,23233.8022896312,629.940509307953,0
793,3084,5.80003827810026,2967.14073964743,25.9460913547077,16.5384888570492,17.1090924221445,25.4690259136146,25230.5687731425,21613.332107305,293.567726380041,0
793,3085,5.49422190378192,2931.70931467217,27.3265347014406,16.8578709741521,17.4635489622252,25.9674955040217,33110.5214273545,25442.4818229342,-538.475592991584,0
793,3086,6.5414007943268,2607.53305539931,26.6579719787973,18.2294188973935,18.9228208216761,28.0907901601189,29339.9305184563,21070.425836029,764.959475697526,0
794,3087,5.5576299513842,5183.91871157053,25.4457668747334,11.2830547723889,11.5402842874996,17.3393352025074,35425.2452577202,16581.1519293072,109.85606558367,0
794,3088,6.12760702071658,3587.12858764743,25.9460913547077,14.4961231845651,14.9370067147328,22.3074918483528,25178.3211499885,21550.5420337536,317.427185872412,0
794,3089,5.54360145446603,2120.94789246508,27.2675469133156,21.2923649702321,22.217976236656,32.8425746716461,33087.1371386754,25458.657577042,-510.496934622409,0
794,3090,6.46765806628425,1781.12563306687,26.6821222673065,24.1226773484962,25.2620820806382,37.2332922356077,29353.4001089458,21078.8019835314,767.228650942678,0
794,3091,6.14520286023749,4540.58472522566,25.5044231069263,12.3217500448326,12.6339078675377,18.9441836556852,22803.3255253932,23227.3632874712,696.330558965985,0
795,3092,5.60113920171155,3907.68821957053,25.4457668747334,13.6251140956789,14.0100485468212,20.9590144049549,35444.9337750512,16592.3928251817,81.3012354289117,0
795,3093,6.95373780402341,4249.00768080702,25.08952566762,12.845340777712,13.1832270572973,19.7526205230009,36475.4461583523,25242.6726833221,972.017443328132,0
795,3094,5.82896116067072,3035.95103343474,25.8836218447609,16.2666852839227,16.8188153203654,25.0479472054763,25138.0510667582,21541.242456668,350.765513952141,0
795,3095,5.30694559011909,2343.74727067217,27.3265347014406,19.7986275065988,20.612762487442,30.5257050251185,33079.8576291073,25476.3091200164,-500.244597837643,0
795,3096,6.35921005013394,1645.10882079377,26.7872096245403,25.6431117693072,26.9078265492726,39.5948874065274,29632.1167286195,21400.5655985339,30.7726938229353,0
796,3097,6.77894777209087,4868.70919080702,25.08952566762,11.7327319019638,12.0107869722019,18.0332997807819,36467.5989222466,25226.7344223265,978.12526845125,0
796,3098,5.95960166836722,3463.34353743474,25.8836218447609,14.8439256689489,15.3055984341765,22.8455238496646,25158.5215303635,21527.6648768775,318.792870934965,0
796,3099,5.36266016821108,2838.93580267218,27.3265347014406,17.2470232133746,17.8792404725357,26.5703964258816,33013.2054755876,25432.5354279724,-523.065550091324,0
797,3100,6.77466794983616,4947.65037480702,25.08952566762,11.6088791689705,11.8805192593836,17.8419765933093,36465.107488664,25243.4704587866,1009.02703821792,0
797,3101,6.07133146199323,3427.83655564743,25.9460913547077,14.9566856380377,15.4258937843436,23.0201765821358,25166.8424128346,21553.5059055531,318.605481579732,0
797,3102,5.42793654504664,3257.73507569858,27.3807799206994,15.6584617061018,16.1850415189957,24.110034504518,32908.4852407042,25387.6142902928,-560.252835784533,0
798,3103,7.00117205419612,4960.86597480702,25.08952566762,11.5884861146468,11.8590747969864,17.8104754751145,36465.6360340994,25236.6972562307,996.826435756052,0
798,3104,5.97532503990067,4345.90333143474,25.8836218447609,12.7200463330934,13.0567851298205,19.5605443455729,25154.9467610522,21542.3642649443,344.004148573209,0
798,3105,5.54084107016666,2867.63709237985,27.3656154267972,17.1293120804962,17.7538567829573,26.3881281703029,32920.9386376922,25354.5005541088,-578.760713450548,0
798,3106,6.25956122779945,2448.83151801359,26.7783211245112,19.0909189508696,19.8470064931562,29.4265719492816,29277.0728083754,22308.65880101,625.976644626892,0
798,3107,5.05726766358644,4567.50527013755,26.1125741720494,12.321760975449,12.6381198244877,18.9453591952048,35922.3413549826,25793.8482611892,8.86134041216751,0
799,3108,6.95156309921664,5118.63821280702,25.08952566762,11.3522371151369,11.6107464605068,17.4455696694081,36455.8851521648,25225.9394636639,1025.22600487951,0
799,3109,6.00109174971005,5029.74734674966,26.8294725624071,11.6079603003003,11.8905900773492,17.8436035530538,34429.9920590726,21352.7297982055,474.809017806199,0
799,3110,5.91175570619012,5628.13909058842,26.5954037662606,10.7647846036972,11.0027273800609,16.5408155256546,33774.1471936558,18433.4748929619,506.931235299972,0
799,3111,6.45539719516164,2165.77363792338,27.0132840250251,20.9205555655036,21.8146619646719,32.2648394941526,30115.4423722327,22269.6238912936,704.947227841891,0
799,3112,5.83357485992452,4210.85070373765,25.9150808545636,12.9957213663011,13.3481718538096,19.9867898342291,25157.093412857,21540.6842566983,310.916159510948,0
799,3113,5.22977211369816,2783.62542569857,27.3807799206994,17.4977270775672,18.1477763853282,26.9590063700616,32900.9129180028,25371.6276835308,-530.797008153145,0
800,3114,6.0198954209315,5231.72823080463,26.5333868345149,11.2895287163458,11.5537223369164,17.3511661101371,34436.5043044308,21328.0432733959,482.010659395743,0
800,3115,5.53478678876204,4514.9742449102,25.7487090195316,12.3881022034262,12.7055731602316,19.0471992764486,34739.4097779061,18363.9657720252,-18.2275254956821,0
800,3116,5.4350078354822,4423.21803747125,28.4710431634227,12.7801678474905,13.1382417885389,19.6584406227455,31682.9543908083,30652.5023784912,-213.369359525282,0
800,3117,5.55629330738128,3375.43984117389,27.2439469173879,15.2604216936884,15.7601600111385,23.4934484017945,32924.5115109687,25364.9383733496,-595.587185077775,0
800,3118,8.25187075022843,6028.71833751606,25.2230316010928,10.2129770655164,10.4166665399989,15.686830939306,22737.8223407375,21560.9124222909,-1503.07432107483,0
800,3119,6.28374229440521,2342.43641051442,26.9911061713558,19.7509779858312,20.5576149044747,30.450711004401,30097.1982846105,22264.9098282785,725.328032502121,0
800,3120,6.07488137635822,4674.31270478728,25.875999025569,12.1148466833034,12.4183745760109,18.6251435298455,25147.3866641049,21528.5748464483,301.096526031524,0
801,3121,5.95603095932319,4927.02054680463,26.5333868345149,11.746628609151,12.0347573494314,18.0573483982817,34419.7473122213,21339.4569015406,469.362099663536,0
801,3122,5.52462677882507,5057.69703481912,28.509057892581,11.6817172086433,11.9784514486838,17.9603776897271,31676.0588110645,30626.764981042,-198.878817465982,0
801,3123,5.88881769987378,4073.36197376125,25.9067164159557,13.2894981377908,13.6586383724809,20.4410087717314,25163.2061477145,21549.8595439187,317.93572049242,0
801,3124,6.52500549359588,2790.97387451442,26.9911061713558,17.4118270222183,18.0519426841873,26.8248013228175,30126.3359660201,22279.8057964355,694.2388761253,0
801,3125,5.58537885910574,3590.21253591053,27.3162103248356,14.6289803643227,15.0895166745524,22.5162410199784,32900.7435231294,25364.4001778359,-575.663003050264,0
802,3126,6.00734192666996,4594.14160880463,26.5333868345149,12.3070690848451,12.6254797914142,18.9234396077591,34418.8913777648,21343.8544688761,487.256286822475,0
802,3127,6.52876906460507,2597.84990651442,26.9911061713558,18.3275198120567,19.0314982235667,28.2438459586512,30118.1643667779,22275.0681987884,711.130684212572,0
802,3128,5.87505150828486,3615.03831278728,25.875999025569,14.4119592166984,14.8471351163553,22.1771081279273,25157.7624670211,21543.1665521539,339.910040894765,0
802,3129,8.31680463112765,3352.71351951606,25.2230316010928,15.1057733954807,15.5777035258114,23.2491024142114,22712.5173498025,21597.1558710387,-1510.66194438957,0
803,3130,6.16081104371258,3606.27550880463,26.5333868345149,14.503885895902,14.9501967827801,22.3208676791742,34433.6032911254,21350.1775143214,464.099518063247,0
803,3131,5.85913178587946,3590.24944109606,25.9427733179428,14.4871235150975,14.9274309858764,22.2935593311567,25170.3921521493,21559.227325733,339.417805688603,0
803,3132,8.21285361929483,4563.29274010509,28.6931131895139,12.5306407146494,12.8758348137242,19.2729950893583,31571.2987984887,29642.5908827141,-1490.07529514993,0
803,3133,6.50098554229477,2673.77352851442,26.9911061713558,17.9530106670305,18.6306551509086,27.6634114838111,30105.1301806687,22255.8439305067,703.184127800387,0
803,3134,6.28603143946827,2966.98189626147,26.6546276686379,16.630210373324,17.2139601815505,25.6130250001726,33496.709447147,31837.559144843,490.388225389302,0
803,3135,9.30369366527894,3618.87231459522,25.2987202109803,14.3415483545138,14.7675589799127,22.0668205818988,22719.2954910775,21883.9743843858,-1143.59646285314,0
804,3136,5.7002211167567,5054.0768128776,24.7834304564111,11.4252632599694,11.6855232564905,17.557816945182,33579.3558658113,14518.1785388505,12.5371884194629,0
804,3137,6.06558359242751,4055.18741480463,26.5333868345149,13.3864947103315,13.7659896163845,20.5923137478223,34417.0960600007,21345.2420055862,483.725310837563,0
804,3138,6.0689890164312,3926.65772203852,26.2502361521889,13.6563634949417,14.0494734295336,21.0090940136807,31332.1046911443,18654.8723844364,382.141610893208,0
804,3139,5.96123810976888,3506.78717576125,25.9067164159557,14.7194715901433,15.1736786702039,22.6529926690951,25166.5909084942,21514.8265949389,311.145119656358,0
804,3140,6.44286598022287,2242.92294251442,26.9911061713558,20.3865269880306,21.2402389194037,31.43638249335,30127.2621145339,22262.7651824945,715.867472341654,0
804,3141,9.79853970363331,3913.20575259522,25.2987202109803,13.5980548782652,13.9802446835259,20.9168444332021,22679.074961315,21879.8935477608,-1116.20589989102,0
805,3142,5.73350942653224,5140.7711488776,24.7834304564111,11.2984649565162,11.5523176869887,17.3619874207185,33579.9951220639,14519.1740840219,2.11054482758593,0
805,3143,5.96364445079383,4095.03244880463,26.5333868345149,13.2980142069207,13.6723703578509,20.4554800840118,34411.1810863887,21341.5437426316,490.976134731013,0
805,3144,6.06983243009586,3967.18556203852,26.2502361521889,13.5613511420264,13.9488893941902,20.8621442669444,31327.1386650548,18669.5587537528,401.90261382541,0
805,3145,5.91115593515523,3508.19018678728,25.875999025569,14.7121306000335,15.1656196630497,22.6415596283536,25160.1004513407,21540.5319290138,291.450949692406,0
805,3146,6.67118858667495,3822.15475002476,27.0155463473333,13.9833075860579,14.4018684049498,21.5164878455153,30236.1514012142,22466.9730148713,465.96722401111,0
806,3147,5.6666875089338,4984.68151445146,24.8015469355338,11.5308920499901,11.7966489602418,17.7209958064064,33590.0554611209,14525.8183350856,7.77890455141678,0
806,3148,5.87729142434986,5079.26854031475,26.1670675423687,11.4864406131773,11.7585971507892,17.6547311448062,31175.6130228132,18531.7593076413,170.964560954672,0
806,3149,6.23500095696718,4163.74644979741,27.4228478553173,13.2263313433471,13.603044205632,20.3464206352483,31396.0412483147,33068.7142826286,699.964554670739,0
806,3150,6.00404897303713,3987.36936080463,26.5333868345149,13.5407382835058,13.9292459045605,20.8308638930321,34446.6530935117,21357.1577455453,496.916879218613,0
806,3151,5.8719738367437,3807.75448393456,27.0700084742994,14.0247399096041,14.4462288950632,21.5807059204982,30286.8190595413,22548.8079034541,538.562494854852,0
806,3152,9.01458260019917,3455.90194059522,25.2987202109803,14.8019987582774,15.2559093641706,22.7792172436549,22691.8795532764,21883.9993402174,-1113.68295444891,0
806,3153,5.97611184230302,3818.91096878728,25.875999025569,13.8814384769681,14.2848494084654,21.3564049734015,25159.3591238584,21522.9616805796,305.025362201541,0
807,3154,5.55125014498548,4929.48435845146,24.8015469355338,11.6157192793868,11.8858237092904,17.852021193112,33578.2072219342,14525.0375950071,11.1852344131244,0
807,3155,6.26157349769588,3853.46618779741,27.4228478553173,13.9439348557437,14.3632904698122,21.45644764972,31425.1844184543,33072.7576573381,715.9251375701,0
807,3156,5.90431337604296,3653.56533080463,26.5333868345149,14.3745443980946,14.8129436001842,22.1207334871616,34451.0459078549,21356.7549168128,473.001626788483,0
807,3157,5.88075957633336,3566.14724576125,25.9067164159557,14.5505219408282,14.9943845342618,22.3915687819099,25161.8421671665,21534.1735160826,318.252841545616,0
807,3158,9.36874481459486,3470.96772459522,25.2987202109803,14.7577969969701,15.2090046947599,22.7108226980563,22711.5258604851,21883.7370102046,-1134.52471452564,0
808,3159,5.71464728617313,4495.5855568776,24.7834304564111,12.3448260172228,12.6531340631779,18.9784386816962,33576.8825121929,14513.8271014868,12.7036153044751,0
808,3160,6.31027728961,3691.59711379741,27.4228478553173,14.3612322873793,14.8060548128237,22.102129047394,31423.084073914,33082.3502906945,686.149986600286,0
808,3161,6.02213202884067,3871.31436680463,26.5333868345149,13.8159306622827,14.2206884293355,21.2565177922055,34443.4500783362,21339.8354313637,474.620600346714,0
808,3162,6.16328221029959,4390.17730478728,25.875999025569,12.6332081551137,12.9650646462411,19.4262945310315,25153.6018133004,21550.3462022365,304.587844338374,0
809,3163,5.62872816330585,5280.97526645146,24.8015469355338,11.1024453821116,11.3466124198217,17.059311692256,33578.9185983267,14513.2074658073,6.90324483045473,0
809,3164,6.20444747208595,4201.10254579741,27.4228478553173,13.1463855325215,13.518440522391,20.2227816806768,31435.3278469334,33090.5223517685,704.667701205802,0
809,3165,5.7786023748577,3668.80732280463,26.5333868345149,14.3334986319537,14.7693966053574,22.0572246820498,34445.2772049298,21359.1433442192,492.29832231947,0
809,3166,5.99508627239805,4208.33730176125,25.9067164159557,13.0002213068182,13.3528646339465,19.9937300436856,25167.4144280278,21533.4348151657,345.077757766586,0
809,3167,5.94846305904701,3239.830448045,25.7309624761284,15.5275628624804,16.0306419619042,23.9032233776465,35465.4534504515,27988.475133739,584.448528638771,0
810,3168,8.34545872449255,5985.73849062058,24.655339390287,10.226387894468,10.4275822951903,15.7066657320811,36423.8477359979,27672.0221798191,-1456.20224485723,0
810,3169,5.70225172652113,4729.45084627057,24.6244730095435,11.9239621063442,12.2088508659929,18.3278573979552,33585.1253913203,14501.5109176931,1.37832158477979,0
810,3170,6.33899820437099,3770.58039597369,27.1296017982733,14.125187097854,14.5532319492126,21.7362444932071,31412.3427229981,33085.7867924145,696.088802221903,0
810,3171,5.90625987266904,3958.65741898115,26.0657254467044,13.5640230588537,13.9502866042787,20.865882275259,25167.422551608,21568.0875796477,317.436279249804,0
810,3172,6.05549653727693,3103.51190233906,26.3551767219734,16.0759106304437,16.6201678954026,24.7538015818693,34454.0733287127,21339.482783214,455.437297122803,0
810,3173,5.41769072981488,2113.04850805705,26.1242058436179,21.1361808331963,22.0350050928184,32.5961474980631,33442.94413679,18666.5659669158,-219.928193123843,0
811,3174,5.64183677676048,4749.61311064519,24.6431726969823,11.8919320526384,12.175276474948,18.2784102187343,33588.927714548,14510.8043233095,-35.8401213691945,0
811,3175,7.86200383947544,5356.47769662058,24.655339390287,10.9900607079832,11.227772935089,16.8855281818415,36419.4394140605,27671.0312808063,-1455.73198730957,0
811,3176,5.49307189369769,4332.55308566989,26.0881710696571,12.763599001133,13.1042402912965,19.6282766197065,33460.0781515366,18669.6965365694,-228.707805553815,0
811,3177,6.06732372510743,3463.03135797369,27.1296017982733,14.9790104432623,15.4599089738656,23.0575643795127,31418.9857386076,33072.1265551916,734.239791026333,0
811,3178,6.14784477032426,3592.20165780941,25.9947813903664,14.4871321316006,14.9278821439974,22.2936944351224,25163.400285046,21525.6656617378,314.181116583219,0
812,3179,5.66388981280522,5670.95221627057,24.6244730095435,10.5878532501083,10.805893719679,16.2645300523664,33572.0873184058,14517.1906640543,15.5966249123506,0
812,3180,6.17953216350368,3880.71039597369,27.1296017982733,13.8493159294398,14.2607095150339,21.3094416462739,31402.2216801783,33068.6690433918,702.078322559847,0
812,3181,8.33032898713237,3661.26863262058,24.655339390287,14.1613038635284,14.5710600704845,21.7864813864169,36420.4924063005,27670.324328682,-1475.61269773058,0
812,3182,6.42789327735832,5285.02038070772,28.4571635167746,11.3415319593038,11.6196928275009,17.4346103021388,28050.3759524015,30080.0005278727,745.754395586383,0
812,3183,6.02872909882452,3409.04264098115,26.0657254467044,15.0267929489292,15.5014258283791,23.1289687930882,25178.4607980828,21547.9850473268,305.106752934647,0
812,3184,8.42911808323548,2949.02565332423,25.7640039469856,16.5861183624092,17.1580277522393,25.542281691783,33354.9530634012,17583.8545924925,-11.6760881885372,0
813,3185,6.45311485051298,7508.65521070772,28.4571635167746,9.02345037963174,9.1882057052052,13.8555461561797,28039.127294601,30079.4874022906,734.571325307268,0
813,3186,5.81624101976152,5605.35878827057,24.6244730095435,10.6680491689457,10.8899287458117,16.3883276333366,33584.78295733,14505.9721054648,-11.9373176760583,0
813,3187,5.87417540750337,3778.56379105791,26.0295915099128,13.9974437538251,14.4089831353891,21.5361883660386,25169.2016654972,21546.6408647248,323.838878885235,0
813,3188,5.32890432771847,5230.0548129213,25.4199251040255,11.2158290474105,11.4694942023615,17.2354644150394,33207.9535726017,16518.2285063359,-256.335487570722,0
814,3189,6.42992774836712,7272.73472470772,28.4571635167746,9.20972798066293,9.38283547417757,14.1429459636633,28040.1044663019,30065.7059259888,731.384240593852,0
814,3190,5.28779508812092,3176.3285469213,25.4199251040255,15.7053463608731,16.2167701937718,24.1776162748161,33213.1175844222,16526.3210200132,-275.218960373081,0
814,3191,6.21753919704484,4567.16052180941,25.9947813903664,12.3130275955155,12.6281027222357,18.9316389238986,25151.3594348011,21536.5972354608,285.890949301648,0
814,3192,6.39085550795699,5410.78381923915,27.8460550335429,11.1271451796767,11.3905730703024,17.102432301491,28038.0746372819,30066.9035231414,731.073784390893,0
814,3193,6.7082432405352,3405.13635829036,28.6078026500034,15.3145359388464,15.8294108042466,23.5804383091283,30822.0635737332,30393.3035865293,-153.27096837692,0
815,3194,6.45760101053292,7157.40658870772,28.4571635167746,9.3046759972557,9.48209473723609,14.2894520514177,28050.3654334525,30089.6321721219,738.679496565772,0
815,3195,6.30783516722357,6343.04175650085,25.6414737891967,9.90739541135679,10.0991171444252,15.2158424957916,25823.9884836352,19932.4983814037,293.25382812194,0
815,3196,5.24167812100327,3100.4930289213,25.4199251040255,15.9717812269857,16.5002419831447,24.5900825951579,33225.9609551004,16536.3482256611,-295.356928685204,0
815,3197,6.38358413001401,6610.75497505791,26.0295915099128,9.6684070420208,9.85116368686828,14.8476021169955,25211.4857174112,21529.5030099058,338.61805318576,0
816,3198,6.46400827575638,6660.99202266534,28.383545934329,9.74224491052848,9.93965347422215,14.9646593582121,28034.0746808541,30100.964233193,712.924980354644,0
816,3199,6.39525606082088,6247.60309850085,25.6414737891967,10.0045722580086,10.2007814114293,15.3658082527405,25806.9627752372,19942.6733580365,280.345108543095,0
816,3200,5.29630256842771,2812.3048449213,25.4199251040255,17.1028684627935,17.7055441363497,26.3416326261199,33216.6348071689,16517.7185940803,-273.012071478047,0
816,3201,10.606784932611,6392.23502905791,26.0295915099128,9.87954356618,10.0719636882737,15.1734096434343,25310.2282821359,21186.3147685128,297.209003232072,0
817,3202,6.5933413883265,9063.25275650085,25.6414737891967,7.90755640623279,8.01526430997222,12.1319286281186,25864.3333083561,19916.9901042762,300.072477385613,0
817,3203,6.1978800611395,6905.84764270772,28.4571635167746,9.52135724729122,9.70874947041125,14.6238311318786,28058.4232674056,30076.0622903039,762.466921248221,0
817,3204,5.35244018514559,2923.5141189213,25.4199251040255,16.6422976594777,17.2143924648172,25.6283141803966,33198.224971399,16534.1664603267,-252.53613293172,0
817,3205,10.8962822445046,7677.27577380941,25.9947813903664,8.7887033118817,8.93292868005648,13.4905945267586,25324.421890199,21185.5286790978,314.559729393559,0
817,3206,3.01097658137466,7631.99487340763,25.2476617386581,8.78793372698807,8.92888021905004,13.4885086304999,26115.3592973176,19312.213690483,308.212389435609,0
818,3207,6.70433718488781,9211.70799650085,25.6414737891967,7.82826894883441,7.93299450784112,12.0097568085028,25853.3494885317,19890.3057743155,299.147154947976,0
818,3208,6.3416567779467,6013.66248670772,28.4571635167746,10.416274187941,10.6467791920548,16.0053792050663,28048.2470471563,30095.151080207,725.614675527904,0
818,3209,5.26803817594388,2801.6442609213,25.4199251040255,17.1487724056294,17.754522453014,26.4127345959654,33216.1186856303,16536.2513364667,-251.181807974279,0
818,3210,6.64848798603584,7425.82710505791,26.0295915099128,8.9774757282196,9.1298247005009,13.7817504000464,25191.0441114542,21488.0082378348,300.696788405968,0
819,3211,6.23468217982458,5562.61405870772,28.4571635167746,10.9637631719057,11.2221025750214,16.8509770955822,28046.5130834283,30085.6600688816,728.291693977362,0
819,3212,6.37149578617819,4597.86491305791,26.0295915099128,12.2608217569059,12.5732906390573,18.8510205125664,25177.2502779823,21525.7522646845,344.221937827655,0
819,3213,5.38615414887263,2981.1561609213,25.4199251040255,16.4159479006569,16.9731935207114,25.2777999845702,33222.1518400292,16518.2410247147,-252.843549027895,0
819,3214,11.0806138678344,5243.75924647481,25.7059534205418,11.2161962691662,11.4716328543335,17.2365156037996,25713.1664713696,20256.9816872536,286.434929365914,0
820,3215,6.66136169707811,7238.34305404031,28.2557822741799,9.2285065054886,9.40159795334178,14.1716811807416,28042.4159135281,30100.9587996815,734.75548136282,0
820,3216,6.00048620034933,2754.37998243173,25.9680043277317,17.4335173538831,18.0643650967075,26.8554447911924,25172.2457554086,21528.5406844282,315.890745867768,0
821,3217,6.43452571501716,6022.88229604031,28.2557822741799,10.3944756220638,10.6228730175231,15.9714351693596,28042.1813216501,30078.1957688315,716.401786631249,0
821,3218,5.95520673341493,2947.81231443173,25.9680043277317,16.6174997367541,17.1935483805919,25.5914504114012,25172.7904818471,21536.3206594355,349.215029305439,0
822,3219,6.33004954135531,5573.97039004031,28.2557822741799,10.9366285004683,11.1924678136758,16.8087582579886,28055.4133064446,30068.5660854185,725.423135967411,0
822,3220,5.40328111323343,2707.96691340965,26.4912418439108,17.7198343978899,18.3759196434103,27.3006000144878,34119.193597679,21930.2344693255,-320.104365306428,0
822,3221,6.11388818240736,1643.14111797648,26.0082455204372,25.4706707564949,26.7087763955413,39.3236116099764,25194.3443131856,21564.9203608409,353.260729974733,0
823,3222,5.40188764277411,2961.11173140965,26.4912418439108,16.6324768536004,17.2147598763216,25.6160897952123,34130.6786902338,21919.0059874739,-307.932630586404,0
824,3223,5.37322423624838,2704.50883140965,26.4912418439108,17.7359779646604,18.3931785640939,27.3256147014345,34097.6222748976,21939.5518571754,-343.731366961171,0
824,3224,7.75430203677043,1784.82105145485,27.151778593063,24.1917599630998,25.3436965106208,37.3424855029302,29135.1783968184,23018.2698253574,1068.20038496603,0
825,3225,5.61139369007795,3020.73611340965,26.4912418439108,16.4007311633289,16.9676326742215,25.2571705457038,34119.0073343389,21920.2542109509,-356.092336192348,0
825,3226,6.44650983403796,7433.93218055274,28.3177456497239,9.07511410650707,9.24158680364784,13.9350902052664,28743.7479701701,28892.6992778478,-713.870554782287,0
825,3227,8.95314021712741,4374.21942315661,26.9356668659804,12.7519770728296,13.097959627822,19.6119622162368,31428.5954348097,33022.8986548507,-1223.84699580453,0
825,3228,5.91680110273911,1056.59344378875,27.0018892231335,36.3579526578372,38.5672623522594,56.2551983971737,28735.5037175952,22670.5306341624,429.505931880017,0
826,3229,6.67763400921812,6941.40879455274,28.3177456497239,9.48318052888448,9.66817981311711,14.5647416554633,28763.0498589018,28909.636839857,-698.071691573675,0
826,3230,8.82275549390252,4529.32488318619,27.0279835084064,12.4639327056751,12.794362293399,19.166829565692,31415.864143793,32985.60879645,-1170.27010474091,0
826,3231,5.44694463754404,2671.80022140965,26.4912418439108,17.8905722848601,18.5584820109979,27.5651686270106,34132.803591981,21918.7207208547,-342.492036313792,0
826,3232,5.35230079302544,5314.89615571462,28.4575589757601,11.2992223167579,11.5751410108758,17.3692380265357,29319.3883750727,29616.6406180583,-315.634776485928,0
826,3233,5.84476321509381,934.525351788752,27.0018892231335,40.1708772269858,42.7357727053508,62.1894797219667,28715.1030267415,22647.6613818629,455.743276345057,0
827,3234,5.51173415287231,3165.18262140965,26.4912418439108,15.8724477867359,16.4047627871808,24.4391160651452,34126.0798514475,21928.2250410601,-312.121006544106,0
827,3235,8.90359230732448,4986.5846431862,27.0279835084064,11.6886154038985,11.9767539242422,17.968563716908,31412.2217793981,33005.872422766,-1196.12707524278,0
827,3236,5.01965030443955,4759.36777220095,28.5077399450181,12.1668296923114,12.4902826699381,18.7101975928331,29295.8615994278,29623.4037105612,-255.560430356031,0
828,3237,9.01377472361594,5325.58680918619,27.0279835084064,11.190828222485,11.4528551361836,17.1995102807067,31412.8709640926,33003.1999106865,-1208.25499837941,0
828,3238,5.47564411794303,1479.22199715517,26.6504605833001,27.7800678482722,29.2211691232497,42.9141912268193,33721.1926926247,22262.8261141309,-475.737561918916,0
829,3239,9.00070168376006,5367.43784115661,26.9356668659804,11.127210614483,11.3854256172099,17.1010933893049,31409.8850317005,33016.6900265009,-1215.15577116811,0
829,3240,5.49491715819123,2962.85384762745,26.2874028253558,16.5993682542477,17.1774198216578,25.564252176014,31969.0009117051,18472.8921896769,-163.964238497497,0
829,3241,5.8541520632284,2407.08009709913,24.6523219106246,18.9805708776828,19.7033221137322,29.2484988996611,36384.9994330051,17849.7229509784,353.924311085548,0
829,3242,5.20057263027438,2084.20595799594,26.7213373811893,21.4651377758879,22.3968215067962,33.1086723736978,33694.1848796095,22246.7032316531,-485.832107354141,0
830,3243,5.36022812140901,3387.4008774048,26.3010259297465,15.1192135544371,15.6017195994489,23.2725854857244,31968.8506613643,18455.7475160819,-170.797197086158,0
830,3244,7.73269558895777,4194.13530768825,26.5795840971845,13.0885052043076,13.4511231116255,20.1315960742214,33912.3155881777,21515.0805568025,674.033947250134,0
830,3245,8.98173737474204,5500.09200164419,26.9858138253612,10.9531927248233,11.2028132216872,16.8323922149426,31460.8143239013,33018.9961206889,-1251.76394534263,0
830,3246,5.50027675896363,5449.96499241467,28.2124398439799,11.097502290408,11.3614437298815,17.0572066139189,30108.0152969533,31266.3656154861,-173.555096970825,0
830,3247,6.44986587041923,2388.40129443986,25.2633048891922,19.1892816451082,19.9343454709939,29.57407491475,32040.1003309047,15477.0877638418,730.026795116254,0
831,3248,5.52604902602299,6058.89578841467,28.2124398439799,10.35163022859,10.5776848289772,15.9052147814314,30094.1276907934,31264.4085359779,-158.927004027559,0
831,3249,7.67113824667713,4953.52747863372,26.508678007962,11.7031083042041,11.9887725480339,17.9900618932732,33938.538196227,21548.1792136845,675.128134619679,0
831,3250,5.30616863733709,3604.2688734048,26.3010259297465,14.4854947554025,14.9287321712237,22.2918737114434,31971.4194758046,18464.0935167499,-176.072804334239,0
831,3251,5.19416265772299,3314.68003984309,26.8414158827211,15.4095523873008,15.9152683570805,23.7233367144294,33713.6814547655,22247.3791575199,-485.016164426109,0
832,3252,5.64351644247129,6230.08186041467,28.2124398439799,10.1652517600237,10.3821539393487,15.6174412942677,30119.922224958,31291.3475221371,-186.129656374248,0
832,3253,5.50008663278468,4737.26868248952,26.3632008894499,12.0446130934296,12.3475995540317,18.5175037746386,34175.6128470322,20578.7620921367,-184.073025188028,0
832,3254,5.38664567280296,3690.71256701851,26.6594718178196,14.287665847826,14.7218076584919,21.9865946968247,33706.6004164229,22252.8363930545,-519.697428616136,0
832,3255,5.9655123070097,2870.7590214048,26.3010259297465,16.9750420570261,17.5783470540684,26.1461700008054,31976.2171007458,18452.5144713713,-192.743555972398,0
833,3256,5.37635389943187,6564.11485553303,28.1310832425039,9.82212786406981,10.022137006575,15.0876356908654,30330.7216770247,31484.4037588372,-226.824431323357,0
833,3257,6.71932162465094,2601.38670292799,24.9893132782959,18.0095904561913,18.6689316312696,27.7449628314273,26553.3892943589,18375.8915652849,939.608344105447,0
833,3258,7.98189391940664,3593.92680768825,26.5795840971845,14.5429339297242,14.9920292836997,22.3813970003895,33829.6282510625,21439.6981051806,532.276506819137,0
834,3259,5.50257064556268,6925.23112553303,28.1310832425039,9.48840942703966,9.6728128403867,14.5725794646746,30309.1464115072,31509.2540634397,-206.316549440729,0
834,3260,6.71063620217594,3255.38269536086,24.9124370225006,15.3799025811663,15.8659727968526,23.6725470273025,26538.6672868996,18368.5304623891,898.950799812445,0
834,3261,6.73043025255086,2547.7244274519,27.2011784385852,18.6177819700144,19.3447063635765,28.6944092309383,28356.2974466,25292.1128738243,976.412454234872,0
835,3262,5.60371056774618,9488.00027753303,28.1310832425039,7.77289309236053,7.88428147153521,11.926854226943,30331.4701702727,31490.164033599,-237.685419798134,0
835,3263,7.0547803080422,2775.30584761933,27.2373057831326,17.5154995189552,18.1653038904469,26.9861392416306,29736.3628161939,24028.9038575405,1128.84271291484,0
835,3264,6.03420101002892,2513.8227493048,25.4577370716287,18.5281342351338,19.2288518244478,28.5499832001446,35753.294456073,22424.1184404386,312.960360724569,0
835,3265,6.60451694394417,2641.42997092799,24.9893132782959,17.8152400863095,18.4612934228919,27.4438528288549,26545.7335366699,18370.0874855259,966.077012179059,0
835,3266,5.75692914395001,1930.63547232348,24.1481991840037,22.1725918947455,23.1217125652023,34.1962145047953,34789.8599237235,13521.4087238177,336.962172490613,0
836,3267,5.44737036342956,10811.674773533,28.1310832425039,7.16863527881964,7.2574156660693,10.9958036329001,30317.3462878613,31480.4508419515,-284.331681325198,0
836,3268,6.18566499228048,3785.15859432348,24.1481991840037,13.7936686363821,14.17766877024,21.2167256427476,34752.5879320772,13520.9242265743,309.292664341806,0
836,3269,7.17999864649342,3369.67745761933,27.2373057831326,15.2778478960254,15.7786412584357,23.5204094869697,29742.1792275386,24056.1577657982,1065.64816745405,0
836,3270,6.76622543998102,3131.72873092799,24.9893132782959,15.8077048764841,16.3214577313598,24.3349156527176,26537.4052607285,18383.1460957645,932.357635387613,0
836,3271,9.93241204501481,3384.05047453405,25.1753056315702,15.0038015867952,15.4689933403308,23.0911802907652,36050.7705819257,23210.4173525028,-1097.84543519308,0
837,3272,5.41141545360975,9331.70378153303,28.1310832425039,7.85388109929761,7.96842902164434,12.0516775665332,30341.5940309884,31489.402765296,-254.938308680802,0
837,3273,6.82889520036052,2759.88579892799,24.9893132782959,17.2706674996392,17.8799242500991,26.6002587199373,26531.041856171,18404.3198144924,918.159411790656,0
837,3274,5.41083318184301,1283.8590834161,26.4583796215642,30.9528221300402,32.6643483204959,47.8448210740263,30863.2122911146,19369.6882718674,358.290808966023,0
837,3275,5.54055886035779,3414.96973682051,27.1312860720907,15.1251655824616,15.6153197085943,23.2838015334648,31969.4114570928,24809.5953703463,-171.136329845865,0
838,3276,5.43582000046092,10752.468885533,28.1310832425039,7.19292512333787,7.28258073007399,11.0332205766092,30344.0691518813,31495.5204161632,-258.634232413367,0
838,3277,5.60809852983448,2322.56824082051,27.1312860720907,19.897368188602,20.71646711299,30.6781935510706,31968.6547611031,24821.8596481583,-191.038507316293,0
838,3278,6.37395821602116,2243.80905213705,25.4101000745176,20.1011915397052,20.9138663990882,30.9883672149284,22896.5763370838,22871.1333921258,585.309703758463,0
838,3279,5.93864788048977,2041.29949501525,27.1504439126573,21.8810768615654,22.8503893830468,33.7556384763521,28457.537892835,25012.7118795546,81.5587608500698,0
838,3280,6.80511302458016,1472.85851535908,26.7542421915588,27.9020086980618,29.355237756647,43.1041737568271,29183.0752301121,33532.419387618,-247.625463454077,0
839,3281,5.39922868416381,11945.727435533,28.1310832425039,6.74341978123195,6.8173503349966,10.3409167115249,30342.2748602457,31492.1597703809,-284.631732047193,0
839,3282,5.43652943904519,2013.12496682051,27.1312860720907,22.1040398269391,23.0903631597797,34.1015708343983,31965.3131416607,24824.6970121461,-151.720664985594,0
839,3283,5.64479110452016,2358.08962477175,27.2204261999602,19.6933812975143,20.4985080803529,30.3621446064631,28089.3666708383,25792.9791233216,363.503188605028,0
839,3284,10.0067644708237,1106.21371935908,26.7542421915588,34.9440012577516,37.0186035286668,54.0538139974699,29833.2904755629,34370.644846071,1.27451967205794,0
840,3285,5.31491742038549,13042.7879952953,28.181567099286,6.39393532737311,6.45647585016055,9.80289078389604,30350.9005807977,31487.656231743,-266.576415991742,0
840,3286,5.87003542662015,3131.09193818662,27.3419815575233,16.095166509515,16.6499826394688,24.7861805708315,28247.3146973881,25796.9042487655,347.979571330963,0
840,3287,5.53965685389611,1490.27546965237,27.2146781083254,27.7785574804695,29.2290981714999,42.9144997493905,31972.6474011797,24835.4036412152,-157.025943205722,0
840,3288,11.7890285591488,1899.35695585974,26.8541540960945,23.0247111332117,24.0792386709182,35.5294543910403,29418.8284099489,34024.3764511591,-105.593426305204,0
840,3289,5.90835045167189,1309.76309144782,26.451691258078,30.4700131088888,32.1391350912924,47.0941567940025,25770.0445730136,24787.5848081741,78.8552958008216,0
841,3290,5.93217026460349,2981.07285218661,27.3419815575233,16.6618226622919,17.2544101565275,25.663841343176,28260.6413748079,25812.4703028476,367.151024156305,0
841,3291,5.65633954195107,3271.42067744782,26.451691258078,15.5065731007928,16.014973037464,23.8725644458458,25754.5248008414,24841.8220925749,152.746312101662,0
841,3292,10.311457259469,7539.96172501032,28.3085100361514,8.99296739714465,9.15575365716168,13.8083485604885,29859.3351962508,31418.1059675895,-903.440267576872,0
841,3293,5.01569368740343,5770.52844779677,27.8677643276809,10.6670180761132,10.9070214685039,16.3917566544725,30440.554692314,31474.0917173839,-299.307361322137,0
841,3294,7.18827870450326,2711.93705422276,25.2358288450108,17.521539994306,18.1504026957138,26.9896149549149,22515.0295312702,22962.1446085638,1215.48054239654,0
842,3295,5.77329348883277,3216.81822344782,26.451691258078,15.6894850387132,16.2096138530377,24.1557384020681,25765.3058531179,24825.0779285053,118.889123107021,0
842,3296,5.84225216268064,2719.33789418661,27.3419815575233,17.7867184524297,18.4564565946687,27.4067263400279,28290.2433894351,25797.8714606678,362.904254871888,0
842,3297,7.20027629279219,2329.43353822276,25.2358288450108,19.5334693725514,20.3028052674965,30.107535739169,22473.584679964,23015.1892894107,1163.18311617131,0
843,3298,5.88987699502981,3030.41109218661,27.3419815575233,16.469801849285,17.0495053072691,25.3664081252529,28273.5615750679,25801.9940428589,323.974112488727,0
843,3299,7.37482735325788,2629.96493228845,25.2756664876593,17.9132422504415,18.569246611521,27.5965845547607,22452.8953579588,23170.559616101,1098.63626478488,0
843,3300,5.62995284820624,1637.09147744782,26.451691258078,25.6541969147562,26.9144816042054,39.6106251548157,25756.9553165789,24817.2634325424,137.206157516692,0
844,3301,5.61969961330138,6668.99149758925,28.4599766761518,9.7385307784411,9.93611747127193,14.9590242807584,29166.06656407,30418.28584162,-124.204114013097,0
844,3302,5.78924638279115,3656.61027218661,27.3419815575233,14.4477174947201,14.8972234937185,22.2357831698026,28277.3991372903,25801.5960542509,353.54595198747,0
844,3303,7.25294741773224,2920.57576477095,25.1912942906945,16.6237006940187,17.1922079028887,25.5988637257361,22431.81263698,23150.7388523465,1139.00095869202,0
845,3304,5.41789209497308,6470.03063958925,28.4599766761518,9.93156550890884,10.1383554551199,15.2569996184092,29170.8335427315,30410.9172107738,-112.226925313124,0
845,3305,5.94834340055024,4232.17167818661,27.3419815575233,13.0739960189957,13.4412747701738,20.1106748084365,28263.7349362205,25795.2042055809,365.640176204042,0
845,3306,7.19962567226813,3359.46605228845,25.2756664876593,15.0907924960579,15.562277799136,23.2260518948729,22455.8274477302,23181.6151375239,1135.29804636752,0
846,3307,5.48003862742263,4901.75741358925,28.4599766761518,11.9252900762961,12.2350489905247,18.3367514444481,29163.3694725223,30411.7731726957,-119.764469886569,0
846,3308,5.96952253927219,4094.20081418661,27.3419815575233,13.3715271607886,13.7561556047205,20.5708210072006,28270.8358253354,25793.0407580967,388.954143475137,0
846,3309,7.34263321018664,3754.60031232501,25.2102667329071,13.9768192296806,14.3804046761317,21.5024312261915,22428.2318441363,23163.660424451,1158.90659477373,0
847,3310,6.20442056477622,3818.06085218661,27.3419815575233,14.0247707512397,14.4483919904602,21.5813405674215,28259.0350402121,25788.0837159122,331.234510367559,0
847,3311,7.50166948775339,3281.53785277095,25.1912942906945,15.3276696012606,15.8131107995293,23.5924321461813,22449.7666007107,23142.7300264335,1176.44783460404,0
847,3312,5.11660402996611,5023.80347958925,28.4599766761518,11.7308651107022,12.0299796001904,18.0362536901385,29214.3200198803,30395.1471208036,-100.834869598601,0
848,3313,5.748180926359,4166.36534740888,26.3762441373144,13.1296558031515,13.4931409708486,20.1948151298729,33758.1394027845,30621.1934922159,335.678324967868,0
848,3314,5.85483855421742,3178.38176018661,27.3419815575233,15.9266953736043,16.4704293135776,24.52528611585,28285.836200936,25811.9042916745,339.83499954053,0
848,3315,7.25474983546686,2318.28485232501,25.2102667329071,19.5968372386605,20.3704065044468,30.205685560254,22416.0574144373,23170.2077645628,1171.11009282306,0
849,3316,7.37332623510868,6482.51399262989,28.2634561130217,9.90893225622159,10.1137025914894,15.2218021851855,28529.232069782,29181.9944691359,1074.75376364859,0
849,3317,5.96031450517465,3536.45578795672,26.0372252370676,14.6482172989442,15.0991772191255,22.5430448261787,25804.9912789392,21645.3265398052,136.183783780396,0
849,3318,5.90495678581349,3532.82545742795,26.4068249506649,14.6976428329404,15.1548121071354,22.6204001652381,33775.6288358765,30625.7119689654,351.934861244293,0
849,3319,5.88617608634894,3200.78220218661,27.3419815575233,15.8484797433234,16.3870920169047,24.4041678246951,28287.7560434084,25821.9668398768,346.932146189579,0
849,3320,7.31370600029761,2891.58447042546,25.2570220198826,16.7493574967891,17.3268199503156,25.7936457789576,22464.2982439284,23138.0900146082,1175.41370637656,0
849,3321,5.91213326790492,1205.66548045265,26.1761364454845,32.4222278034538,34.258070667873,50.1281221538865,24569.7924506282,26640.1575057204,496.578468462103,0
850,3322,5.83693866862196,3819.48442522958,25.7198779605594,13.8648096647259,14.2659768908445,21.3303366547196,25805.703426281,21652.8855283535,181.034987452876,0
850,3323,6.10540922291377,3136.70081594917,27.1634981742292,16.0536745320894,16.6040998749243,24.721468479779,28276.2704060448,25814.9974090594,355.26143402988,0
850,3324,7.30550281122629,3222.41444614454,28.1275702840715,15.8641039180525,16.4108068200867,24.4303087364084,28538.3577714228,29194.5008130259,1051.28058887249,0
850,3325,7.24617543271756,2676.37480590638,24.8547861401257,17.6301735488209,18.2621350852483,27.156730177,22449.6957129517,23171.6688199433,1111.968023256,0
850,3326,5.55822279665236,1130.07280513016,25.9465903307822,34.0416266342978,36.0176673408017,52.6454014403525,24550.4165829201,26631.4566994592,494.774304509281,0
851,3327,5.80802228506529,4339.43018122958,25.7198779605594,12.7189595056756,13.0544575801461,19.558538850833,25788.6438830875,21648.3987696365,165.862953993651,0
851,3328,5.86710845376333,3541.95718994917,27.1634981742292,14.7506335286254,15.2174877345509,22.7041692272305,28288.1629662403,25805.499283167,327.65592656924,0
851,3329,5.28067900418136,2098.932399011,27.4468031647175,21.4906872739324,22.4337994358033,33.1509301630734,32243.6007910793,27593.3864724079,-310.751971112565,0
851,3330,5.99212203442926,3968.72341925697,25.1968772667564,13.4593799709825,13.8327641336306,20.7021786464666,23821.8511303727,22046.7857468642,495.671999462158,0
852,3331,5.79824419198531,2393.96206994917,27.1634981742292,19.4691845175588,20.2572074706005,30.0143016146281,28263.0559694907,25797.3130528245,361.251840446087,0
852,3332,5.82376845280873,4361.87089807433,25.4910449060667,12.6557736138286,12.9861155890463,19.4604126758488,25010.1090663446,21581.0994583405,252.725793775676,0
852,3333,4.94624933414897,1714.578699011,27.4468031647175,25.0072391018762,26.2298914574925,38.6100883691997,32239.3253301827,27582.4974179896,-338.840822408813,0
852,3334,6.05855173262901,4679.06191925697,25.1968772667564,12.0537642213663,12.3494158405227,18.5294855650305,23846.6705659213,22069.7979626344,505.322633134994,0
852,3335,9.18504398004989,2681.56789746551,27.0150915144254,17.9190946450644,18.5946248048279,27.6109211641591,31551.8100356687,21253.4069875857,-1102.03834096077,0
853,3336,6.03877973648366,2192.82063794917,27.1634981742292,20.7576671383618,21.6413731960022,32.0126749039521,28287.0737188993,25812.7088590277,365.209137664186,0
853,3337,6.0323845712444,1542.56492407433,25.4910449060667,26.5841840999787,27.9051870778401,41.0507093950569,25001.0860228861,21599.1312029454,251.134388347995,0
854,3338,5.87388384994972,2246.12355794917,27.1634981742292,20.3953436216746,21.2518416023356,31.4506446974338,28280.9070225857,25799.683963384,364.331092988889,0
854,3339,5.96255902683675,2620.68392671115,25.5265989618628,17.9959415778616,18.6604712252365,27.7255028986176,24139.9058026075,23566.5825071924,371.21518685154,0
855,3340,9.53383825153323,2502.04982014354,27.007892902714,18.8325013716579,19.5726328789532,29.0266721985653,31498.6545203843,21281.1478234567,-1135.56758744813,0
856,3341,6.02974196351647,3894.40430341291,27.0096223110721,13.8047673809166,14.2125673471356,21.2402708711748,32908.3381017162,32025.750430406,418.148969417446,0
857,3342,6.04829820038427,3476.43892741291,27.0096223110721,14.9261810692209,15.4027310258638,22.975512199649,32945.5446929244,32032.5871087615,340.121537156268,0
857,3343,7.28118943572201,3978.39894667138,26.847070709445,13.5903123661264,13.9841290860109,20.9081989802009,31882.7620220725,20573.3425767869,1085.32086242381,0
857,3344,6.31240553548778,891.338237293588,25.5586578553365,41.0330124784035,43.6451589286342,63.5219851887049,26541.9452599178,20527.5461352394,743.218603389968,0
858,3345,7.30525224508989,4475.63589667138,26.847070709445,12.5496804314642,12.883668965843,19.2990455225456,31866.9539652289,20610.3723592133,1110.48476502345,0
858,3346,5.93011287551208,2565.28938541291,27.0096223110721,18.4971647338872,19.2133723221395,28.5068537818714,32929.6760945601,32024.3275930323,353.708263132752,0
858,3347,6.35539688572062,2915.13116929359,25.5586578553365,16.6943038102455,17.2712594643649,25.7092475000229,26465.6800668263,20489.7080765566,699.406533540942,0
859,3348,6.02618441240536,2985.06089341291,27.0096223110721,16.6041558431904,17.1896453692258,25.5736282081831,32943.2740018877,32035.7562643132,338.765655949033,0
859,3349,7.28240639959545,4398.67705267138,26.847070709445,12.6969188956357,13.0391741213759,19.526669454871,31876.5915298112,20610.3017156038,1116.42051360745,0
859,3350,6.91539197942287,2546.11432240846,26.2910608621098,18.4879617484601,19.1954631025894,28.4903694671223,27103.5527608409,22516.032918129,930.544166709602,0
859,3351,9.07844300574466,2782.95263520087,24.7546709640483,17.1364591911046,17.734192124214,26.3916811975187,30876.0192276228,15673.7264336288,-1236.22129601142,0
860,3352,7.38074896077817,4603.61325311723,26.6923771622884,12.3025416952255,12.621771970042,18.9167366037775,31871.7993638429,20606.7407574527,1136.49912187908,0
860,3353,6.00130473823118,2960.83465915957,26.9827203039896,16.6965290938305,17.2879490373437,25.716637294534,32944.7698251031,32053.6530941798,325.953609247499,0
860,3354,9.65545821172469,3417.61251169379,26.3912012880565,15.0364481972097,15.5145594862668,23.1447040973702,28587.079558027,21886.0374070068,-35.2619467465402,0
861,3355,7.44526468197511,4639.71386711723,26.6923771622884,12.2384276702172,12.5541361868214,18.8176405879931,31860.4433103985,20608.0736311545,1059.5511478737,0
861,3356,5.93359802853687,3490.78021915957,26.9827203039896,14.8808401765408,15.3543160054004,22.9052720352702,32928.973265466,32044.4850046218,368.768491223421,0
861,3357,8.52278880358953,3563.78674803494,26.2397503125464,14.5920761020826,15.0413228759186,22.4566498683035,27948.6389313679,22643.439451542,-1451.21554661386,0
862,3358,7.39010782459321,5576.52369911723,26.6923771622884,10.8359973292434,11.0780447301309,16.6509376067245,31860.4039694212,20591.8394508981,1076.29761498872,0
862,3359,6.05833309628064,2327.21271715957,26.9827203039896,19.8435258816632,20.6568711623168,30.5942027409823,32929.4707971812,32016.6502184759,312.511164984306,0
862,3360,8.94568909426586,4589.55959403494,26.2397503125464,12.2922062215506,12.6078161566129,18.8999199282228,27958.3526997453,22617.7637765413,-1430.6474466703,0
862,3361,11.7681795180651,8390.87455384618,25.9222985360487,8.30795774209371,8.43227179874961,12.7493233385675,22616.7359886652,33863.202357209,-960.435949479233,0
862,3362,5.90168448746385,3167.55722323913,26.0282891249133,15.8088164521412,16.3326591076712,24.3393959236734,28732.9894386685,20708.5860025818,387.27696466482,0
863,3363,7.45999421463813,5226.20016911723,26.6923771622884,11.3081717866873,11.5742812572958,17.3802275653754,31879.8807228823,20603.4677303524,1092.03454618693,0
863,3364,8.42846939592095,3510.57193203493,26.2397503125464,14.7440750958295,15.202679898594,22.6918593085061,27973.7342346938,22631.8734157741,-1444.77012551953,0
863,3365,11.1373923125962,7500.38108515809,25.9581530452441,8.91756509663188,9.06705405860126,13.6892683729305,22592.9448979548,33777.8172731313,-923.556067476762,0
863,3366,5.40044594737161,3100.30538834789,25.8665647566669,16.0276129894822,16.5640270154976,24.6777226629873,33329.8674975547,18148.5889693412,-299.657460832264,0
863,3367,4.54778272868695,6507.45220564944,25.6795431807785,9.74789673846745,9.93252189536206,14.9697742714029,21792.9655931839,33597.8137331095,-310.365393052576,0
864,3368,5.44478857225696,3347.10671834789,25.8665647566669,15.1962298413428,15.6796704066276,23.3907149229807,33375.5558309226,18141.5500470169,-291.62743480452,0
864,3369,6.31485328589727,2656.63993385106,26.0706606216205,17.9021163825062,18.5662317932161,27.5817912311939,34443.8116385449,31290.6203567174,764.629728937152,0
864,3370,7.15032823536568,3746.34298082912,26.6395277532373,14.1398226366787,14.5648376751987,21.7578091752548,31866.1221392796,20605.019701313,1138.77554707697,0
864,3371,11.605287710384,6668.07314925347,25.9117523522001,9.60888877171033,9.78837705639647,14.7556080522726,22492.9658371003,33704.0714475593,-919.173469530004,0
864,3372,4.91057290005421,5064.72908032938,26.2132428259438,11.5114689467912,11.78521522814,17.6934749718302,23624.6922447781,33941.7947930267,821.323119051585,0
864,3373,6.3530744207705,1595.25323923913,26.0282891249133,26.0545556192668,27.3408949870471,40.2305566143268,28757.0254167511,20725.8413087438,438.892468901292,0
864,3374,8.75897678246819,4535.13191191798,25.6434501597517,12.3428350142268,12.6571062419401,18.9770365623729,21177.8807514326,33871.9718273677,543.226917426049,0
864,3375,3.83192250389307,5397.65337275739,25.6196560138158,10.9997421280836,11.2437636279057,16.9020880827781,21666.2771388023,33365.4976555024,-770.965921155389,0
865,3376,7.05137758831665,3310.33977155528,27.3574948999091,15.4816016672513,15.9965285971554,23.8361438173781,29581.3932215065,33458.640113863,1061.91634748907,0
865,3377,5.41464612917093,5382.96989834789,25.8665647566669,11.0357648909855,11.283058601082,16.9581233215584,33358.9017465546,18132.1295104791,-219.006929183897,0
865,3378,5.25916440223883,3800.78430849356,26.6533326913834,14.0021618350408,14.4189945505219,21.5448677670761,32352.5935345209,20366.2004965636,-257.292774257889,0
865,3379,11.132887344857,5599.05271315809,25.9581530452441,10.7611699093366,10.9953248933282,16.534237054122,22593.1919437082,33754.4115753435,-916.795743332096,0
865,3380,5.74743284621485,2145.640198721,26.7285335261773,21.0122720598871,21.9096603844936,32.406113707053,29236.2643722759,23365.1267382456,125.504466793393,0
865,3381,5.89174455674183,1541.39966923913,26.0282891249133,26.746042365039,28.0896586754756,41.3046853167173,28747.3942315784,20673.4684945188,396.392396844838,0
866,3382,5.68768963772553,8946.90964626055,25.6182572935522,7.97039098962707,8.08039479030456,12.2287299066936,34505.443205875,18109.9366759166,-11.1920521352678,0
866,3383,5.60337906682675,4697.374324721,26.7285335261773,12.1406036707384,12.4512018439311,18.6665142277806,29227.7722675854,23383.9650857223,81.8556734200587,0
866,3384,6.95829813029713,3712.41728674191,27.3496061235571,14.2985138188498,14.7388933244525,22.0049156934751,29600.7928258529,33453.5808788293,1118.09753470959,0
866,3385,11.6154133912704,5706.56593384618,25.9222985360487,10.6262988555637,10.8536295894025,16.3259368450292,22521.2686720015,33736.0606209276,-922.147344502935,0
867,3386,5.62930994599786,8468.50492626055,25.6182572935522,8.24803597752504,8.36877584711904,12.6566258985535,34499.1222993434,18110.7009218965,1.53207551820422,0
867,3387,6.93365530675052,3442.91426555528,27.3574948999091,15.0641078973201,15.5523331095928,23.1898225458318,29584.0757342375,33455.5769089091,1074.62091287763,0
867,3388,5.52344949337068,3408.412804721,26.7285335261773,15.1014810256464,15.5866366132386,23.2461759634795,29219.152391535,23356.3022960018,82.5041125598609,0
867,3389,5.04664828024808,3030.84705549338,26.1412329451172,16.3183377127357,16.8763853908042,25.1286302172066,34756.5810591561,30615.539537516,206.983049435937,0
868,3390,7.11504239745053,4048.62215074191,27.3496061235571,13.4744932372135,13.8652429185402,20.7300951589081,29605.4541949124,33436.6439544868,1058.423268295,0
868,3391,5.2924789602525,5264.93256434789,25.8665647566669,11.1974812944522,11.4529440267871,17.2078802342178,33364.8746608381,18152.4177917143,-316.729139427204,0
868,3392,6.75020589683976,4653.2787290567,26.3586461833745,12.1887870124537,12.4995571096843,18.7403048503678,34336.7656506879,30934.4034062007,611.690715141557,0
868,3393,5.73676382933758,2544.24985406428,26.7673095158462,18.5703274299243,19.2890325053612,28.6195158387725,29401.1834579738,23400.06954288,62.5947480217445,0
868,3394,5.80544978832021,5594.45965914072,25.1311900640854,10.7141867701355,10.9412658705122,16.4603762278994,35263.8522342657,17608.609170678,31.0948798228296,0
868,3395,5.73381991166931,775.73185723913,26.0282891249133,46.2926868737309,49.4189351307331,71.7147000202041,28797.6990283857,20715.0474409741,396.775669364295,0
869,3396,6.14125984355995,7162.73941773604,26.3118055681454,9.19905710381876,9.36223849125592,14.1238681745286,34308.0651693013,31023.1986820115,661.14758973356,0
869,3397,6.959958535467,4043.32099955528,27.3574948999091,13.4872305320238,13.8787911372544,20.7498127721018,29594.8764240817,33449.9972046618,1074.33264185208,0
869,3398,5.36752938310598,4428.82560434789,25.8665647566669,12.5584451791856,12.8860973495626,19.3107124075246,33360.5404194346,18135.7566251206,-289.37079212403,0
869,3399,5.48018730253695,4650.11693514072,25.1311900640854,12.0983418948392,12.395912752636,18.5982398696785,35289.1017309998,17590.8547594556,4.78037605083372,0
869,3400,7.84762629583138,4765.74839714248,26.2238754990589,11.9861231676769,12.2850455202742,18.4268654938501,25484.4064199418,27609.7479107065,-1513.40291626308,0
869,3401,5.34799803418309,2334.204784721,26.7285335261773,19.757668649133,20.5616452787075,30.4602172114491,29141.7272016619,23317.413173791,80.2972321668283,0
869,3402,5.69068852009051,1677.21198523913,26.0282891249133,25.0829486772442,26.2898036234971,38.7215821190483,28761.5761820765,20608.9671839858,339.928041661164,0
870,3403,6.2736748920398,6486.00627745396,26.3838912435368,9.80639581519527,9.99721545826502,15.0610176981075,34309.3514733176,31025.9268816178,680.066996378928,0
870,3404,6.9199339134774,3826.98439596537,27.1707474927067,13.9860316143311,14.4059723004872,21.5210370842878,29593.4924270702,33455.1123882418,1110.62570175991,0
870,3405,5.32335149736591,4519.41227599764,25.7546562091249,12.3804556311335,12.69755058077,19.0353927054261,33351.4636510021,18137.5557353741,-233.300001793136,0
870,3406,5.81170552576499,4120.89106621856,24.9852103630131,13.102836732673,13.4543133353721,20.1504586329098,35289.8869153395,17587.8433833576,-34.3173023302238,0
870,3407,5.92133814415286,2257.40441706034,25.9090300893344,20.1015162508478,20.9205889782263,30.9906284503393,28811.4222241634,20667.0625580435,371.444563519632,0
871,3408,6.23638812314571,4911.94021345396,26.3838912435368,11.759674294835,12.0475464708894,18.0772436090421,34322.086499883,31035.383452647,639.530501946888,0
871,3409,7.12465796179871,3337.08210396537,27.1707474927067,15.3742137452814,15.8805894281439,23.6694332494617,29603.7630302404,33446.3809028381,1090.57777846009,0
871,3410,6.00019996357263,4174.15763868388,26.5353703098649,13.1269807151781,13.4914835278257,20.1910014848835,29615.7914923618,22071.0980869107,431.813145140271,0
871,3411,5.32310579576122,4237.10503399764,25.7546562091249,12.9275248632628,13.2749428858798,19.8810293612167,33366.8865415426,18124.8804982866,-288.646816626853,0
871,3412,5.45337765078739,4261.30536413184,25.094948557673,12.8209453860958,13.1575189112896,19.7149220287947,35304.0557017327,17610.5402707996,-24.0438119981202,0
871,3413,7.39688500000937,4492.83999594485,26.0259725500189,12.4513289109958,12.7741954570499,19.145454122765,25505.9210039154,27604.3594447898,-1524.00954575112,0
871,3414,5.6541701885648,3629.37121248014,25.962258580311,14.3817926826437,14.8158690621248,22.1306359290153,28838.7304197503,20658.7848680722,376.038416647309,0
872,3415,6.05006607110858,6791.15448145396,26.3838912435368,9.52110392423623,9.69891496130229,14.6207934590049,34315.7861362287,31031.3165474444,649.737969147546,0
872,3416,5.47508362276116,4509.89704399764,25.7546562091249,12.3978978330604,12.7159452850459,19.0623502172071,33354.3683439063,18134.78200548,-283.550188891242,0
872,3417,6.11846941278955,3235.62977868388,26.5353703098649,15.6355635549673,16.152995962388,24.0724698569393,29603.4163238561,22071.771319188,416.46972982212,0
872,3418,8.2377751158629,3144.6790741781,27.1592001576007,16.0245703489328,16.5730430101519,24.6763872167863,29810.1584478815,33381.4811986021,-1461.58948602961,0
872,3419,5.32430349592043,4081.68333413184,25.094948557673,13.1974474813602,13.5551060048348,20.2969623513777,35278.1476190145,17641.0402127655,1.88181482266434,0
872,3420,9.95583147732133,6636.48032777057,26.4562704295891,9.66661712850925,9.85137541467048,14.8454163963556,34989.6919505409,29989.9924382357,328.899099683951,0
873,3421,6.39015889782331,6582.08368945396,26.3838912435368,9.71407997948311,9.90065594322322,14.9185588579702,34258.3954357743,30941.3913577085,607.81525813401,0
873,3422,5.3363299133765,3115.80542599764,25.7546562091249,15.9581730463012,16.4890164121673,24.569911746476,33361.6250962215,18138.917784053,-273.572574025346,0
873,3423,5.91202392053977,3218.89001868388,26.5353703098649,15.6922277709044,16.2133064537105,24.1601977240709,29617.7394284046,22060.1893735867,467.008909592444,0
873,3424,8.74718487323416,3193.0922221781,27.1592001576007,15.8538714173432,16.3911672295992,24.412057099297,29795.2158413503,33372.9581361388,-1326.19717594825,0
873,3425,9.35041342392333,6855.31561193011,26.4514170982193,9.46733605584329,9.6430491622668,14.5379238684633,34972.0285210417,29942.0215437795,384.245341309302,0
874,3426,5.51077635809369,2960.41199599764,25.7546562091249,16.5400659578047,17.1088439897194,25.4709368308658,33359.4571631541,18130.5174685192,-286.996909542654,0
874,3427,6.01325668178584,8793.04635034515,26.5887477911635,8.09396359543448,8.21239518992888,12.420186902292,34091.1910334149,30727.8318535245,510.12269639314,0
874,3428,5.61740898918894,4574.26915840333,27.4170008579963,12.4119523240142,12.7420819724939,19.0871922747854,32720.9393714726,29112.6667579423,-118.319916212155,0
874,3429,8.44473792258731,3494.8263961781,27.1592001576007,14.8875730695287,15.3629691932947,22.9161055400305,29840.5158900747,33392.0820518684,-1408.58329911261,0
874,3430,5.83494633037103,2744.53808268388,26.5353703098649,17.5575751363328,18.2029486306944,27.049314399979,29614.1519201162,22066.8224054113,452.151880007447,0
874,3431,9.12000985361437,8122.50846977057,26.4562704295891,8.5013008503539,8.63555453128694,13.0479783334131,34857.9733411525,29813.7932861178,540.364843877953,0
875,3432,6.03373274510344,8208.14592034515,26.5887477911635,8.4508402272675,8.58356309163005,12.9703269845871,34084.9523578843,30727.8193743215,461.657416919496,0
875,3433,5.46911061751116,5261.50238440333,27.4170008579963,11.3064979738992,11.5768070623942,17.3788250563571,32743.28438005,29116.7661709313,-79.7544360860174,0
875,3434,5.36739199672956,3008.53880599764,25.7546562091249,16.3539941953822,16.9105541066628,25.1827920648645,33376.8227625768,18136.3459485251,-269.498313212399,0
876,3435,6.05199550276961,8159.3145427373,26.547285747739,8.48091327344143,8.61469914404539,13.0166466443363,34100.9609198746,30744.6407604974,449.180374943954,0
876,3436,5.46414059401318,4688.54004640333,27.4170008579963,12.208202289241,12.5270084722157,18.7722358204186,32733.7924592627,29109.9883936594,-117.490170393513,0
876,3437,5.28193028893447,2867.57240599764,25.7546562091249,16.9150831082923,17.5087313109297,26.0517439953085,33322.0121935957,18146.3968475563,-302.036734576672,0
876,3438,9.15772756883158,7904.82551177057,26.4562704295891,8.64808181590923,8.78839059784102,13.2742959913951,34849.6761138963,29805.3656429242,545.615245367235,0
877,3439,5.45418045717978,4708.01103040333,27.4170008579963,12.1743658141411,12.4913042751555,18.7199349461183,32719.3744732423,29104.5228156251,-98.7974117612206,0
877,3440,6.14012867317443,9050.64042034515,26.5887477911635,7.94947037798739,8.06227465777746,12.1974883846591,34083.6874027864,30728.6836638878,478.604076212375,0
877,3441,5.47319352869593,2996.90907799764,25.7546562091249,16.3984583347389,16.9579304900239,25.2516457585416,33358.174498636,18123.5123003407,-271.696350705983,0
878,3442,5.56692659783538,5701.03121440333,27.4170008579963,10.7248453252507,10.9653293444438,16.4803918447359,32733.0819145607,29100.1344363385,-103.896551211875,0
878,3443,5.41707472702262,2680.15317199764,25.7546562091249,17.7442417470439,18.394004621446,27.3362131697035,33364.0330842698,18144.0385940855,-239.764921902319,0
878,3444,6.033283009088,5892.57456634515,26.5887477911635,10.4466684162181,10.668908282777,16.0496130252809,34078.5168481101,30719.3544663572,479.226575569445,0
879,3445,5.9024351186086,8597.22638630154,27.6655507270971,8.25037130972448,8.37908514564038,12.6624094220293,32009.2436128498,29633.6866511545,368.429427893422,0
879,3446,5.92268213406934,8819.03995845734,27.2522220668487,8.10404133665059,8.22533724151686,12.4364040789279,32007.751689091,29634.0873276119,370.80993222692,0
879,3447,5.6879016211656,3173.86596199764,25.7546562091249,15.7541069196634,16.2718406355499,24.2539813785389,33356.9353669611,18143.272218896,-270.418796894066,0
880,3448,5.63497597379749,3391.78531268392,27.4198246344035,15.2283913031188,15.727609455694,23.4442831862295,32708.321239816,29122.3876586883,-75.5220043774576,0
880,3449,6.08266186029774,7823.98082405303,24.8208051061231,8.63267658734688,8.76542055154675,13.2486236448128,36540.3162645749,19573.4408078473,699.84072737269,0
881,3450,6.40484906770094,10393.7321985699,24.4678764365248,7.22910111034304,7.30832169350751,11.0856909449996,36869.7560056333,18796.901084879,11.6207305545702,0
881,3451,5.58764937879162,2670.45583868392,27.4198246344035,18.0302997858588,18.7179331144925,27.7844532458009,32723.3250223922,29153.2198872173,-61.3032648573489,0
881,3452,6.12231959504453,9341.22449167936,25.0377233656277,7.73902660972664,7.83822914160275,11.8716450221317,36325.294294052,20305.9502741933,-234.53679240377,0
882,3453,6.400275607383,10200.4760745699,24.4678764365248,7.31244343091232,7.39450159084986,11.2140287492011,36847.9153524721,18792.8319350014,28.247657632811,0
882,3454,5.58124807962361,2517.68350268392,27.4198246344035,18.81108820366,19.5543037153968,28.994750036219,32708.7912294966,29125.5578288904,-91.0259593387183,0
882,3455,9.02256824253639,10922.4490056794,25.0377233656277,7.03145827825837,7.10591449087322,10.7818883161878,36598.0706268195,20458.2926102691,-427.061606685157,0
882,3456,6.02021663838212,1920.63274300774,26.2892290415136,22.7154799953892,23.7377244037406,35.0472719548006,27203.5402042894,27045.4729217854,564.771555728924,0
883,3457,6.54454029861451,10089.861522053,24.8208051061231,7.37321191936421,7.45858232903391,11.307950287494,36563.0926118653,19601.3985652735,709.909682826328,0
883,3458,6.02787701710364,2953.69619500774,26.2892290415136,16.6358242342732,17.2163168957954,25.6207197668648,27204.4021434799,27037.4857716249,555.159905967676,0
883,3459,7.21632395114434,7794.65120586746,24.8634875129661,8.6549567518022,8.78878649185715,13.2830230483701,36724.2644212893,21129.494262528,1109.20962991604,0
884,3460,6.41516366500616,8773.05913805303,24.8208051061231,8.03728799172978,8.14676459696508,12.3309658346208,36548.6340983631,19608.1245906794,707.884697259367,0
884,3461,7.12185072656648,7881.78606186746,24.8634875129661,8.59477694244891,8.72617891862845,13.1902484759009,36703.8513620407,21153.2323259359,1090.47159637336,0
885,3462,6.44057219451282,7796.53642805303,24.8208051061231,8.65174054608667,8.7852543758652,13.2780132976932,36551.9378577286,19600.5177790129,719.928345375327,0
885,3463,5.71118160358569,4011.34513434209,27.543453488077,13.5771683392058,13.9754420293885,20.8893104665193,31303.627409381,30086.6391877672,161.640698331803,0
885,3464,7.06760412213384,7240.89553986746,24.8634875129661,9.06645044850073,9.21728084211593,13.917501199464,36677.0137279276,21157.3804330302,1055.68021894771,0
885,3465,5.50696394016874,5158.50406567877,25.9354162449034,11.3536666130857,11.6175283099052,17.4492352890553,23888.7678972565,36205.1680420559,-459.196549232055,0
886,3466,5.80126480652104,4554.37413834209,27.543453488077,12.4582303957021,12.7917913465446,19.1589657599264,31323.873629537,30110.4795463268,180.013822574594,0
886,3467,7.38202497792176,6111.04984386746,24.8634875129661,10.1030468769661,10.2996728272849,15.5166345032567,36717.9202834347,21157.851596864,1067.1978047861,0
886,3468,7.18228337270694,6757.03299194636,24.5428917739885,9.4566058580294,9.62259307139506,14.5188104345076,36787.0629604671,19232.4112307012,1049.67044247338,0
886,3469,10.7920351905211,5444.17625165114,27.0587086909923,11.0316866793562,11.2857195096815,16.9537427156663,28426.224453375,29998.034449369,-911.520433570519,0
886,3470,9.64152114382734,3443.84836806456,26.65874767481,14.9860888420765,15.4633797391843,23.0674040469432,28648.5291204875,26510.7181575548,-1108.05867956332,0
886,3471,11.1023540333226,4684.01809786803,23.7537574395044,11.9311894830959,12.2103817885297,18.3373462341204,37233.6165813723,20119.6616352411,-30.0424799043008,0
887,3472,5.71571290388324,3438.25064034209,27.543453488077,15.0982209107984,15.5901987333503,23.243065498242,31347.4103113434,30114.0617651341,205.074342247829,0
887,3473,7.18783108012545,6656.52835394636,24.5428917739885,9.54727034322838,9.71721352945893,14.6586628685382,36804.0951448361,19209.9792844303,1088.14492327436,0
887,3474,6.91137407638577,5843.41191786746,24.8634875129661,10.3992594242413,10.6097167753473,15.9737990804721,36711.0773932647,21150.7523968214,1097.49937852218,0
887,3475,6.14691464440979,4751.2582921479,23.4530656339448,11.7959708294723,12.0661094143708,18.1278992152414,36888.2643334465,19216.9433787099,1017.39635768011,0
887,3476,9.68962188140596,2203.47620406456,26.65874767481,20.5937426817786,21.4587764457719,31.7566423179528,28667.3829913181,26508.262802664,-1044.46902496955,0
888,3477,7.31173519380585,6316.66717394636,24.5428917739885,9.87236243816833,10.0567497124923,15.1601974203302,36805.4371985455,19209.6357531518,1114.35978385221,0
888,3478,5.53347973043221,3238.89331434209,27.543453488077,15.7407696030972,16.2741656234695,24.2378826542163,31348.6025486546,30109.933021238,160.335631685804,0
888,3479,6.15318421721241,3929.24124851442,25.6489975384228,13.593643500964,13.9783641862322,20.9107904697981,35978.0018393639,26158.2722512685,725.632468541474,0
888,3480,7.25426734191707,5407.78168986747,24.8634875129661,10.9359309183808,11.1722513223605,16.802300149323,36715.9509492825,21157.5634869444,1090.78457874737,0
888,3481,9.69898243717144,3117.09265806456,26.65874767481,16.0636572817511,16.6100025235037,24.7356231301317,28690.5989398952,26528.5225095621,-1105.95560586266,0
889,3482,6.16927626588034,6838.59020500263,25.5370536317989,9.43583561574595,9.605789766939,14.4881204793838,35984.2843443461,26172.0062673578,729.525440666309,0
889,3483,6.58672093857129,7643.09029986746,24.8634875129661,8.76244853676743,8.90065218239754,13.4487451564989,36696.8379385743,21085.9261406755,1186.51759681873,0
889,3484,5.77735517636925,5219.52571421104,26.6593467430857,11.3154714142987,11.5817610363627,17.3914491251954,33910.9041946112,24857.8893032682,221.253246280226,0
889,3485,5.66318136392213,7547.05667315672,24.3591949257846,8.80910242159974,8.94695007256855,13.5200478294841,37029.1785585257,19838.8989347226,-9.76082834624861,0
890,3486,6.86817118472793,6549.03531147293,24.8148583530314,9.66166215482105,9.83803494428508,14.8355132441537,36694.388945894,21094.4403186763,1145.28536800627,0
890,3487,8.78458358821857,4178.82434914131,27.1513794581601,13.1705039828622,13.5420074129425,20.2595423955575,32452.7944834007,29771.2930372906,-1218.90788127829,0
890,3488,6.112206035135,4110.04658454341,26.5809455846512,13.2692935086836,13.6423404009565,20.4111628688293,33924.6538693834,24736.6114865618,227.762458998479,0
890,3489,5.03854857959465,5860.8337776644,24.5843147309562,10.362136440975,10.5692674306849,15.9160643523241,37111.7171726958,20652.5848754661,-181.660150928453,0
891,3490,9.4878331132422,4315.25339314131,27.1513794581601,12.8872286169366,13.2424158954429,19.8214988652277,32435.6937420969,29736.7486926783,-1164.25521328708,0
892,3491,9.43606235331429,4334.04157114131,27.1513794581601,12.8494715934835,13.2025023868674,19.7631182034534,32433.2899392592,29734.9782052486,-1192.31500975631,0
893,3492,9.30043156972863,4028.49689914131,27.1513794581601,13.5025060356326,13.8934349609389,20.7730175298638,32421.4668555148,29737.7736513594,-1214.32984894727,0
893,3493,7.41804610759582,3399.50724886984,23.7430865892538,14.794502851698,15.2336834229505,22.7636867483387,23194.3088717543,19799.9494246183,1240.87512492976,0
894,3494,6.18487383935036,6859.90111625954,26.2994541206092,9.45565609529123,9.63012901336382,14.5197051226172,34313.5368627293,30803.8836061557,624.576657868778,0
894,3495,9.76855807908987,6957.82274314131,27.1513794581601,9.41224517195778,9.58872797539759,14.4538227926909,32436.1264906329,29746.9196190545,-1199.82201361328,0
894,3496,11.0442445859663,4794.99533428818,26.529623267991,11.9603400777866,12.2598721808257,18.3875734863912,29421.0769997905,33850.2038948405,-909.51726376842,0
895,3497,5.96768002849943,9617.84265425954,26.2994541206092,7.64495110756423,7.74520127362482,11.7279583873835,34309.2718348455,30805.6611216538,620.303029713707,0
895,3498,9.18715882534906,8632.65775714131,27.1513794581601,8.2093836394069,8.33451239306078,12.5986867652222,32435.2079385707,29736.545890912,-1172.15625903784,0
896,3499,6.13368786591473,12201.9770262595,26.2994541206092,6.6088302927006,6.67325136318296,10.1322965218032,34333.2656946072,30786.4402378868,593.042588433471,0
896,3500,9.08992780620846,9105.73218514131,27.1513794581601,7.93994631901803,8.05441781667851,12.1833744452359,32412.469469513,29742.0930303707,-1220.48153810646,0
896,3501,7.1362640210028,9663.85984478525,25.6881172250925,7.60132768705108,7.69783826156039,11.6601582182388,35693.754611181,29264.8456290823,969.626615666851,0
896,3502,8.7855127395849,3160.42435825606,24.2698436231825,15.6196249381394,16.1144264832664,24.0418427451633,35812.3271076718,15418.7898135675,-1357.26759425219,0
896,3503,3.12454944439435,3867.31108252659,26.0817589830073,13.7826214595458,14.1818414800267,21.2040128168328,30228.8152488464,34349.0972995193,-360.351313674427,0
897,3504,6.21675128614139,10510.0498362595,26.2994541206092,7.23828266766599,7.32385228175168,11.1015042713394,34331.8349379724,30789.2971860549,579.241311442171,0
897,3505,7.14779195978104,8425.73433278525,25.6881172250925,8.2769951222519,8.39915236649437,12.7013390704925,35713.4579643975,29244.2472504783,1002.77921189704,0
897,3506,8.73911566332197,4985.65290025606,24.2698436231825,11.4902430795119,11.7504425783146,17.6572494807823,35781.4525633758,15412.4357653066,-1325.10485703257,0
897,3507,6.2735380943669,2795.45224669724,25.1034052477746,17.1313988577587,17.7325853062675,26.3848876817162,28838.2916627146,18281.4240123905,457.261586494629,0
897,3508,9.39393668978568,10075.8625435018,26.9599463233165,7.45003805552247,7.5453461239205,11.4282846832993,33577.7360790248,30516.5839988753,-443.068389385433,0
898,3509,6.15958681112903,8205.09501425954,26.2994541206092,8.44092929891586,8.57209039726136,12.9547261941672,34335.5241134824,30808.9930319723,602.047734688782,0
898,3510,7.07976756967709,7433.04453878525,25.6881172250925,8.95615131316804,9.10607853432589,13.748443950169,35685.3491436823,29249.8925071425,959.880551440892,0
899,3511,6.02932254146403,7375.13330825954,26.2994541206092,9.0290955950527,9.184849451041,13.8616946185627,34320.5792592545,30803.7256870107,608.174868509201,0
899,3512,6.18309353801032,3935.58003966503,25.8366990479735,13.596481520098,13.9828474737603,20.915587435468,35372.4272013301,24258.4674631885,535.007184474022,0
899,3513,3.97765338033006,3227.20269969752,26.0470457904631,15.6069178646132,16.1179972390847,24.0268783299353,30246.7038386534,34527.4479778967,-292.521438096725,0
900,3514,6.10538456795013,5281.36661500646,26.0193589405929,11.1849153296491,11.4406617180494,17.188726804583,35343.5541245974,24243.1118467732,580.939798065768,0
900,3515,6.40459457345053,6487.35405880194,26.0660505513392,9.78806837054438,9.97646309754079,15.03229774221,34879.4546295455,30865.2385358672,885.95314439692,0
900,3516,6.22269290900738,5209.22262915314,25.0275907021215,11.218014008159,11.4693583353439,17.2381674840034,34899.516911606,30861.8861117782,875.473405915324,0
901,3517,6.18694419409035,5233.32174752477,25.9178306150087,11.2453864140941,11.5035982812504,17.2819563875805,35339.1054099954,24242.5003631371,557.953065132169,0
901,3518,6.96614996406082,3901.08036986396,26.8037452055912,13.7693448416465,14.1734400330048,21.1850366123445,33793.856587123,22058.9256906203,915.764319074191,0
901,3519,9.26727449573357,3082.86262290033,26.1122145471096,16.1213174649828,16.6661967210606,24.8234672578288,32337.9764798069,33416.1177937992,-1180.53184415747,0
902,3520,6.94466168399881,2636.80999586396,26.8037452055912,18.1055523169465,18.7918560368188,27.8992591630687,33794.7181806209,22077.39351571,1023.3136091286,0
902,3521,9.28761481201622,2746.72383690033,26.1122145471096,17.4882836612471,18.1244078890626,26.9407171107089,32351.8781640126,33471.2163995783,-1100.36519485622,0
902,3522,10.5550874782433,2480.9524286753,24.3536736012839,18.5262908920346,19.2136848603057,28.5434909513915,34800.1679710634,14194.4991820575,-986.719455803812,0
903,3523,6.82913485967804,6380.65916806179,26.8658658146292,9.9365379470269,10.135812468209,15.2625323043669,33804.4766832229,22161.2548619615,1105.84813297097,0
903,3524,9.19815487592577,3628.16030490033,26.1122145471096,14.4005079002526,14.8369805072023,22.1599393560323,32363.9680836123,33448.3896145682,-1112.47158214833,0
903,3525,6.15012597853538,2700.28529325137,26.3665838654262,17.7379478300785,18.3939440014282,27.3282977117208,34306.4639623058,30891.1585907155,309.510976438549,0
904,3526,6.7848997068212,5621.09070986396,26.8037452055912,10.7866092333722,11.0268081652206,16.5748404538354,33802.3236100712,22124.4437896656,1025.95036382322,0
904,3527,8.03518121637225,2882.45907562188,26.593270579667,16.9650702100947,17.5706816482314,26.1315435929384,33426.3836428009,31303.7959159336,-1367.51042471518,0
904,3528,5.84570608437086,4032.94829494199,27.0205051856743,13.480580274964,13.8692387989996,20.7388349799813,32712.5637547506,20583.6066863423,2.87239933584108,0
905,3529,5.65958485749064,4148.78302894199,27.0205051856743,13.2237150649072,13.5973567544877,20.341570055713,32737.7096494652,20586.1994256798,54.4691724390576,0
905,3530,7.01063097536016,4395.71825186396,26.8037452055912,12.6991196843129,13.0411973377183,19.5299887466113,33783.2184071946,22069.3309344692,990.780758299986,0
905,3531,5.64275938459578,1030.58735394152,25.7693706016922,36.5698078319773,38.7718184163115,56.577353750861,28466.5006905452,20088.9586605426,216.637325358069,0
906,3532,6.9439621471929,4588.88627186396,26.8037452055912,12.3376648826331,12.6595779222034,18.9712315416178,33776.8820645148,22097.3536879305,1019.42739659312,0
906,3533,5.78485068575646,4141.64660494199,27.0205051856743,13.2391668761025,13.6137064308944,20.3654661565882,32738.4540885729,20587.4840900747,58.4294539722885,0
906,3534,6.50165699215604,2009.24073214388,25.4670643928719,21.8026746712232,22.7429584827662,33.627632270338,30488.3333821511,16796.255381132,711.818764865721,0
906,3535,5.57489681793994,1008.98931551563,25.8451741909272,37.2321768867713,39.4967909128752,57.6084604953271,28501.5648231157,20096.8828364818,234.41390410112,0
907,3536,6.49415464558388,4368.89191314724,25.3948069155224,12.6340429275314,12.9624897850852,19.4266318157588,30496.8290233567,16776.9138545545,673.665792357619,0
907,3537,7.05341935821615,3946.23366986396,26.8037452055912,13.6616876402642,14.0593928157187,21.0185087960833,33791.5082202883,22103.7190373436,992.972665445719,0
907,3538,5.54931077118651,2882.70652294199,27.0205051856743,17.020393105705,17.6340583954447,26.2184327734393,32716.225727335,20580.0699042127,75.4602167953595,0
907,3539,6.98209087733775,3201.40024220864,27.1310457586379,15.8217686836097,16.3567131275665,24.3622768013561,33786.9507004426,22113.6102095526,1005.61269159361,0
907,3540,5.67029373826389,737.641553941516,25.7693706016922,48.1193954902977,51.4159648442474,74.5577873072122,28455.2357014049,20082.2377642353,212.924200301304,0
908,3541,6.40602586444856,4118.03779914725,25.3948069155224,13.1459433570467,13.5029921568429,20.2179685013124,30490.8784728645,16782.1280438548,706.769388693368,0
908,3542,7.0212985444205,3723.22041986396,26.8037452055912,14.2162133679422,14.6471818185687,21.8763638415033,33786.4866953094,22062.5237256301,987.458942487042,0
908,3543,5.5961430211333,2967.39649294199,27.0205051856743,16.6752567637336,17.2656189475396,25.6837890250845,32725.983277118,20572.2457605011,28.1714344039828,0
908,3544,5.76146256114221,916.837071729962,25.8842228005159,40.2594931426603,42.8067570066443,62.3201377801458,28466.4993005158,20119.684209914,150.330189793389,0
909,3545,6.28955232619221,6855.31632859591,26.2742267651669,9.45843264775769,9.63291050690456,14.5239558714961,34559.948145413,30523.9616437577,602.469104008176,0
909,3546,6.5289105563503,3724.91775114725,25.3948069155224,14.0711970532257,14.4818976629453,21.6488351027929,30483.6971542665,16768.3263665435,700.337646471784,0
909,3547,6.92289084512925,4676.94621986396,26.8037452055912,12.1817552316903,12.4950969562628,18.7302522449602,33801.5426092619,22100.6550881477,1010.95012164693,0
909,3548,5.84011593468573,4517.80663294199,27.0205051856743,12.4846698471996,12.8162062571239,19.19887240624,32714.6699330899,20580.4197766421,62.8731939059535,0
909,3549,5.49365044883453,931.778717941516,25.7693706016922,39.676812203539,42.1667263485008,61.4124300140763,28478.9347543581,20102.2132911027,196.789327220707,0
910,3550,6.37339308100402,3809.23472957747,25.5454532521657,13.8731212201226,14.2733613459885,21.3428018271028,30489.7492832565,16790.4499740361,692.987814827685,0
910,3551,6.24215946129817,6813.93107105726,26.2310461253534,9.49296815952155,9.66878747131281,14.5771819755164,34538.0936289857,30530.4844361667,626.814880818664,0
910,3552,7.07844200602066,4140.93492290343,26.7079962206394,13.2133296322045,13.5840783442776,20.3248780370976,33783.8350930127,22083.5934388006,997.311856393622,0
910,3553,6.03116385939473,3982.56346428413,26.9675643475984,13.591655458451,13.986466302789,20.9105284973033,32737.7890586236,20574.1865218055,-36.2162012293122,0
911,3554,6.36978927375093,3966.94426462587,25.4737000053549,13.4894825445206,13.8667860581824,20.7493302423763,30493.2779974938,16759.932208408,703.909433624135,0
911,3555,6.99459010383826,4305.09470090343,26.7079962206394,12.8706117179879,13.2217173483243,19.7949419176854,33773.8756674779,22101.2229814764,1037.24828403026,0
911,3556,6.30106302257223,3421.71128018807,24.4078467038516,14.8040169702442,15.2499667599081,22.7801129321585,22659.4609749472,24228.4769835099,725.796685620972,0
911,3557,5.97173525018788,1018.8520249047,25.7463367511002,36.8982555110992,39.1299057389298,57.088253880889,28481.2661795059,20111.0563159149,186.636821132664,0
911,3558,5.67187063722354,3074.45351028413,26.9675643475984,16.2574617647822,16.819481005986,25.0365545427414,32698.8255247614,20556.2739403551,67.0806484092658,0
912,3559,6.93848733124776,4942.02054290343,26.7079962206394,11.7355508966763,12.0241921687771,18.0405357351972,33789.8497110824,22097.3126191078,992.915400642781,0
912,3560,5.96761302346073,3812.08222428413,26.9675643475984,14.0039982653943,14.4234289513233,21.5483941705656,32727.7641686311,20601.3621470692,31.9708765002161,0
912,3561,5.9995852908361,1304.0226469047,25.7463367511002,30.3432123522915,31.9878920758172,46.8933092073196,28451.9159594321,20122.7933529994,197.513298957055,0
913,3562,8.13211501296314,5610.4578862336,25.5214062182656,10.7191976785076,10.9487839704902,16.4687379883409,35863.7816657962,29632.8782604907,-1477.19171436321,0
913,3563,6.83578539051936,4518.79095290343,26.7079962206394,12.458017377506,12.7859480994274,19.1570872405142,33779.2436038959,22091.8911177283,1051.95466843696,0
913,3564,5.83507973777968,818.988100904701,25.7463367511002,44.095036784183,47.002633747798,68.2904347480183,28462.8466839969,20117.0297950301,151.849117524682,0
913,3565,5.64591966398164,3552.08732028413,26.9675643475984,14.7011920361476,15.1633239145451,22.6271991559738,32725.2355782025,20583.5063466868,34.4729622110354,0
914,3566,6.98863937266822,4641.71805890343,26.7079962206394,12.2361011541063,12.5517860213967,18.8140733986863,33809.6932970967,22085.7653983452,978.808212873311,0
914,3567,6.08731771398253,3766.90689828413,26.9675643475984,14.1188891950454,14.545264944101,21.7261458426182,32738.6413029611,20594.4058382402,1.72234302649564,0
914,3568,5.75607103767222,1119.5328709047,25.7463367511002,34.2178959298302,36.2055816656757,52.9183961913371,28495.1222875856,20130.8748062139,165.84278625145,0
915,3569,6.96786625663132,4581.32276690343,26.7079962206394,12.3438034254314,12.6654121867242,18.9805424946076,33798.4298649457,22093.3668534289,1008.6968605842,0
915,3570,5.75962716487705,3480.54687228413,26.9675643475984,14.9095051950611,15.384649379214,22.9496028653564,32733.3415460863,20592.511973743,48.4761273140656,0
915,3571,5.89279191854769,787.248634904701,25.7463367511002,45.5634743272138,48.6120382609916,70.5770308701063,28488.642241374,20120.7160912611,161.915273118741,0
916,3572,6.87607528633245,4577.04972290343,26.7079962206394,12.3515194481286,12.6735540158043,18.9924690840916,33778.8920938829,22081.9845635113,1013.1830590898,0
916,3573,5.82863124975549,3460.67942028413,26.9675643475984,14.9687392672885,15.4476043437091,23.0412844341361,32726.5925632025,20593.9759460869,45.6753894142706,0
916,3574,5.83497215010545,1113.3215389047,25.7463367511002,34.3697340739666,36.3711053758908,53.1545730627853,28486.2504813928,20112.140028036,160.991238798092,0
917,3575,7.16570523982886,4432.11864290343,26.7079962206394,12.6210721695113,12.9580988087305,19.4091463959293,33786.7046251139,22080.8669733338,1003.78250640519,0
917,3576,5.80084671512456,875.881258904701,25.7463367511002,41.7223633119959,44.4041850707554,64.5963834146337,28491.7550012468,20119.5396883919,221.916675507895,0
917,3577,6.01593054281708,3399.55727028413,26.9675643475984,15.1549058915989,15.6455247517372,23.3294465500593,32743.3423033373,20562.1713475087,-14.1820571314078,0
918,3578,7.00995533938514,4282.69425890343,26.7079962206394,12.9159892784084,13.2696754896504,19.8651025512527,33785.4146155358,22080.5794325076,1015.48078356243,0
918,3579,5.59193118997677,3422.33215428413,26.9675643475984,15.08483264056,15.5710168348939,23.2209792262801,32730.6437925366,20589.5442110193,32.6038893920279,0
918,3580,5.85699182172378,1096.1192329047,25.7463367511002,34.7988846049271,36.8390273649603,53.8221222258091,28455.8433280367,20110.2679075797,186.943452112781,0
919,3581,6.91309065886718,3618.76454090343,26.7079962206394,14.4872934508405,14.9340396184104,22.2955931691577,33792.2525283985,22092.7829775849,984.702581057853,0
919,3582,5.94226801814949,1079.42288054698,25.8239082116619,35.2597332942454,37.3433432001307,54.5394912564427,28501.2496520711,20123.7802980286,190.063991830599,0
920,3583,7.12774521704886,3651.0923208061,26.5671501527705,14.384656268135,14.8239513661247,22.1364563150998,33781.0740700013,22087.7953377486,1022.74695116838,0
920,3584,5.91135054039671,968.195362142664,25.6414470890246,38.4010825393532,40.7691231409558,59.4261249959082,28475.0624113599,20112.4856697454,194.345832232483,0
921,3585,6.92347061562558,3764.6583768061,26.5671501527705,14.0855721952491,14.5067319633336,21.6737178014156,33781.011320537,22081.0881866636,1002.48584840514,0
921,3586,6.07143622919963,3241.33293944873,24.7919118491306,15.4116522856474,15.8985538100455,23.721368351841,23485.7808335318,26002.8380131722,634.124852488103,0
921,3587,5.82539367182857,893.099652883333,25.6894497582966,41.033337857371,43.6487101457886,63.5233877221325,28323.426317602,20328.0038604521,87.1154696169653,0
922,3588,6.89605778445076,4526.2954308061,26.5671501527705,12.4329577593714,12.7585388927192,19.1180862370095,33795.2534426161,22092.0040076655,1020.38587608902,0
922,3589,8.82060748122319,5425.3469845917,25.8329885157684,10.9770174122041,11.2211679122054,16.8673443950425,35385.8692735829,29737.0913014712,-1336.85429503808,0
922,3590,6.07770024580754,3189.26347544873,24.7919118491306,15.5853378035886,16.0831137110438,23.9901861854531,23488.816647853,26016.1872282825,608.235226292309,0
922,3591,5.31313481497766,2809.46393894045,26.7669195497296,17.2998282051099,17.9299520266833,26.6506367131372,32612.331120987,20182.04664818,-225.996180676713,0
922,3592,5.86132843207315,920.410376829152,25.6367209775587,40.0105136586603,42.5285047606593,61.9309380544484,28310.0901840355,20482.4549171413,164.977642227364,0
923,3593,8.78674595582079,7017.1219525917,25.8329885157684,9.29678439096749,9.46203397793419,14.2740073937744,35386.2262111618,29726.5697215079,-1258.69978356393,0
923,3594,6.37835732603,3903.29191798249,25.4710361814568,13.637935609636,14.023816929236,20.9788984023564,30488.9079779354,16783.6971736743,711.803226947435,0
923,3595,5.25221422915198,2624.73187694045,26.7669195497296,18.1597841277217,18.8494910127808,27.9831975032094,32622.6368079017,20175.9895904445,-260.062144119588,0
923,3596,5.48277527062179,1094.17349082915,25.6367209775587,34.8040175823526,36.8422579218186,53.82944629483,28286.7187955428,20459.2274608231,204.532086143856,0
923,3597,5.30519782170585,958.435464064513,26.8898268472488,39.2983635239483,41.7786618767641,60.8306214548192,32138.5338042127,31443.1626114737,120.551653716915,0
924,3598,8.78763024156199,5878.9504285917,25.8329885157684,10.4172576626453,10.6339683156934,16.0030730997753,35363.0686972401,29737.1075854854,-1245.25936838176,0
924,3599,6.57379620478677,5174.97165812391,23.6994694044518,11.1725163037827,11.4131589688904,17.1655788755105,36660.3534197425,15170.9877643861,703.332560396555,0
924,3600,6.53743850779881,4702.43924998249,25.4710361814568,12.0352735653446,12.3318063631061,18.5014293459144,30499.4829600474,16780.3464731284,680.726256170274,0
924,3601,5.59280235192461,1868.44714094045,26.7669195497296,23.2901185060738,24.3643713689905,35.9410973028086,32585.9194985544,20194.9253270153,-276.848835194949,0
924,3602,7.33411522315567,3336.00605077408,26.3774681541767,15.288910102654,15.7827967582514,23.535437668092,34353.2975607672,22188.3369824849,1118.67075751635,0
924,3603,5.87389772892694,928.736204829152,25.6367209775587,39.7181659927868,42.2087923653506,61.4759105611121,28316.0406642481,20484.8032094043,139.907101094882,0
925,3604,8.96619197145313,5904.1481725917,25.8329885157684,10.3883879220531,10.6037137579166,15.9585064299102,35378.4109783338,29720.4761512169,-1274.67481958884,0
925,3605,6.16196527860108,4755.31028012391,23.6994694044518,11.8087959592117,12.0813185533476,18.1481858647427,36664.837673849,15136.6401639729,704.122298436452,0
925,3606,6.26789916185885,3741.13452762393,25.4019994628255,14.030307591743,14.4386455282396,21.5856036151285,30494.2059398339,16753.611633693,718.871658055866,0
925,3607,7.27269039555975,3038.73956029805,26.3788625072335,16.3183532169656,16.8787252276296,25.1292941337862,34375.3670104958,22204.7845944187,1125.34715436654,0
925,3608,5.55887220110458,1543.38743294045,26.7669195497296,26.9191215846547,28.2895847343594,41.5770092855989,32603.8835221622,20204.1965461585,-281.041721863876,0
926,3609,6.44246221816258,5010.56959412391,23.6994694044518,11.4105709647702,11.6629832817865,17.5331636184839,36647.78950703,15172.0530061944,694.138669788715,0
926,3610,6.39404804939203,4159.95891762393,25.4019994628255,13.0572042734273,13.4092927485915,20.0807880404404,30491.1122111469,16773.4274587393,715.533278429565,0
926,3611,8.99600053430936,6064.2331405917,25.8329885157684,10.2099028616744,10.4167346792349,15.6829947464449,35361.1140715974,29710.4941798909,-1263.72180622423,0
926,3612,5.51340789181135,3941.16936840169,26.7460553071113,13.6683017544262,14.0659554814855,21.0286173781486,32637.8199990067,20182.1862585748,-227.16714679107,0
926,3613,5.68179788683506,1399.51992882915,25.6367209775587,28.689323772298,30.1896810450466,44.3221500023533,28310.392720903,20468.7793298345,166.497856973775,0
927,3614,8.84501053721404,6702.0620485917,25.8329885157684,9.57356045486915,9.75107598420531,14.700993956723,35375.6921510374,29740.3932683167,-1263.26548400558,0
927,3615,6.41713925958319,4727.16105212391,23.6994694044518,11.8550308814954,12.1299219726229,18.2196007020703,36641.4189571928,15175.6431667168,685.265848195928,0
927,3616,6.41739374019837,4608.60651162393,25.4019994628255,12.1921578654675,12.4966117862236,18.7437214186789,30495.8143092335,16773.857925158,687.183143984996,0
927,3617,5.63186405465195,4778.4216804017,26.7460553071113,12.0041467169489,12.3074454940662,18.4556573567653,32607.9703364012,20190.1047840388,-246.692616194324,0
927,3618,6.15670015948328,1726.18955681437,25.6159289295134,24.4452009322499,25.5940929565138,37.7295169208325,28268.5320593723,20448.8524515571,149.263481434629,0
928,3619,8.81356499117966,6097.6465825917,25.8329885157684,10.1736871170727,10.3788097182354,15.6270955984972,35389.5798908038,29708.1093747029,-1242.02840663073,0
928,3620,5.81793900526349,3832.01474330532,25.3823090910135,13.8010464883704,14.1957274086108,21.2309610455493,31734.4334484491,16128.8786434806,308.661114916104,0
928,3621,6.49697786471284,4445.91105812391,23.6994694044518,12.3453007931597,12.6457283939943,18.9769908958089,36639.4999360875,15164.2931917822,667.569759179832,0
928,3622,5.70824189294882,5561.92100294045,26.7669195497296,10.8593306711578,11.1029703331597,16.6870881655017,32601.8154071955,20254.8691437007,-151.773686130212,0
928,3623,5.76222138110259,2050.05324530327,25.709785894489,21.5305155000422,22.4535277466912,33.206336568903,28307.6168554679,20479.9916995432,166.136090995786,0
929,3624,6.3526145544804,4714.67231012391,23.6994694044518,11.8756998461916,12.1516519946606,18.2515267660731,36655.6907226413,15160.2974846106,687.599932958862,0
929,3625,6.05938420380562,5241.22244294045,26.7669195497296,11.2918074706077,11.5575146945886,17.3550715022282,32556.008061611,20217.6256725764,-176.292690492407,0
929,3626,6.11321281917574,3044.95968530532,25.3823090910135,16.1697721345418,16.7106310061933,24.8965189650163,31743.204632539,16129.057969317,280.117205843387,0
929,3627,5.86666824792247,3376.31588540764,26.5752161056529,15.1839896209774,15.673004771811,23.3735169584736,28508.2434163894,30808.3038674321,535.635045249694,0
929,3628,5.3667127566311,1848.16752282915,25.6367209775587,23.2321005734728,24.2852047987536,35.8464587638728,28304.4315393891,20473.1992897319,139.15817825355,0
930,3629,5.60804216696806,5325.03085402406,26.4825142429425,11.1554812900869,11.4124891078149,17.1440273606472,28583.7882773114,30225.8066656266,229.3260557124,0
930,3630,7.91692159538015,5247.98755065119,25.2124752973723,11.1764119044554,11.4268131212845,17.1742365508126,33018.1608823234,15790.0279640331,1249.11549573884,0
930,3631,7.30722278485106,6229.19877167945,24.162817891827,9.93910843326933,10.1244631260366,15.2626166658055,35797.4046555821,14861.602569093,1024.62949091178,0
930,3632,5.72259902005675,2830.51381650906,26.4484964820597,17.1654011739556,17.783083874009,26.441471530983,31162.6011376506,22523.7604230302,146.006335216696,0
930,3633,11.0779343794022,5820.92410269915,24.9658586305807,10.4315398282541,10.6441032887283,16.023785062257,34430.7609574122,15369.071619634,925.375140252837,0
930,3634,5.5220400927313,1274.16426987293,25.4925426315402,30.8111579331945,32.4916055547469,47.6193793284932,28298.6819735979,20464.4762063064,108.376371875433,0
931,3635,7.00566217439059,6727.03042367945,24.162817891827,9.463313982768,9.62768234848688,14.5286287910886,35773.3159618413,14848.2008659422,985.629423786105,0
931,3636,5.62543724175694,4790.76819802406,26.4825142429425,11.9638411539306,12.2632557974116,18.3928993714539,28616.0852099266,30212.0574707175,242.344459737507,0
931,3637,5.94985569703746,4444.22725649601,24.3537970032728,12.4036568541093,12.712012491478,19.0684906008452,23623.6651547248,22636.7694220807,436.814074647523,0
931,3638,5.89309913586927,3490.50088050906,26.4484964820597,14.8248203784403,15.2902260772561,22.8173118377453,31150.3813003384,22537.1683404542,157.981748851739,0
931,3639,7.59030792502406,3828.87439665119,25.2124752973723,13.7921173643822,14.1848908542995,21.2167695501378,32975.6485904996,15790.7565255496,1261.51000595477,0
931,3640,5.62162282157066,1603.95956787293,25.4925426315402,25.8072478292655,27.0643712074513,39.8439813021642,28285.4064627559,20463.8773340501,94.6062633691846,0
932,3641,6.54468701369038,3878.49398203256,26.5053146475351,13.7958164032418,14.1991590966366,21.2253434265461,31179.1799660726,22197.505431214,377.68062928592,0
932,3642,5.56998138789692,4200.0030920755,26.7104803465638,13.0874629913199,13.4509748267369,20.1302474015572,29481.8117107827,30311.790584541,173.524847209185,0
932,3643,5.87624125293697,2136.96087862272,24.3159917712532,20.6198588056914,21.4558351772764,31.7885973369193,23526.9896066633,22576.2424267256,403.970964716841,0
932,3644,5.52023776497532,1290.37540587293,25.4925426315402,30.5084974601591,32.1626133110521,47.1488784532977,28292.7002763589,20472.9478466605,120.512134443333,0
933,3645,6.6057900592416,4024.767126688,26.4746688728588,13.4497655611065,13.832503713603,20.6900421825375,31160.700248523,22215.747617397,340.684298154854,0
933,3646,5.31529943715176,3348.30518848324,26.6299768594455,15.2781573633846,15.7736197021635,23.519414790349,29350.556562878,30313.1026721031,-141.565211191381,0
933,3647,5.6404226025551,806.706471872933,25.4925426315402,44.5051177345802,47.445448998065,68.9271317293488,28315.3489698079,20473.7820053939,111.279657765553,0
934,3648,6.34795914451109,4351.038264688,26.4746688728588,12.7594377046162,13.1026006305695,19.6226031371484,31155.7677500925,22203.0656257727,354.545437453624,0
934,3649,5.41676737763815,2499.33504448324,26.6299768594455,18.7886683444483,19.5213675119995,28.9575382315963,29260.2565893196,30313.6642839379,-153.578509530483,0
934,3650,6.3007653646383,3554.60051445656,25.8316386412577,14.5750652156589,15.0197806202512,22.4293667244255,30620.1590981628,18011.0303019611,266.340330774496,0
934,3651,6.21170596820114,5107.48825701624,26.4962695528038,11.4674809951608,11.7406820001587,17.6260023847167,31266.1567657577,21293.0675711839,-164.002609564728,0
935,3652,5.92727286149936,5602.97446245656,25.8316386412577,10.7482385563428,10.9810321853395,16.514070034075,30600.6505498175,17962.9201594165,293.711823978599,0
935,3653,6.30907111565092,4469.053572688,26.4746688728588,12.5320567866135,12.8624996217716,19.271095285466,31133.2193277102,22236.4017387431,369.658526118905,0
935,3654,5.41682415866708,3251.58902248324,26.6299768594455,15.5929605472045,16.1085216717526,24.0067513012508,29255.9955090334,30314.7504660283,-144.639837820589,0
935,3655,5.44916097444932,1793.46994957878,24.8501334380298,23.5772339873535,24.6453330729718,36.3788100313267,33610.2991707497,14959.3329468567,-104.851339437473,0
936,3656,6.55365305485876,4374.73976203257,26.5053146475351,12.7154307099585,13.0563353890316,19.5546289394104,31166.4014000518,22211.0511385951,355.067621448847,0
936,3657,6.15485760267752,5078.54879821938,25.5689393949047,11.4452155188645,11.7114996596939,17.5900164649297,31890.2036283395,16736.1500154873,471.119134507561,0
936,3658,5.4779105788899,3173.39672248324,26.6299768594455,15.8601976255222,16.3930150300993,24.4205057828163,29260.3040045939,30308.5953000065,-120.586475253414,0
936,3659,8.00889705424771,4242.093896465,25.1213450775712,12.8621616909059,13.2012202089754,19.7786877320337,36446.4410151586,23262.2808678081,-1466.86594112497,0
937,3660,6.03784922772405,4209.65774888993,25.9931282412307,13.0050038472805,13.3585562739111,20.0013002327306,35009.8327653247,23560.7946576484,645.479165844301,0
937,3661,6.25127804030804,7789.83926821938,25.5689393949047,8.68959681887123,8.82788511745226,13.3372729101727,31900.1311962727,16720.2424966133,422.041054950096,0
937,3662,6.46262355414283,4809.90744403257,26.5053146475351,11.9338385740386,12.231788299812,18.3465771820362,31179.0163678373,22225.940920153,357.529144882303,0
937,3663,5.95548794623271,3146.49653384715,24.3756431222036,15.680530809959,16.1801959747482,24.1363977399386,24954.2090433064,20711.0775588999,388.790129375143,0
937,3664,6.05695747988014,3300.40405345098,26.8154804633388,15.4529988189013,15.9612623373498,23.7905323791062,29851.0025236223,30965.2838901767,-676.318235685362,0
937,3665,10.2607792761624,4960.64091501624,26.4962695528038,11.6910844472242,11.9760340095157,17.9714625471568,31063.8045862141,20086.4753726091,-123.172875363214,0
938,3666,6.15700783673815,4427.62704488993,25.9931282412307,12.5711477311547,12.9003959752977,19.3305934767242,35002.4936186329,23559.572620014,664.114552227254,0
938,3667,6.49502875033819,4716.691890688,26.4746688728588,12.0880908459626,12.3941626943108,18.5848963281441,31159.5932020707,22229.3304121376,357.613479582337,0
938,3668,5.97490506956421,6843.44812621938,25.5689393949047,9.4331861866164,9.60317708288527,14.4840758248855,31894.9939881839,16747.8464041249,467.639053035315,0
938,3669,5.91443047310266,3049.67023784715,24.3756431222036,16.0242365148753,16.5456101021073,24.6684124749501,24970.5627119608,20666.7398197585,350.956070239185,0
939,3670,6.59468278828297,4132.033746688,26.4746688728588,13.2120375986679,13.5809873327842,20.322404759218,31156.9464187515,22206.1337668528,369.408336067362,0
939,3671,6.30706111963994,3161.33027888993,25.9931282412307,15.8263025375035,16.3509367206502,24.3663760776713,35001.4639572089,23557.7149513855,615.307704903729,0
939,3672,7.81878176688227,4544.30954253425,25.5130607539323,12.3157102734783,12.6276009481015,18.9348662702262,31419.8227146003,16687.2069837661,1218.7225305428,0
939,3673,5.59292694186634,1791.54511784715,24.3756431222036,23.4852761979419,24.5387053922732,36.2340202502476,24896.4751151506,20627.4607723116,435.404933751591,0
940,3674,6.89105657057042,4424.63679933788,26.322716996394,12.6039213021013,12.9373055925142,19.3818931050314,31161.8838997685,22186.6918348674,371.447626979479,0
941,3675,5.8773813170132,5451.8527129651,26.6018132855919,10.9920321669597,11.2414237090158,16.8917713427277,34134.0243842987,30116.4409481066,384.896439519587,0
941,3676,5.75710448188205,6376.86160632141,26.9579419541007,9.94533551793435,10.1454818720925,15.2762376358077,31402.5334447635,31891.1410359014,-43.9049280442873,0
941,3677,6.39721949809793,5684.65615533788,26.322716996394,10.6778373609051,10.9099433043834,16.4061337827081,31161.9206637912,22215.524828218,332.865648854224,0
942,3678,5.84131783316015,5707.9049629651,26.6018132855919,10.666610430284,10.899715029117,16.3892272829721,34135.0398068581,30119.3900054953,382.388995548856,0
942,3679,5.53845503683809,4479.32170632141,26.9579419541007,12.5516321552437,12.8864880458185,19.3022717447739,31409.6191079324,31902.3931483587,-62.4745093503762,0
942,3680,5.45184941966974,6092.24675000957,26.2592899016389,10.2040585688308,10.4128724116211,15.6745981980037,30740.1519300107,22272.8504429665,-290.553691118795,0
942,3681,8.77524534827907,3459.57792049565,23.8830656875796,14.6342314492227,15.0651364042913,22.5161145093557,24966.1742827439,18090.6885715518,-1267.37874466397,0
942,3682,5.33506487082032,4024.41953612251,26.3441473569228,13.4386699097024,13.8197688046287,20.6726087607683,32719.3532600518,23614.4748173135,-510.757762943835,0
943,3683,5.62733027035325,5066.97538632141,26.9579419541007,11.5603480371672,11.841250875922,17.7702579530853,31394.3007144685,31899.2217431356,-48.2370207048772,0
943,3684,5.71017169633842,3849.57241824647,26.3476681390259,13.8513760235312,14.2567756834741,21.3109430353005,32731.6613482654,23624.472207228,-627.227625726501,0
943,3685,8.70465127729581,3604.00240249565,23.8830656875796,14.2321063266618,14.6392486935479,21.8941226728819,24973.3513047268,18129.6092583332,-1269.4507221345,0
943,3686,6.08230377505311,5435.39488778549,26.4216030479904,11.0021693422512,11.2510300655571,16.9071393330004,31718.6655750383,19775.5373177947,-124.869770910838,0
944,3687,5.56507154971428,4629.25268832141,26.9579419541007,12.2774596549976,12.5970783331248,18.8784563641631,31383.081235761,31906.6112900863,-35.5654925246853,0
944,3688,6.56690668140778,6516.58753161504,26.2872650259864,9.7716150246033,9.96035446034528,15.0072119793113,31211.4776555019,19326.1683007543,1191.87462915116,0
944,3689,6.30289250966893,4680.91725479807,26.3430153691851,12.1395181473799,12.4475065926241,18.6641329922581,31746.8026321341,19731.5658501437,-81.8354207622606,0
944,3690,6.84285958687858,4113.80013313523,25.9989955924585,13.2093006791959,13.5745383919967,20.3171927727617,29744.3143670605,19996.5171968723,527.665959129531,0
944,3691,5.93472215799814,1115.94630713428,26.3701638750398,34.5502217547277,36.5810682554302,53.4389990306312,33333.2459661261,25211.7247691813,306.290596960553,0
944,3692,5.46470219490556,3196.92422267353,24.2101482709073,15.4888748513524,15.9749398112148,23.8393256280258,25236.7309376403,18971.319430886,200.599302585726,0
945,3693,5.50566037707651,4481.39215032141,26.9579419541007,12.5477346013124,12.8823722384944,19.2962464619481,31388.1547931001,31903.1020049612,-57.6380031653875,0
945,3694,6.46940742922155,7092.72455223543,26.3126908708244,9.2568670790967,9.42258675627623,14.2130459960049,31214.9069826255,19359.5662682219,1251.73306299557,0
945,3695,10.1838048032181,4746.33128391086,25.9845625465947,12.0005383400297,12.298654561827,18.448705059056,30029.8113152407,19860.3039041702,741.557045224251,0
945,3696,5.88294126001688,3331.19136078055,26.6076801890547,15.33014716713,15.8287122257444,23.5998388517951,28514.8051784315,30055.0445289973,239.54322446349,0
945,3697,5.38523705386377,1204.79919113428,26.3701638750398,32.5102260832124,34.3577653724399,50.266047169355,33359.8623526019,25229.6258668021,339.033523591971,0
945,3698,5.13985382635761,5625.23912497959,26.4818991377914,10.7613234710237,10.9984564083572,16.5352947019894,31668.943889664,20634.8814995372,188.07512618141,0
946,3699,5.47436911247087,4450.75398432141,26.9579419541007,12.6057407619277,12.9436314653026,19.3859203244628,31375.3618042793,31903.5519190144,-56.1411134385168,0
946,3700,6.18894728055415,9363.04929339867,26.2701103407848,7.77213270739373,7.87702708968312,11.9238902904732,31969.9343295286,18792.4057405328,358.784805872203,0
946,3701,5.56209346433081,2825.89403330158,25.0653707381199,16.9959102156639,17.5876671085114,26.1749274893977,26784.400581356,21795.0665437545,-102.555226041426,0
946,3702,7.2535033454158,3907.79390956119,24.4808968751439,13.5321071057698,13.9038908986073,20.8130445967644,29570.6214911183,15024.1252974907,1044.47270639302,0
946,3703,5.84711296565495,2974.10835459847,26.6275766237093,16.5986568077602,17.1800347508235,25.5640795299732,28576.0169765654,30156.8481653044,111.501039487475,0
946,3704,5.61502290762744,7951.00851697959,26.4818991377914,8.61745078746129,8.75659400441086,13.2270939956218,31723.2153223961,20646.5953789345,130.377486434287,0
947,3705,5.60548087869837,3991.00528632141,26.9579419541007,13.5711851313822,13.9647135952868,20.8788457307942,31387.3014673134,31907.6594666819,-37.529271368748,0
947,3706,6.21987750020404,11074.7079588805,26.2708273620016,7.00922823318626,7.08678820257814,10.7487278052545,32049.3379126079,18830.319402531,238.226956940418,0
947,3707,5.39921812327952,2543.80705130158,25.0653707381199,18.3107389954395,18.9917201753894,28.2118264263379,26787.6670898847,21796.7960839824,-112.134914867214,0
947,3708,7.12030038048189,3505.19454554739,24.5391325874878,14.5760890083539,15.0094986719775,22.4278188353263,29530.4456699426,15043.1338470839,1030.76562694804,0
947,3709,9.16937489958424,10768.0905762386,26.4044619997445,7.1346594826913,7.2169430010412,10.9420034564276,31198.4055352301,20287.7392484456,-345.445691670718,0
948,3710,5.65120143420785,4013.80219632141,26.9579419541007,13.5186514120364,13.9090815525693,20.7975902257194,31398.4788716482,31911.4737158283,-45.8960065661219,0
948,3711,5.17271945958791,9072.44919030896,26.2572735434675,7.92537673554251,8.03604054536988,12.16002108641,32235.2657224176,18755.0455691586,-119.067462985344,0
948,3712,6.47938028581611,11077.4204000048,26.4384094420823,7.0131199041094,7.09132441792478,10.7548626151755,31763.2453338028,19745.2984326211,-20.3754399694609,0
948,3713,6.82282099205866,3132.40449554739,24.5391325874878,15.7496652863513,16.2553011807565,24.2438513956617,29510.2482760607,15044.9071843896,1030.20151465227,0
948,3714,5.48065167058654,8044.44724985672,26.0577239597645,8.53635963153036,8.67042170810831,13.1015808587585,31289.0840283633,19360.7924132387,1149.22838789537,0
949,3715,5.58694761323629,4251.94730832141,26.9579419541007,13.0002391966403,13.3605276062248,19.9958649596343,31372.4299816006,31903.6685002649,-64.5206582386287,0
949,3716,6.31422852804074,11471.636890761,26.3548383244082,6.86273469746562,6.93561410725333,10.5232293956818,31872.8249046198,19247.3378738191,1076.45139863374,0
949,3717,7.52293952751465,3995.12699956119,24.4808968751439,13.3319148174514,13.6923342435638,20.5035223516202,29529.613075584,15027.8470871447,1005.48733395234,0
949,3718,7.86947949794842,10769.3945351132,26.2574612610231,7.12965783133089,7.21130704632257,10.9341727460303,31038.2976725675,19688.1118390818,719.256067717122,0
949,3719,5.16838173317231,7536.11583052769,26.2246557297519,8.90287600776085,9.05290665248457,13.6669374536694,31994.5892032911,19226.9650005563,1052.60743448647,0
949,3720,5.2713169497565,7523.14505233796,26.0728675006753,8.90569854999887,9.05518746080909,13.6711072160505,32260.8134438297,18741.3128001675,-134.670310668045,0
950,3721,5.50077615390124,4095.52571470413,26.8562092955322,13.32563376036,13.7039962138203,20.4988553493705,31387.900649621,31913.8154404253,-85.1500731014695,0
950,3722,5.09921716985789,10555.0417495486,26.2871916330078,7.21895605262718,7.30380825180229,11.0717270035387,31385.8396336485,19322.0108468525,1151.8992949074,0
950,3723,9.06853953184146,3677.3479513366,23.472487052003,13.9956793871087,14.3854481588007,21.5274883311256,32942.3944090381,11428.8283363287,-1261.87500933706,0
950,3724,8.48982075331376,8636.76069684498,26.2317781010651,8.17137236596042,8.29149253198173,12.5391247208401,30601.2049195377,20703.7281454743,-77.1693992360391,0
950,3725,4.98205403160037,8463.38840456425,26.0509799538586,8.26848590101794,8.39174103764472,12.6886204128508,31362.4363700689,19325.7081238135,1163.79976299644,0
951,3726,5.61125938105326,3842.44697470413,26.8562092955322,13.9175394065575,14.3308963148533,21.4143972156112,31396.1932126344,31905.3317430422,-78.8412476143003,0
951,3727,6.40966849856579,6346.93691915606,26.3516028312104,9.94257145408383,10.1395468837834,15.2711306588913,31720.1708074973,19782.1152011903,-101.011073586471,0
951,3728,5.79881515698015,5051.14355818055,26.1922670474456,11.5304340623568,11.8050383930496,17.7227372802553,31250.5151681759,19369.911296975,1156.33354906768,0
951,3729,10.2236219371557,4923.20314864756,26.2898207483528,11.734980122847,12.0209448182857,18.0389236000526,31230.8321213839,20850.3582892578,573.880551455613,0
952,3730,6.27676988552046,4773.64065841685,26.341253152657,11.9817797168137,12.2812380487459,18.4203658483001,31756.4126981703,19771.4731502176,-132.599465486933,0
952,3731,8.72491830104699,4670.65105649162,26.1807422615852,12.1447800468744,12.4519705699433,18.6719660611892,31285.2600870479,19812.0962342578,-720.698597821767,0
953,3732,6.30218899288249,4660.58120041685,26.341253152657,12.1746933294187,12.4845804890643,18.7184913297857,31753.9955587668,19772.1355808993,-120.832780578885,0
953,3733,8.26414209070522,4497.4367982908,25.8478680498637,12.4283970993916,12.748763786245,19.1096681586317,26354.9190477972,35560.1636691549,-1512.11789968599,0
953,3734,5.53972048073546,3302.37661120604,25.803189029829,15.3312556480439,15.8226000361595,23.599546527979,34387.8823800234,20446.7021469378,-124.749779756937,0
953,3735,5.50587443310284,2659.31318448508,26.1023984087606,17.8939194475954,18.557817023986,27.5691859755061,30271.6014038216,21566.1055262881,7.89828478170923,0
953,3736,10.8113837836211,4479.80768475897,26.1569880182054,12.4861859740202,12.8118845612913,19.1995829360362,30466.6499346929,20290.3800612386,181.61814623477,0
954,3737,8.32466794215161,5417.88487510358,25.8808585137805,10.9900636172133,11.2351494541319,16.8875694546738,26366.9458064,35536.9787373862,-1481.28142498772,0
954,3738,5.58453021672464,2852.06074558531,25.561029636104,16.9536429783112,17.5478416666889,26.1109108058539,34850.2868074684,20044.8501742085,-24.3255618178589,0
954,3739,6.20041718255577,4488.07467515606,26.3516028312104,12.4864943339772,12.8135588434861,19.2004315666543,31766.2377734261,19768.742640442,-124.846375914444,0
954,3740,6.59017912659673,4150.13650247146,26.1362449924328,13.1431929280367,13.5056741712368,20.2152566321828,31198.5225203031,19387.8271292923,1158.52654820577,0
955,3741,5.76161459068874,3913.52646515605,26.3516028312104,13.6970660851876,14.0933634008596,21.072266785301,31730.8172967217,19804.1193773296,-132.2944799848,0
955,3742,6.66352738315583,1617.9446866528,25.9137746543249,25.7467801927224,27.0059363138605,39.7520034802467,29745.5356895226,21886.9123962472,850.241083750729,0
955,3743,5.85710922342489,1776.69520820094,25.1266060743672,23.8078225275174,24.8983734125472,36.7379177471449,33048.4738433806,15107.7214395233,72.9681063797039,0
956,3744,5.52817407975077,2518.53178115605,26.3516028312104,18.6424748587402,19.3615922988379,28.7300493932949,31736.9914246541,19833.2197573283,-174.825966652214,0
956,3745,6.63182090800988,2126.7012346528,25.9137746543249,20.996895131216,21.8824542671305,32.3793155859013,29691.0932215053,21876.333019127,867.772266193956,0
957,3746,5.44944780000725,2433.77573315606,26.3516028312104,19.1078078926082,19.8601307964148,29.4513822506922,31761.7367249133,19828.4376416011,-148.691572975774,0
957,3747,5.73525155846835,2438.04999217261,26.9297695361773,19.1760502898368,19.9400392991547,29.5590414464983,29920.9157327818,30526.9765455009,248.279832001942,0
957,3748,6.50557475325066,2132.8024366528,25.9137746543249,20.9528731284576,21.8351334273487,32.3110313218077,29726.7197460061,21865.264932706,863.466572732343,0
958,3749,5.69466576536326,3418.62548617261,26.9297695361773,15.0920758315109,15.5783901074379,23.232100629541,29971.8473083453,30561.5495174958,275.222232409599,0
958,3750,5.71334713433856,2247.28159115606,26.3516028312104,20.2454956054715,21.0807561193265,31.2154488401801,31726.4290107534,19830.8425653567,-217.89367858884,0
958,3751,6.49353476659037,2342.5780606528,25.9137746543249,19.5694244870253,20.3497714196771,30.1655995502143,29707.2628090107,21885.0415102493,872.112251527146,0
959,3752,6.03346173292338,3438.83725470755,26.9620292073619,15.033979934855,15.516906069064,23.1422526792436,30599.4360213973,31418.3862549815,647.930554346716,0
959,3753,5.14928847489839,4504.68537881694,25.5024368807679,12.3870093985068,12.7026975351339,19.0450350064779,33571.3825806111,16402.8365139677,-321.50929012474,0
959,3754,5.40023380523727,2159.19961715605,26.3516028312104,20.8459932479439,21.7259841507785,32.1468294479812,31732.0848693739,19860.8746313682,-165.606008254472,0
959,3755,6.28527070368215,2356.18118751522,25.9274950999201,19.4899217598235,20.2646867780444,30.0423839335878,29722.3335213247,21842.2265166817,812.120312995946,0
960,3756,5.3175006532159,4366.0791201911,25.3651531730663,12.6369894634145,12.9653838579551,19.4311269372982,33561.7212495237,16401.7510592974,-335.937659508508,0
960,3757,6.07778814033231,2451.32374374849,26.8537704511397,19.0888491839343,19.8456598220065,29.4236035664071,30577.9436822179,31407.7946628568,636.938815749263,0
960,3758,6.53674047962317,2876.1287894233,25.8406317681803,16.8911270707049,17.4840676982833,26.0148848176804,29722.5379199541,21867.0385356271,859.4670996605,0
960,3759,5.33739773343409,1848.5444620335,25.982731959198,23.3052328197568,24.3692320797735,35.9613945266814,28873.2082454588,27124.1132261156,-331.002532748511,0
960,3760,5.47518804518905,2377.43046702201,26.1775235346774,19.4053088749818,20.1769927680794,29.9120368051454,31727.077233807,19819.6763618114,-210.061421137813,0
961,3761,7.34191499174244,3664.68753635468,25.8540326597699,14.2756257613485,14.7023807549123,21.9661324902167,29722.8857489542,21876.7675813306,860.244741955279,0
961,3762,5.39086948744627,3317.289740627,26.1582118065846,15.3238894999945,15.8180097953181,23.5890373627482,31473.4998155553,19654.737235921,-76.6955192444162,0
961,3763,5.46876041886897,2687.19187101153,26.4917709091396,17.817469903134,18.4803149937704,27.4518915564519,30165.2326809511,28685.7892595577,-557.780247208615,0
961,3764,7.84880427465163,4784.97222239997,26.064496723203,11.9420749474394,12.2375918831179,18.3585114794416,30376.0803080035,20999.6333069013,188.508911090897,0
962,3765,5.29598560470999,4113.243302627,26.1582118065846,13.2247230000161,13.5920421550512,20.3413700105646,31459.2164472054,19635.8170600469,-77.5443075074764,0
962,3766,5.57351671105759,2951.05309693964,25.7623079278133,16.5778903150492,17.1492395631171,25.529534530802,29149.1038620721,25928.5772376777,-199.859750822362,0
962,3767,7.16028416180546,3847.92183035468,25.8540326597699,13.8079494175986,14.206846025803,21.2426875806648,29752.3732337968,21859.8565041222,846.040916965967,0
962,3768,8.27861927527475,5506.25764439997,26.064496723203,10.8861746461533,11.1271419940964,16.7274337857622,30470.9508149747,20971.1679575172,274.221096554838,0
962,3769,5.61902657603528,3886.18495645962,26.5321082349587,13.7797229580064,14.1823203092654,21.2005073732781,30061.4285427848,28722.8535695217,-562.969739919649,0
963,3770,5.5321346447764,5489.185496627,26.1582118065846,10.9143724880447,11.1572909270901,16.7711284119203,31464.6165352943,19642.2204643168,-112.125181334859,0
963,3771,5.93715024802184,3845.175178969,25.1218499081964,13.7435481631232,14.1327509059109,21.1414513942462,35662.0456570885,26615.2083194988,537.870279680775,0
963,3772,5.5140752761171,2804.69032693964,25.7623079278133,17.1830119530261,17.7947065237126,26.4667750122503,29147.6681314397,25923.2620598302,-201.537078677412,0
963,3773,6.07552692260154,5185.97553188259,26.0178968220728,11.3197213333466,11.5823462643505,17.3969417820514,30423.5680725159,21511.3615445897,298.7902126726,0
964,3774,6.01001281591558,7604.044234969,25.1218499081964,8.80254928909261,8.94354435671448,13.5108904333159,35663.9725233231,26595.4229070496,508.984521147716,0
964,3775,6.55799400902547,6763.36526973665,24.6302245549548,9.45554836995494,9.62192479790192,14.5172997298792,36351.1730256385,24564.7080147298,694.616372514105,0
964,3776,5.41467292163545,3918.687644627,26.1582118065846,13.666597130092,14.0595890243105,21.0247238363643,31466.379157051,19636.1898874185,-107.378076403088,0
964,3777,5.37105976060138,2385.15990849699,25.7536849165185,19.2896964636425,20.0479282235082,29.7313867645732,29152.7904462748,25938.7559753948,-150.330666530323,0
965,3778,6.12795878083106,7253.544496969,25.1218499081964,9.06889150043058,9.22102232114257,13.9215971824773,35662.1174416376,26604.3482496901,532.192070771841,0
965,3779,6.6020158995118,6716.82458985201,24.6402311816357,9.49773402685222,9.66599986667167,14.5823857403592,36343.2000717969,24597.2604110409,702.13869566389,0
965,3780,8.43022703131911,3745.83751392861,26.1657520071391,14.0943643034317,14.5128033559102,21.6864243315681,31345.5285080413,20673.9589656957,173.691917445611,0
965,3781,7.16960258969371,2473.22379327654,25.7811868599203,18.7971329396861,19.5205882254315,28.9679453970894,28994.5522126475,26125.197193024,34.8395077376339,0
966,3782,6.01447382463235,6945.510886969,25.1218499081964,9.32208815245892,9.48507007209608,14.3121059131726,35663.5655925675,26593.4221705831,539.502846738234,0
966,3783,6.43651730744195,6088.95117573665,24.6302245549548,10.1129354721335,10.3087466429758,15.5315432238199,36356.0660450842,24592.5234236439,685.225099450656,0
966,3784,7.43657535093302,5904.0052056727,26.0674537849382,10.4025498204215,10.6198340766051,15.9807218834438,32557.0042053853,33029.3681051739,1248.00725547634,0
966,3785,5.44260199614383,3291.166904627,26.1582118065846,15.4082239766962,15.9076844863049,23.7195806566995,31456.8109594569,19630.4048617096,-84.1276995980444,0
966,3786,5.73166105495774,2088.13238929604,26.0335343022904,21.3037606034954,22.2140203803637,32.8557776767745,29078.7575773714,27176.151057502,-340.533477261705,0
966,3787,4.95870558570769,5735.44446895834,25.4303292844213,10.5609665557114,10.782349091754,16.2243047593938,33353.0508363307,32666.1966622552,532.44993930902,0
967,3788,6.06225769827781,6136.782244969,25.1218499081964,10.0907516915671,10.2882032394257,15.4980455827427,35671.5661121235,26611.1243610465,523.100649423125,0
967,3789,5.46973548348969,4299.935678627,26.1582118065846,12.8345657271564,13.1796956957791,19.7381269673404,31467.6231873239,19635.76212359,-95.6377737497524,0
967,3790,6.6976703128374,5402.47717262316,24.1287962702571,10.8934161029346,11.1231730678874,16.7354194102663,35387.9821844832,14240.8555016706,889.293416514999,0
967,3791,7.51617859998355,4734.7549956727,26.0674537849382,12.0263664369996,12.3264170206707,18.4887678580672,32561.6439480324,32986.3577815819,1231.88075977592,0
967,3792,5.51009459513396,2837.03343248142,26.055795758142,17.0842969554711,17.69242442406,26.3147109657182,28774.7327868847,27422.4488475678,-285.174695680799,0
968,3793,6.58733887501876,7298.58023361516,24.0611819135011,8.98236680670325,9.12593670536652,13.7868048415833,35376.2780613229,14224.0792839384,857.565188210759,0
968,3794,5.958768185527,4988.610916969,25.1218499081964,11.5483428619844,11.8170751148017,17.7485251194607,35661.3177396794,26628.6751738307,528.61407178785,0
968,3795,5.63740102461925,3588.2244537811,24.9214247884227,14.3854255761001,14.8107997418546,22.133798398535,35558.4653646519,18309.3731990831,56.0948397751466,0
968,3796,7.6438288158545,5463.6393876727,26.0674537849382,10.9418723336628,11.1856394607636,16.8134502920114,32550.71717102,32988.6384114283,1213.76534740898,0
968,3797,5.35036767445873,2926.306214627,26.1582118065846,16.728265747949,17.3135937956167,25.7635316917663,31470.9249296494,19650.2292262717,-98.5207138007685,0
968,3798,5.60640798459266,2548.66904048142,26.055795758142,18.4386716816816,19.1400268012489,28.4132384306965,28778.5852133732,27410.8918071139,-311.236540084763,0
969,3799,6.74641950630477,6739.30391839691,24.128294550648,9.4505297036381,9.61417178086443,14.508862043899,35370.5947562069,14234.6466411101,836.022277881753,0
969,3800,5.83405104069263,4499.391430969,25.1218499081964,12.3656601350939,12.6775032823251,19.0112999327548,35661.1545426665,26607.7920273562,523.798373275147,0
969,3801,5.78454795588623,3005.7248577811,24.9214247884227,16.2576844395356,16.799583164151,25.031353608274,35562.5409877026,18327.3193624433,40.9823141324674,0
969,3802,5.20763408569952,2336.05281483786,26.0988926232768,19.640316331857,20.4280750540324,30.2761409984239,28759.3138221387,27432.7219815797,-311.909308433977,0
969,3803,5.41662036409981,1822.186886627,26.1582118065846,23.5960099987344,24.685578398127,36.4134797596441,31439.3431256033,19624.7640728654,-34.8658155314811,0
970,3804,5.89897601771269,4664.92696068181,24.936837322728,12.0575278883226,12.351592549016,18.5348078223706,35660.4882980911,26609.5852250062,565.846537335048,0
970,3805,5.56335856301702,3195.4703816788,24.8967083840793,15.5770204014652,16.0752887755892,23.9775921980913,35560.5558289799,18331.6031483575,61.0969699906587,0
970,3806,5.70765180600915,6433.69018388876,26.7569693144482,9.87773316814899,10.0737130542158,15.1716232545853,30614.7611010577,32469.3174216015,326.236300983133,0
971,3807,6.05232938688468,5056.7695006818,24.936837322728,11.4323355111887,11.6939416701488,17.5690124825326,35664.215366553,26603.8079887138,538.701926226836,0
971,3808,6.02019209398224,5679.96046388876,26.7569693144482,10.7104358950828,10.9465740685398,16.4571384405258,30644.8915608338,32446.1429180682,321.420742392299,0
971,3809,5.73455839945695,3317.4283436788,24.8967083840793,15.1788575664315,15.652286153571,23.3613691384673,35562.5983045544,18313.2540769049,88.654610786272,0
971,3810,7.59143188710693,6903.69648850194,26.1267918363007,9.40862178047762,9.58018314923994,14.4469157580773,32541.6449114347,32999.4346880558,1230.48114878058,0
971,3811,5.33432587513976,4786.45042532351,25.4612728602905,11.8939718214235,12.1829443772782,18.2830853190403,33436.1412528943,32668.3080821792,695.939422512683,0
972,3812,5.97206172955926,4857.74256468181,24.936837322728,11.7387246047623,12.0160777767379,18.0422776620256,35692.7268845491,26625.8262560683,547.439888241049,0
972,3813,5.60908845630175,3709.8435596788,24.8967083840793,14.0595468799126,14.4653707062735,21.6296609100348,35550.3756164821,18338.0739194817,64.8157199447268,0
972,3814,5.86971732625439,4762.39803332351,25.4612728602905,11.9337599440371,12.2248362082627,18.3445602954156,33494.7356264131,32704.55220687,756.232816182906,0
973,3815,5.90742938137455,4687.9881826818,24.936837322728,12.0181752495638,12.3101593078731,18.4740057161207,35658.9847574412,26616.6569803108,538.967402003826,0
973,3816,5.70666019742182,3460.1127716788,24.8967083840793,14.7453896029322,15.1922405375788,22.6906331775495,35567.555274318,18338.527088976,62.0865008334493,0
973,3817,5.02376022973792,4499.18733332351,25.4612728602905,12.393757863123,12.7095236845674,19.0553847625838,33433.797852621,32694.9948061205,727.454064563671,0
974,3818,5.7543357722254,4622.5269106818,24.936837322728,12.130789791616,12.4287410609835,18.6480053190902,35660.3701930484,26615.1486337157,553.838300266612,0
974,3819,5.69116977332365,3993.6045176788,24.8967083840793,13.3745112879115,13.7406629771574,20.570295494592,35546.492084295,18334.5298761354,43.2730297126802,0
974,3820,7.50757100665468,2923.22384650194,26.1267918363007,16.7365761129227,17.3221397436157,25.7763154444683,32548.1294494774,32997.4446987035,1254.59782645551,0
975,3821,5.94848287673166,4855.36112120165,25.0097867247452,11.7480232637514,12.0263445943494,18.0567761873075,35641.3256238491,26587.4356233951,530.782432557336,0
975,3822,5.80080169023244,4048.7355956788,24.8967083840793,13.2514379871707,13.6106054240862,20.3800094472289,35549.4653214181,18305.7230524415,55.1920064116774,0
975,3823,7.20527314892997,3193.24058050194,26.1267918363007,15.7317737022479,16.2515933530879,24.2203753065913,32567.0942395604,32999.5932259763,1229.84400977995,0
976,3824,5.80546732792203,4291.56737922071,25.0001040173249,12.7520918361381,13.0841524695381,19.6082990136714,35528.830698904,26444.516626788,485.596308233511,0
976,3825,5.65126687027122,3208.7300336788,24.8967083840793,15.5324032194616,16.0278681362521,23.9085342165829,35562.0000831585,18320.6709022682,69.2532698923498,0
976,3826,7.31656101742126,4344.47352250194,26.1267918363007,12.7432951663552,13.0830760512624,19.5969648957357,32544.9988928899,32986.152715182,1201.25823652529,0
977,3827,5.77444355089679,3310.3579976788,24.8967083840793,15.2012142487272,15.6760268625521,23.3959668694099,35546.5626182229,18323.7735236181,60.6928605501697,0
977,3828,6.64633803430655,3349.94327313675,26.2483948553404,15.2302750985319,15.7192993313845,23.4443585521272,32182.1798818663,32917.6368973563,852.484447450034,0
978,3829,7.37257504249448,3754.68960042195,24.4983596999964,13.9048960125133,14.2982967948991,21.3895475760216,36506.670411333,26124.4861395186,1183.95993149969,0
978,3830,6.6970501698968,3595.26886113675,26.2483948553404,14.504965585998,14.9489500781787,22.3218792477484,32185.681715161,32893.0422207359,903.218435872711,0
978,3831,5.72960717314365,3391.2374696788,24.8967083840793,14.9505129633045,15.4098795842322,23.0080183966872,35554.2765254464,18328.5841024642,56.7982542709599,0
978,3832,11.0681389249387,3777.53311798104,24.9454250874378,13.8926250456096,14.289065460772,21.3716048646099,35499.3489346103,30176.2930495841,-915.222003532445,0
979,3833,5.79418230203885,3418.30921161696,26.4580458396251,15.041638906749,15.5206625245512,23.1528996807622,27936.7818421338,29042.0649320578,403.16115423039,0
979,3834,5.64060262923023,3400.0258436788,24.8967083840793,14.9239219052308,15.381659817871,22.9668726178853,35553.4511114928,18322.5969266307,74.7995799900544,0
979,3835,6.67942274565037,3552.14195313675,26.2483948553404,14.625893258417,15.0772904009944,22.5089987531124,32167.0456585616,32896.1490898866,910.604128156341,0
979,3836,7.34981734086294,3374.65299642195,24.4983596999964,14.9556936186215,15.4116957337544,23.0150204227987,36510.6342341564,26134.3340453951,1185.90162812025,0
980,3837,7.54057941461803,3470.18587457361,24.3369212913921,14.6541863500231,15.090453487763,22.5481325101757,36528.7961037944,26138.04964542,1150.25156939519,0
980,3838,6.51840493240961,3261.74697060815,26.3154384442414,15.5228504429608,16.0310439248182,23.8974197667247,32172.2337891226,32892.131773966,887.013336018301,0
980,3839,5.73281727891694,1867.3028748955,26.5593516103651,23.2558645764692,24.3244142387027,35.8870970969571,27922.5562665146,29039.4344218832,389.09650547372,0
981,3840,6.29949823179458,2924.06636460815,26.3154384442414,16.7578632569668,17.3467534389607,25.8098113013955,32164.6077061012,32886.3396796537,908.121480446234,0
981,3841,5.76119618422286,2472.0487308955,26.5593516103651,18.9268053312748,19.6685695256404,29.1714520230489,27950.1069903048,29040.5248655121,406.726023809866,0
982,3842,5.56967435812274,4947.5695992358,24.5582918307838,11.5697072116738,11.8358498467435,17.7805075273697,35206.2759818016,15686.2046305507,-24.8480048338088,0
982,3843,5.88913084397737,3636.9377928955,26.5593516103651,14.4223196644004,14.8638512527898,22.1947155312007,27927.6333638725,29012.8339430053,408.317233216434,0
982,3844,6.4013901691515,2983.58061660815,26.3154384442414,16.5217231693197,17.0949027571423,25.4440758470975,32191.881550697,32899.8798659009,895.136412031778,0
983,3845,6.11205059930847,5690.8192305079,26.515508464469,10.6821989300066,10.9155956821665,16.413165582726,27920.976061981,28816.1839453755,331.79101965495,0
983,3846,5.50825697698012,4545.7272552358,24.5582918307838,12.2357556952532,12.5366237377026,18.8094571543512,35216.9316240095,15691.5851208978,-41.9294149297922,0
983,3847,5.7228322170087,4080.44690260785,26.1541232801671,13.296189656385,13.6675914885387,20.4518733659374,33279.0908120481,30604.1618730777,242.074792280142,0
983,3848,6.81856613888166,2738.3090399553,26.0667511540194,17.520012740241,18.157817595408,26.9897408274954,32179.7955216235,32899.8021523115,905.922934730366,0
984,3849,5.78106931932548,7785.99716526025,26.5349971914562,8.73462138329333,8.87887295762981,13.4078321923225,28052.5547967576,28752.9496228577,201.561631551594,0
984,3850,5.94378175540051,5649.6350678935,26.1578075186286,10.7107096424976,10.9435099092678,16.4566353369756,33287.5753109343,30618.0254825225,206.591916353475,0
984,3851,5.49331285798303,4712.0015292358,24.5582918307838,11.947955427437,12.233642717127,18.3647987749238,35197.3767974676,15689.9939582223,-44.5446498302064,0
985,3852,5.4101796106951,7198.65184926025,26.5349971914562,9.18041738762495,9.34379196443804,14.0953944695669,28106.95105991,28721.7411734834,160.514755525732,0
985,3853,8.23406835998682,8974.23522243352,25.8883444754175,7.96545253720917,8.07628248763494,12.2214009062579,33794.5356080847,31213.3100451844,-1024.64958203738,0
985,3854,5.4394680632071,5081.9281992358,24.5582918307838,11.36791038481,11.6238189411002,17.4688388254649,35208.9588552315,15701.0301173248,-53.9670177039932,0
985,3855,10.5229195404538,4078.24376529204,27.0373516594171,13.3800745985534,13.7629592076592,20.5834221000752,29275.9267888616,31694.8772163122,-1052.69849498193,0
985,3856,4.69843308845019,5710.25820617676,24.7344946252916,10.5475232818239,10.7642790412356,16.2024516381413,35701.4204754908,30897.9731221526,447.960069533719,0
986,3857,5.6619009632206,8801.24158326025,26.5349971914562,8.08721519748749,8.20518046545198,12.4097296148654,28101.2350497733,28734.7609068169,160.015956374388,0
986,3858,7.22601342382215,8388.77065501841,25.1193099545111,8.27662084079329,8.39648120699583,12.7001297061287,34976.8205996105,31328.9053330487,1106.56204203553,0
986,3859,5.76141958358121,7323.13664860785,26.1541232801671,9.06297147540026,9.21953733009456,13.9137647359717,33286.9837211846,30603.2858479638,274.537916948474,0
986,3860,5.50126388185526,4947.5916252358,24.5582918307838,11.5696733375145,11.8358142432883,17.7804552067073,35197.2510107976,15691.6055940617,-21.8546860163816,0
987,3861,5.38550238642894,8004.53913726025,26.5349971914562,8.58331186992952,8.72125965204158,13.1745150806438,28111.6717661977,28734.1997565483,171.717017901878,0
987,3862,5.51594151404833,5929.7309652358,24.5582918307838,10.2826895128492,10.4859608980709,15.7934071725085,35188.3112871704,15686.3237223979,-49.6780966099072,0
987,3863,8.24427860943375,8128.70113443352,25.8883444754175,8.47354957543468,8.60436529341119,13.0045540947001,33786.8926976835,31217.0981916951,-1041.46424811813,0
987,3864,7.58860287873474,9317.05871597785,27.0532080452119,7.82376221201349,7.93339315800153,12.0042194426842,29377.6377405262,30986.2642983248,994.472330514334,0
987,3865,6.13067118069701,2571.10924648682,24.5303197477011,18.0892708584992,18.7487232794167,27.8669427656621,26885.422767835,18440.5446257843,655.828536727884,0
987,3866,7.8108247274818,5692.90716073744,26.9906772740564,10.7088417804577,10.9461911439263,16.4550332565319,29949.5466415821,31407.1712456892,-20.5010026630656,0
987,3867,10.5611985040629,4708.33118765971,26.1217965126131,12.0754107612656,12.3784604057463,18.5646561065156,22725.9940388889,33017.8308558784,-999.21445537521,0
988,3868,8.17367800412186,9042.16340643352,25.8883444754175,7.92819931164061,8.03760852832415,12.1639930884357,33806.9052190759,31228.2132994329,-1032.77668109616,0
988,3869,5.35500289174194,8875.29299526025,26.5349971914562,8.04502426379238,8.16133959576339,12.3447014482728,28102.4913936537,28726.7936454345,151.867188205721,0
988,3870,5.54950143191902,6592.2069672358,24.5582918307838,9.60738487049918,9.78004713293104,14.7514177138884,35202.1076187924,15687.6146006026,-52.9645828420254,0
988,3871,6.10964260158883,4080.32359968509,24.9115535110837,13.1836247151005,13.5390784463345,20.2751990943823,31330.4659212429,15640.0636160006,616.094700017873,0
988,3872,7.19479636099081,11222.3517679779,27.0532080452119,6.97543546058938,7.05420029956714,10.6973442743705,29391.0752921458,30963.1016416991,1104.05693103185,0
988,3873,7.61582098365557,6619.14451273744,26.9906772740564,9.71064861626494,9.90000881580714,14.9140773162216,29870.8765729364,31419.7420293333,61.0429657190162,0
988,3874,10.6773094090163,4970.10249786894,26.0888003326964,11.6469874469008,11.9270381045707,17.9026215595605,22739.1748060487,32964.8900472846,-1057.88350116811,0
989,3875,7.19860504862935,8535.19950301842,25.1193099545111,8.18778480160074,8.30419340842561,12.5632143734759,34961.0948903074,31336.9379869604,1090.3520396695,0
989,3876,5.97394108898688,6833.29532206943,26.227055706188,9.47554226888273,9.65056206642075,14.5502912747819,33276.7030229595,30598.8203890471,222.403434507469,0
989,3877,5.61782986358152,5165.7151032358,24.5582918307838,11.2467705672964,11.4966011716574,17.2817602425884,35244.4864787432,15834.3762201735,-40.8904751133428,0
989,3878,5.84013288451188,4846.21411935292,26.4886732789322,11.8730725387072,12.1676572689821,18.2526482296985,28151.8775411807,28678.3134005691,101.692491769668,0
989,3879,6.95984617628165,6511.24212078216,27.046308797344,9.81698451386431,10.0115506607222,15.0782592209458,29412.7228071156,30946.5614382283,1094.98435712753,0
989,3880,6.56123476516956,2039.84212648682,24.5303197477011,21.3738497674287,22.2685535734033,32.9587540154788,26892.8167240073,18456.5295515364,635.892097821844,0
990,3881,5.50382467342909,5054.7756821314,24.4498953168985,11.4000595737602,11.6568863774056,17.5182955561898,35237.3172462099,15860.0237782845,-26.3038266853579,0
990,3882,7.15863680969061,5091.57221983288,25.1732608716861,11.397816044518,11.6591731716182,17.5161129186771,34954.0049131401,31313.0112309566,1052.94520471318,0
990,3883,6.62549685045077,5807.30258457064,26.4900268859242,10.5403807354243,10.7666589302813,16.1941517794909,32185.1663148717,32334.2596967544,764.063142547841,0
990,3884,6.11204485560896,3370.29362312731,26.5208214079031,15.1967732920274,15.6861141062393,23.3931718376934,28103.7558350158,28588.8928544812,154.083168256406,0
990,3885,6.96966357921363,5385.85449058466,27.020446766182,11.1076722075643,11.3653756541648,17.071049312433,29422.8448999284,30937.1769915629,1061.80197585096,0
990,3886,6.58085999394965,2476.01171148083,25.2738809136489,18.7009903780287,19.4116555618546,28.8172767863634,30709.6450669474,18607.3652278573,714.425529634381,0
990,3887,11.8041792458562,6495.00787427962,26.102609256311,9.78261045339834,9.97093734836402,15.0239258880472,33517.3393234789,31756.5486625878,998.750717420659,0
990,3888,10.4927264168995,4231.44154382376,26.1738591910048,12.9754785276248,13.3286843399027,19.956016919431,22758.5008322094,32943.0591855956,-1035.98502393548,0
991,3889,7.21708757630113,6015.91533583288,25.1732608716861,10.2240633461143,10.4280006776137,15.7038665346454,34975.6943946842,31332.8485681006,1084.1367636817,0
991,3890,5.40568620709744,5363.07336600024,24.4121773945561,10.9647303542981,11.1997048963702,16.8460047008673,35232.404939835,15836.2212643656,-20.1295816929252,0
991,3891,6.77706076902774,8789.20449057064,26.4900268859242,8.09242099656949,8.21042145017048,12.4177065545316,32165.0091621632,32326.0149473139,817.87909370567,0
991,3892,6.78827657621839,3380.39927148083,25.2738809136489,15.02607678795,15.4935423903354,23.1258984367146,30724.2454998798,18617.7901097013,735.119959507409,0
991,3893,5.76708033627212,9769.65188492147,26.873888955448,7.59068655466977,7.6908943049802,11.6448978328084,30964.2206602124,31979.4466601471,-151.604505053803,0
991,3894,7.08892509598562,7019.36872858466,27.020446766182,9.35294942666473,9.52616696356664,14.3621701051375,29431.6184522212,30972.1719439628,1116.19185336981,0
991,3895,11.8132262463619,7426.30083488212,26.0092897585277,8.97617477031673,9.12837844907224,13.7797191239497,33523.7811016706,31761.3376827138,998.793215351137,0
992,3896,5.36601429258984,5535.47086800024,24.4121773945561,10.741408643885,10.9655520980473,16.5012269354668,35239.2620660048,15841.0474142763,-4.38540998270035,0
992,3897,6.75988761379007,9372.87146457064,26.4900268859242,7.77488186864576,7.88066200692326,11.9283433007477,32194.0338735156,32328.238588108,798.692441703345,0
992,3898,6.71372563816474,3835.98505548083,25.2738809136489,13.7807532883163,14.1733646663645,21.199332412072,30717.9935680117,18603.9106032854,729.610421103674,0
992,3899,5.73291618027988,10605.0540129215,26.873888955448,7.21615175491181,7.30276473576003,11.0679236383198,30952.4198832257,31982.2329068777,-144.929554446485,0
992,3900,7.08451212704216,7523.58595327922,27.0166919117163,8.94801413316555,9.10339271919306,13.7374996154935,29431.4836339668,30941.2900614306,1126.32753457357,0
993,3901,5.49964364145527,5282.0840021314,24.4498953168985,11.0766673559126,11.3173716726419,17.0189028681723,35239.3026068564,15833.6814817782,-55.149997263059,0
993,3902,7.55616781328333,9204.34972808599,27.0014834464153,7.88142186851881,7.99308819118628,12.0930285144959,30438.667704885,31156.3289620893,-686.189945775652,0
993,3903,6.4518010899867,3086.83674348083,25.2738809136489,16.002820831765,16.5318398712394,24.6377419307492,30714.8173948032,18601.7222659946,733.936133770382,0
993,3904,9.81844598611745,9580.54430423264,26.6409338655817,7.67516309971858,7.77772356788156,11.7748367163829,31786.7926070908,32298.0323317414,1216.38032007086,0
993,3905,7.20764252261093,6593.69996831528,27.0079160261852,9.73566167918771,9.92626186756629,14.9527015885031,29424.174493216,30956.2943668079,1047.5374149073,0
993,3906,10.5102682295588,3844.02622982376,26.1738591910048,13.8483099924311,14.2521471570129,21.30581999336,22776.1181754608,33024.9748035607,-1057.80251752694,0
994,3907,5.99181303302038,8295.10643115108,26.4376773527644,8.38891277281514,8.51851833373652,12.8746867485248,32538.5594714423,31940.0993261124,128.642937095706,0
994,3908,7.39039592412662,8446.56722408599,27.0014834464153,8.31656076056162,8.44544134101221,12.7637550275777,30444.0001606827,31175.4441513397,-678.071166660649,0
994,3909,7.3348080433536,6494.22879488025,27.0003347510072,9.83114118287289,10.0261436537505,15.1000460215902,29434.5972440871,30954.598233377,1119.48375495685,0
994,3910,10.0253102408874,4015.05811982376,26.1738591910048,13.4443500505544,13.8244784332963,20.6810346059989,22750.3851318318,33013.4866913248,-1052.04455839854,0
995,3911,5.81704265661113,7765.88772915109,26.4376773527644,8.74466574671803,8.8889300540632,13.4232080973338,32538.1100727733,31929.62870948,144.16971721014,0
995,3912,5.54039882694793,9743.37486692147,26.873888955448,7.60335509453025,7.70403419729496,11.6644170066112,30930.1759531925,31979.2850110178,-103.822351209178,0
995,3913,6.45503993300539,6890.38447258466,27.020446766182,9.46474298280017,9.64299652168735,14.5346580830396,29378.4898113056,30932.4678211198,1069.21504838182,0
995,3914,10.0231497373919,3833.28472575542,26.1953927547879,13.8768378283853,14.2825388019058,21.3499948113258,22770.258963557,32987.608618805,-1057.60368154424,0
995,3915,5.58928084294756,1553.23677820853,25.0981781995179,26.3379710640198,27.6318833709294,40.6663971131641,25060.9620292167,22755.8832303448,212.180242813832,0
996,3916,5.95382738492714,3744.27312820853,25.0981781995179,13.9917796735098,14.3953107097135,21.5253128624923,25055.4814139331,22762.3703088529,160.868465201513,0
996,3917,5.50327811858258,4792.08424892147,26.873888955448,11.9908434584321,12.2942473727717,18.4353261192049,30911.3129447987,31966.6566638001,-89.8870710289645,0
996,3918,5.79524416686841,5797.47071182937,26.9489615822936,10.5796769419643,10.810384916149,16.255516896109,29459.9051725342,29992.5154089219,200.499829664424,0
996,3919,10.6302046902824,3910.65487982376,26.1738591910048,13.6871648694635,14.0814882569765,21.0565692346566,22736.3335522404,32981.743830094,-1094.79361834939,0
996,3920,6.09475510577876,2741.92399726712,26.3200285982614,17.5392660376816,18.1810960977522,27.0203165022281,23960.3916931597,33014.5906353209,845.253314647722,0
996,3921,3.77682794962406,2039.28240695055,24.4056939344952,21.35296898687,22.244333581471,32.9258754889514,36483.9308577724,27411.4821243979,366.754736260899,0
997,3922,6.70264912748608,6423.60049662307,24.6980800943961,9.7754549783482,9.95630419653863,15.0109062941391,35961.7497262821,27890.1925068337,892.53975171873,0
997,3923,5.89787833704313,3458.37564820853,25.0981781995179,14.7726790057327,15.2230027433727,22.7333558033015,25062.1883768293,22752.1098214527,189.671422539288,0
997,3924,5.35604367764784,4814.92169708152,26.8970964553975,11.954623551488,12.2562164655466,18.3793930439521,30930.4366615107,31971.019786975,-110.171516187015,0
997,3925,5.90786179393795,4761.63620448221,26.9238986204609,12.0456704451314,12.3523727498415,18.5201470690891,29440.1245555779,29983.6681115147,180.958147971246,0
997,3926,10.7374782215853,4080.16697582376,26.1738591910048,13.2985829388762,13.6702719048444,20.4556153715438,22711.4930348241,32970.3813314535,-1050.58808083819,0
998,3927,6.68680511759858,6186.88707462307,24.6980800943961,10.0136592551184,10.2052866275443,15.3784483721592,35952.0910472818,27929.2962659125,910.408251695166,0
998,3928,6.05910846113931,4238.51454220853,25.0981781995179,12.8674189327219,13.2065962374334,19.7867665543731,25076.0992518392,22760.3570421966,212.440643612585,0
998,3929,5.45283000634024,4262.18274092147,26.873888955448,12.972000820699,13.3300701247219,19.9520351068776,30919.6100172468,31980.2897397297,-125.414346526537,0
998,3930,5.75887992488685,4746.89658982937,26.9489615822936,12.0725036123615,12.3808287978651,18.5616621023379,29467.08054379,29995.0111798202,197.428712280607,0
999,3931,5.90210461878183,6162.61779820853,25.0981781995179,10.0621224277057,10.258123394552,15.4538286390922,25062.6064666682,22766.4686285509,192.332555404334,0
999,3932,5.48168946862768,3874.43352308151,26.8970964553975,13.8427523698372,14.2519507013493,21.2987914000127,30899.8737034463,31963.7112921061,-83.3399556395197,0
999,3933,5.74071369482113,2765.83731951643,26.9180595481427,17.5142663178864,18.1606770908666,26.9833168947052,29446.037655494,30006.3784734007,190.697597472507,0
1000,3934,5.9006739458066,6682.60402400989,25.2148519881732,9.55904269123772,9.73287071325589,14.6777549339603,25085.9505341996,22758.0740368226,186.07431013418,0
1000,3935,5.47038985097926,2367.41803932933,26.8369154008018,19.5738410312047,20.3656617854116,30.1755225213411,30927.942359235,31970.3411570098,-107.699121821585,0
1001,3936,5.87691166601071,6772.55820800989,25.2148519881732,9.47780754161434,9.64804535618776,14.5524349745415,25077.6463275306,22759.9450605073,177.889842062083,0
1001,3937,6.94040898338771,3440.5022583117,26.9753087111076,15.0303659669731,15.5131787031211,23.1366903321291,28833.3771603469,31631.3965838765,1022.06408460778,0
1002,3938,6.02417098151164,5655.86203400989,25.2148519881732,10.6437171174407,10.8678658271292,16.3517155272181,25067.9807800114,22759.2917272969,191.803703343814,0
1002,3939,7.19882618637197,4790.64802482603,23.5500544743507,11.7397574468479,12.0077168994713,18.0412649519299,37239.3978806526,16956.2503163776,816.863871009725,0
1002,3940,7.03294618443578,3063.4611903117,26.9753087111076,16.2994086137942,16.8642767156227,25.1015381184876,28862.4968516503,31661.680360598,1083.4337345674,0
1002,3941,5.3484917572914,2321.99242049683,25.0521125856941,19.5469414301672,20.3149285424662,30.1277825776043,31997.0033057917,18997.3168501513,-117.271219565114,0
1003,3942,6.04754019994156,5850.17540600989,25.2148519881732,10.4129693300265,10.6260507283607,15.9955068751552,25054.9273355832,22763.4088898703,189.820983837726,0
1003,3943,7.09914780562877,3840.7146783117,26.9753087111076,13.933180078136,14.348408817732,21.4388506731526,28841.813181759,31641.3942405462,1025.12401414686,0
1003,3944,5.2656697946521,3099.84061049683,25.0521125856941,15.9284232767814,16.4504856503078,24.5219617236515,31977.1507974627,18988.4449379095,-153.239998566931,0
1003,3945,7.12961268194394,3962.33826882603,23.5500544743507,13.3167450280117,13.6687356905971,20.4779813421278,37254.3207823414,16941.8467877182,784.231279751728,0
1004,3946,5.92940402075466,5752.13768000989,25.2148519881732,10.5276788363743,10.746238151612,16.1725790377029,25048.7898217024,22759.8833850202,193.581069555686,0
1004,3947,7.03771638143452,4000.0948143117,26.9753087111076,13.5517541099386,13.9442667531751,20.8488270515891,28853.7513514153,31620.2295841068,1029.34262917382,0
1004,3948,5.4313653875431,3084.90698249683,25.0521125856941,15.9820628524529,16.5075552924412,24.6050008864994,31969.8789020299,19000.6556004708,-138.900412756418,0
1005,3949,6.07955968705008,5878.25661370244,25.1984030742195,10.3797338868185,10.5911454074577,15.9441798510473,24945.4901322947,22751.2938520196,213.73087285171,0
1005,3950,6.58513448826096,2657.9405043117,26.9753087111076,18.027203967074,18.7098722252434,27.7783469894353,28848.2288834897,31629.8419879124,1070.01919613127,0
1005,3951,5.81660791037519,2471.31987646252,26.4553603630981,18.9144305012351,19.6541062436981,29.1519370042404,32891.4989319877,29234.5954680977,-40.2884752263586,0
1006,3952,6.04128391547079,6022.04234170244,25.1984030742195,10.2188315966851,10.4226610811133,15.6958297533147,24946.9130681873,22741.6005544698,266.406297942442,0
1006,3953,5.72165672139741,3469.22983246252,26.4553603630981,14.8882901356266,15.3577044167981,22.9155553113778,32910.5611116368,29225.1858503972,-20.7022790461095,0
1006,3954,7.00199467016349,3011.7881943117,26.9753087111076,16.4957988527257,17.0737156938926,25.4057039595316,28835.4955883268,31645.4604527408,1038.3175950638,0
1007,3955,6.11103925002125,6143.97827770244,25.1984030742195,10.0875619734504,10.2852761520306,15.4932364867965,24969.5458825809,22757.4923935319,227.562635158822,0
1007,3956,5.58555690992546,3440.02335646253,26.4553603630981,14.9755756701126,15.450438612822,23.0506450572114,32925.4681320447,29237.3413072889,-13.5326407744413,0
1007,3957,6.76260465106121,2757.2777643117,26.9753087111076,17.5609013771236,18.2111269299995,27.0557418921937,28831.0339142561,31640.3386064184,1020.04621877559,0
1008,3958,6.1945389225267,6069.13392970244,25.1984030742195,10.1675882552227,10.3690229590736,15.6167419347852,24948.6733202518,22748.686549009,218.747182578008,0
1008,3959,5.49018288318393,3228.00108046252,26.4553603630981,15.6519936147974,16.1697454128855,24.0977037434175,32918.1423616729,29239.7453842298,-31.0616540274256,0
1008,3960,7.07813937329329,2924.3890263117,26.9753087111076,16.842386443697,17.4435509555181,25.9425534386725,28843.8675882751,31635.3286376458,1042.59971667483,0
1008,3961,8.80017795066791,4396.39172184234,25.9013133917956,12.6233365959635,12.954825893432,19.4110851197268,23194.9543547321,29144.1903370603,-1048.74266753907,0
1009,3962,5.97057316876172,5571.28025170244,25.1984030742195,10.7475038811204,10.9765962799342,16.5119230317522,24941.255014004,22752.8436215253,234.530939212847,0
1009,3963,5.79184547634613,3345.97233646252,26.4553603630981,15.2660214601629,15.7591574344995,23.5002002454318,32912.9008089164,29235.9343287994,-26.2608295645972,0
1009,3964,7.06539405661192,2876.4163983117,26.9753087111076,17.0408087797847,17.655406522339,26.2499354348675,28841.2784174794,31640.7507804889,1024.36003322735,0
1009,3965,7.05872887738371,3534.15879288442,24.3203046118771,14.4705643401167,14.8956998427045,22.264035731792,30527.7397888345,15992.2887172657,906.955977620708,0
1009,3966,11.9511399411868,3424.93428993706,25.9277618002271,14.963421344554,15.4328853647076,23.0305559382661,23090.3158295945,29093.6428260509,-922.895624447773,0
1010,3967,5.75772098835193,3808.53544772518,26.6734645270628,13.9846037537229,14.400542296782,21.5177491200215,32901.21912232,29241.7176374379,-31.5845359088688,0
1010,3968,6.91329927566489,4760.91300985307,24.1845373019174,11.8376305495045,12.1150053764549,18.1936557926136,30536.7740436733,15986.9797308206,895.288237737905,0
1010,3969,6.94025604436017,3680.67059800103,27.1663454829614,14.3650893267529,14.8080832932669,22.1075284550238,28834.6497631061,31634.3085341101,1058.5763793016,0
1010,3970,6.21756887710716,2954.87026980648,25.3369437583329,16.5073077157082,17.069684215011,25.4190377560845,24944.7166700057,22802.9263505975,232.431842445276,0
1011,3971,5.49171520190028,3453.78469172518,26.6734645270628,14.9578175741994,15.433463835863,23.0236823782438,32909.351562608,29241.7168834571,-28.3841466964373,0
1011,3972,6.91873431818442,4836.32649131394,24.2432641188979,11.7202033211723,11.9919367277465,18.012380078354,30546.262455068,15996.0501008779,889.361673207734,0
1011,3973,6.80552418270184,3358.56237400103,27.1663454829614,15.3051936087967,15.8071137613569,23.5625719682869,28837.8660620647,31638.5779332212,1045.11982518905,0
1011,3974,6.9104315853993,4419.45874222772,24.0461373589512,12.4237805113798,12.7309486573488,19.0989615916483,30547.9987482192,16001.2140351765,896.261933470565,0
1012,3975,6.03655165798235,4005.21141441719,25.9259719167849,13.4439547586308,13.8221531767514,20.6798976945761,34414.8795625577,30144.2817732939,507.184510726262,0
1012,3976,7.05062360764408,5285.17586185307,24.1845373019174,11.0540583788262,11.2919888642766,16.9835343869539,30530.5469734393,15976.9548943795,871.973666442698,0
1012,3977,7.19878458425378,3485.12377000103,27.1663454829614,14.9170311076953,15.3943395588092,22.9617172705126,28849.4590870268,31635.2007246171,1038.88299585482,0
1013,3978,5.8068939938143,4360.62295041719,25.9259719167849,12.6947630727938,13.0303972387649,19.5215443933221,34390.8667047204,30136.1113770152,513.698137540531,0
1013,3979,6.94982113481289,4947.86615531394,24.2432641188979,11.5457954264285,11.8086319320222,17.7429985083578,30525.4981976677,16010.1149920406,886.735448328205,0
1013,3980,6.93890702584375,3445.21265800103,27.1663454829614,15.036642107029,15.5214930431834,23.1468572493959,28827.7665749633,31629.8806854262,1022.92919765358,0
1014,3981,6.05777916946025,4335.76478849267,25.9438099507649,12.7450847426475,13.0836533185276,19.5993695149243,34418.9115770118,30128.4509651442,494.158868107129,0
1014,3982,6.84888285907893,4925.59786931394,24.2432641188979,11.5800570383672,11.8446333796632,17.7959150852239,30545.925586158,15998.0514043293,891.62869499484,0
1014,3983,7.09304240863114,3276.91199200103,27.1663454829614,15.5700346461734,16.0889679979695,23.9725924113604,28831.1922963244,31627.6276668667,1049.71001049026,0
1014,3984,5.58505887801443,4359.65815222772,24.0461373589512,12.5368348795585,12.8500585365584,19.2736585554153,30125.2783204087,16657.8920084467,-124.717723969711,0
1015,3985,7.12636965547374,5484.59926585307,24.1845373019174,10.7908897799153,11.0160398106954,16.5772339494999,30528.7235946472,15976.8965478816,881.562689898241,0
1015,3986,5.95354133900296,4806.67147641719,25.9259719167849,11.8958341621805,12.1879774598326,18.286810536108,34417.3028029066,30151.1804376978,504.570040552585,0
1015,3987,6.89291272784413,2311.57849000103,27.1663454829614,19.9722005982704,20.7972530077532,30.7943642006786,28812.5123422571,31655.5341186224,1016.53878633687,0
1015,3988,9.77178331090698,2231.40356973025,25.1875921068056,20.1422005996808,20.954984550621,31.0511604491855,23553.6546886693,23305.5019477868,-1126.3215708153,0
1016,3989,5.90984035990027,4571.16948441719,25.9259719167849,12.3003487175171,12.6142606319132,18.9119134157016,34410.438588733,30146.6824116198,510.192308211232,0
1016,3990,6.68785415975319,4789.43313731394,24.2432641188979,11.7956687038154,12.0712826909691,18.1289485413902,30547.1649628535,15978.2880526195,899.811507155714,0
1017,3991,5.91040061867153,4831.86922041719,25.9259719167849,11.8546328355871,12.1445884838281,18.2231495530602,34422.0831408064,30150.7124432333,483.731339533481,0
1019,3992,6.0151743360753,6059.47588115333,24.1406930246535,10.1154820461701,10.3087098272197,15.534726140741,36501.4020691085,18355.7940928673,378.613354959375,0
1019,3993,5.23476625521814,1625.38670807132,27.2460445540622,25.995493221892,27.2965983531359,40.1442583812593,29029.2791001718,29665.1049325832,-311.972805260548,0
1020,3994,6.14525017586123,5382.25543814895,24.0904585211658,10.9174027584985,11.1480847748664,16.7723856339225,36499.5432800397,18369.7354456254,384.983984356485,0
1020,3995,9.02068880248756,3927.89264099831,24.5732305458516,13.4942136789692,13.8645884090848,20.7546612091583,36349.5529545085,21277.1689075888,-1266.90670731965,0
1021,3996,5.26133009490288,1040.26870710986,27.379777678753,36.9758491568911,39.2502174625956,57.2189409686361,29011.6048048004,29634.0922489321,-317.780724707046,0
1021,3997,5.01475745589319,4075.308526954,23.879215744867,13.0990370045383,13.4416231624911,20.1421917189643,37177.3855168485,21155.8939696701,595.265328950969,0
1021,3998,5.95487515995593,3056.11160414895,24.0904585211658,15.9642038405406,16.4788536077277,24.574681565829,36483.8032414532,18386.7517026943,416.649014620821,0
1022,3999,8.52809429228173,4743.89051252746,24.6407757970685,11.9012251658567,12.1850381589767,18.2927623487712,36286.7059671839,21315.4350180524,-1279.2183238966,0
1022,4000,5.37948107469808,2449.81375794994,27.1438602831759,19.1432497162773,19.9073309135615,29.508866495298,31384.7918580442,29228.9070040207,-382.798298667909,0
1022,4001,5.26946255577072,2184.51940710986,27.379777678753,20.8544138950586,21.7481407400009,32.1635075717274,29039.5941794507,29650.839174977,-290.247624584592,0
1022,4002,4.98635247653912,4159.67810733481,24.2712394056183,12.9562512298043,13.2940390034137,19.9223387445466,37220.4783398308,21208.9574031386,645.772298146015,0
1023,4003,5.46820727984245,3106.23260994994,27.1438602831759,16.1617314300431,16.7190921863876,24.8887578706145,31425.5818483215,29207.9363424511,-383.591726741175,0
1023,4004,8.54008723171789,4426.09873499831,24.5732305458516,12.4559107047097,12.7686773347725,19.1496804779928,36324.0866051113,21314.7077914173,-1339.48136032315,0
1023,4005,5.17214798166882,1901.15491710986,27.379777678753,23.1192463381754,24.1886404786101,35.6782446355219,29024.3661404109,29632.1469645707,-326.411185621363,0
1024,4006,5.94567545623915,3564.77333740786,25.1752066086686,14.4770725709075,14.9101609282057,22.2761876745738,23609.0349621504,22694.5687247817,400.57126473306,0
1024,4007,5.34474954311283,3378.84841194994,27.1438602831759,15.2387339411452,15.7362166153204,23.4596344081107,31409.3303203788,29211.4941857902,-416.617490806041,0
1024,4008,8.72063435113061,4530.59007899831,24.5732305458516,12.2641101381735,12.5665948521857,18.8532988226195,36323.0938282638,21338.5665980138,-1324.92505385043,0
1024,4009,5.2817247532573,2494.68953910986,27.379777678753,18.9300666783568,19.6814101496785,29.1790840581288,29023.1971340829,29640.8095544094,-236.496251111688,0
1025,4010,5.83785578306096,2998.02233140786,25.1752066086686,16.3196733700875,16.8681666965382,25.1280428993338,23613.5248913698,22700.2236696173,419.94292624166,0
1025,4011,8.67278065957384,4996.13161499831,24.5732305458516,11.4967620211321,11.7592874074568,17.6678687503806,36334.7428243924,21309.1335686774,-1285.86799566981,0
1025,4012,5.43996934212632,3708.41024310986,27.379777678753,14.3121175626224,14.7535736592329,22.0260325376039,29027.6010875786,29638.3597266107,-267.465903513469,0
1025,4013,5.63557153508548,3139.71154851811,26.7889579250584,15.9981186540404,16.5414049293933,24.6344748918824,32351.9487715838,27583.5057391265,-294.283907365622,0
1026,4014,5.58224916610028,2755.88617311485,26.7815860171885,17.5403584260889,18.1871408919508,27.0233527398518,29232.4201961632,26413.3657690381,-313.688865305534,0
1026,4015,5.96942483218827,2724.52702371753,25.0958110243821,17.4440316954481,18.0661102676018,26.8691212051726,23593.301499164,22670.6087519336,387.253070485977,0
1026,4016,6.64282777133606,2121.32125586943,26.6682691954409,21.1778736147961,22.0870119964954,32.662803217872,33003.9028467024,29869.5890089503,837.181048257204,0
1026,4017,9.0872306027213,4920.64851299831,24.5732305458516,11.6124261829063,11.8808518377065,17.8465177373605,36348.5049441184,21269.3460342468,-1227.6505660089,0
1027,4018,6.00598148669162,3035.62071340786,25.1752066086686,16.1781827229977,16.717514302073,24.9089705681932,23594.7694941851,22685.751990611,392.870984056513,0
1027,4019,6.59423501318597,2693.24837186943,26.6682691954409,17.8141077808009,18.4786178488012,27.4472046304271,32984.5706610593,29838.9038985684,855.933182502398,0
1027,4020,8.57574040081477,2789.47883099831,24.5732305458516,17.0826069843467,17.6747790387551,26.3077296956669,36344.0830535557,21261.1099185115,-1323.69846985532,0
1027,4021,5.60840066394337,2285.82930711484,26.7815860171885,20.0702810744529,20.8979194656746,30.9451864092436,29270.1246058659,26395.770122576,-327.696396356938,0
1028,4022,6.48586094086139,2850.24969986943,26.6682691954409,17.110603335584,17.72682643093,26.3572024071082,33003.8860543734,29858.4377325975,867.135201446692,0
1028,4023,5.95313021593887,2972.80256140786,25.1752066086686,16.4164056924582,16.9711900504539,25.277822731855,23605.0604942111,22683.140676318,390.160072353965,0
1028,4024,5.65684271824975,2564.15109045004,26.6155490771062,18.4437193054323,19.1517526394943,28.4228040391168,30115.952778131,25823.5943406568,-342.179373095608,0
1029,4025,5.81948623511723,3628.43312573764,24.8862524222934,14.2726833191336,14.6910292864482,21.9593122056276,35403.7847799319,21152.236884295,50.2778530543694,0
1029,4026,5.99639735424536,3293.54517340786,25.1752066086686,15.2871395216408,15.7698997621001,23.5296631319055,23607.8717370678,22677.4670594088,359.266181221583,0
1029,4027,6.51496867954471,2920.65870553837,26.6790492166114,16.8191092492483,17.4157548195132,25.9056833662481,32983.8428632819,29834.8129754359,878.990890246466,0
1029,4028,5.24776967256778,2224.73043045004,26.6155490771062,20.4419475868886,21.2951066999322,31.5210492443147,30128.9327558873,25827.2791884441,-323.668163719665,0
1030,4029,5.96910920188282,3802.55984466277,25.2687442966974,13.8624454543367,14.2597942059761,21.3256660047162,23475.0106083163,22601.1166654641,388.260957359287,0
1030,4030,5.30990775632026,2662.23786804593,26.825098903957,17.9847154188795,18.6627926176576,27.7120541460886,30135.5537364017,25835.1482691364,-330.898815096627,0
1030,4031,6.43749114330243,2839.46426482961,24.2928252651888,16.8318371926544,17.4044385153815,25.9185406045249,28704.8376961256,17753.8202375245,589.027793114779,0
1030,4032,6.53696005918707,1950.0764844679,26.8161084154816,22.5688276820625,23.5870390583618,34.8217141116589,33001.4553407849,29825.3145081944,849.299932840608,0
1031,4033,5.93931766467587,2993.54486466277,25.2687442966974,16.3488302550675,16.9001673090887,25.1734502349008,23469.1028422735,22597.0493738269,375.487439227624,0
1031,4034,5.52611985620639,1842.21067930289,25.9325442971223,23.3538881353221,24.4209720626593,36.0367112547087,34525.7890489622,25084.5711601045,-99.3590013584773,0
1032,4035,7.77521444003975,5952.78878181913,26.3018044575796,10.3609533330328,10.577500967476,15.9168566037545,30667.6348287488,24369.9875065352,1227.79273901958,0
1032,4036,6.01230396832239,3125.92112466277,25.2687442966974,15.8625566680997,16.3825398181886,24.4205813635352,23457.3823427801,22583.4314289808,382.169813369181,0
1033,4037,7.47590546934164,5640.23984181913,26.3018044575796,10.7313618195557,10.9659944691075,16.4887488875672,30646.7063567095,24396.9824771397,1256.02623112932,0
1033,4038,6.10789947377101,3596.15419866277,25.2687442966974,14.4003259628929,14.8296076067759,22.1576797418384,23464.1227327783,22596.3629681718,372.920734871921,0
1034,4039,7.67101591312168,5658.34521381913,26.3018044575796,10.7089241140507,10.9424472700114,16.4541023568912,30669.3378366865,24383.7888048808,1252.12492737456,0
1034,4040,5.87768590687953,3927.22700466277,25.2687442966974,13.5622907608283,13.942172836657,20.8614722246701,23476.6285329162,22585.8683068236,413.826258764907,0
1034,4041,11.7479751212184,5030.66909868581,26.3626640876238,11.5735380337439,11.8514591955754,17.7896219334374,23979.2246585016,35488.3365197014,-828.396674178028,0
1035,4042,5.88712197954339,4448.75863266277,25.2687442966974,12.4714927416413,12.7901258502644,19.1751466321381,23459.4413796672,22585.7837058487,403.006343223785,0
1035,4043,7.61416526932491,5416.05921381913,26.3018044575796,11.0201036429195,11.2691721675936,16.9346445056702,30651.2439841751,24376.1350143424,1254.20429832945,0
1036,4044,6.00386517669901,4197.99262266277,25.2687442966974,12.9657341468965,13.3116772886146,19.9391010077823,23453.0413408019,22579.3446537247,399.796691160982,0
1037,4045,5.92516823290885,4328.32046466277,25.2687442966974,12.7024910586514,13.0337953212703,19.5321778096073,23460.9348804466,22600.1284493435,420.33599002548,0
1038,4046,6.11721093135889,4292.68239666277,25.2687442966974,12.7730566607867,13.1082644126107,19.6412530092637,23449.3130373379,22571.6161024,421.496275064288,0
1038,4047,7.46426679343151,5152.89256581913,26.3018044575796,11.3872083617843,11.6550474626163,17.5016677902978,30641.1368032668,24395.1182969003,1257.41035618234,0
1038,4048,10.1557393549181,3103.34412293997,26.4691628638849,16.0904270849961,16.636721144225,24.7765797466887,24591.9072572039,27418.0050762897,-985.180530812825,0
1040,4049,8.54255254265629,4169.49671911861,26.1294120371048,13.1013416870247,13.4613811335499,20.1505312221442,23334.5278994021,27041.2719662269,-1245.57162274716,0
1040,4050,5.72519294519852,7711.62688087032,26.7594727296591,8.79765548150557,8.94550874758267,13.5052999414791,30805.7715368847,25168.3639693308,-342.576388173772,0
1040,4051,5.74676034257223,7282.43272703932,27.2741697273492,9.14746939500962,9.31267555504314,14.0454760420692,30623.0011080247,26775.663254072,-423.769420152236,0
1040,4052,8.3703615271212,2617.87996155356,24.4126475522753,17.8414558326371,18.4826591826921,27.4826395048981,24264.4608550574,19186.0027053724,-1412.16325453547,0
1041,4053,5.70249901662266,4405.39520128763,26.5195484285525,12.6570433430964,12.9947727536337,19.464393103077,25760.6394180465,25834.1648387984,151.888375068151,0
1041,4054,6.87750409186121,6603.99541304913,27.4049861883969,9.74642854383677,9.93943267143094,14.9698445233211,31316.0828421926,28135.9036639802,969.74294116905,0
1041,4055,9.09298399117694,3645.65236111861,26.1294120371048,14.3548232097809,14.7886669896499,22.0892956059709,23340.6043175781,27019.447824275,-1245.82182293438,0
1041,4056,5.94701317184082,6914.28568087032,26.7594727296591,9.43086384184195,9.6063792115956,14.4820501585588,30815.8037999582,25142.5093460998,-327.376616112636,0
1041,4057,5.71144438031856,7911.56515262034,27.2645798236527,8.67781086959169,8.82268145070305,13.3210580322046,30554.6223084158,26821.766613188,-378.01529876689,0
1042,4058,6.75898281595828,7753.4435319677,27.3749949819349,8.79427862614101,8.94455332849628,13.5008022410259,31347.931107748,28134.0178092803,1023.33842400211,0
1042,4059,8.85974020914034,3504.09125911861,26.1294120371048,14.7510939586624,15.2091794892607,22.7024585036665,23364.2566328435,27044.5521060552,-1278.40635261964,0
1042,4060,5.85642583377346,3541.29705934792,26.7859481381338,14.7131527950725,15.1745002106907,22.6452887902228,25795.080552739,27190.4942052711,357.11524919618,0
1042,4061,5.62657900167382,5777.81015887032,26.7594727296591,10.591736559388,10.8220094429135,16.2738534744161,30835.0906941487,25169.3802012974,-323.483173752124,0
1042,4062,5.88356934649667,7955.41513103932,27.2741697273492,8.64792109188948,8.79156993927055,13.2749749670311,30551.5726098738,26835.3067658464,-362.13755377962,0
1043,4063,6.04825900508049,5067.10415734792,26.7859481381338,11.5481353698591,11.8273406864415,17.7510983979402,25817.3797089385,27210.0727423778,359.126166406692,0
1043,4064,6.79155477401395,7728.13874681535,27.0619189522201,8.79894164517985,8.9481162762113,13.5076341969679,30697.4331354085,25988.9529154154,489.737042162946,0
1043,4065,6.57865963733902,5527.63611391452,27.4077265358239,10.9439499060172,11.1954783264839,16.8187732322225,30773.7617353065,27699.4563137819,-29.1820722381395,0
1044,4066,5.91549123737803,5192.36601934792,26.7859481381338,11.363123142412,11.6326453193134,17.4652707750895,25821.6926159232,27231.8169986972,382.323542033546,0
1044,4067,6.87210806513235,6971.93404895757,27.0164481315021,9.39344731467191,9.56846515415124,14.4246482810618,30685.5172258715,25966.1038531377,519.682624703839,0
1045,4068,5.76888520566733,4599.38204734792,26.7859481381338,12.3174154513313,12.6380918169523,18.9398992929334,25796.7566506341,27213.0045996233,400.160449181045,0
1045,4069,8.6859827952107,4964.63858103781,24.9382801933322,11.5715697068372,11.8403027230346,17.784073201427,36605.2324471437,24341.8078910988,-1441.35763249778,0
1045,4070,6.19491895880366,7466.7524240641,26.9332063805581,8.98747281260997,9.14419909156516,13.7982622083762,29967.2931952679,25602.2125918424,-282.448997255334,0
1045,4071,8.09532615104026,6367.55412244637,27.2364852301893,9.96976392848656,10.1724452068908,15.3143250392506,30397.2920865243,26615.4665125214,-323.944553283949,0
1045,4072,8.51029936498256,4164.73438358949,26.2095679809023,13.1185034872929,13.4801175189081,20.1772309918902,27428.4889744679,35968.2541236733,-1425.14235413003,0
1046,4073,5.83374948908075,3389.80223134792,26.7859481381338,15.1652529281716,15.6549395477589,23.3450257327938,25799.6733850899,27196.0049693099,375.019185141055,0
1046,4074,8.52196678259958,4313.32177958949,26.2095679809023,12.8120942843828,13.1563293866923,19.7034882796646,27413.7684568057,36013.3771868177,-1397.33762593777,0
1046,4075,6.57722424024645,7173.60410495757,27.0164481315021,9.2236939219533,9.39113280856621,14.1627518376781,30681.1758083197,25929.330577409,474.330358964935,0
1046,4076,8.58118591887257,4732.17617703781,24.9382801933322,11.9438345516494,12.2319115761523,18.359151462439,36604.8901097006,24315.762115971,-1458.06026536082,0
1047,4077,5.87055008602485,3906.55421734792,26.7859481381338,13.7545080742762,14.1575829429518,21.1620481100466,25807.0157579074,27199.3242282952,396.134217205898,0
1047,4078,5.99791073835021,9013.08629740208,26.9759462746763,7.98435540410121,8.09992511588806,12.2516444659183,30609.0516867739,25814.3039194081,66.0855947138419,0
1047,4079,8.50530983840006,4268.19050558949,26.2095679809023,12.9031421835647,13.2525118011847,19.8442503680079,27410.9128610342,35995.0113932189,-1389.47065778443,0
1047,4080,8.84793240701418,4847.59241703781,24.9382801933322,11.7550547454357,12.0332655270411,18.0675071164876,36586.0095113196,24337.241454915,-1458.60329138731,0
1048,4081,5.72196801669102,3307.68930334792,26.7859481381338,15.4259566078092,15.9322251757883,23.748595285865,25807.3415640315,27192.948767149,420.046988561056,0
1048,4082,8.43716555708177,4104.42719558949,26.2095679809023,13.2485206994961,13.6175938448214,20.3782752923596,27404.2498098776,35994.5102631323,-1405.55037652612,0
1048,4083,6.32183149084964,6004.04835940207,26.9759462746763,10.3425559448825,10.5617915138703,15.8894429486102,30555.3070618591,25814.074137864,77.9041610245364,0
1048,4084,8.43413728548929,4560.48350703781,24.9382801933322,12.2402870197276,12.5440892212892,18.8172017985706,36567.5599585329,24331.4941971683,-1515.5542140085,0
1048,4085,10.9158149417444,4338.71670775956,24.3962676407751,12.6073589548312,12.9270086015744,19.3833662873052,35006.6151209556,33280.7784642852,-967.66328021107,0
1049,4086,7.09292374679086,6799.39688286198,25.5322659033978,9.47026721588512,9.6417191877123,14.5412308608123,35563.9107076795,24809.7982884182,519.91773440197,0
1049,4087,5.01763809175411,6353.63182431153,27.0233231503127,9.9723701695722,10.1741165558568,15.318055337159,30526.7318037735,25872.1894481908,-17.087823145194,0
1049,4088,6.982289541405,7118.53162518225,24.7625691051081,9.15984134304827,9.31414865418595,14.0613938971557,36789.2662316892,24789.7770692653,637.416417199764,0
1049,4089,10.5759984583255,4786.90253250914,24.242516100077,11.7997204510153,12.0755381820643,18.1352058463401,34990.4458342965,33272.5559008482,-1027.70417015131,0
1049,4090,5.63634760086973,2839.2480995898,26.8653139827411,17.1840265404706,17.8072551985333,26.4715050451237,26536.9114563193,26646.8698727121,551.36488767074,0
1050,4091,5.48139917422689,6618.06702813679,27.3182804258014,9.72859059142952,9.92035056018088,14.9422003078628,30167.0601032984,26831.4018607141,-112.742363228575,0
1050,4092,5.74133084223606,1884.97668779359,26.9523675324504,23.1768261874295,24.2447624967902,35.7659640314167,26701.7127276081,26755.7433037201,324.798201714587,0
1050,4093,7.24196163483907,7416.44581285273,27.0360346079252,9.03088855739343,9.18994435698552,13.8653526442176,30336.5627659303,25893.2403883048,318.293892502444,0
1050,4094,10.9074796970045,4480.59006217264,24.2175957042664,12.3253093606606,12.628487856976,18.9471537418232,34985.6108465616,33293.4411750665,-1001.62803496072,0
1051,4095,5.44982220695774,6633.35307213679,27.3182804258014,9.71413243836967,9.90522052488599,14.9198869610503,30164.6959157626,26829.4943189328,-115.656062600013,0
1051,4096,8.36846738805763,6499.98629845072,24.8788577672208,9.71169539471759,9.89062549610518,14.9127943082276,36567.1838831932,24343.2167366381,-1350.26370325073,0
1051,4097,7.05150216464702,6364.37392285274,27.0360346079252,9.96216868735038,10.1634967248659,15.3023267563411,30322.2828469697,25903.5920048454,314.398637184263,0
1051,4098,8.25264914909882,3893.58378403715,27.5794207515831,13.8599376209738,14.275422449777,21.3268251381404,28044.155059904,30872.325720991,-1301.7536560774,0
1051,4099,5.61188598203011,1936.21294705285,10.7275797732977,18.82614709875,19.298128019718,28.9430585549644,42395.8161981414,30386.5525834331,474.687379206443,0
1051,4100,3.75410144922971,4821.97722706631,22.8335927545801,11.6336258779078,11.8912141305057,17.8759703235967,35827.2277349569,33866.2472626521,-284.966100295714,0
1052,4101,7.06114896916359,3830.33748620938,26.7569720634036,13.9381237177689,14.3519346247467,21.4460261674267,25233.7866168954,27655.2217385303,1046.96656631392,0
1052,4102,5.58834758545501,6400.29787306981,27.3081137019142,9.94056912575249,10.1422218579898,15.2693593165378,30260.1000319811,26822.3904968783,41.2878342510269,0
1052,4103,8.2063355530553,6187.56951445072,24.8788577672208,10.0233758402834,10.2164191230612,15.393710772483,36567.861565472,24355.6492162645,-1397.31597091529,0
1052,4104,7.37375170938065,5524.65918325438,25.5450228960981,10.8289699326677,11.0640803383815,16.6382662817169,35549.1348847376,24825.0358913003,491.452406811065,0
1052,4105,10.8691834095938,3625.40046605016,26.0359230479916,14.4001814490198,14.8359930462269,22.1592576227024,22411.184323257,28942.9145796601,-1013.13000642099,0
1052,4106,5.74602519569174,2093.17251290359,10.4957940431703,17.8160650694071,18.2292336441536,27.380930001263,42384.3032240509,30482.689521699,484.271550004673,0
1053,4107,6.46426348903718,4270.87134751153,26.7041650244842,12.9397862680106,13.2948008340523,19.9018894442063,25159.5707284089,27543.7472868792,878.094441136067,0
1053,4108,6.08746763027845,4728.02167743747,27.0484674768778,12.1121650818962,12.4233006662649,18.6231380226062,30557.1953292009,25823.2280102923,-18.7640789558825,0
1053,4109,8.52010208999893,3780.83254645072,24.8788577672208,13.8777419026103,14.2727583015595,21.3484341001419,36600.9375446,24320.269395511,-1378.71684266028,0
1053,4110,9.69329343053428,3194.39587495671,26.043447710642,15.7179198558196,16.2360677019203,24.1987117779341,22410.9920439167,28945.3913609589,-1030.80000083359,0
1054,4111,6.51075597248216,4357.45555351153,26.7041650244842,12.765854633904,13.1109997361336,19.6329705844866,25148.2849738886,27555.49636077,803.739619958959,0
1054,4112,6.17126520059779,6031.58643543747,27.0484674768778,10.3159818060204,10.5343067815253,15.8485206855444,30547.6924214959,25811.9938268214,-25.3650601371535,0
1054,4113,8.76331536741115,3026.11165645072,24.8788577672208,16.1757117252158,16.7118936504548,24.9043212535557,36589.4231005699,24340.6722248305,-1349.61970562396,0
1054,4114,9.8257003462974,3315.36249005016,26.0359230479916,15.3161597904258,15.8086806653387,23.5767666403968,22372.3178525527,28915.7223306876,-1049.66042696225,0
1054,4115,5.41760651744861,2771.98800729549,26.3056749866133,17.4019220004016,18.0342052121808,26.8074841482854,29706.2078609402,23502.1825399663,-16.1989906072916,0
1054,4116,7.19397103702939,1945.15550305285,10.7275797732977,18.7684946379066,19.237374170053,28.8539675851512,42486.1118981201,30583.5303279355,246.465580272801,0
1055,4117,9.40290559994966,4444.52018066139,27.2243543765114,12.639122742351,12.9807183502287,19.4380320691883,27598.4840640381,33149.6679846911,-1206.62107174608,0
1055,4118,6.95454150270468,6624.81269343747,27.0484674768778,9.70828605726287,9.89781438141378,14.9105080186083,30417.5112467413,25874.9235691003,176.378583725038,0
1055,4119,5.75252031686378,3497.17203129549,26.3056749866133,14.7900519962957,15.252069120643,22.7631660625657,29735.6443578596,23501.3670709493,-53.7629510546644,0
1055,4120,8.51703970120014,2645.56845445072,24.8788577672208,17.7789721059967,18.4212993924698,27.3873189563013,36603.5226596436,24357.0209603022,-1398.95921386051,0
1056,4121,6.44381212005732,7304.13633803972,27.2998336956246,9.13130065722076,9.29590513616952,14.0205640707749,29847.698064669,26744.3160779532,600.303625578183,0
1056,4122,9.18196190881666,4682.26882466139,27.2243543765114,12.204540957323,12.5218919328594,18.7662309259902,27608.6632834979,33141.7720586233,-1175.61493873554,0
1056,4123,5.67671922104823,3817.49614929549,26.3056749866133,13.9266483653465,14.3361923467202,21.4272877027533,29708.3459011651,23500.4979372991,-67.1097170727766,0
1056,4124,8.70939289153888,3159.19274845072,24.8788577672208,15.6986428422929,16.2044041615271,24.1657970080893,36577.3314082194,24317.9281177627,-1379.56656473464,0
1056,4125,6.04421029831077,2442.58921354937,26.2590578770081,19.0431997862741,19.7898006045693,29.3509239310095,23748.7801707115,26092.1175843611,394.34027435387,0
1056,4126,6.66137275315698,7319.28912685274,27.0360346079252,9.10705473279979,9.26943877404754,13.9828423791624,30360.2467300054,25880.355478269,225.41619900409,0
1057,4127,6.32573654545583,6479.19656003972,27.2998336956246,9.86169668316128,10.0595902006486,15.1476092009301,29820.9635826714,26724.6815064376,625.00234767685,0
1057,4128,5.74282708298684,3651.57835858047,25.1220854490053,14.2353608388828,14.6535133873197,21.9021376444762,35338.9964804538,22131.2537541022,9.77213280904117,0
1057,4129,5.53823325696954,3872.51709729549,26.3056749866133,13.791355852569,14.1928640795118,21.2180111564751,29739.3565620458,23498.5497638203,-66.9054174091605,0
1057,4130,8.68227369748565,4217.07950245072,24.8788577672208,12.8919200066427,13.2308069941664,19.8241847210055,36589.8849845075,24336.0416740391,-1400.5091543678,0
1057,4131,6.17572091170894,2387.87662954937,26.2590578770081,19.3573079000199,20.1265030528186,29.8378865154408,23758.3519905072,26071.2717563238,407.131226138985,0
1057,4132,8.89948009137496,3906.24879266139,27.2243543765114,13.7961750180922,14.2051129358735,21.227433978546,27572.4232140379,33165.5004560584,-1145.10587182785,0
1057,4133,6.07515303155077,2657.81685719296,26.9620099857595,18.0258854042331,18.708318165379,27.7762640665843,27605.3807622215,25984.1440418485,127.348808731295,0
1058,4134,6.11921748243356,5902.44575003972,27.2998336956246,10.477153363641,10.704680595265,16.0977298638787,29786.5432406056,26712.9834909709,590.092384536553,0
1058,4135,5.74680771149232,3403.29721929549,26.3056749866133,15.0707942791743,15.550303912013,23.1976553187638,29717.1034085728,23485.9359382968,-58.0306756363852,0
1058,4136,5.89937380568007,3491.65513919296,26.9620099857595,14.8760640493319,15.34906435639,22.8978312789898,27604.4310479784,25982.9409768651,71.6074939306872,0
1058,4137,8.92484286909179,4896.53707640643,26.6530114485334,11.8038464286084,12.0957808884485,18.1459685756457,27064.5536213138,34839.1501051623,-1314.0216536626,0
1058,4138,10.0928555043508,6526.97022565193,26.2654919598774,9.7604586599799,9.94857813718758,14.9899662103542,23685.5844619876,34921.7041895104,-1085.28422505456,0
1058,4139,8.83876557834933,3680.32790845072,24.8788577672208,14.1343936731014,14.5444799313762,21.7453868769207,36596.3483519544,24340.2800771072,-1413.16400205508,0
1058,4140,5.2808914205197,6297.06772202851,26.4645984327256,9.99955458947537,10.1997692413435,15.3592364505825,24773.3895629983,34949.6669325669,737.732077059066,0
1058,4141,6.17848865135079,2353.78038154937,26.2590578770081,19.5598801886832,20.3437474885488,30.1519628515626,23710.0510346707,26081.2505045033,370.052844820119,0
1058,4142,5.30141091613512,2833.45984118494,25.923934265175,17.0815902806866,17.6881595966813,26.3101392531377,32724.4670655857,22717.9196751931,-717.174030405721,0
1058,4143,5.30139742124082,2622.0747181148,25.6531744044462,18.0080500276922,18.6748417113085,27.7446578366645,32724.4613133842,22717.9248530297,-717.18183766685,0
1059,4144,5.77440393525037,3728.73136929549,26.3056749866133,14.1524793474839,14.5755509852859,21.776644586877,29721.9007387654,23497.4450082957,-56.9096622698606,0
1059,4145,8.68515415354277,4231.06814460399,26.6537554736982,13.0175564300361,13.3766492151051,20.022038984959,27082.800078644,34807.1484503431,-1304.71140061326,0
1059,4146,8.69183686484901,3664.77755245072,24.8788577672208,14.1752328129853,14.5877339271402,21.8085557339949,36600.3675402237,24345.7809088954,-1440.00132179996,0
1059,4147,6.14655681319283,4016.28538499935,27.3016716155275,13.5440143084069,13.9385190696336,20.8375304023275,29760.8886799922,26695.1255132933,528.755088597624,0
1059,4148,5.68369466415466,3122.21496732407,26.3299113828993,16.0053828281393,16.5448053809659,24.6445284145948,27533.4141347748,23765.7680167578,20.7382735046777,0
1060,4149,8.64789331440344,4423.45737174744,26.7233042503647,12.638927986873,12.977061977971,19.4367795824426,27071.7901329061,34817.2423916302,-1340.25179027255,0
1060,4150,5.93506238934173,3963.45921383674,26.4315791777714,13.5868281061441,13.9772590878241,20.9019333823311,27599.8375602654,23760.4174359988,-45.9692299298313,0
1060,4151,8.57831570088457,3932.84140671099,24.8547774982978,13.5097233414313,13.883261561293,20.77927042121,36568.9328753312,24305.651231226,-1381.19328681865,0
1061,4152,8.75727934991751,5395.20043974744,26.7233042503647,11.0756436462521,11.3299867936814,17.021102963232,27065.4169516978,34846.8457868005,-1260.62692317169,0
1061,4153,6.78773828886893,4487.39222064782,25.0290333759918,12.3800586909527,12.6920197275051,19.0333690128188,36302.5366576344,25594.3240369397,892.361896654744,0
1061,4154,5.40930514719054,1105.44534517208,26.4476129328282,34.8427032958741,36.9017079940895,53.8944431077234,27728.2401019761,23808.8347158904,-69.2548660754821,0
1062,4155,8.72965115808551,4796.18981223908,26.7204990745586,11.9725901050483,12.274017799589,18.4068447362199,27049.4027576414,34844.632711935,-1254.26656453039,0
1062,4156,6.72985943883073,4486.00458264782,25.0290333759918,12.3826100977792,12.6947089875793,19.037311893948,36312.2602061956,25593.9266104148,886.275273215591,0
1062,4157,5.7367186546144,3025.68859473978,26.4925440685479,16.3820209275229,16.9476987890399,25.2281978300476,34029.3747197885,27356.9709249498,-84.256810514623,0
1063,4158,6.63770055417604,5404.57688664782,25.0290333759918,10.951234597124,11.1893087764231,16.8262063379056,36321.2158762461,25605.5133423178,872.607080422388,0
1063,4159,8.80929520657356,4799.14129623908,26.7204990745586,11.9676844937316,12.2688473415513,18.3992637816649,27048.7842446841,34841.5882076321,-1259.02755313078,0
1063,4160,5.76206939555002,4640.96530473978,26.4925440685479,12.2207540050045,12.5341624466625,18.7899571463694,34051.8902504349,27361.5420954821,-64.5894205034889,0
1063,4161,5.60109381761625,1020.75145442015,26.4932723338512,37.1671302565135,39.4401601357189,57.5112759286849,27700.6152894724,23816.9070472191,-146.171268186276,0
1064,4162,5.95192569004815,6259.93649682267,25.8779917445821,10.0051355355144,10.2026005644576,15.3670175957035,35010.8545156503,27191.1543553624,200.616866024978,0
1064,4163,8.7413076718072,3922.76233974744,26.7233042503647,13.7098706789711,14.1098112018075,21.0928678618513,27064.0119591484,34844.5147744102,-1298.48824616508,0
1064,4164,5.42122468095216,785.998346420147,26.4932723338512,46.0593363232575,49.1749240377536,71.3546383700829,27645.5207901348,23817.8440808534,-127.02120820726,0
1065,4165,5.81630096322284,6175.04829282267,25.8779917445821,10.0936740438215,10.2952737848013,15.5036651116008,35055.4102788973,27205.930155454,218.302953045516,0
1065,4166,8.7843365812218,3872.81584023908,26.7204990745586,13.8300092613047,14.2370702711698,21.2786994315628,27066.3860892818,34832.4223809299,-1281.41962524654,0
1065,4167,5.49916982127337,3308.24942645965,25.8145780257969,15.313692845762,15.804036192674,23.5723912482719,34019.0749425877,23230.9277306741,-145.192960799258,0
1065,4168,5.35305336727736,748.069574420147,26.4932723338512,48.0039566571376,51.3083881171947,74.3833674528557,27658.8387781495,23841.7712579191,-193.98493321775,0
1066,4169,6.09905615048092,5696.00481882267,25.8779917445821,10.6363736986362,10.8639469142844,16.3414229871239,35023.1466488119,27185.1266904003,204.041454443274,0
1066,4170,8.75231952000067,3927.35221623908,26.7204990745586,13.6986830413873,14.0979388919525,21.0755567585911,27061.2038106951,34850.0602196822,-1264.23621204041,0
1066,4171,5.55534101963202,852.076346420146,26.4932723338512,43.0753859996324,45.9040720615788,66.7080099800912,27689.3566251312,23821.8466771792,-149.470839555174,0
1067,4172,6.02462295252807,5912.07987882267,25.8779917445821,10.3820316612602,10.597298641573,15.9487621715016,35027.5457045419,27199.9290240004,204.112487374917,0
1067,4173,8.73495045919592,4257.25764423908,26.7204990745586,12.9690995937344,13.3259038568209,19.9472461272192,27041.6193130041,34833.1129068449,-1253.26975866801,0
1067,4174,5.84297920438721,862.935164420147,26.4932723338512,42.6276229997277,45.4135858975705,66.0108470162965,27681.1951575191,23812.2620665279,-135.724751047261,0
1068,4175,6.05453653309029,6042.18746082267,25.8779917445821,10.2366117780453,10.444948093057,15.724287497563,35046.0705047236,27210.4505801441,203.516131711181,0
1068,4176,6.05440787482174,2788.03648535161,24.8759014111936,17.1315369634544,17.7302655236986,26.3844220497844,31195.1186734984,18034.7489274692,222.788864315945,0
1068,4177,8.85393173776469,4260.72928374744,26.7233042503647,12.9622009840899,13.31863149196,19.9365849436692,27061.2737682227,34820.0838885057,-1342.21108960979,0
1068,4178,6.67839640614499,2078.8384512263,24.7808549748817,21.129531458117,22.0095679278995,32.5807870469246,23345.8867843183,20637.194736264,749.5384246746,0
1068,4179,5.51120924622705,1044.05496242015,26.4932723338512,36.496531205376,38.7077287015089,56.4677886679646,27681.5361201102,23841.7766194551,-195.509086427054,0
1069,4180,5.84451509021564,6191.58981882267,25.8779917445821,10.0762545314537,10.2770384782133,15.4767797575246,35048.7897466567,27203.2554740079,205.118156042196,0
1069,4181,5.76860014726524,2876.77923935161,24.8759014111936,16.7582443100252,17.3322812859758,25.8063034115702,31180.845102234,18047.1930879137,216.719769090735,0
1069,4182,7.13131487722708,2736.02904429775,25.0236793859188,17.3818014262658,17.9988935791371,26.7725054047898,23300.0921907974,21325.8249401385,1164.85411778828,0
1069,4183,5.5036099626616,945.378482420146,26.4932723338512,39.5545819133508,42.0499221991153,61.2269098904263,27680.8245748167,23830.9643299185,-177.707495062117,0
1069,4184,5.45005009579868,5745.25639061977,26.3770687643848,10.6075581491817,10.8365082416796,16.2977023508324,34564.4031102857,27731.2599298027,1141.92008438965,0
1070,4185,5.9680307473549,3145.64640030561,25.0128536513561,15.7619724063711,16.2730523460633,24.2641867112698,31186.6848894186,18053.9232162042,229.310341292661,0
1070,4186,5.67717405105679,6084.80917342298,25.8738253880598,10.1899208643522,10.3960262152162,15.6522123308883,35049.2490272029,27213.4341148785,194.36886222541,0
1070,4187,6.90275432819947,2410.36455106514,25.1785050026156,19.0493519726075,19.7834387141746,29.3568905998451,23297.2637181441,21377.8878745296,1116.67108702667,0
1070,4188,5.80733431462227,2740.01541014854,27.5847554248204,17.7242993515404,18.3922028355947,27.3106897389313,30315.5723319382,26387.0351168582,-36.7673038351464,0
1070,4189,5.54341860500934,5408.4802030083,26.4724644768393,11.0413980677203,11.2925402128872,16.9678074657778,34550.1628528973,27733.3460010192,1157.61730478129,0
1071,4190,6.82354803697601,5124.49576940469,23.7498318124167,11.2478187106134,11.4924929388909,17.2819400457124,37095.3229540761,16527.2971733844,784.73474967743,0
1071,4191,5.90642910954386,3106.55025030561,25.0128536513561,15.8995950421071,16.4194292532231,24.4772269180226,31182.8395119137,18010.2168512545,192.672805821337,0
1071,4192,5.82329602967182,5742.85552342298,25.8738253880598,10.5795418793881,10.8043218067184,16.2536723595428,35028.3308894544,27209.5139388693,201.345907919726,0
1071,4193,7.51494605629038,2820.77500906514,25.1785050026156,17.0332831165585,17.6287360569166,26.2331440727067,23299.7024193637,21349.328367394,1155.70990922943,0
1071,4194,6.98881493907156,5437.167346843,26.3987116021702,10.9983276791652,11.2468613437595,16.9011694904083,34626.024004697,26872.3220340786,1230.67415873075,0
1072,4195,5.50594400430583,5860.54044142298,25.8738253880598,10.4409500899483,10.6590241393992,16.0397101784636,35059.1187859538,27178.8200118246,124.582542812135,0
1072,4196,5.98058392987947,3119.12709630561,25.0128536513561,15.8549813330004,16.3719725283951,24.4081633726057,31181.1376490274,18044.2505952097,197.553987178436,0
1072,4197,7.42581818159147,2397.69960106514,25.1785050026156,19.1216188444741,19.8608308287396,29.4689058267406,23288.9848605997,21352.7503387973,1173.02161275002,0
1072,4198,5.426748517939,1066.38829898033,26.6759360189926,35.9553671199817,38.1207683488158,55.6268576857332,27674.9830048339,23815.951050298,-174.262895000331,0
1073,4199,5.44581009353392,6019.61221342298,25.8738253880598,10.2612045830326,10.4706851836232,15.7622420484596,35052.2908590423,27188.0915118067,153.480697070949,0
1073,4200,7.26462712647205,2503.49047906514,25.1785050026156,18.5387158326146,19.2368846030861,28.5654757904243,23305.2042600742,21353.5638250376,1133.7755385817,0
1073,4201,5.81375996713112,2324.31888630561,25.0128536513561,19.5260474622917,20.2920399464788,30.0952550867278,31179.3247951776,18042.0651181477,197.537609574125,0
1073,4202,5.71000084006196,1667.74215098033,26.6759360189926,25.3507597085849,26.5897041531638,39.1403298501218,27676.9456851051,23822.8994201469,-152.607978307438,0
1073,4203,6.89462597897801,6312.83291306294,26.0845352613893,9.96245941070404,10.1590021695395,15.3014486610259,34831.6125113459,28102.037098853,216.117377063909,0
1074,4204,6.17235875019235,5110.02651742298,25.8738253880598,11.4202026558224,11.6871073611682,17.5519064709096,35030.9700557603,27200.1025697531,196.878639755485,0
1074,4205,7.15112259770532,2416.28954506514,25.1785050026156,19.0157836752812,19.7474932230259,29.3048599797687,23325.3908485287,21355.2544077434,1173.17046817115,0
1074,4206,6.72118492848828,5956.69785373917,26.0632343154368,10.3424823932064,10.5568589603764,15.8879875727073,34441.1934000654,29155.797012116,306.492957382758,0
1074,4207,5.5455142008318,1476.33621098033,26.6759360189926,27.8291350141015,29.2748342738306,42.990559032005,27673.0002188122,23834.2139166574,-235.044632769575,0
1075,4208,6.41108309995874,7163.51308835344,26.1407770198041,9.19022507036164,9.3522427043364,14.1100290889154,34387.5929821183,28794.6864964786,539.220253948109,0
1075,4209,6.22555322449649,6441.75488535975,25.9742637635515,9.8276056979577,10.0173544693477,15.0931823104273,35005.0586768917,27231.1668529742,255.402934819185,0
1075,4210,7.33694813348381,2506.46398906514,25.1785050026156,18.5229876743097,19.2200585019352,28.5411016585385,23301.1090497234,21354.7547790305,1151.14354267962,0
1075,4211,5.29588096158542,1345.52379698033,26.6759360189926,29.9062839558133,31.5304343226356,46.2189437108616,27668.5066918971,23848.491949489,-170.702178346832,0
1076,4212,6.38524802518211,7115.89287635344,26.1407770198041,9.2293390237883,9.39306376715543,14.1703635482745,34392.1038075961,28793.638937795,540.66258009626,0
1076,4213,6.16957949887987,5874.19656142298,25.8738253880598,10.4251841575598,10.6424997506621,16.0153714596545,35021.2289127762,27207.1569684057,234.196207918679,0
1076,4214,7.33570790974525,2250.08134906514,25.1785050026156,20.0191798827513,20.8228874464501,30.8603781968325,23316.813150907,21367.1684419934,1116.11127307809,0
1076,4215,5.58539346950043,949.011744980334,26.6759360189926,39.5166276809537,42.012575882879,61.1690016468171,27674.9801596749,23833.5313746008,-133.497100721175,0
1077,4216,5.86350844668512,5543.34401542298,25.8738253880598,10.826276780703,11.0631649932955,16.6346356395703,35046.4236520281,27231.0750830418,206.20149458004,0
1077,4217,7.32400555474134,3164.46871306514,25.1785050026156,15.7169684992889,16.226804233859,24.1949663369059,23289.6386949347,21342.4214737669,1174.76325614309,0
1077,4218,6.51740415416509,6547.22560835344,26.1407770198041,9.73442378956842,9.92073438558973,14.9496207335481,34410.5021337645,28818.3438731995,516.513685274998,0
1077,4219,5.4384726170939,998.438088980334,26.6759360189926,37.9183214112558,40.2649902372575,58.6813972310423,27674.1425553947,23848.0707224907,-151.843017854354,0
1078,4220,5.9123347798323,5302.07121142298,25.8738253880598,11.1464037989136,11.3993203544091,17.1290048929529,35054.0207348946,27209.8847959946,198.96198198277,0
1078,4221,7.45006161570173,2756.26085506514,25.1785050026156,17.3136002504678,17.9278054792439,26.6673295561429,23313.4744612163,21353.1684967117,1157.18552964642,0
1078,4222,5.56080767770423,1047.08582594934,26.6939548500071,36.4954866755657,38.710910791535,56.4673720619087,27695.8619785482,23826.6509138331,-127.171519779108,0
1079,4223,5.95944633650552,5621.93278342298,25.8738253880598,10.7272471237705,10.9592496115572,16.4817249038967,35045.044758236,27212.1545141192,230.001127040553,0
1079,4224,7.3852339886326,2698.81704706514,25.1785050026156,17.5735013139223,18.2052492467215,27.0699355495477,23298.34725885,21352.5532814381,1113.42065159548,0
1079,4225,5.31189525298284,1020.57421898033,26.6759360189926,37.2511214977565,39.53591133031,57.6430943897132,27671.7524857281,23809.2132479531,-162.638791832689,0
1079,4226,5.83837872933069,1192.43161304295,26.5864655055348,32.8549440216641,34.7375482047893,50.8033494664923,32059.3637839557,32022.593822571,69.5783063298655,0
1080,4227,6.34633682827157,5015.95136943205,25.9380290526398,11.5656753536358,11.8405208571457,17.7767394590845,34922.5890751904,27160.7425615993,151.014797731022,0
1080,4228,7.44158677575532,2752.54792656607,25.340913245525,17.353170119026,17.9718084458715,26.7291116170516,23297.6770065405,21374.3522967652,1150.25323123456,0
1080,4229,5.95527096513048,2804.71613528254,26.4995210135885,17.284154750178,17.9104388759297,26.6255910436391,32074.1384263208,32009.3353471493,99.5214851114416,0
1080,4230,5.54536485467291,1201.54798161828,26.9642155603197,32.7923295459441,34.6767682846042,50.7080408293235,27708.2533718377,23817.7043899279,-191.697848107459,0
1081,4231,5.70734258847352,4152.12051306145,27.0226458341215,13.2166916714806,13.5899410963862,20.3307128018486,29430.4949767347,23830.9044737916,46.7750257432084,0
1081,4232,7.31308621685129,2397.77514456607,25.340913245525,19.1481620068501,19.8912503741028,29.5105978530576,23308.4461381433,21352.116861833,1153.29927319916,0
1081,4233,5.96678518550857,4781.74891143205,25.9380290526398,11.9378758179262,12.2323365558637,18.3517934168546,34894.3776304539,27163.0071216243,161.845374075996,0
1081,4234,5.70397977616591,5083.48204328254,26.4995210135885,11.5034789301568,11.7785800991145,17.6816204843276,32040.5319660719,31984.3658192235,82.3655715429863,0
1081,4235,5.8317808716702,3491.96564361828,26.9642155603197,14.8753822880988,15.3483586550392,22.8967812616229,27677.7547309513,23837.4693142755,-150.401094897335,0
1082,4236,5.78413660761287,4124.78624706145,27.0226458341215,13.2760515355491,13.6527529174426,20.4225130928404,29425.143851926,23818.2493278368,69.2223273050229,0
1082,4237,7.38792465314914,2687.39501856607,25.340913245525,17.6500973678204,18.2888521372223,27.1890945125612,23291.9613450075,21332.2687984099,1171.04847787047,0
1082,4238,5.81602742014348,3066.78252543205,25.9380290526398,16.1587992315872,16.7044264300716,24.8810384466335,34920.3622775739,27146.4152316355,206.583332266814,0
1082,4239,5.46730984294057,3520.68754761828,26.9642155603197,14.7913263927987,15.2590461726287,22.7666873322404,27670.5792291119,23826.7051069613,-199.553499527972,0
1082,4240,6.58747644580313,2655.51689098429,25.8936081258281,17.8815886130275,18.5423325566672,27.5494450364866,22707.3318657608,25433.2661954762,818.467998128509,0
1082,4241,6.08738425057432,4779.61134728254,26.4995210135885,11.9836999581259,12.2842942728645,18.4236181209746,32021.9458288521,31988.6734814943,59.863151175241,0
1082,4242,11.9765099229021,5340.50303605085,27.2316042960962,11.1835822514944,11.4464192089065,17.1886441893347,29881.1259747657,31817.7578278904,-837.5040059568,0
1083,4243,5.72885559601056,4067.71688106145,27.0226458341215,13.4022914879308,13.7863685516985,20.6177531752692,29432.4775573955,23825.1357241367,25.4510994794094,0
1083,4244,6.3645432914041,2555.76113698429,25.8936081258281,18.3771964324625,19.0723881674462,28.3174535755994,22713.2759717779,25423.3588560853,849.213522295029,0
1083,4245,5.78012779154218,2053.14600543205,25.9380290526398,21.5515213917112,22.4792557721808,33.239788610507,34930.0395079422,27171.0933269835,182.511400006872,0
1083,4246,7.43788889828708,2589.42337056607,25.340913245525,18.1223231602789,18.7934634397733,27.9207485963405,23294.4700639995,21350.1688148441,1150.25155406567,0
1083,4247,5.99209876130414,4689.17259128254,26.4995210135885,12.1372650746233,12.4461701463633,18.6609375812499,32002.6000245535,31984.8190207076,39.7201014764164,0
1083,4248,5.73258938634181,3381.39512361828,26.9642155603197,15.2110325875909,15.7051832986051,23.4163202495466,27682.4850119411,23837.8801289181,-158.682476434633,0
1084,4249,5.83803163067929,3356.98191306145,27.0226458341215,15.29431459533,15.794278566913,23.5453830402908,29431.8992116432,23815.8191130183,42.2288879340904,0
1084,4250,6.01821700188073,2117.06545743205,25.9380290526398,21.0714982887139,21.9629788977894,32.4951268470558,34917.028016093,27152.6932467343,147.243451851035,0
1084,4251,7.18431931945414,3052.43191656607,25.340913245525,16.1368897431967,16.6752101319994,24.8454938792454,23310.6664569934,21334.5735983511,1111.87636940182,0
1084,4252,5.96900274153416,4329.88447928254,26.4995210135885,12.803446278515,13.1492662268445,19.6906896891313,32039.5635070767,32008.4029067317,94.6242777936123,0
1084,4253,5.56052405639286,3332.93792361828,26.9642155603197,15.3644899981012,15.8684181269198,23.6538771001247,27675.414468275,23846.2697725853,-154.261533171533,0
1085,4254,5.80955118454752,3884.59754369109,27.0152952513041,13.8291073623416,14.2384066013113,21.2779358029543,29436.6042849608,23829.9576779217,25.2856116096822,0
1085,4255,6.01304972998431,2353.42646343205,25.9380290526398,19.5081904674356,20.2844045691002,30.0707431837652,34929.9265859302,27176.5494979237,147.344864614419,0
1085,4256,6.22683504398682,4837.69390928254,26.4995210135885,11.8877731965946,12.1832146945354,18.2753835200559,32015.6987205569,31983.159835149,75.2361330390621,0
1085,4257,7.64563647609861,4377.49405056607,25.340913245525,12.6128859776789,12.9397782812968,19.393822958224,23283.3633072722,21372.3787235632,1148.5349853284,0
1085,4258,5.77124223155228,3628.21847961828,26.9642155603197,14.4873578646972,14.9362250221344,22.2962760274293,27701.6970340518,23820.5851507912,-173.883908225369,0
1085,4259,11.4944043921192,5271.36342205085,27.2316042960962,11.2801940209566,11.54804478306,17.3378892052492,29886.4439219309,31776.9941737649,-904.562294883907,0
1086,4260,5.66709975301574,3421.0163216911,27.0152952513041,15.0940334619426,15.5812125966148,23.2353349616979,29418.2726037024,23820.1738922837,45.3688042531857,0
1086,4261,5.73673284836935,5025.53163728254,26.4995210135885,11.5910774973445,11.8707721632721,17.8169549703441,32065.2333137067,32013.766407637,81.4034743729201,0
1086,4262,7.31502604213132,3148.61945856607,25.340913245525,15.7917192058799,16.3078827351451,24.3111138428447,23282.0072532516,21328.859890851,1086.73343635965,0
1086,4263,5.51790766325418,3281.61734361828,26.9642155603197,15.5315006299712,16.0461375462256,23.9124334265181,27664.8606315015,23835.0709242491,-148.496832135922,0
1086,4264,10.169876464675,4812.62542044207,27.2231778323983,11.9824972653439,12.2876842715231,18.423044385497,29968.1529033748,32038.4278771924,-1004.11922968613,0
1087,4265,5.75721903870242,6422.44258328254,26.4995210135885,9.87503645081657,10.0696105991343,15.1671073541652,32025.7074721497,31997.7186964184,95.2085396810362,0
1087,4266,7.08060152913752,3187.16495856607,25.340913245525,15.6587219440547,16.1664263334907,24.1052339771201,23300.8073461579,21356.2546713035,1142.74384608549,0
1087,4267,6.14942815991737,2896.79752169109,27.0152952513041,16.961005262998,17.5705894064376,26.1264165896782,29533.1737214827,23890.104455828,589.176822133473,0
1087,4268,5.4235113585057,3696.36410378222,26.9796020374686,14.3045528699548,14.7423264670732,22.0134404690199,27687.72677911,23809.4893374287,-171.99269256508,0
1087,4269,5.84861209744292,3657.81607957236,26.6089683396053,14.3707108973741,14.8094996609332,22.1149737082715,32893.8069786955,30068.5067511783,240.811821762687,0
1088,4270,5.94411928236313,4331.86905812316,26.6800465934867,12.8145915007457,13.1623221736572,19.7082739528791,32924.7537553615,30074.6253802582,226.651619869316,0
1088,4271,5.67291881427795,3831.74892805973,27.1199197731722,13.9692740726294,14.3878063714229,21.4950019797318,26630.3887571757,24993.6918724513,-83.3503836517731,0
1088,4272,6.5201263038688,6170.96716037784,27.3484069010982,10.1807494497778,10.3940761312083,15.6401718540532,28673.8518634052,32018.7211034338,485.409569931544,0
1088,4273,5.88674543472585,5857.89417728254,26.4995210135885,10.481566823407,10.7050243530279,16.1033600881029,32021.3621605875,32001.5609293102,149.708639997598,0
1088,4274,5.64158818515815,3708.48122361828,26.9642155603197,14.2708881903234,14.7064812942989,21.9613166368825,27656.8133810724,23822.1656976963,-106.830398953777,0
1088,4275,3.86052238066649,6934.34196188466,26.7878769531901,9.41478987142533,9.58971464235665,14.4572863116423,30658.1575502503,32340.9328849778,-383.708915145889,0
1089,4276,6.03583497467608,9664.51102037784,27.3484069010982,7.65782894850298,7.76216001648368,11.7487986891465,28691.3978754752,32079.7454804699,378.766435408491,0
1089,4277,5.37457317484783,1457.68833561828,26.9642155603197,28.1861181894396,29.6671464348579,43.5466872861051,27671.5762769905,23832.4936001977,-196.418158806489,0
1089,4278,4.25424803841147,5307.38623815248,26.7372862109687,11.1968348452702,11.4574661380812,17.2083179209818,30718.1388454497,32629.4916499052,-18.5743439452217,0
1090,4279,5.9638576742937,8065.28496692434,27.3330596337078,8.57570509056475,8.71655861574171,13.1636780410046,28669.1536295428,32066.4863918766,371.047986676062,0
1090,4280,5.75009582744517,854.690351060714,27.0991048279144,43.2850358832245,46.1483066865448,67.0385316987123,27687.3394523053,23849.4004288257,-144.653821247533,0
1091,4281,5.91787094118809,7476.40273380829,27.2887436431956,8.99614136926868,9.15477109502921,13.8120558588823,28686.2405701453,32093.4579658104,375.833430405387,0
1091,4282,5.40660994580537,1342.74245906071,27.0991048279144,30.0876573806659,31.7353073587692,46.5030449343763,27657.3867828184,23835.7720460375,-170.049227726637,0
1092,4283,5.97368586186847,6194.07103980829,27.2887436431956,10.1527591508265,10.3644353206934,15.5968777187513,28681.6392099639,32082.1601433614,372.053126738932,0
1092,4284,5.94509446570092,5010.99532445941,23.8065486835029,11.4178789022752,11.6713694197531,17.544645946156,35566.7933028062,14214.5446425584,490.065330983898,0
1092,4285,5.56620172576206,1244.02192706071,27.0991048279144,31.949351475341,33.7611336855512,49.3977627863285,27680.644913878,23829.1708620053,-167.141077600738,0
1093,4286,6.04407548656434,5557.32140580829,27.2887436431956,10.8980358961595,11.1465618850345,16.7476744614182,28685.2288537058,32083.6474763493,347.470432494875,0
1093,4287,5.95858485225577,2328.56014106071,27.0991048279144,19.854660861065,20.6702223796837,30.6118557141692,27704.9156299365,23849.3821751322,-135.307065072983,0
1094,4288,5.89255614421086,6320.69851380829,27.2887436431956,10.0203867614622,10.2257306460398,15.3925371374028,28676.3682682687,32087.6318461922,349.249546547979,0
1094,4289,5.66192910000427,795.48826332912,27.1076919513686,45.9512677212965,49.071713832234,71.1906461103579,27696.8548702913,23812.2569094732,-134.214375909976,0
1095,4290,5.93060547566888,5401.75176780829,27.2887436431956,11.1035248428048,11.3625591052196,17.0650693244027,28664.8536468358,32082.0967977378,353.066701357056,0
1095,4291,5.63626301054238,5383.23428876551,24.2642730376505,10.9279324859606,11.1602003284434,16.7889391598765,35344.8013310454,15184.503645158,9.61022856058598,0
1095,4292,5.62237161957262,1105.63256906071,27.0991048279144,35.0938802843565,37.1892531903671,54.2889735378779,27663.8762739937,23808.2250855973,-191.005271572931,0
1095,4293,5.69323195043362,1384.34686218105,27.4658790595792,29.4900528597219,31.092152505933,45.5758295349534,29960.1034448066,26204.5006851143,174.64517397331,0
1096,4294,5.99375081598253,6451.20256380829,27.2887436431956,9.8887434497898,10.0878552883115,15.1893399248759,28688.4981941919,32083.566984035,339.896080024572,0
1096,4295,5.83450701602342,2615.53418418105,27.4658790595792,18.3080204943434,19.0157780096873,28.215044214619,29952.9955312412,26209.8631403626,179.943424709028,0
1096,4296,5.39617028257898,1181.18554932912,27.1076919513686,33.2924338865603,35.2245965108584,51.4866657479486,27694.2577277863,23831.097812803,-182.923052489738,0
1097,4297,5.81886640827255,6638.07114780829,27.2887436431956,9.70816412546732,9.89883456217403,14.9106372352893,28661.5544123302,32071.6155302176,360.710102012976,0
1097,4298,5.62049521916551,1889.02860018105,27.4658790595792,23.2485392565879,24.3294070069338,35.879291793179,29983.1160062599,26227.0251506065,209.866643870625,0
1097,4299,5.7545172940996,1134.57853332912,27.1076919513686,34.3784388997639,36.4088194446205,53.175990363924,27700.8198154097,23816.4484824915,-193.381984218544,0
1098,4300,5.80595594476156,6949.71702180829,27.2887436431956,9.42599421774051,9.60372677405237,14.4752107841656,28692.0262466617,32086.3946923594,365.581931011797,0
1098,4301,5.86244969189659,2239.50631218105,27.4658790595792,20.4922070394163,21.3596772301494,31.6019180510565,29944.6613684245,26188.0710939527,173.744752858033,0
1098,4302,5.58016102880906,1300.93711106071,27.0991048279144,30.843009054151,32.5568852670889,47.6774232524827,27679.1891790098,23834.6388828992,-151.771427031423,0
1099,4303,5.82466420590953,7273.96176780829,27.2887436431956,9.15494377936051,9.32054413577806,14.0570243088012,28681.4777163886,32069.3462398334,370.999323603233,0
1099,4304,5.58669426981988,2213.03106018105,27.4658790595792,20.6718505969686,21.5528484609631,31.8805886626762,29939.9286570151,26199.9043088531,190.664403006174,0
1099,4305,5.5858967773013,851.496581060714,27.0991048279144,43.4194028790927,46.2955530327667,67.2477571925634,27663.4400802015,23829.6827539574,-171.272237987477,0
1100,4306,5.74467524618449,7260.77045074281,27.0515330970056,9.15450831626423,9.31904623669392,14.0560638489111,28669.1123806192,32079.8422339647,375.316795630235,0
1100,4307,5.69935595112755,3514.19551422483,27.1016371351108,14.8246640802803,15.2956283027716,22.8186037304765,29966.2610131089,26235.5485214929,152.442487078294,0
1100,4308,9.41344881910445,1961.21614789916,27.2887559280531,22.5696281007761,23.5944131396792,34.8247555980621,28652.8818058562,30415.8453979877,42.2556405152301,0
1101,4309,5.78551884716742,7810.12194624688,27.0933396501113,8.74166471484799,8.88853563806565,13.4193369420228,28663.5689228775,32070.5229277085,393.948341892069,0
1101,4310,5.78911115170544,3155.72236422483,27.1016371351108,15.978388793253,16.5232978358733,24.6047256401304,29942.9828804703,26215.9830100335,184.103869025541,0
1101,4311,5.60067128781598,1307.53162697429,27.1026690889473,30.7219407631311,32.4252331277983,47.4892013823921,27668.2933888946,23842.5579625792,-148.039408562284,0
1101,4312,5.99178487546078,3473.40055135653,27.2860213130989,14.9646207772707,15.4459432767937,23.0356580318501,27930.484130962,27258.694922769,337.781599897036,0
1101,4313,5.94568922408536,736.158343980127,26.1902137215122,48.465324345319,51.8067997483766,75.0997584540685,23678.1509784655,24446.858863459,389.100057686176,0
1102,4314,5.78432047550265,6468.82562074281,27.0515330970056,9.858756814073,10.055300562614,15.1427366808495,28669.1306532399,32067.3777095421,384.21373467103,0
1102,4315,9.28908400174975,5453.41523266509,27.2767134741382,11.0333645520038,11.2887260772059,16.9566774903478,27772.9139967099,26699.9532248766,-1235.69697773786,0
1102,4316,7.45769953208842,5328.94657757356,27.2645662356998,11.2017415530634,11.4657098652751,17.2167486843607,29016.7897031362,26590.2293227129,853.358129298899,0
1102,4317,5.64342555095613,2943.12015684915,27.1042610978336,16.7830829151903,17.3815211904571,25.8510395336415,27688.5214551529,23841.0268928014,-164.902520087813,0
1102,4318,6.17452333108558,987.668106878932,26.1859838744285,38.0336190542983,40.3800551524267,58.8577663655946,23708.3576095125,24453.291235722,341.715086686057,0
1103,4319,6.01534908660854,4768.31179505749,26.3075097233678,11.9881459137547,12.2877255261379,18.4301425785193,32889.5898628263,30311.7081604295,610.748574334188,0
1103,4320,5.45948798726113,3842.00803483815,27.1809736162888,13.9495143190349,14.3673313726798,21.4645630180567,29743.937818874,26621.9001771907,-406.9521825386,0
1103,4321,8.92773290739437,4552.70601466509,27.2767134741382,12.4404462917248,12.7712347097891,19.130983182312,27768.2863352259,26736.1686885784,-1195.09648962611,0
1103,4322,5.73156823894344,1647.48475884915,27.1042610978336,25.693842529764,26.9677317164978,39.6750679982712,27707.050899671,23846.3962544869,-183.525531287631,0
1103,4323,5.37175883088682,1636.92061078789,26.0711488558573,25.5599852770857,26.8064113092716,39.4626040836433,23408.973214866,25219.836305274,306.130730569843,0
1104,4324,6.11911283562581,4768.11356105749,26.3075097233678,11.9884775807622,12.2880750187989,18.4306551026827,32906.1584606544,30317.2454932586,603.579604378928,0
1104,4325,5.49417351477492,4105.38234805809,27.1897061957568,13.3333497428029,13.7146223843063,20.5114665188021,29743.367894496,26633.2578062155,-420.962042994643,0
1104,4326,5.74976929986667,2220.56802586753,26.1295926339056,20.3832515533007,21.2258958220402,31.4283164055374,23433.8508280268,25214.5808017465,481.593048928916,0
1104,4327,9.17744857693033,3983.9286166651,27.2767134741382,13.6166687932913,14.0152963022348,20.9498625659803,27784.9559720238,26740.0808582937,-1285.91017696294,0
1105,4328,6.23479143822997,4555.60671305749,26.3075097233678,12.3587475034296,12.6784649356637,19.0028923638532,32894.5630343476,30304.8185633773,598.197576797586,0
1105,4329,6.0453710576407,2972.40350986753,26.1295926339056,16.5415408095883,17.1141839622643,25.4742586404454,23440.6790645179,25224.1785145006,461.944292708343,0
1105,4330,5.52243562880424,2746.14845683815,27.1809736162888,17.6401537082934,18.2980097796328,27.179138256888,29752.5127975952,26636.8476534755,-393.792894485124,0
1105,4331,4.95916146172136,4901.08372618034,27.1549554308446,11.8329581713796,12.1296207037176,18.1918276773401,28505.5142368773,30895.752048977,627.546078795722,0
1105,4332,6.35480238519699,1337.31396310456,25.9902564336015,29.8313696358153,31.4363207518696,46.0989604147419,23970.986334828,22108.7777518013,361.394896034078,0
1106,4333,5.94681942015583,5997.94550753906,27.2722297707974,10.3664888162134,10.5884403870053,15.9268217090553,28451.7078117426,30736.8498025709,518.684588489022,0
1106,4334,6.03002228231965,4643.57855705749,26.3075097233678,12.2018071755969,12.5129433690862,18.7603328132543,32892.8220171665,30308.7821460708,596.936864436551,0
1106,4335,5.47641765251243,3574.92927408295,27.153419713784,14.6554309139298,15.1162669431285,22.5568056563574,29791.5185346962,26625.6907650562,-413.238323385143,0
1106,4336,5.82404462028695,2853.74944786753,26.1295926339056,17.0234558312574,17.6282535617365,26.2206775647735,23440.4863437249,25194.8762997478,471.839648234912,0
1106,4337,8.85186940288327,6183.15994009123,25.2285782517257,10.048074417018,10.2441220810992,15.4323417033889,32016.075296368,17060.0162024105,-1110.02727968032,0
1106,4338,6.00494817818438,1908.44814310456,25.9902564336015,22.7597322285742,23.7811339073682,35.1147648348082,23943.7838925529,22058.3237080732,431.882714220536,0
1107,4339,5.89759896659087,6061.16012753906,27.2722297707974,10.2959717258076,10.5144868440902,15.8179486105559,28462.0819651463,30752.7816565897,502.188725351129,0
1107,4340,5.80828375002357,5259.35943905749,26.3075097233678,11.2351669239293,11.4952102628687,17.2668214944955,32898.5394115065,30312.9494233067,622.087015743382,0
1107,4341,5.79732779368967,2285.91916786753,26.1295926339056,19.9572787664741,20.7685448821929,30.7677245842314,23434.9592825418,25211.3642857666,487.476192242024,0
1107,4342,5.99745282857226,2025.86874910456,25.9902564336015,21.7753568462895,22.720848346959,33.5872611191908,23943.9246351951,22044.8442560964,444.66326866275,0
1107,4343,5.51398481331524,1844.72181205809,27.1897061957568,23.6064876293552,24.7119795399608,36.4339182851908,29747.9695227491,26646.5106791265,-380.026969014416,0
1108,4344,6.00297185134022,6242.32397753906,27.2722297707974,10.1008523977027,10.3099546058944,15.5167252080442,28451.0442914233,30743.8190637993,528.142396808708,0
1108,4345,5.93001604592658,4567.50075305749,26.3075097233678,12.3372139696853,12.6557493807588,18.9696098920747,32889.1887484044,30307.0113934665,621.115717978004,0
1108,4346,5.93357148772311,2249.42208586753,26.1295926339056,20.1923426082419,21.0208833198098,31.1322464922126,23442.5639489185,25232.1950599439,457.845918351552,0
1108,4347,6.18442704212265,1991.75706422888,26.0419779205878,22.0606347978082,23.0286899836156,34.0300961556352,24105.875124874,22015.4919207078,446.55880351666,0
1109,4348,6.00299341420624,5600.61849353906,27.2722297707974,10.8416173505907,11.0871924544132,16.6605130778056,28449.0720229522,30741.0849645388,515.206855767645,0
1109,4349,6.10339614452178,5266.25357705749,26.3075097233678,11.2254842369877,11.4850315496398,17.2518655355188,32890.3183998187,30306.6356612789,574.234113371425,0
1109,4350,5.96412310908168,2483.09576670846,26.0462690078318,18.7853607290608,19.511087761138,28.9505543927646,24301.6588699178,22015.0274717109,422.224186595626,0
1109,4351,5.80029364019614,1775.44459186753,26.1295926339056,24.0536284664757,25.1791685444101,37.1237825670659,23450.4447856883,25229.7142099603,430.177585022974,0
1110,4352,5.93758841705964,6500.74793453557,27.1738132055866,9.83393027181197,10.0299086825872,15.1045844384471,28453.832104515,30746.7673992915,502.470479892246,0
1110,4353,6.22793365407315,6227.51447343888,26.3517241044994,10.0652889356363,10.2680167067436,15.4605348035896,32891.7204563805,30294.9748744576,592.989901246267,0
1110,4354,6.04554166575292,2451.37600317643,26.1826347422969,18.9817512985897,19.723058283291,29.2554194080169,24292.2036944322,22020.8148235375,378.646303905124,0
1110,4355,6.43917615695396,4927.08181547961,25.1436048819949,11.6448120829092,11.9186620054482,17.8975807142178,35029.3816252921,30383.8268504921,815.150417774641,0
1110,4356,5.929827230546,2278.68062726314,26.1493967220046,20.006786243831,20.8219295281592,30.844563463471,23454.4965257534,25214.9306705634,425.777221921531,0
1110,4357,5.81930119781236,1557.238615836,27.0879847773915,26.8205519104921,28.1880244139916,41.4253291706474,26907.9366127975,26995.3365209999,313.350039520941,0
1111,4358,6.06629811449954,5809.74733143888,26.3517241044994,10.5291414070619,10.7541133599517,16.1765895242887,32908.3072225018,30310.6200415702,592.531130724735,0
1111,4359,5.7991409884672,6005.09529159837,27.131801459088,10.3503684463688,10.5708002304556,15.9017302036687,28730.3897229585,31118.9577798125,338.332997957973,0
1111,4360,6.53107402272374,4740.38943947961,25.1436048819949,11.9460106801876,12.2355965916526,18.3628983723798,35040.0402552313,30377.9980308098,834.134285925725,0
1111,4361,6.04855387492243,2752.36129317643,26.1826347422969,17.4727239756936,18.1085368401248,26.9168175404881,24293.1633524449,22020.5974120016,451.768776656127,0
1111,4362,5.67199099038406,1803.004723836,27.0879847773915,23.9933742432216,25.1283963741395,37.0341903954829,26918.1483271176,27005.9648252056,345.565440305633,0
1111,4363,5.86782501280704,2675.85345926314,26.1493967220046,17.8218377740114,18.4812690905634,27.4576359603794,23446.890452656,25223.5833455472,465.783568885531,0
1112,4364,6.18203424805446,5166.72028743887,26.3517241044994,11.3705373622945,11.6378183722764,17.4759993380058,32901.3285746906,30316.125439713,605.023908759304,0
1112,4365,5.46822915603867,3008.86536142153,26.3295769131251,16.4257734546981,16.9927456503035,25.2955167968735,32245.5851808899,25925.41915059,-392.472327829468,0
1112,4366,6.06694430475981,3155.41506717643,26.1826347422969,15.8697864712855,16.3990214530874,24.4341946537317,24287.0136243611,22036.755185203,397.984432183731,0
1112,4367,5.97700539243912,3267.51587126314,26.1493967220046,15.4846153754533,15.988847639615,23.8378106321456,23416.0526961278,25230.5406887907,425.52170475534,0
1112,4368,5.88964463575362,2347.905937836,27.0879847773915,19.7335750507646,20.5400874749244,30.4240420242839,26903.0416761745,26998.553484936,332.417727116914,0
1113,4369,6.06444685472968,4618.53719943888,26.3517241044994,12.2493919362744,12.5634197417928,18.8339575094135,32914.1737285587,30319.146092946,587.37157217027,0
1113,4370,6.20712118362291,3739.98510717643,26.1826347422969,14.1111196798603,14.530701384242,21.7123829182445,24272.0791108622,22007.7266135861,436.498326274167,0
1113,4371,5.6753070351636,2377.354699836,27.0879847773915,19.555546581555,20.3489997677425,30.147973563439,26903.7249160131,27016.2314230104,331.352262815388,0
1113,4372,5.36067370483549,2624.77597342153,26.3295769131251,18.0951877675782,18.7755684996011,27.8817643952196,32241.5054927819,25899.281835279,-311.552423058654,0
1113,4373,5.78381038445988,2988.59450133808,26.1606851920349,16.4824702754563,17.0515180424899,25.3828619526973,23422.7238649408,25165.7135907974,415.627593482924,0
1113,4374,6.02846593662036,2025.05516388563,25.7666905136828,21.7372067925801,22.6766983343961,33.5272177445305,33191.3802429094,21563.3059995248,94.425844016768,0
1114,4375,5.96075095072056,3727.41875173358,26.3716173076616,14.1624427292781,14.5866522313513,21.7922068377211,32889.9040915539,30307.0680043438,597.94391850785,0
1114,4376,5.96074518793566,3699.32485031491,25.0650337725805,14.1039535707825,14.5138232203866,21.6987392714166,35338.2365817784,20607.4229747966,20.6098054891183,0
1114,4377,5.99391217872559,4952.91287517643,26.1826347422969,11.6805239631182,11.9629328802865,17.9545989376875,24275.5263837618,22010.0053782832,408.290240559485,0
1114,4378,6.02931781588276,2987.49933326314,26.1493967220046,16.4852735207224,17.0543942972941,25.3871723789597,23436.4841454944,25224.145694551,478.163956684355,0
1114,4379,5.97219636103153,1735.09258593651,27.0579908970184,24.6918393429454,25.8828843285024,38.118643163299,26897.5878344977,26997.548018017,335.083076482099,0
1114,4380,6.70331914787741,5237.6039470691,25.5457792870937,11.213868734806,11.4682078858492,17.2326503519646,23722.9291868741,20652.4453206837,900.766070233995,0
1114,4381,5.44207027435852,2205.42295942153,26.3295769131251,20.5213430335179,21.3767909331445,31.6431926125126,32227.9347523103,25912.6790581069,-361.749034561909,0
1115,4382,7.04356118045343,4266.94309053733,25.1314575522552,12.8127601490962,13.1491517995045,19.7023445925286,35314.0381249359,20697.7253140908,960.121038691457,0
1115,4383,5.89970455256489,4542.59052117643,26.1826347422969,12.3724781521289,12.6920948194887,19.0238789401926,24302.7549045365,22021.4795745403,432.102998144424,0
1115,4384,5.51033604024794,1944.23865142153,26.3295769131251,22.5185482178642,23.5260287905484,34.741799334639,32253.2951265999,25900.9887589486,-393.015559955156,0
1115,4385,6.37065878815974,4587.8149210691,25.5457792870937,12.2403633811459,12.5484055446724,18.8184884330808,23740.9193210678,20611.0110985855,893.693952192127,0
1115,4386,5.61875191389351,1168.611871836,27.0879847773915,33.5699711558777,35.5267609776458,51.9182532922823,26899.3715459839,27010.6646660032,379.637061172391,0
1115,4387,6.76138119944271,3085.43085495291,24.5124510600333,15.9123091398542,16.4279619140772,24.4955339172702,35334.8580171693,20696.6349461076,948.480101142323,0
1115,4388,5.92642205571411,1631.98516199816,26.0972999953464,25.6252712740537,26.8774667434853,39.5641165727268,23409.7467985348,25220.7743629181,470.236639024289,0
1116,4389,5.44004715791428,2501.05593142153,26.3295769131251,18.7326028320323,19.4578646719517,28.8696814954481,32250.6055705206,25901.3198499228,-375.083251152792,0
1116,4390,5.95294310689865,1624.792357836,27.0879847773915,25.962926702766,27.2588333963984,40.0929776801365,26887.2549703345,26988.4301976962,328.876112368755,0
1116,4391,5.86197757972933,4636.09089117643,26.1826347422969,12.2052331506042,12.5157160544295,18.7653959619586,24294.4474846401,22012.0903072502,451.663761402715,0
1116,4392,6.39963919327091,4919.6586370691,25.5457792870937,11.6861027268945,11.9647172711924,17.9620898258776,23732.5332481495,20635.4527485779,927.310159862789,0
1117,4393,5.49073269108245,2324.27525542153,26.3295769131251,19.7515717826133,20.55025798238,30.4494272655183,32258.3529023378,25886.1179375103,-338.036225618734,0
1117,4394,5.64367199288409,1671.19281284859,27.0682390170264,25.4071288164638,26.6568237581913,39.2295754424114,26903.6226866342,26999.0293601245,346.635173391425,0
1117,4395,6.78712388351623,3270.4618870691,25.5457792870937,15.4049424086702,15.89854442833,23.7129446298758,23725.6146544694,20614.1706578302,910.369539796323,0
1117,4396,10.0379386155043,3193.99414830304,24.7593266012824,15.5654046934827,16.0616126942891,23.9592470519914,36057.3621074134,21130.5147284941,-1017.38871077365,0
1118,4397,5.78835957650938,1739.78412393651,27.0579908970184,24.6414556285853,25.8284057447455,38.0404012880687,26896.7597669498,27005.099650836,328.133775043781,0
1118,4398,5.38622734162512,2416.91661142153,26.3295769131251,19.2003894673005,19.9591090940741,29.5948392360356,32229.1053953717,25911.1051867276,-337.246320712795,0
1118,4399,6.78328088186247,3504.24407733975,24.9943926873631,14.6284076547391,15.0690408949245,22.5098816552573,34959.0464188931,31242.8731710762,964.229879791898,0
1119,4400,6.96655704767128,7031.26745733975,24.9943926873631,9.24331590540839,9.40228880736736,14.1904391726543,34969.1267269696,31260.2242570642,956.927560306362,0
1119,4401,5.88193960460178,2197.159993836,27.0879847773915,20.7140609359941,21.5935338068101,31.9447690981903,26903.8409985647,27004.3732657927,352.01922535847,0
1119,4402,8.7500956695671,4471.66872064313,24.6603126698494,12.3785204205329,12.68775384263,19.0302622401339,36295.9494458008,21561.4247901252,-1282.37796979233,0
1119,4403,5.58107550653385,2806.27021342153,26.3295769131251,17.254129417327,17.8766000311313,26.5785873337098,32239.7153471377,25899.7126402531,-374.204123037745,0
1120,4404,6.80114267887156,7005.2231088271,25.1053319699957,9.27067178517691,9.43135085713342,14.2327782831388,34964.7340104617,31260.8893467364,970.704383652741,0
1120,4405,5.85204797299734,1953.16528144516,27.136849065465,22.6079469740868,23.6336544514607,34.8836554133524,26901.8898259287,26993.3488670485,349.298047682401,0
1120,4406,5.47638786912265,2466.5660490895,26.4866681500477,18.9456508581766,19.6879233299168,29.2004347220578,32220.442021845,25906.703602276,-338.595909726956,0
1120,4407,8.90955780561877,4085.36437038764,24.7954482695762,13.1620363840629,13.5153700668436,20.241574187584,36283.9070997589,21575.2115221637,-1242.39979659228,0
1120,4408,6.86289538590177,5809.71927177896,24.3207145876241,10.4045555821269,10.6121694300732,15.9811184939536,34959.6981333521,31262.671712901,970.890797249858,0
1121,4409,6.63962944859703,7001.7870528271,25.1053319699957,9.27356217917812,9.43436597038061,14.2372364108321,34956.1795638698,31249.7004484054,952.221426296888,0
1121,4410,5.50033800475924,2362.3390170895,26.4866681500477,19.5463741947501,20.3320066269743,30.1317789945033,32244.7459066568,25894.6199437765,-344.707038458665,0
1121,4411,5.86260725140504,1737.97126144516,27.136849065465,24.6793130353738,25.8705272295283,38.0995194626976,26895.8373512269,27006.9246255959,332.807079067538,0
1121,4412,8.99370059764991,4586.65609154745,24.6971072460584,12.174405920877,12.4729963845067,18.7149348007614,36325.5974581575,21579.5715526129,-1286.60507643912,0
1121,4413,5.51987185782261,2190.62909937917,26.8112818289241,20.709626034361,21.5852759825161,31.9369267280904,29159.9979855282,22364.4616424764,33.5622903646089,0
1122,4414,6.86417363755288,7257.6630948271,25.1053319699957,9.06483900161881,9.21672200888694,13.9153264245645,34951.7683411351,31268.7504991106,952.216353739785,0
1122,4415,5.72825158597618,1653.87599344516,27.136849065465,25.6262325588969,26.8950476140804,39.5701911640719,26914.9175544808,27005.0575570365,321.676343140157,0
1122,4416,9.18419918237953,3796.17078157554,24.7891039831551,13.830717937036,14.2222470954306,21.2755039049498,36296.3216431601,21586.6361285224,-1302.51567230229,0
1122,4417,5.32151158156832,1791.5572530895,26.4866681500477,23.9725256864058,25.0969733106307,36.9993579895739,32224.0584514778,25902.4405602325,-351.865649932058,0
1123,4418,8.84917175156482,3861.87433957554,24.7891039831551,13.6707891642511,14.0530540476037,21.0281832390704,36276.7514898679,21628.6044896745,-1286.25017538736,0
1123,4419,5.4786486272272,2263.71391050733,26.3645179540616,20.1405357871969,20.9682052737778,31.0527175318729,32419.1069551797,24917.8716740643,-527.875565740315,0
1123,4420,5.95295626822652,2123.73462544516,27.136849065465,21.2474892311971,22.1679946901076,32.7724847347827,26884.7777215616,27018.7378189973,363.292032403741,0
1124,4421,8.70381041720382,3632.199349923,24.7821989703793,14.2517029648729,14.6679025040667,21.9266107756875,36212.1061336895,21746.700918186,-1429.00853724825,0
1124,4422,5.47861906830178,2139.53132250733,26.3645179540616,20.9887591344328,21.8796461453209,32.3683339222551,32402.0448892909,24907.5700964276,-481.990972938463,0
1124,4423,8.861132188568,3482.13880881809,22.4003496348186,14.4024788539147,14.8058353081849,22.1538304778699,35736.4738623298,34323.3784144996,-1230.61690013303,0
1125,4424,5.32604188780567,2288.36100450733,26.3645179540616,19.9823766492105,20.7984010492422,30.8074483313169,32383.3893828985,24911.5805103102,-543.05721166102,0
1125,4425,8.49230681910569,4214.765023923,24.7821989703793,12.8881131096069,13.2260568297608,19.8180982449045,36220.9034244489,21734.3951080008,-1342.08028624184,0
1125,4426,9.27513669629267,3485.33257881809,22.4003496348186,14.3935394893218,14.7963797371279,22.140006710018,35740.1173954724,34313.2640115011,-1219.8054603582,0
1126,4427,8.36271856160599,3925.894033923,24.7821989703793,13.5189226382848,13.8924021246264,20.7933335308571,36233.1510448513,21751.2373407303,-1379.94372246731,0
1126,4428,7.42654355103862,2580.35572188456,27.0656213983693,18.4278004165216,19.1397005278682,28.3995062112638,26875.4960395324,27540.0377858783,1269.5506928327,0
1126,4429,5.47198656191049,2428.22610450733,26.3645179540616,19.1414047771022,19.8962938343315,29.5035087808145,32424.3560762741,24911.9923587652,-544.847734289899,0
1126,4430,9.26281455263387,3456.25825881809,22.4003496348186,14.4754648543549,14.8830440082289,22.2666977132281,35738.7822532676,34319.133821939,-1240.68743789955,0
1126,4431,5.54914413363238,1132.67333795135,27.2935633895578,34.495282185985,36.5400219673751,53.3588042066647,27666.2491243324,23795.9423157938,-152.155580829181,0
1127,4432,8.65569769970762,3565.306387923,24.7821989703793,14.4337187271644,14.8607610371205,22.2081696871791,36202.3156427732,21741.6089830268,-1404.99475609472,0
1127,4433,5.57538447254794,2153.62796250733,26.3645179540616,20.8878991124393,21.7712030436353,32.2118789755744,32419.4138362278,24901.015696324,-551.503189487135,0
1127,4434,6.18055877989996,4003.3645129992,25.5481741047318,13.4132167400035,13.7867087321258,20.6315566531614,25486.4516996008,19761.9101190067,414.988928263721,0
1127,4435,5.55403029636611,829.573551951354,27.2935633895578,44.4740485901787,47.4562228730958,68.8913586222057,27656.0376913781,23838.0990773683,-193.67922629414,0
1127,4436,9.1230870683222,3432.95475081809,22.4003496348186,14.542027544778,14.9534703109052,22.369635230631,35758.6576460538,34326.9449901764,-1214.16033159104,0
1128,4437,8.63680528680408,3777.174481923,24.7821989703793,13.8771949808897,14.2713722807883,21.3473657941352,36224.8321854293,21733.9365712343,-1410.68850331357,0
1128,4438,5.49447315635597,2025.94324050733,26.3645179540616,21.849088083352,22.805354975078,33.7030785437243,32430.2101690273,24918.3685165804,-502.188121107068,0
1128,4439,5.70087597077539,1485.00123395135,27.2935633895578,27.8767375355642,29.336962189771,43.067441139437,27700.5276774251,23865.1586599071,-220.046574402274,0
1129,4440,8.69196114477401,3703.299277923,24.7821989703793,14.0647399494603,14.4698967191175,21.637424965559,36215.8011503507,21746.8714626021,-1410.32212585732,0
1129,4441,7.53820253371553,2338.66442388456,27.0656213983693,19.7865744018768,20.5967191278069,30.5061576118599,26855.3755229647,27538.9472150753,1250.56538687286,0
1129,4442,5.85698967071863,3456.65862395135,27.2935633895578,15.0156721183096,15.5002842641678,23.1146972854495,27654.1386438898,23810.5367075442,-174.253324650593,0
1130,4443,8.51897976098546,3855.78049227192,24.8146016389068,13.6879107139069,14.0713732580482,21.0547174769127,36229.3665165901,21724.77376116,-1393.33833436447,0
1130,4444,9.11052958724773,3712.13617392661,23.6910082281624,13.9295780476653,14.3174642163226,21.4258028918385,36569.7416197383,15111.9215603846,-1159.7180334579,0
1130,4445,5.49997240533296,1603.03868226575,27.4410832452961,26.3218586634738,27.6532348065674,40.6521203519132,27674.897265446,23822.6187422614,-181.794819573406,0
1130,4446,7.00296699069617,1841.37650819414,25.6286112418875,23.2941205652746,24.3519655622531,35.9426870023092,29573.4226377223,18760.6063345173,695.348685911692,0
1130,4447,5.55930204036594,1611.41016767577,26.873184679387,26.0726307607448,27.3742162491817,40.2624432948215,32106.5676462318,28613.7868168465,-262.07284623622,0
1131,4448,8.63032004419146,3508.54060227192,24.8146016389068,14.5965991978027,15.0337098437856,22.4602289478499,36199.1162065968,21749.6844182942,-1356.82262765682,0
1131,4449,5.43245975128837,3989.39335279707,26.8244048092266,13.562724429727,13.9547417810206,20.8654803999526,32200.2696432042,28731.4450318034,-225.515432982935,0
1131,4450,6.39955364167912,1812.96296819414,25.6286112418875,23.5660090817952,24.6452358894535,36.3647063369471,29588.0110235604,18748.6197072352,690.840770332452,0
1131,4451,5.17469400491214,1322.80188426575,27.4410832452961,30.5510504180445,32.2454896768167,47.2252163498915,27686.86201575,23838.5582803395,-163.275531838453,0
1132,4452,5.44961479704781,3943.38103879707,26.8244048092266,13.6703370029036,14.0687128459476,21.0319312657894,32211.8717724841,28747.563229572,-230.379078406457,0
1132,4453,6.48789085847408,2811.97422419414,25.6286112418875,17.1331141135324,17.7400359236835,26.3890926260023,29600.2275060025,18747.2108184057,670.933811636459,0
1132,4454,5.5143759499127,1273.24338426575,27.4410832452961,31.483128571239,33.2599052825597,48.6745362600128,27684.5915814257,23826.4293481474,-241.074674188191,0
1132,4455,5.11581411617011,2903.30442080139,24.3058988116743,16.5737199760578,17.1296500397159,25.518905041369,36898.7119608802,21330.8556302713,224.895543397378,0
1133,4456,5.46680224174155,4154.58835279707,26.8244048092266,13.1940763501885,13.5645662350837,20.2953400019498,32208.9939597923,28747.8274411987,-215.767687426523,0
1133,4457,5.72452576576908,1379.01223626575,27.4410832452961,29.5715848489578,31.1803417367151,45.7024538190542,27689.696039587,23826.0098512046,-128.898027042521,0
1133,4458,10.2241168096558,4339.62394299472,24.9935727440379,12.656865561377,12.9836400068013,19.4610999581599,35461.5222694711,29554.1808313607,-916.311849253861,0
1134,4459,7.43130192835902,5501.95745679782,25.5257501379811,10.8568617422916,11.0932348886746,16.6813024483833,23047.5724955019,21546.1030806135,-1393.34571328501,0
1134,4460,9.07155506956942,3546.59205262199,24.5739963035229,14.4633309484453,14.8903013248085,22.2534707547979,34440.2163040817,33179.4129632417,-1222.75407973762,0
1134,4461,5.4776317066566,1675.15180626575,27.4410832452961,25.4521005997991,26.7112479573499,39.3010192834092,27675.4545416423,23825.210330661,-190.336571999242,0
1135,4462,5.39334616855652,2789.79850957553,26.2688189566761,17.317933461497,17.9441054991356,26.6772578352111,26889.2638782801,20705.6902113513,-8.56999499552397,0
1135,4463,5.47721668237707,1380.97255026575,27.4410832452961,29.538802270787,31.1447069097337,45.6514916207022,27700.8808718884,23801.9979115075,-152.869264727995,0
1135,4464,5.61372676579143,2983.74118702651,26.1577939991226,16.5009396492606,17.071178963667,25.4114571913725,23921.808069746,21251.3193971627,506.698702410676,0
1136,4465,5.36257653714777,3405.18100448058,26.2889782838477,15.0631852211851,15.5420705056065,23.1858378197829,26938.9035764203,20720.3812462492,-21.4231800439057,0
1136,4466,5.38301470971404,3498.67339639432,26.2905858036368,14.7840621736332,15.2455781444038,22.7538607023435,33069.1153862768,22718.1633336609,-417.666541161008,0
1136,4467,5.26691332358387,1768.45421843213,27.4469706222514,24.4279291663473,25.6033285221726,37.7104182051435,27709.0374055128,23839.2258180656,-159.102934607262,0
1136,4468,7.85525703022274,3199.5504119704,24.6505699491325,15.5335416930556,16.0266967726588,23.9096403955179,36494.2980789601,23729.6296020313,1264.83528900447,0
1137,4469,5.29859849377747,3750.10018639432,26.2905858036368,14.0957439648094,14.515281235096,21.6888384595794,33067.3158331846,22744.1683533287,-422.564042739539,0
1137,4470,5.54609480023234,1665.46036626575,27.4410832452961,25.5648396993021,26.8332972371049,39.4761358349655,27673.1993863801,23847.2328385276,-206.742693802119,0
1137,4471,5.6156207241717,3018.58065248058,26.2889782838477,16.3834917494607,16.9472754997897,25.2299272003427,26952.4375409516,20732.3958982468,-90.1261757952597,0
1137,4472,2.95938814367294,2600.03945190451,25.9067687780282,18.1548708816039,18.834694168225,27.9729545286376,22985.230382025,23308.4915210918,-247.838167944806,0
1138,4473,5.61739930905001,3036.61297207483,26.2469514247878,16.3098578472936,16.8683841712515,25.1157837651776,26687.4818465167,20643.948274399,13.917735207193,0
1138,4474,5.05221710002287,2726.41981039432,26.2905858036368,17.60597236415,18.2520653461844,27.1235836046611,33097.2763028172,22734.528104134,-319.913007056181,0
1138,4475,5.49351074849754,1034.54103823774,27.4208543376939,37.1587155841258,39.4509069938814,57.503761018392,27676.183052243,23818.1155443567,-160.757137994293,0
1139,4476,5.77895244318281,3197.88734407483,26.2469514247878,15.7300563864511,16.2508910403856,24.2180265438701,26629.6820589398,20630.3285170387,18.6599666508387,0
1139,4477,5.51810754225945,6018.51539262962,26.0047967620951,10.2700705552535,10.480674596546,15.7761215814667,33768.7872911368,22947.6717070895,-1349.11663304083,0
1139,4478,5.38753051622554,1204.50023826575,27.4410832452961,32.8975235873214,34.8006360095046,50.8742278717281,27665.0214285858,23847.3233342392,-204.438607784512,0
1139,4479,4.74549252668812,5670.47398881224,26.2252823272037,10.689206641066,10.9213268916647,16.4235379734999,33254.5644322082,22412.694322105,-1109.61455431226,0
1140,4480,5.49506085406511,3850.5221969029,27.5170122940173,13.9601193178043,14.3811808088142,21.4816876218275,29112.2273542937,25153.0660008491,-155.785885292484,0
1140,4481,8.80166677281415,6433.09513885045,26.4257081966985,9.86051722223067,10.0540487662234,15.1445980210728,32939.7663860815,22323.3922152614,-1369.58181382421,0
1140,4482,5.50862169148472,3508.59620458441,26.2874451742971,14.7548763731795,15.2145594696853,22.7086874925261,26630.558169562,20636.2807051704,31.6476419748266,0
1140,4483,5.90404020116133,3208.09607486794,24.8505206476322,15.5289780484147,16.0237828311993,23.9031102244035,35848.6298824357,25818.8737786085,552.639050539338,0
1140,4484,5.58362768096663,4058.93337143719,27.4989668952556,13.4644506495286,13.8557096634363,20.7148655488504,27683.1543505426,23833.212518026,-213.74276091083,0
1141,4485,6.1572311681414,3777.37634574827,24.8445407640061,13.8829314866805,14.2779643493438,21.356381178005,35910.1183745545,25945.9906078254,662.156290950051,0
1141,4486,5.50674668448808,3579.43182058441,26.2874451742971,14.5531311713389,15.0003939813116,22.3964988613942,26650.1976507715,20624.6932571782,3.04499132234955,0
1141,4487,5.52223472166076,4441.69327029394,26.6410591289448,12.5973448292443,12.932579465538,19.3723382135504,32277.4501532827,22685.7064307703,-194.461956273023,0
1141,4488,5.86462259722586,3183.73026143719,27.4989668952556,15.9262813966646,16.4714218692409,24.5250399296186,27666.0458356886,23817.5593292345,-210.06474386789,0
1141,4489,5.67747899072177,2570.54655656014,27.4945118745726,18.5423442758787,19.2671059477251,28.5783576276709,29114.4517916235,25138.388037628,-172.125258702301,0
1142,4490,5.59600429850549,2966.99889058441,26.2874451742971,16.5830465907048,17.1600148599485,25.5389737829183,26644.609634841,20623.4642717452,4.09054574558768,0
1142,4491,5.31796714640276,1388.23681943719,27.4989668952556,29.4354750928167,31.0334086230718,45.4911475729652,27703.0473889877,23828.4653557521,-165.008296407455,0
1142,4492,5.44559889984588,1563.43616583389,26.2811654881627,26.5251374248469,27.8546274102437,40.9626958917431,33931.7150482139,22699.8326462477,-598.632900905454,0
1143,4493,5.63450389627053,3152.01729058441,26.2874451742971,15.8943263861677,16.4261400195187,24.4724627890131,26652.5559536804,20633.5509856131,-1.11469047489716,0
1143,4494,5.53845165403955,1088.08851743719,27.4989668952556,35.7062189718228,37.8658729046878,55.2439862488446,27684.1801966867,23837.9455353067,-173.081380606598,0
1143,4495,5.18990059688947,1491.0934697063,26.0897797673189,27.451993872233,28.8557296795736,42.4017429493032,33933.117558135,22709.5982683178,-588.224120391991,0
1144,4496,5.6075519312017,2720.06540458441,26.2874451742971,17.6347768613183,18.2828153740504,27.168204293671,26651.5409211312,20628.0292988765,-5.86815173304765,0
1144,4497,5.75698108545581,1337.18055143719,27.4989668952556,30.3111519483922,31.9855614621586,46.8525146552604,27628.8019660627,23837.1302020356,-181.806751896662,0
1144,4498,5.42914295421136,1595.8270997063,26.0897797673189,26.0634794754772,27.3515704275731,40.2446990272841,33927.6927221958,22709.010070482,-554.408845123887,0
1145,4499,5.88258888242972,3253.62764020037,26.4743631831458,15.5681850701622,16.0807340981099,23.9680032561074,25839.1428761408,21259.6088902408,232.43254541619,0
1145,4500,5.68389873307759,1274.84697143719,27.4989668952556,31.4710380844967,33.2478130324415,48.656033319933,27661.1157495881,23848.1626689511,-151.429546066111,0
1145,4501,5.40843574961284,1632.8528057063,26.0897797673189,25.6130236076129,26.8640937708974,39.5450609090177,33920.2999525725,22692.0389532189,-531.521323629398,0
1146,4502,5.82947593317449,3604.83221020037,26.4743631831458,14.5018071550364,14.9474969591459,22.3175151115018,25839.826650872,21256.3675798463,278.725876949337,0
1146,4503,5.50046837439519,1402.35548543719,27.4989668952556,29.2040822214465,30.7819289658284,45.1314485460977,27692.2601810737,23815.0160275923,-144.970144062771,0
1146,4504,8.2148532849039,3558.82637816549,25.8762679380012,14.5678758462173,15.0125361647479,22.418348359083,34309.7018030243,22840.0852344354,-1038.65829142187,0
1147,4505,5.7480960132797,3551.22092620037,26.4743631831458,14.6522039976611,15.1071427374534,22.5502424466373,25840.6878016628,21270.0539501758,249.674920662314,0
1147,4506,5.29761825364583,4657.1468485684,26.1511392890866,12.1659528756995,12.4740919996589,18.7046321262095,33547.1923069153,22415.9295365977,-600.923973647031,0
1147,4507,5.48720707983016,2005.19567721686,26.589345109199,22.0610300243302,23.0366771325281,34.0327975971287,32727.8316422222,30160.6600172377,-118.148677711336,0
1147,4508,5.49246628046973,1650.30216743719,27.4989668952556,25.7579558294573,27.0432939839781,39.7763599770163,27688.1469754831,23839.6812201969,-163.365281686275,0
1147,4509,8.39990887495116,4603.98691651298,18.0597195791388,11.5792805367212,11.7974158507525,17.7818917063417,38399.5053823596,10948.6196694408,-1368.36822605305,0
1148,4510,5.5093421384034,3429.74925321686,26.589345109199,15.0211815429079,15.5000702974623,23.121552909488,32696.2268472353,30159.6509545075,-123.219289246663,0
1148,4511,5.96143092665173,4592.08158220037,26.4743631831458,12.3061332142397,12.6240944379158,18.9218833141056,25840.7427501113,21246.4973244951,238.904449871766,0
1148,4512,5.3617253080779,2180.60014343719,27.4989668952556,20.9033760611556,21.802304699811,32.2398779265786,27687.1123824282,23843.2174288581,-142.272872964253,0
1148,4513,8.60275159236885,4785.50318251298,18.0597195791388,11.2962304996072,11.5016803118103,17.3451873692387,38415.4347711263,10951.8784219149,-1340.51274188011,0
1148,4514,5.84606360579504,2949.69926957703,26.0447549833089,16.6199971489185,17.1969852752317,25.59553142152,23187.0169793265,25626.1737532203,558.234471109308,0
1148,4515,6.22576288491493,2198.75924216857,26.9375723413543,20.676099340621,21.5508265452922,31.885360767572,28968.0441895454,21903.963125724,763.930264247605,0
1149,4516,5.72895611586982,4173.56555620037,26.4743631831458,13.1229149196767,13.4867361344468,20.1845910023954,25847.9184530702,21259.7125303482,239.02485123869,0
1149,4517,5.64679422617343,3648.93390550056,26.6044649281854,14.3942868943997,14.834478284519,22.1514427169706,32721.6134720126,30142.0542928381,-127.381857054613,0
1149,4518,5.87824253997488,4238.46255557703,26.0447549833089,12.9498454531032,13.3006546892021,19.9161254303782,23205.8786634524,25645.2664173283,538.065501269232,0
1149,4519,6.77513537395934,2513.80810633779,26.9871206784129,18.7657315193075,19.5008436820075,28.9230991017514,28972.7955346236,21910.9154784886,749.487938281621,0
1149,4520,5.25128981893183,2889.30871943719,27.4989668952556,17.0553814968444,17.6761987244245,26.2739520051791,27671.537630891,23828.2049380037,-178.546964904684,0
1150,4521,5.77028992776078,4371.35452920454,26.4571339638562,12.7180590264884,13.0587716111831,19.5585985443947,25848.503233061,21247.0318797644,241.51689836058,0
1150,4522,9.24706160757594,7486.48716366074,26.1951378446274,8.93888187361557,9.09031487943151,13.7224308690362,33502.2239881264,30777.6024470874,-1024.29029773347,0
1150,4523,5.93080911410994,3655.86561911147,25.8956701637731,14.3034620925595,14.7322435300827,22.0092937427311,23195.1605030041,25668.0327174173,489.780730925387,0
1150,4524,6.51793825071603,1937.32473325136,26.9431132503123,22.7056357686606,23.7363222276954,35.0345386012353,28951.2002116589,21873.217790737,736.147206695428,0
1150,4525,5.62188130115115,2121.86373943962,27.4110996022453,21.3122069204773,22.2411761149046,32.8738689849639,27659.1970614375,23824.1002018858,-210.316034175201,0
1150,4526,6.01882180916277,5125.55109134183,25.376751941623,11.3624769351675,11.6233167541939,17.4618848438077,34515.8478346449,30733.8721055303,622.548876613826,0
1151,4527,9.25497440513051,7486.64134566075,26.1951378446274,8.93876519278871,9.09019322955049,13.7222509192089,33489.9338731944,30768.7090531211,-1042.80847771929,0
1151,4528,5.95132809481457,4486.72671720455,26.4571339638562,12.4975145061719,12.8259181003363,19.2176669187139,25830.333362353,21241.3912183193,252.59207989133,0
1151,4529,5.50535753254879,4718.23405804867,26.7610592310479,12.1072090701634,12.4162006185424,18.6149616005711,32706.1411000057,30153.2183689059,-113.908267969652,0
1151,4530,5.88528942259486,3567.40920311148,25.8956701637731,14.5458251398933,14.9893066668822,22.3842754404484,23213.1608351451,25618.4710997507,512.812056314364,0
1151,4531,6.60629039470247,2202.72747581079,26.9936301085207,20.6587956737709,21.5329278795593,31.8587139754247,28981.1633991476,21896.2273932856,781.538756371942,0
1151,4532,5.40785714834922,2146.58301687247,27.4179336119672,21.132119501662,22.0474236182943,32.594480434373,27675.502169375,23836.9562363619,-164.402298808552,0
1152,4533,6.07803065426122,3613.85836320454,26.4571339638562,14.4751137805475,14.9190244690812,22.2761713052368,25832.4386211584,21241.8881294713,262.52345780006,0
1152,4534,5.71443067419344,3759.47779793579,26.6446117439978,14.1064534170601,14.5294944320506,21.7061943957233,32713.8445176449,30143.5663723944,-149.318285245731,0
1152,4535,5.97253923756875,3350.12271311147,25.8956701637731,15.1900416827022,15.673358029346,23.3812098432712,23195.5746020091,25653.4420115043,495.724642044357,0
1152,4536,5.62986256022151,2100.85093543962,27.4110996022453,21.4694847313845,22.4105079883716,33.1179038359907,27687.117843894,23817.1953995303,-185.336940527996,0
1152,4537,5.41404566732791,1324.39298359689,27.3800504352645,30.5028784578692,32.1919802864687,47.1500111957487,28464.6766309884,28911.8274411147,-134.019142254199,0
1152,4538,6.10966391450209,1880.54922943796,26.8822003676249,23.2026243368026,24.2716029598956,35.8057346885972,28962.6790025549,21901.6617368177,782.81235921238,0
1153,4539,5.90335917768893,3666.32429520455,26.4571339638562,14.3324636769735,14.7676703519315,22.0554502561649,25842.045889998,21247.5731909588,218.630702013768,0
1153,4540,5.39343207832463,2266.73134159689,27.3800504352645,20.2968050673419,21.1485842433729,31.2985330788517,28463.6464867727,28922.3371302026,-151.667378906398,0
1153,4541,5.85842856422878,1768.44981774085,26.7166543069742,24.2607057503126,25.4117271995605,37.4477488896984,31796.8194093818,21617.2444232411,510.820436995167,0
1153,4542,8.64461925807047,3044.5088411869,26.863468702804,16.3568853848385,16.9244901987076,25.1902590749947,32114.3376981261,30448.3970837334,-1219.91499973043,0
1153,4543,5.71937571373348,3144.62013311147,25.8956701637731,15.8731336806034,16.3998534692291,24.4386247500525,23194.7074527792,25650.8309334238,609.959552888081,0
1153,4544,5.4724082997256,1898.71833343962,27.4110996022453,23.1480477495349,24.2201643078024,35.7230761186036,27662.5261787312,23833.9717626141,-135.926233819944,0
1153,4545,6.72555992205577,1660.91122838154,26.9430175696851,25.4958312072932,26.7508722338116,39.3668076251414,28979.1192956393,21886.5022395512,785.903807566496,0
1154,4546,6.00169980512597,3201.33340920454,26.4571339638562,15.7430302862112,16.2666589071097,24.2386524009306,25845.2716564511,21260.5340213481,252.11320992561,0
1154,4547,8.5793391342072,4305.6294971869,26.863468702804,12.8825864458421,13.2354770090141,19.8137610070738,32088.9720741464,30428.9598613416,-1270.36925228198,0
1154,4548,5.59228667415739,4592.07253288789,27.4183958632338,12.3797210967401,12.7080599817013,19.0373694525339,28715.1297365179,27398.0181546924,-297.753817191897,0
1154,4549,5.6985345049076,4823.04052531034,27.3744473708032,11.9763286038128,12.2821400819203,18.4137756838167,28442.5687136379,29060.5051717217,-164.406720784122,0
1154,4550,6.16343864850662,2096.12317465438,26.6888860317506,21.3689364262423,22.2928592681115,32.9592978617327,31805.2673956818,21620.3009047066,438.16737529226,0
1154,4551,5.92530032691323,3307.45835111147,25.8956701637731,15.3255122957849,15.8173428233507,23.5908903330991,23190.9187458105,25629.7819221071,573.170549000964,0
1154,4552,5.58002877460644,1948.10673087247,27.4179336119672,22.7091978478737,23.7467164772484,35.0418783696679,27701.5202253357,23801.0069403931,-161.75472723942,0
1154,4553,5.80396279545733,1898.58779217476,25.784080983615,22.8033086176279,23.8251084940289,35.1815662377046,32782.4356105457,18646.8368943166,-322.255708482767,0
1155,4554,5.30185655478526,5096.83816890147,25.7623384906903,11.431815227444,11.6986232526047,17.5696524174974,32784.488187197,18677.4678651963,-370.523361908863,0
1155,4555,5.8125766715459,3109.85943120454,26.4571339638562,16.0653436285148,16.6098848076464,24.7377071681526,25833.4958143128,21258.8755855708,277.673535730174,0
1155,4556,6.0949120667904,3052.18305050118,26.6887094326868,16.3063291628826,16.8689088869186,25.1114996028262,31807.2078778175,21637.9546624123,398.011784309365,0
1155,4557,8.668649122989,5267.9013851869,26.863468702804,11.2605222035826,11.5251835280666,17.3069017566813,32096.9377021771,30398.4231186678,-1268.32606085156,0
1155,4558,6.12517821105502,2588.44160711147,25.8956701637731,18.2112746869367,18.8948999339518,28.0603269058579,23190.3749078954,25642.9665133903,520.692220998171,0
1155,4559,5.55918748672361,4884.57781288789,27.4183958632338,11.8786372006273,12.1794172312075,18.2628739555593,28698.2979556029,27423.2077501115,-269.047797686722,0
1155,4560,5.26363478228837,4986.89193931034,27.3744473708032,11.7126677944038,12.0042290866683,18.0063195408166,28434.9709182285,29061.0799206673,-139.202246960139,0
1155,4561,6.6217055276393,2607.93101641165,26.9950009715417,18.2772101839028,18.9776766651927,28.1658804183412,28969.463652906,21905.2156020937,782.364091723881,0
1155,4562,5.46343812483119,2417.32660887247,27.4179336119672,19.3731619775008,20.1571198871276,29.866221055045,27665.1805099024,23834.8456824604,-179.547815620156,0
1156,4563,5.45433946119448,5054.20876017476,25.784080983615,11.4968414829376,11.7671429207798,17.6701372403231,32764.0804834969,18669.650970076,-335.237183606765,0
1156,4564,5.74807813579852,3163.16235120455,26.4571339638562,15.8754635191804,16.4076540262902,24.443697302207,25856.2198965551,21252.8988797534,222.102989755233,0
1156,4565,6.05459347175996,2135.59308650118,26.6887094326868,21.0774981027287,21.9793020379774,32.5071582272242,31812.4028441067,21646.4237122215,478.723226403559,0
1156,4566,8.65254261977243,3263.7556451869,26.863468702804,15.579215304309,16.096014472004,23.986055438284,32098.517048416,30439.1041657189,-1262.2365795688,0
1156,4567,5.44188675601543,4545.97547131034,27.3744473708032,12.4604791640006,12.7930411218996,19.1621319903131,28438.1696200309,29077.7148150275,-139.693920433038,0
1156,4568,5.42994836118956,4118.18314288789,27.4183958632338,13.325213508265,13.7076812393126,20.4993435425395,28681.9224587064,27427.1968318693,-312.181376521453,0
1156,4569,5.92405133684658,2106.11625911147,25.8956701637731,21.1437198268593,22.0400629800851,32.6070009593645,23195.9836698295,25632.4700499091,551.919794415609,0
1156,4570,5.54750341912654,2110.76263543962,27.4110996022453,21.3949326593176,22.3302370130241,33.0022261815715,27672.5523544905,23828.3831415483,-116.720944805581,0
1157,4571,5.42428893286478,5207.59782417476,25.784080983615,11.2726891885603,11.5314767881455,17.3239012722529,32767.6150847478,18677.8112959563,-366.979277842054,0
1157,4572,5.84992156386525,2723.28110520455,26.4571339638562,17.6439749524373,18.2944626891342,27.1829565419614,25851.6785316405,21267.9447935197,250.205084314085,0
1157,4573,6.29459259493916,5952.22964124504,27.2605727144343,10.4176290840054,10.6420229800153,16.0057646457213,27683.3332407911,28804.7892138737,626.447544560857,0
1157,4574,5.80409909293977,2779.43509250118,26.6887094326868,17.4216947776449,18.0593501517389,26.8392259365881,31825.0797867503,21605.3586555856,476.323321817459,0
1157,4575,8.85389168563975,3505.2266831869,26.863468702804,14.8257783958073,15.2947953292015,22.8197727923466,32110.5918869451,30430.1320319948,-1213.64757755379,0
1157,4576,6.41183727318671,2243.49760181079,26.9936301085207,20.3831479908064,21.2366389379145,31.4311500913032,28963.4445939411,21895.5390261313,764.194782026679,0
1157,4577,5.21605348498668,5207.01642688789,27.4183958632338,11.3847276943429,11.6591454253326,17.4996870195809,28711.0915733046,27416.1299760035,-328.384821983685,0
1157,4578,5.78852627449202,1552.38261911147,25.8956701637731,26.5655541775261,27.8919249761471,41.0236854624746,23182.4150628671,25642.4582413451,523.975812512962,0
1157,4579,5.0939903499811,2225.23786287247,27.4179336119672,20.5801168016586,21.4536096407307,31.7381225285496,27676.6861436868,23853.3384062522,-210.66091065337,0
1158,4580,5.97258412321712,2938.01257920455,26.4571339638562,16.7201424674224,17.3079355814122,25.7517781376551,25860.9305253378,21269.1763732403,250.533683621068,0
1158,4581,6.16256047848729,5767.82796924504,27.2605727144343,10.6339368591524,10.8690233174959,16.3397690865262,27682.7291989577,28807.2254500594,613.067051643689,0
1158,4582,9.1760816913529,3210.3646211869,26.863468702804,15.7596675871253,16.2881242259731,24.2654452566276,32070.2238363617,30420.1038935053,-1213.85464935364,0
1158,4583,5.36713497948242,5052.43795888789,27.4183958632338,11.6145204874213,11.9011024191005,17.8547342704263,28711.7938206765,27427.8407768485,-310.148503554405,0
1158,4584,5.89868928275373,2056.83623574085,26.7166543069742,21.6747213914472,22.622372755312,33.4338393479645,31803.1330953588,21642.3174410376,469.880276001388,0
1158,4585,5.85713582387851,1597.42578911147,25.8956701637731,25.9929542220039,27.2720250596746,40.1342675999867,23181.0533454586,25630.0078937801,550.803413798004,0
1158,4586,5.45446355672001,1457.30137287247,27.4179336119672,28.3213021643996,29.8216332800373,43.7589303279029,27687.3122450808,23803.6512943128,-199.545477049198,0
1158,4587,5.50980963202662,1527.42923814064,26.4048087346041,27.0360774930823,28.4102887765764,41.7570377444631,33081.2679265253,25980.8511033165,-517.927712453954,0
1159,4588,6.2354609565471,5842.36395324504,27.2605727144343,10.5450564475012,10.7757288956533,16.2025217598629,27699.4907636412,28798.1306571922,568.009754379538,0
1159,4589,6.13317604019893,1974.70128174086,26.7166543069742,22.3390163213153,23.3379431453158,34.4646720035102,31819.5750502384,21638.8500662277,447.908358753148,0
1159,4590,5.35704275393983,4996.51394488789,27.4183958632338,11.7007598700888,11.9919524541592,17.9879931022682,28719.8859704242,27403.095433043,-307.192675346963,0
1159,4591,5.93487990847135,1576.12664711147,25.8956701637731,26.2598554324126,27.5609244831046,40.5488304952382,23199.5275470986,25650.0510815476,496.128351849983,0
1159,4592,5.44708367541051,1168.75785414064,26.4048087346041,33.314620098091,35.2347606877308,51.5172647307994,33055.5927885998,25990.3765691063,-454.195807609757,0
1160,4593,6.30604968746998,6035.82406562989,27.0345142864857,10.3104704901181,10.5284553601692,15.8399918589676,27679.5957708436,28807.1886019661,602.055694992152,0
1160,4594,5.43930066102481,5221.51595634817,27.1730582196415,11.3473148805661,11.6183212926925,17.4414864362186,28693.4420529381,27424.2561801631,-306.208863064618,0
1160,4595,6.21506813160431,1968.48880096586,26.9628563613692,22.4414355795747,23.4517273683187,34.6245591382187,31789.0879253673,21628.7380938354,473.919395519937,0
1160,4596,5.93497737421516,1607.31172294713,25.688990912666,25.8176263523054,27.0788746516242,39.8610070204664,23198.2000196042,25630.4869319803,560.53169237836,0
1160,4597,5.66501867738808,1060.72638202476,27.2503631096458,36.3455471008715,38.5589316234019,56.2373541567289,27655.1209976128,23826.8918379543,-172.130961034704,0
1160,4598,5.47474379077586,1564.18120027645,26.3661457437991,26.5381023236151,27.8700842507859,40.9832281331001,33068.373697163,25953.6843758892,-459.1894581717,0
1161,4599,6.35178300897086,6262.95617762989,27.0345142864857,10.0662015243715,10.2724520243983,15.4629052913282,27688.7087736739,28793.1952621742,574.151920039693,0
1161,4600,5.44386663341437,3610.30504438165,26.2131696124515,14.4597852492092,14.9007142777742,22.251889883651,34065.6699741598,22827.1684390969,-469.523408225604,0
1161,4601,5.26256287026587,5667.54245634817,27.1730582196415,10.751398464104,10.9918808609443,16.5210299838109,28706.0032946031,27404.0596963099,-285.212888605522,0
1161,4602,5.97522342818404,3423.89781522521,26.9390238434164,15.0769532674147,15.562392470237,23.2087147884477,31832.045716106,21638.0270987882,436.314034708401,0
1161,4603,5.71971792433158,3044.80444559048,25.3805570080612,16.1701263880112,16.7109907339662,24.8970626515025,35080.6618728636,26361.7492021804,308.075431573565,0
1161,4604,5.28611705369681,1263.32153002476,27.2503631096458,31.6142708337829,33.3991324772484,48.8774794194406,27662.1446740284,23812.448732694,-176.077672609305,0
1162,4605,5.41748360673323,4159.39119838165,26.2131696124515,13.1302034057942,13.4925133319244,20.1953292609329,34068.4839070889,22801.1233456575,-538.277951234535,0
1162,4606,5.6155400265827,4220.06775359048,25.3805570080612,12.9299322602646,13.2747087826559,19.8839854920883,35086.1084498126,26385.2621795041,336.055391921877,0
1162,4607,5.48839125718513,4843.35156234817,27.1730582196415,11.9280661952903,12.2299802080307,18.3388363816153,28710.3701766817,27423.0564252519,-337.447901551127,0
1162,4608,5.9823030901281,3558.34451922521,26.9390238434164,14.6803714402568,15.1409701421207,22.5949112965041,31827.454817579,21661.4277705647,455.437302269053,0
1162,4609,5.68941861468927,1589.12076047318,27.2648043008127,26.4528760715571,27.7923999022157,40.8548884761194,27661.2297088427,23815.4497602848,-162.252647804246,0
1162,4610,6.33112176855792,5054.63184362989,27.0345142864857,11.584408485759,11.8670518968298,17.8075620196559,27678.0509546447,28778.1753554597,541.360289030541,0
1163,4611,5.55215449462965,3691.53693238165,26.2131696124515,14.2407128477425,14.6683465146028,21.9129410670343,34065.2011649959,22807.1132098309,-466.994671609232,0
1163,4612,5.94411402327478,3777.39727504014,25.3883041857754,13.93705766947,14.3397752329575,21.4413378681964,35048.401088593,26337.8678570497,287.070841942223,0
1163,4613,6.02302087805095,3399.29477322521,26.9390238434164,15.1525999731824,15.642824006983,23.3258086341654,31828.6362530062,21707.6817649688,437.253471859817,0
1163,4614,5.57729151340467,2454.7649356801,26.7972591080715,19.0605626796969,19.8146816999594,29.3795698234607,25529.8886528123,24033.1764475016,50.8207486111437,0
1163,4615,5.49967843723216,3864.42801834817,27.1730582196415,13.893307299977,14.307678717257,21.3775899927271,28726.8261221735,27393.9733355856,-313.562148727011,0
1163,4616,5.45051603360778,1807.47386002476,27.2503631096458,23.9849347650727,25.1216491460181,37.0217425449495,27648.3091222918,23851.1531498379,-172.137417882338,0
1163,4617,10.7677623400598,3235.43216890127,25.2657728734022,15.4873559946551,15.9835148146008,23.8397813838398,34781.1186003084,31383.2150689245,-949.291539382718,0
1164,4618,5.76346032799003,3733.3301836801,26.7972591080715,14.1891458271448,14.6184184642023,21.8344703141658,25516.303298946,24034.8722110158,38.1747859975103,0
1164,4619,5.8153178476366,4177.42541759048,25.3805570080612,13.0185345793314,13.3682833854894,20.0209599994451,35095.5313053438,26361.8043702688,292.242007408861,0
1164,4620,5.46729842725005,4085.00939638165,26.2131696124515,13.2914389804449,13.6630124745239,20.4446498847465,34084.5338314874,22798.3784325616,-463.794898989317,0
1164,4621,6.14822768199149,3441.78627475635,26.9588564981317,15.0247053827528,15.5070194306595,23.1278895514816,31823.8029815373,21719.4483608772,425.830042680612,0
1164,4622,6.89297683872997,2765.867281375,27.2024145194695,17.5533016772528,18.2053611664025,27.0446159763551,29035.5985793994,25984.9799618192,989.16879275654,0
1164,4623,5.61341507734216,1965.15799402476,27.2503631096458,22.5280988451179,23.5491040993345,34.7601528585251,27656.8837540466,23841.469414784,-172.936628441872,0
1164,4624,5.47009245966779,4548.9462766202,26.2038925678959,12.3626080107819,12.6818288623125,19.0086638001213,33061.6074271279,25958.6739362802,-482.036035003001,0
1165,4625,5.62525575155932,3903.0405136801,26.7972591080715,13.7640169274672,14.1677448746058,21.1767811606526,25507.5002892287,24038.8517500245,61.0610289052805,0
1165,4626,5.98737601991377,2924.21932675635,26.9588564981317,16.8409472776937,17.4418514260294,25.9402791031632,31820.4325301125,21719.2725163241,463.932595818765,0
1165,4627,5.41493163244572,3087.01284847041,26.2824364229711,16.1271018859108,16.674001756563,24.8328767417778,34077.4561363657,22814.446758018,-490.979667094961,0
1165,4628,5.52730645296041,1878.89481647318,27.2648043008127,23.2996968408317,24.3818060622289,35.9579285187874,27661.4936831801,23842.33115718,-155.418093621437,0
1165,4629,5.51448001062447,2834.99365773073,26.3759258164431,17.1363723995862,17.751337894921,26.3962950484731,32985.2150698609,25982.2624684004,-447.048296756254,0
1166,4630,6.02876809259947,4284.69926875636,26.9588564981317,12.9330729130365,13.2895210489043,19.8920100061528,31863.2413760588,21761.2916905436,385.459756102026,0
1166,4631,5.90247979725151,3001.9128016801,26.7972591080715,16.5116263762691,17.0888692317184,25.4297420570051,25522.9449360918,24047.5003228027,23.018210819393,0
1166,4632,6.68993947138588,3173.76709510895,27.2107123936225,15.9275027366501,16.470085088973,24.5262045922885,29071.1790805978,25986.2416445334,948.378677271122,0
1166,4633,5.43992255824917,1961.64649847318,27.2648043008127,22.5610754791653,23.5848625874815,34.8113905111685,27675.3985720712,23827.2698472079,-169.944515823861,0
1166,4634,5.394426798425,3240.71257773073,26.3759258164431,15.599949010941,16.1136291399751,24.0169289446086,33006.4012424183,25992.7078102771,-473.196749241155,0
1166,4635,6.23164284474313,2014.056649204,26.0779627372217,21.8870927183934,22.8423370874434,33.7609605913719,24413.3573930895,22220.7225152055,332.739099867662,0
1167,4636,6.12867156402674,5483.30738890379,27.0416114984779,10.9787694444722,11.2300067745922,16.8719829105862,29519.3376881014,31699.4176304964,645.712056785533,0
1167,4637,6.11898198602417,6267.86306116483,26.9715602282655,10.0576333841498,10.2631588278461,15.4495916981769,32081.6657837336,22620.8517737688,-455.604199252865,0
1167,4638,6.72703228438501,5371.48829278493,26.6448644334433,11.1026259405149,11.3578886246025,17.0626522925524,32219.8952881999,25787.44401598,1052.47328675571,0
1167,4639,6.87322195286774,2927.97896110895,27.2107123936225,16.8581658194005,17.4627244437808,25.967638416375,29064.5253445919,25977.0888333009,934.612665723333,0
1167,4640,5.3589738610588,1665.58236802476,27.2503631096458,25.5168041819958,26.7783530267077,39.4007076932933,27683.6874701447,23843.1926999405,-196.929638022981,0
1167,4641,7.77626553872805,2409.47970566213,25.8802724771827,19.1698537840447,19.9210248209975,29.5460243741794,24172.0188644874,21824.0974471961,158.8519189583,0
1168,4642,6.18374682375779,5377.18612090379,27.0416114984779,11.1208409469605,11.3793429941327,17.0914240848227,29503.6035533085,31684.4214326923,643.493972175862,0
1168,4643,5.88637396983158,2289.2452139248,25.7623951415392,19.8725413693215,20.6730221748381,30.6350624958319,23997.270014704,21509.6370670451,537.099699720534,0
1168,4644,5.43613727821489,6005.56672185674,27.0337825794868,10.3441912328751,10.5638094807607,15.8920514337633,31765.1761223927,23004.0818588596,-405.342913359373,0
1168,4645,5.99541672629795,3329.60601392767,25.8826255418987,15.2533135741004,15.7404819395133,23.479107341163,34189.3346473056,28419.5112888611,124.242798165245,0
1168,4646,6.67409727903102,2442.61402510895,27.2107123936225,19.1946741023255,19.963251125026,29.5888095935482,29020.5603788094,25951.7159498371,945.075271200364,0
1168,4647,5.88122595191709,1679.43672202476,27.2503631096458,25.3564769766176,26.6048179462804,39.151682129204,27680.7536281299,23819.2201131861,-158.70548753617,0
1168,4648,5.2822805216087,5537.78431876329,26.6241101438541,10.8812784460973,11.1252119249736,16.7207595620677,33072.2323730191,21820.9726812928,-371.835098468311,0
1168,4649,5.47599998234175,4045.21186627645,26.3661457437991,13.3937600044866,13.7724139615368,20.6032013417856,32996.4927238576,25992.1746370856,-487.286321314389,0
1168,4650,6.11340614992087,2263.98963180409,25.3060169078891,19.952612127348,20.753124332775,30.7576171353516,35665.1471061202,22128.1644390676,164.850887432789,0
1169,4651,6.06951436115712,7438.90782490379,27.0416114984779,9.01377917003496,9.17211466993631,13.8389682057041,29499.6031108595,31672.2916291636,664.671228591937,0
1169,4652,5.81811868379495,4205.33774792767,25.8826255418987,13.0043655723641,13.3570651953325,20.0000882571483,34176.1222908823,28419.0844630494,153.194497939023,0
1169,4653,5.59688071853154,3650.76428055655,25.4088915253403,14.2671540008769,14.6896477397254,21.9519925653321,35644.2725173756,22153.3171579225,173.958596649165,0
1169,4654,6.13751885379742,2633.4455159248,25.7623951415392,17.9688296333221,18.6341368190843,27.6842228361025,23980.185671679,21529.1450262177,541.613172416843,0
1169,4655,5.6612916660168,4924.31616676329,26.6241101438541,11.7574822497274,12.0467619135024,18.0742771316766,33098.2416762082,21808.6349661813,-358.943337150445,0
1169,4656,5.33865468757204,1503.22872202476,27.2503631096458,27.6034405271196,29.0396930370014,42.6425374989936,27667.9838489436,23822.1558940804,-153.235940676232,0
1169,4657,5.60577269700172,6380.8766515777,27.0882477591011,9.94831448553235,10.1492479299023,15.2810144125175,30689.9947714571,30423.6389322325,-529.169199732934,0
1169,4658,6.57669864284823,5041.90909675635,26.9588564981317,11.5984812439485,11.881406033404,17.8291775720414,31878.8295164965,21770.8031357047,490.356167738566,0
1169,4659,6.13528411796194,2324.18057745414,27.1909735860525,19.8973114652655,20.7171208683075,30.678302700577,29488.4845202637,25313.1346703354,-99.6841320270612,0
1170,4660,6.2112113685696,9422.8614324497,27.339055798013,7.7789715449286,7.88788279535257,11.9354703362941,29504.8961195768,31676.64820829,650.099648895169,0
1170,4661,5.37361814379482,9211.7567573801,27.3063644551268,7.88837681250318,8.00139505028528,12.1040473877695,30725.9207015253,30419.9071355524,-551.302976902573,0
1170,4662,5.81072440444193,4846.91601844834,25.8399280010038,11.8238013557138,12.1115627564616,18.1753574534944,34168.3377907637,28407.5849094484,158.313962036526,0
1170,4663,6.13669167694185,4381.16382337266,25.2026907234495,12.5941819458317,12.9190459262687,19.3646375440502,35659.5914762255,22145.8792381818,190.239342032208,0
1170,4664,6.02684713418831,2827.64314072961,25.5564689056133,17.056131277476,17.6571287368769,26.2696399597065,23897.6468088524,21542.9105747052,578.684997410712,0
1170,4665,5.66601462789733,1843.27869612234,27.2623307881003,23.6362029030427,24.7451121950889,36.4803407185075,27691.9734252529,23834.2935663106,-168.067627875199,0
1170,4666,5.72639545756795,5590.71080837204,26.7590636535247,10.8221632032077,11.0638925940853,16.6296771657676,32955.4294576663,21950.5405789519,-356.716714062807,0
1170,4667,7.82268107440881,3694.56193177131,26.4983016584671,14.2613266572488,14.6925507557402,21.945479268075,32815.5105913844,25010.9278335046,67.5876767347725,0
1170,4668,6.70989756057092,3075.84250507623,27.2883552987388,16.2914482950115,16.8587567706725,25.0900271563196,29482.3787892557,25250.1048461586,-74.9565817100095,0
1171,4669,6.23123263029328,9546.9118644497,27.339055798013,7.71596141757712,7.82246549529944,11.8383695786474,29510.9403173936,31670.557401497,638.497959569432,0
1171,4670,5.82519705536727,4425.18419644835,25.8399280010038,12.5631680605251,12.8908925277601,19.3179605843795,34187.7068817053,28408.1160441227,155.20557027926,0
1171,4671,5.24474198994199,9168.6078233801,27.3063644551268,7.91150917284883,8.0254266784717,12.1396994257359,30708.6171789068,30416.9158937058,-515.815092093176,0
1171,4672,5.56459132660279,4994.27771594519,26.8166677856687,11.6616599001556,11.9470545012239,17.9265520273945,32770.533273986,22173.1550476318,-309.101726665001,0
1171,4673,5.84762095342919,1793.30170212234,27.2623307881003,24.1303389954449,25.2789434624452,37.2475631512144,27697.0568786621,23817.6379434912,-233.998114688577,0
1171,4674,6.9699427480049,2608.41683649325,27.3090900884513,18.3209491160763,19.0279291744677,28.2346168928776,29071.0347750313,25974.0528623219,949.323335254798,0
1172,4675,6.03165138501506,9053.9479584497,27.339055798013,7.97508831759273,8.09160733157174,12.2377247956159,29523.9578669088,31666.2442148632,655.00598532912,0
1172,4676,5.74964725475156,4660.37917896851,25.8428086174359,12.1363669930463,12.4408298588836,18.6583376541706,34188.8255510698,28417.1471802379,188.650650377224,0
1172,4677,5.38505359037441,8423.7986333801,27.3063644551268,8.34271731715126,8.47383404950166,12.8044057077975,30706.2073021372,30422.1281196534,-519.044069576627,0
1172,4678,5.95949074240195,4111.26041931965,27.0127047844015,13.3048104063534,13.6831147876565,20.4669696762717,31903.9069159756,21726.9649859453,459.828245692335,0
1172,4679,5.35706202783738,1706.03469012234,27.2623307881003,25.0584290534386,26.2824849208566,38.6888190076489,27666.3632958666,23829.9173897704,-178.203004640856,0
1172,4680,6.71732856419245,2813.99974471168,27.3017209047705,17.3522906151899,17.9914925828364,26.7334303282137,29060.7155246926,25991.4557835683,938.798073597889,0
1172,4681,5.48936215940656,2844.69782347125,26.3604544142871,17.0928808329195,17.7047442412059,26.3288775189718,32975.8042496301,25997.6075584795,-485.619451296939,0
1173,4682,6.17608959254177,8924.6553384497,27.339055798013,8.04711219718819,8.16646860949235,12.3487396993013,29505.801946754,31678.053924863,632.814042644014,0
1173,4683,5.82133859232059,5315.71740244835,25.8399280010038,11.1253362243998,11.3769835235956,17.0964112393479,34182.5645955661,28406.8742743625,169.714978192118,0
1173,4684,5.49070295757637,4381.79191792684,27.062564197716,12.7475392474639,13.0941537942026,19.6053444724227,31939.9667662419,22426.5739346246,-637.434799717332,0
1173,4685,5.36168967703219,8114.1130733801,27.3063644551268,8.54197803283422,8.68131660300121,13.1116409902697,30702.86491793,30430.0824289563,-554.659205071067,0
1173,4686,5.78624944067194,1230.84576612234,27.2623307881003,32.2758790219471,34.1198733394667,49.9064323589774,27695.703470471,23847.6708153231,-205.443172849125,0
1173,4687,5.53337311969118,3128.48080747125,26.3604544142871,15.9866492540249,16.5251441792101,24.6156015157685,33001.3005221262,25942.3192378233,-539.199391103671,0
1174,4688,6.14614868698246,9035.8425864497,27.339055798013,7.98506719302315,8.10197794331405,12.2531054786004,29516.6019957872,31676.3946813492,648.870080634619,0
1174,4689,5.80406833506214,5029.11509044834,25.8399280010038,11.5386576377604,11.8114786237073,17.7348309364763,34174.4676351416,28411.3672270216,175.723550109142,0
1174,4690,5.51268402197184,4693.16960097301,27.0228748770735,12.1702745393932,12.4844258286242,18.7129046634796,31961.7618043982,22429.3328783521,-623.70171734762,0
1174,4691,6.93020463796789,3056.86988306186,27.2979808338611,16.3637710703135,16.9359803178749,25.2020657215384,29073.5184905422,25969.8004444035,951.937061415656,0
1174,4692,5.50244017169479,4325.41623915682,27.1717016257758,12.8684572243325,13.222714328794,19.7925132956082,31960.1417758986,22429.7065939934,-621.007336217946,0
1174,4693,5.49443352430229,1612.60039812234,27.2623307881003,26.1569788822089,27.4717717307983,40.395190673763,27641.4146402488,23833.7211179066,-195.999642538983,0
1174,4694,8.46216090517025,8946.60550376602,27.4233739659306,8.03786301586512,8.15715968661804,12.3345677786033,30145.3817255437,30733.6807568738,324.103330167529,0
1174,4695,5.39804336440166,3031.52235547125,26.3604544142871,16.3433151748426,16.9051513520116,25.1679012437316,32993.7930375,25982.0336600448,-503.280224751648,0
1175,4696,6.25520792831095,9053.8378284497,27.339055798013,7.9751489124762,8.09167030385545,12.2378181916104,29514.1455815872,31668.3511786023,653.278257000375,0
1175,4697,5.82356518966098,4585.84319496851,25.8428086174359,12.2674753138112,12.5790290986767,18.8609511598765,34191.7381435654,28430.6462633922,187.97452653984,0
1175,4698,5.49740415691549,4607.60246992684,27.062564197716,12.3241812001839,12.6470756946191,18.9508658041046,31928.6503569709,22425.4655720125,-646.841397261066,0
1175,4699,5.62321445269875,3948.25894456431,24.081299912868,13.3999919260768,13.7610154303154,20.6078791618438,34117.1004590754,14469.1182996687,94.9744448128517,0
1175,4700,5.57338307574871,1474.60750812234,27.2623307881003,28.0197771860792,29.4916774500814,43.289587904746,27699.5944285032,23828.6550767737,-201.395529938401,0
1175,4701,5.60129249621394,2882.16404947125,26.3604544142871,16.9354428872568,17.5366915951537,26.0849977940033,32988.1470412589,25963.0011324699,-458.637314128321,0
1176,4702,5.75616943989814,4547.58640456431,24.081299912868,12.1933584931524,12.4885618069447,18.7430064006511,34131.2030801236,14477.1474871773,99.0842905431986,0
1176,4703,6.22833385715844,8389.3794864497,27.339055798013,8.36552850156886,8.49770366568229,12.8396102055722,29533.5086495327,31700.8364909213,694.631039107595,0
1176,4704,5.59221745532406,4059.31166496851,25.8428086174359,13.3147919291256,13.6848981709765,20.4799865855507,34184.9194445197,28420.0560290178,168.329916129128,0
1176,4705,6.83966323640683,2210.96135306186,27.2979808338611,20.6563658176891,21.5341160346653,31.8559935647516,29036.5351821416,25995.0421499759,954.553560516496,0
1176,4706,6.11174841049823,2739.32936447597,27.0206132999135,17.649164356716,18.3059700693616,27.1926394727753,31832.4401500347,21711.3209327524,396.364904481087,0
1176,4707,5.56411387040797,6704.4490733801,27.3063644551268,9.64704028099718,9.83496492066383,14.8163306254995,30732.0540685018,30410.8158778927,-587.938555335337,0
1176,4708,5.32040573464433,1429.66470190612,27.2856830731512,28.7068889012833,30.2380937508581,44.3575982815925,27708.2675679182,23834.7273241557,-179.951244282297,0
1176,4709,5.54173715662267,2610.40830801709,26.5254894237484,18.1954184818936,18.8849724350831,28.0376929460551,33009.1685384627,25951.6806567695,-575.692017153043,0
1177,4710,5.99411213458287,6711.99529701809,27.3387865711483,9.64170131025275,9.82953217453985,14.8081336379047,28070.5741702241,29873.0070370162,457.487954436673,0
1177,4711,5.71444317743965,4656.43889656431,24.081299912868,12.0040420414409,12.289326755594,18.450526341772,34135.0459860675,14486.1857368506,99.3585586112436,0
1177,4712,5.43889834014759,4512.46829697301,27.0228748770735,12.4947759472228,12.826892893597,19.2144996008139,31983.2586493647,22422.6255894297,-656.612149331639,0
1177,4713,5.91825178233441,4040.32389844834,25.8399280010038,13.3568367600636,13.7293402979585,20.5449959842142,34184.367694176,28406.1647062871,125.740876608635,0
1177,4714,6.61150975679429,2912.78635471169,27.3017209047705,16.9321869659307,17.5426617602511,26.0825560763446,29062.5744022005,25961.3290699695,1013.01051207172,0
1177,4715,8.04528829922499,5257.04695252492,27.2995278312504,11.3050096938292,11.5745525892958,17.3763358172465,30619.4234286262,31211.38427311,511.954308984533,0
1177,4716,5.54117151568011,1893.18961212234,27.2623307881003,23.167252811103,24.2388100269001,35.7523136242196,27704.1623401369,23843.4537726851,-151.772371840919,0
1177,4717,5.68567281372461,2900.59981147125,26.3604544142871,16.8593413550633,17.4554793446672,25.9671180534358,32978.6485254632,25988.9926426658,-490.002111956413,0
1178,4718,5.95391500245508,6218.23845501809,27.3387865711483,10.1298949831838,10.3407252811599,15.5616512844546,28065.3071151128,29868.0781096155,434.679742631547,0
1178,4719,5.68305327790602,5405.85152056431,24.081299912868,10.8857761676103,11.1148703553372,16.7235436487241,34137.8502017985,14486.0431984888,110.384712171104,0
1178,4720,5.9329943197896,3977.68330896851,25.8428086174359,13.4992399211652,13.8799983145,20.7652159213692,34155.6728784558,28420.6006590858,147.70038817973,0
1178,4721,5.98860941739576,3789.85943447597,27.0206132999135,14.0653322137305,14.4888858008954,21.6434004381431,31834.9471650743,21747.8636532898,366.374233766962,0
1178,4722,7.2136321560505,3024.80002706186,27.2979808338611,16.4858927771668,17.0662520225026,25.3912156304754,29051.3469113377,25987.1034970413,988.549142621944,0
1178,4723,5.59828980312532,2181.15753612234,27.2623307881003,20.8569366952018,21.749381462947,32.1670147623826,27700.731016233,23829.5924028115,-178.637888076644,0
1178,4724,5.50001119645793,3327.13330147125,26.3604544142871,15.315283261384,15.8106867646121,23.5762191099421,33020.5619302279,25971.9215361053,-495.389473404277,0
1178,4725,5.73820301851284,1944.51616298161,26.5111056622721,22.5538077192778,23.5665873996582,34.7972261251061,25263.6717941552,23423.2280223367,87.8015469352121,0
1178,4726,6.02751176350488,4087.84500129399,27.2157717295152,13.3745126850681,13.758389057466,20.5751830302015,30068.6324095483,32106.7014349387,132.082053339859,0
1178,4727,9.89210789381736,5105.38842579232,27.4168622085272,11.5343097519963,11.8166163432169,17.7307945634535,30298.6039815734,30886.3191881548,152.32750770356,0
1179,4728,5.78755121007154,5218.10189656431,24.081299912868,11.1392640595042,11.3807269216866,17.1149142272658,34135.8439439732,14486.5813821563,86.992656936197,0
1179,4729,6.10431359231627,6866.04514101809,27.3387865711483,9.50202861732305,9.68344780016553,14.5925976670526,28083.4821120338,29881.5274557558,456.930063588492,0
1179,4730,5.56665240858021,4681.55502698161,26.5111056622721,12.1513296962252,12.4610765227716,18.6826952643816,25243.0766768849,23423.1301161565,79.6690927947859,0
1179,4731,6.00088640364568,3922.81518844835,25.8399280010038,13.6268127349233,14.0149736478593,20.9625033569541,34170.1133024497,28399.653667257,177.834818919696,0
1179,4732,6.99113389710892,3181.30532071169,27.3017209047705,15.9117131189723,16.4540964061113,24.501984032239,29061.7693230524,25957.9708448357,962.122377375896,0
1179,4733,7.95066480642245,4315.08461415417,27.009260699131,12.8757158004364,13.2292453316794,19.8034217999782,30599.8676928225,31196.4690206823,528.414105999595,0
1179,4734,7.93125288959461,5632.98672052492,27.2995278312504,10.8023894956355,11.0461342826551,16.5999708395032,30595.9942133627,31189.8440169342,537.091735518023,0
1179,4735,5.93872177380289,1409.48518131965,27.0127047844015,28.9449850013344,30.4919533452739,44.7263532137974,31805.4924146326,21707.71072766,400.15422898671,0
1179,4736,5.51702928935536,1862.99196612234,27.2623307881003,23.448160001481,24.5420536043998,36.1884005950712,27685.7584072338,23807.5219606576,-213.937088377181,0
1179,4737,2.73160574760302,3723.89715201428,27.2993625113995,14.2632404277107,14.7010559265749,21.9502241177787,30509.9887587052,30033.3431833989,429.710089632714,0
1180,4738,6.00298938514693,7376.69941250551,27.471435623157,9.08174178623632,9.24490578010948,13.9443179946001,28073.8742534592,29875.7951095265,452.529700100837,0
1180,4739,5.71560797049776,5345.47748720427,24.0638970761195,10.964385603385,11.1971832233783,16.8448755706773,34139.1686090724,14468.2314200796,104.29689433997,0
1180,4740,5.66311650824786,3184.33973777104,26.4197500766588,15.7972033916964,16.3239801006773,24.3224304524834,25197.7646916345,23440.5237665771,65.7067037716856,0
1180,4741,5.60459265711484,5100.83540857075,27.464688815825,11.5444302917718,11.8275615805547,17.746511296217,30751.7555841156,30394.8630974552,-465.2306678746,0
1180,4742,6.79797689642825,2502.25422269166,27.418771772179,18.894670390167,19.6438968640656,29.1243273857507,29038.4227404869,26000.7827942976,1002.14437985245,0
1180,4743,5.97227960307122,4550.96612836989,27.3923081925097,12.4526914436577,12.7849363324782,19.1501256640787,30030.666622173,32081.8339103705,169.522282103396,0
1180,4744,5.4385292236806,2430.21465389975,26.4551751739316,19.1446865079076,19.9008781130266,29.5088904468631,32989.3701405093,25978.9598844578,-481.549760341189,0
1180,4745,5.87350354719935,1273.97556902688,27.0531034238963,31.3399789622841,33.0968431347935,48.4499238593319,31840.1233349978,21672.2058309456,394.820119664074,0
1180,4746,5.3801286218209,1865.43850862753,27.2760678835536,23.4280365263154,24.5205213392389,36.1572133272317,27680.5476422054,23825.7972532545,-148.341633652307,0
1180,4747,5.80398779300511,1996.85768226486,25.8383220630005,21.9777102145191,22.9365590743521,33.9006418201107,34189.9978036351,28411.3137782174,155.200113860066,0
1181,4748,5.78753980247907,5241.71300120427,24.0638970761195,11.1052873195972,11.3449690443341,17.0624220870021,34119.6420645034,14472.357189498,98.5054948700532,0
1181,4749,6.02982810740434,6518.23606250551,27.471435623157,9.83249208260337,10.0298438440653,15.1027630513941,28087.0098594799,29861.6064523411,459.05988882105,0
1181,4750,5.64090698422223,8035.66775257075,27.464688815825,8.60112457798207,8.74356949823236,13.2030219381609,30750.4838892694,30364.8596759391,-437.526436719269,0
1181,4751,6.19730492006308,4927.09978247191,23.8920935961614,11.5513289638602,11.8120927046829,17.7508949975205,36604.3664031151,17094.6238576397,445.547176116891,0
1181,4752,5.72035745774096,5122.23170733939,26.3487464927973,11.43540993912,11.7060360742738,17.5762079917371,25137.7922396632,23422.469277968,45.8641574502853,0
1181,4753,5.61675610885913,2170.14619262753,27.2760678835536,20.93719709287,21.8358920778118,32.2915751336411,27695.542878059,23843.1109886861,-179.340894192948,0
1181,4754,6.03823421432203,5665.98832636989,27.3923081925097,10.7667745211741,11.0092336673937,16.5451083926043,30063.5281593337,32101.3794177851,198.798960857871,0
1181,4755,6.94857430553247,2997.77440157767,27.4229599313919,16.606312619849,17.1959460456233,25.5780705441964,29054.2633249846,25977.9492054831,969.416423785304,0
1181,4756,5.79024833320253,1211.61996302688,27.0531034238963,32.607434609209,34.4770488739787,50.4209599712643,31816.3323516237,21696.6620356315,509.890418940754,0
1181,4757,6.95696251125224,5367.9336515802,25.944000908104,11.0611608146885,11.3101919902035,16.9974706768583,24994.121265168,22468.1818102144,-239.125600399652,0
1182,4758,5.70811160746373,4999.51510520427,24.0638970761195,11.4541152673437,11.7111305400234,17.6010778380003,34135.9573242324,14475.4606343416,66.010509907193,0
1182,4759,6.15814155052616,4974.34561850551,27.471435623157,11.7391750366595,12.0327555629108,18.0474451594116,28062.9586266838,29871.4383789432,446.449474371297,0
1182,4760,6.10864371576834,5366.90572868857,23.9496183379605,10.9280663007168,11.158389544044,16.7886066080181,36601.1313290043,17097.4714651924,431.013970575079,0
1182,4761,6.02082755413834,5309.05580177104,26.4197500766588,11.1733660643911,11.4309162124101,17.1715491096346,25152.9883852789,23428.4682448937,-1.40654582137671,0
1182,4762,7.70456421128134,4390.23329886608,27.1918216319225,12.7415806365176,13.088752958601,19.5963787406193,30605.9799291595,31211.5059132951,495.572430987998,0
1182,4763,6.99505180838973,1970.98710269166,27.418771772179,22.5124186350183,23.5344860004583,34.7364486744395,29024.0878945446,26000.3255125372,969.925776516217,0
1182,4764,5.84305577757625,5032.32233236989,27.3923081925097,11.6435210378948,11.931491807915,17.8995019149691,30103.2521530129,32128.3403103025,203.346524630774,0
1182,4765,6.74351402507268,5555.13248737536,26.0144306708135,10.8202506574651,11.0576509352833,16.6255543425501,25013.0769602929,22458.5123741804,-190.358740027073,0
1182,4766,5.90753993356217,849.138081026879,27.0531034238963,43.4949957492215,46.3773004475198,67.3651575891452,31827.7443236995,21700.8425028947,498.694652736754,0
1182,4767,9.88572588194332,6009.25229651654,27.5914370351355,10.3720714788105,10.5959546589106,15.9358994331516,30332.816595795,30916.505394142,113.099304494889,0
1183,4768,6.05430688817209,6109.91807450551,27.471435623157,10.2536734471126,10.4711567298713,15.7529276877216,28063.928328775,29856.3190396167,449.626953808117,0
1183,4769,5.74015562241338,4912.93968403295,24.0389738957717,11.5842605692298,11.8476795854474,17.8020288619844,34245.8523254855,14455.1373256356,55.8518383155101,0
1183,4770,5.7402876813349,6189.74458036989,27.3923081925097,10.1631150110116,10.3758139703372,15.6130095966606,30093.3395219298,32140.4719448573,207.96204498105,0
1183,4771,6.04257464431727,5362.26746447191,23.8920935961614,10.9302653905632,11.1603360413579,16.7919024231221,36596.9825719685,17093.418183471,448.93357904237,0
1183,4772,5.85462217922759,4786.00481733939,26.3487464927973,11.961737367114,12.2601679770567,18.3894081038765,25133.9933255393,23403.3176901403,65.1775798110587,0
1183,4773,6.75669222792199,2173.33996469166,27.418771772179,20.9403097682104,21.8410367055394,32.2968998101681,29058.3344090912,26001.9460100022,973.661121301519,0
1183,4774,5.90734224736068,1131.57747902688,27.0531034238963,34.4305191901677,36.4645290078309,53.2567017973695,31799.6550029404,21697.340221796,435.635057588833,0
1183,4775,10.3062757881271,6790.33830851654,27.5914370351355,9.58260584365547,9.76888945577818,14.7172628009135,30326.7526936115,30910.9466154237,112.802835671024,0
1184,4776,5.73786524491564,6620.39520403295,24.0389738957717,9.55328194186715,9.72091615038135,14.6672242638887,34254.8862649265,14453.982659548,68.9366737445469,0
1184,4777,5.85757672636681,4105.29084977104,26.4197500766588,13.2653750917067,13.6369941338391,20.4047722735802,25155.3305832063,23406.7429297567,42.1345164643804,0
1184,4778,5.3698163350012,5715.49296457075,27.464688815825,10.709944439558,10.9499389198762,16.4574513957,30714.2014866456,30417.1366920148,-547.094634570963,0
1184,4779,6.02484632356085,5026.18042661215,26.3298802294001,11.5780467117344,11.8559996032489,17.7965310732392,32629.8437697667,32661.4619145366,511.509620376203,0
1184,4780,5.89370598005924,6018.05191036989,27.3923081925097,10.3507976493964,10.5726070320367,15.9027677188577,30097.9330074747,32143.2416743346,159.167288264284,0
1184,4781,6.04237977306259,3865.07133303602,25.6029483389525,13.7420640362587,14.1350765345242,21.1402299300902,24634.9480280716,21259.279278697,288.306580580956,0
1184,4782,6.70460634877795,1686.82967669166,27.418771772179,25.3125135818191,26.559815445028,39.0841121290904,29050.2497251764,25981.9896316235,976.884801109627,0
1184,4783,5.46813990758484,5096.58161105614,24.4817749539262,11.3409693901181,11.5950294402822,17.4270961295303,35585.5381522229,17340.3174577196,12.3708866876846,0
1184,4784,5.72592631511713,2740.84109102688,27.0531034238963,17.6467435067129,18.3037216481103,27.1889819193156,31835.6218667815,21726.1678375699,479.399261846176,0
1184,4785,5.98829702992799,2351.15914850551,27.471435623157,19.7770339047465,20.5912848238534,30.4926886975357,28094.0131994944,29871.1759207644,483.963794249761,0
1185,4786,5.64554451114839,6617.64368236989,27.3923081925097,9.73280551979746,9.92511444160131,14.9488028599176,30085.2094877973,32141.0559618022,218.387747497776,0
1185,4787,5.55845186207785,4402.48185585608,26.1363271519338,12.6310853055755,12.9646709088189,19.4235223912864,32839.6003310331,19619.1980171408,-113.811456266236,0
1185,4788,5.78003609592603,4933.82130333939,26.3487464927973,11.722507185914,12.0081866649717,18.0197554637634,25153.0750002451,23429.6237042599,40.2607987496316,0
1185,4789,5.67555554912114,5777.46018403295,24.0389738957717,10.424332359664,10.6312411382099,16.011191040107,34253.9129615595,14439.0867189598,50.6758175921863,0
1185,4790,5.54335033763577,5884.89290842185,27.5058063652392,10.5096265304951,10.7398469871771,16.1481727849269,30723.6982622135,30425.5782648893,-530.439163055512,0
1185,4791,6.06107846140305,4878.44173164489,25.6610074808589,11.7598554233496,12.0430804797004,18.0762383786561,24601.708350848,21263.7336599499,273.92609416294,0
1185,4792,6.79971604893091,1897.61849669166,27.418771772179,23.1597108047082,24.2328603543077,35.7412113115867,29047.4719094641,25986.899448086,989.098334121572,0
1185,4793,6.12823772595946,5084.50527461216,26.3298802294001,11.4900622525871,11.7634161815588,17.6606044500908,32635.6757389203,32666.4165883152,515.856024674606,0
1185,4794,6.01467577605763,2635.64491502688,27.0531034238963,18.1476276029079,18.8395915241364,27.9652141724869,31814.3871992351,21704.7745856439,441.956505010946,0
1186,4795,5.6647632967027,3846.61697203295,24.0389738957717,13.633469840413,14.0073749176794,20.9687625277748,34283.4443434764,14439.0685943938,80.8953350671467,0
1186,4796,5.61216784020795,3632.36479185608,26.1363271519338,14.3915406035556,14.8276707069952,22.1461207272087,32855.6692375203,19631.650858892,-117.500179702763,0
1186,4797,5.68303218775783,4238.52612377104,26.4197500766588,12.9820117391683,13.3373804597807,19.9666121098627,25147.7094863175,23405.8266889036,67.2993176776251,0
1186,4798,5.81037906486283,5954.17651036989,27.3923081925097,10.4230463594443,10.6483973389205,16.0143199928264,30079.317065092,32117.2748489708,210.617215795341,0
1186,4799,5.39516798322509,5778.39922057075,27.464688815825,10.6334390581735,10.8696006664958,16.3393041857138,30706.1531249054,30430.6645052868,-472.320575525944,0
1186,4800,6.79486266406376,2614.25413822953,27.4197881041696,18.3077319162586,19.0149718762508,28.2144599137682,29061.7267526818,25960.9011323126,974.233579024123,0
1186,4801,5.9814812241832,3925.66485903602,25.6029483389525,13.5976838151471,13.9822748570508,20.9169383467784,24625.6461745769,21254.4816793599,248.257718891425,0
1186,4802,5.89417587013378,3149.49740828474,27.0612513040556,15.9957265825625,16.541397248027,24.631470593211,31797.6468175035,21708.5181987339,490.593963080456,0
1187,4803,5.32790229569417,6625.12271257075,27.464688815825,9.72943896695719,9.92193531812678,14.9437023248728,30708.5402122617,30435.2808852572,-518.162943366157,0
1187,4804,5.54491302504336,4507.43574585608,26.1363271519338,12.4332306128275,12.7558668622409,19.1176916719609,32846.8450253364,19627.535384303,-146.008911342938,0
1187,4805,5.65998157585612,7559.38733836989,27.3923081925097,8.93778877217714,9.09432102269255,13.7221695450949,30091.5269589832,32133.7275029799,217.272460847814,0
1187,4806,5.61659929839018,3521.46916003295,24.0389738957717,14.4753820453639,14.8982657037926,22.2707886401604,34266.1043638144,14433.3588979507,45.5232922782213,0
1187,4807,6.02216053922074,7448.34803042897,27.5838116987267,9.03101055090253,9.19242518260635,13.8661921875554,28757.7290311579,30554.150963066,-7.28866990957188,0
1187,4808,6.14946902176169,2148.95778564489,25.6610074808589,20.7902372107457,21.6570016718756,32.057847677789,24644.2752695938,21275.7305474221,240.690332287954,0
1187,4809,6.07900897083766,2596.53467828475,27.0612513040556,18.3445701250385,19.050523340183,28.2704852939851,31833.6586358532,21691.5807001873,448.49071703865,0
1187,4810,5.82301670552083,2337.32265108386,25.4336431954998,19.5196535043109,20.2904702655205,30.0867991325771,34901.3655953938,25866.6753199427,63.0543131291742,0
1187,4811,5.84954968135981,2517.91935540816,25.8540326368425,18.568477793617,19.2766430896423,28.6137803924896,34047.2641617572,30980.3515726131,447.431650963608,0
1188,4812,5.53721574413018,8454.62554027534,25.8131045005911,8.26432191065239,8.38647469148772,12.681942178529,32817.8446859625,19634.3261534727,-141.331278997519,0
1188,4813,5.42230177643201,7580.43438457075,27.464688815825,8.92520046165669,9.0814914545556,13.7028369816604,30714.4807721273,30404.8385418507,-502.353928864048,0
1188,4814,5.62054993629427,9422.45030642897,27.5838116987267,7.78768096797536,7.89777260751079,11.9491268192583,28732.7736570519,30542.866647566,-52.374373509863,0
1188,4815,5.21062137944448,8541.06716486698,26.0740463476904,8.22227758538786,8.34379442608646,12.617419414086,32566.038194988,18847.2811752797,-325.711921745216,0
1188,4816,5.59168196633175,8649.25584436989,27.3923081925097,8.20872652713581,8.33473286499749,12.5979242336795,30095.7006811884,32135.3827469914,213.830836080447,0
1188,4817,6.02681017042059,3099.22613702688,27.0531034238963,16.1764136950483,16.7338900247185,24.9112606494494,31799.5599119461,21706.8882868109,426.472771135821,0
1188,4818,5.68123771522675,2619.03848703602,25.6029483389525,18.0154170245779,18.6821519050961,27.7559172249844,24603.7225656645,21247.6280645869,205.975298717752,0
1188,4819,5.55044319585633,2756.80782108387,25.4336431954998,17.3473299121314,17.9665812296505,26.7203421408376,34913.0488160788,25850.6681609683,87.2994429890242,0
1188,4820,5.19883601533467,6821.74257550826,25.5009183468527,9.44885085670206,9.61920475927683,14.5081502977603,32566.1021902607,18847.3078447803,-325.879852424374,0
1188,4821,9.80265612065296,7430.64005025582,26.4739225170627,8.99423280745253,9.14925484425549,13.8081362843162,32466.4229595848,20651.0483994697,424.240975078372,0
1189,4822,5.37987435745042,7594.04645257075,27.464688815825,8.91502215346572,9.07087163595754,13.6871373783594,30719.3437354689,30431.6080984761,-531.421019465839,0
1189,4823,5.52375417651402,9054.43989842897,27.5838116987267,7.98370057841067,8.10143503966551,12.2512422232205,28736.2819213739,30529.1860638212,6.27851537153132,0
1189,4824,5.62811067171898,8378.11578436989,27.3923081925097,8.37471485015672,8.50747150434781,12.8538304967973,30090.7090668125,32128.7006115401,221.121291167892,0
1189,4825,5.42255387872183,3852.34638429264,25.8628772220364,13.7980049765594,14.1963867073734,21.2273259469537,32539.2670000086,18850.1940668985,-290.204662711241,0
1189,4826,5.97902966976676,2796.78649764489,25.6610074808589,17.2032945562367,17.815279411237,26.4978971207941,24624.5718259766,21263.6258817661,259.421692141055,0
1189,4827,5.8774878214459,1936.87390917469,25.4423678148695,22.39594138602,23.3812472674832,34.5480309344029,34913.0380375066,25852.3179013982,96.1274294539154,0
1189,4828,6.572537227047,1974.68870702688,27.0531034238963,22.4072543774515,23.4161156991617,34.5718513998408,31823.704516496,21710.135856106,434.165389680392,0
1190,4829,5.3203536536738,6418.13224803194,27.6392126504919,9.94031144666081,10.1435720593907,15.2694094155373,30715.8653487593,30413.5732176892,-541.064433913924,0
1190,4830,6.37068497195434,4170.61180077558,27.0393723263934,13.1783821117423,13.5495307498935,20.2715019024455,26889.1159236604,25621.4687983821,779.339785563992,0
1190,4831,5.55967953545017,6258.2817122246,27.5550404952418,10.0996336890161,10.3100947634612,15.5152355870527,30083.4882463153,32135.1002571947,235.342299525484,0
1190,4832,5.77731937008682,1883.92467141719,25.4242195540379,22.8568796537984,23.8775495304474,35.2632417924488,34914.0874128551,25850.3895633979,80.8514873219032,0
1190,4833,5.89355134784322,2411.98712774712,25.4204662998011,19.0800427791499,19.8192551304504,29.4052747657856,24602.7283168906,21253.2854487204,285.321553678897,0
1191,4834,6.50558844189831,3730.57637277558,27.0393723263934,14.2201665401989,14.6532710213921,21.8830025548182,26913.4250797028,25629.6171076518,813.634990089314,0
1191,4835,5.40500389435576,5291.10588003194,27.6392126504919,11.2793015704923,11.5494815950554,17.3371662438104,30721.5110628899,30422.7689421645,-521.291231146262,0
1191,4836,5.56585440145675,4985.7075362246,27.5550404952418,11.7272613219075,12.020713908008,18.0291762847683,30087.9995714035,32144.2779073768,204.12971327418,0
1191,4837,5.83112808721899,1728.17274173713,25.4321758440521,24.3799758864403,25.5207460892153,37.627447965311,34891.8030348015,25833.3894984607,107.069226637897,0
1191,4838,5.68832550464487,2274.63764774381,25.4765979154545,19.9149241772858,20.714876357895,30.6997823993983,24605.2285779015,21271.052229081,272.750110093181,0
1192,4839,6.41660050903993,4093.38864477558,27.0393723263934,13.3465943624495,13.7275350493171,20.531645627536,26892.2608428647,25626.5287239317,765.802717753431,0
1192,4840,5.58391013919649,4651.5731162246,27.5550404952418,12.2836619240207,12.6075474939488,18.8891254666245,30078.8956962247,32136.969736671,201.356991099227,0
1192,4841,5.38312753419781,5164.19206803194,27.6392126504919,11.4621330106388,11.7419401074634,17.6196406362402,30720.6939898476,30437.587687618,-524.831456149002,0
1192,4842,5.90197599003419,2216.15861774381,25.4765979154545,20.2951318228413,21.1228688778268,31.2893404989121,24592.6569310392,21260.4609640835,280.978733950024,0
1192,4843,5.61619242863113,2336.81719973713,25.4321758440521,19.5224524543007,20.2934523305171,30.0911333296546,34912.9535698305,25839.7669109346,61.623408143634,0
1193,4844,6.18959352102863,3634.80732477558,27.0393723263934,14.4768721412923,14.9257105075917,22.280219895264,26883.7865215126,25602.8394728303,737.267727615821,0
1193,4845,5.53224084017128,3135.6997442246,27.5550404952418,16.1038772439513,16.6612389505983,24.800213327852,30091.0734199608,32149.5198995589,197.785463658557,0
1193,4846,5.94832317431773,2128.05461774381,25.4765979154545,20.9044646087658,21.7772736883931,32.2343362629308,24611.3658792333,21257.8886043541,202.480638136738,0
1193,4847,5.77698523271894,857.837377737127,25.4321758440521,42.2744588327632,45.0007403105056,65.4536796077366,34882.6684583407,25805.1234860582,147.162289518981,0
1194,4848,6.44169817856146,3183.40648077558,27.0393723263934,15.8735717253031,16.4110525698792,24.4422590375683,26877.6767323437,25607.6717245745,679.763366309318,0
1194,4849,5.37247322044854,2088.9801722246,27.5550404952418,21.5867644362803,22.5386657115565,33.3003988665671,30072.9391461271,32140.4410782749,232.734956770525,0
1194,4850,6.43235871698095,2523.35152815324,27.2925248440251,18.7611802279326,19.499389691171,28.9169872274537,26877.7208185465,25606.8133165487,680.591208272556,0
1194,4851,6.06976570476466,2164.92148574711,25.4204662998011,20.6334449466878,21.4853814078146,31.8137921525888,24567.0823803834,21185.1764892207,298.216016208596,0
1195,4852,6.23544722600909,3081.69041277558,27.0393723263934,16.2393769908561,16.8008819660923,25.0087344721921,26883.7027932731,25618.4545837924,684.818764083287,0
1195,4853,5.44435668560811,2442.71334515499,27.5392248414404,19.2459934102978,20.0220588102178,29.6694170312279,30085.91847153,32137.566915492,233.194835722488,0
1195,4854,5.80350881931769,2015.54115374712,25.4204662998011,21.743065391627,22.6781664147348,33.5349721453762,24525.6758313325,21123.113436514,342.057730309942,0
1195,4855,5.62606624667207,823.360373314516,26.995826644264,44.5905486004059,47.5767807808215,69.0707636784892,31827.7809670054,21711.5136954894,469.5710103251,0
1196,4856,5.62719970163059,2485.64201915499,27.5392248414404,19.0045337215669,19.763052045141,29.2950318533701,30079.4783374151,32129.5952154745,184.991545213726,0
1196,4857,6.19387298684814,2059.99237677558,27.0393723263934,21.7124679185223,22.6673081387765,33.4935937314106,26889.8539496421,25617.8163933783,685.498689452369,0
1196,4858,5.97233097627202,2242.67326574711,25.4204662998011,20.1104347236376,20.9239183208838,31.0027366390648,24534.6240785623,21148.7811660024,275.085673398275,0
1196,4859,6.29453276440598,1757.28524788013,25.1729664052466,24.0151142867536,25.1227726600084,37.0598945223344,29628.9661335632,18021.4799593554,582.730768330846,0
1197,4860,5.5529747622231,2433.4888382246,27.5550404952418,19.3014105924544,20.0816996576672,29.7553960261614,30086.3037424085,32129.7889164654,206.088894832068,0
1197,4861,6.316093904854,2190.77895388013,25.1729664052466,20.4101632379715,21.2423634208643,31.4666233390623,29658.9693139087,18025.5560279149,538.030859632677,0
1197,4862,5.92898928308091,1928.16401174711,25.4204662998011,22.4661231732244,23.4565143608679,34.6568451890143,24545.6760700121,21164.4607180916,300.83861333702,0
1197,4863,6.06510716499408,1132.16714607947,26.9952374408101,34.3941336535631,36.4236679648815,53.1997716912564,31817.7183974437,21719.4272000446,448.804128712621,0
1198,4864,5.71962823532812,1830.9015302246,27.5550404952418,23.8203747630394,24.9482460445563,36.767448476402,30080.5266475509,32130.2097025998,200.203618498469,0
1198,4865,5.9202942434056,1726.00832788013,25.1729664052466,24.3403848467601,25.4738717421806,37.564842259754,29654.5351237607,18010.8995099979,556.958060023221,0
1198,4866,6.07618065738111,1362.47100207947,26.9952374408101,29.7145544508548,31.3278246490233,45.9225035204631,31828.0918701492,21714.3501790543,439.50564562722,0
1199,4867,6.23356465223613,2037.12557788013,25.1729664052466,21.5239283742214,22.4389824930581,33.194058916014,29652.897078638,18021.9470904089,560.034964323656,0
1200,4868,6.28961052937564,2039.86341490462,25.1086246603988,21.4898550163098,22.4014402174716,33.1409536807561,29626.6088452125,18048.7834723596,597.852508046248,0
1200,4869,5.72660605448861,875.574855855728,27.7398957246726,42.7549007801156,45.5822944560399,66.2172473081224,30037.4395237314,32126.2847358329,170.983892173744,0
1201,4870,6.67209126038564,2046.93376090462,25.1086246603988,21.4353792569483,22.3428680974416,33.056450227185,29654.3733033819,18020.1718507879,544.982637623423,0
1201,4871,5.7107595274699,852.799971855728,27.7398957246726,43.6992429582702,46.6173082556922,67.6877466118808,30069.499082651,32123.4151089397,128.176209699898,0
1202,4872,6.02578410593506,1999.20341890462,25.1086246603988,21.81009326097,22.7458590168033,33.6377390252231,29645.9508736831,18000.3616098882,585.873803295187,0
1202,4873,6.18850246780828,966.09446074903,27.0015619572422,39.0952426119703,41.558988896762,60.5151610755933,31802.3913664585,21680.5354253668,468.106993379708,0
1202,4874,5.67113415102416,1575.95535815864,27.7265742459703,26.742047881318,28.1132011813607,41.3062079271309,30058.4218553963,32124.7301248095,174.978086213576,0
1202,4875,4.11661349205636,2898.37406073457,24.9573581923846,16.6815383182385,17.2513983604603,25.6877557985616,35165.1178051344,17456.09234792,-162.97337201224,0
1203,4876,6.14196990624986,1611.72202690462,25.1086246603988,25.6127848339582,26.8476035172818,39.5401959906508,29651.0044678497,18040.3521414972,577.375335277098,0
1203,4877,5.93087490033486,1088.95548874903,27.0015619572422,35.4858312390316,37.6150359252063,54.8982215888494,31782.7114986184,21708.6994714644,478.611181387086,0
1203,4878,5.95527076768256,930.970245855727,27.7398957246726,40.6458733007631,43.2722175914642,62.9335641398056,30039.8996133996,32122.8912363642,198.632319376214,0
1203,4879,10.8790295668179,3248.29399394143,24.8423546951776,15.3947979775541,15.8811300818259,23.695416295425,34408.7927284119,16903.333497147,-964.19058933729,0
1204,4880,6.23937759105658,1255.12464215864,27.7265742459703,31.9375160619338,33.7600244208648,49.3826396757213,30053.0019609604,32156.0145598688,130.11461291497,0
1205,4881,6.00925499555846,1333.70840074903,27.0015619572422,30.2162184782357,31.8733299415131,46.7024206021453,31811.8854308532,21720.318201403,425.323054352006,0
1205,4882,5.93232620288794,1400.16585215864,27.7265742459703,29.3072402766235,30.8979785589576,45.2929016394311,30074.2218327963,32120.555947625,192.908699817312,0
1206,4883,5.41312039108462,3577.22820102289,24.2413904526433,14.3430193413392,14.7598804236978,22.0665508166957,34908.5711040989,15190.9331197557,-69.8844088556469,0
1206,4884,6.1751751247506,1498.11046474903,27.0015619572422,27.6073753613615,29.0397981443031,42.6474964219685,31798.7488262981,21713.6621486275,417.362080205381,0
1206,4885,5.40648170285028,1798.75059385573,27.7398957246726,24.1818982940673,25.3416086486075,37.3295442338931,30038.5713371578,32122.9223632826,187.361519087602,0
1207,4886,5.97211875526797,1673.48937027507,27.7177050806099,25.5383836949878,26.8088857158251,39.4362138060647,27999.9931156361,28104.5186535303,36.2100556352352,0
1207,4887,6.26895008627228,1800.16557318913,27.0073237184856,24.0037511629031,25.1384236829748,37.0499748278408,31830.0707086098,21721.6053839409,434.14155060847,0
1207,4888,6.30973951194018,1429.94724985573,27.7398957246726,28.8342890134442,30.3842573166416,44.5577813399328,30018.0318648676,32087.4295218385,73.3269438243352,0
1207,4889,6.62377371924313,1254.31327610011,25.2702018514449,31.114824349953,32.817337205401,48.0902335878125,35229.2596654587,27168.0026535049,240.40422689625,0
1208,4890,5.77698002640137,6484.47744171339,25.7865743235786,9.77582400330384,9.96225818490565,15.0130160439547,32203.7568903466,18717.8025102691,-275.420378047278,0
1208,4891,8.30031442232111,6928.77233185638,26.204295234578,9.39071542278658,9.56184601837524,14.4193917406564,32734.1014694333,19651.3680871945,-456.233441101427,0
1208,4892,5.99475494877093,2175.90314210011,25.2702018514449,20.5296375373928,21.3719142027042,31.6522539762759,35194.712594327,27175.284129831,207.844075592576,0
1208,4893,6.01398930128844,2910.65987074903,27.0015619572422,16.9019768520529,17.5074277325528,26.0349361607084,31808.579621336,21698.9765862523,409.629054628586,0
1208,4894,5.69300680843498,1643.79832227507,27.7177050806099,25.8897911968724,27.1894578544942,39.9820927658015,28035.1075476828,28095.696852822,59.6677070070687,0
1208,4895,6.37028444262485,3368.93441213446,24.5574657488738,14.979889164987,15.437918271787,23.0526096446078,36375.7666016886,19990.0311712586,534.725713399392,0
1208,4896,5.8071298764365,2091.47388815864,27.7265742459703,21.5999203602588,22.5550448295569,33.3214235336954,30077.4533205824,32135.783080515,173.878172042446,0
1209,4897,6.07979097152954,5223.10511813445,24.5574657488738,11.1657186481801,11.4115051962215,17.1565963477399,36377.329651323,19991.9163379891,562.416493701507,0
1209,4898,6.07335194174743,6242.41170171339,25.7865743235786,10.0181028600598,10.2156965194521,15.3868990787824,32214.6249245422,18714.612725176,-305.037813170096,0
1209,4899,8.00111312456165,6900.18517447904,26.1681195647906,9.41374858219113,9.58573265809084,14.4548790451284,32727.2546712009,19668.0412121725,-422.182220417003,0
1209,4900,7.22648455716719,3698.38792737951,24.4425906835057,14.0425310953029,14.4434806742346,21.6022753794783,25796.5113228864,18640.3430129284,968.902272542766,0
1209,4901,5.66123652262489,2562.15107810011,25.2702018514449,18.2487821366478,18.9278571859355,28.1164775729624,35230.7201122737,27171.4753127202,230.147469346084,0
1209,4902,6.32262748218702,3297.05198777445,27.0360807187673,15.4888977007337,16.0014389290158,23.8466531840136,31825.2113245358,21715.7266757626,448.576949893754,0
1209,4903,5.58965136320387,2021.1101269932,27.7003840850714,22.1506383289431,23.1481679760954,34.1759833352886,28034.0619948121,28099.8148805466,97.5922862109356,0
1209,4904,5.85980472738926,2017.24626815864,27.7265742459703,22.1873197639918,23.18805945715,34.233009243437,30059.4203541722,32110.3349398114,177.768488054575,0
1210,4905,5.28892377449096,3799.42817069304,25.768882820521,13.9194247242729,14.3242153394409,21.4149222878932,32150.2730609168,18683.412185026,-218.637029674342,0
1210,4906,6.88931010667721,3716.00854208769,24.297027903339,13.9823270686596,14.3785141287318,21.5088219443355,25772.3394821157,18653.65607492,936.731132186143,0
1210,4907,5.88882714745407,2377.45829351379,25.2214122533094,19.2457935993815,19.9943664927056,29.6615322263783,35224.8570993532,27166.9600633642,261.851996837683,0
1210,4908,6.12875093781455,1729.6131666178,26.9441682523864,24.7242442032118,25.9162012401494,38.1684887588166,31813.8207059661,21708.2768583332,412.207505424544,0
1210,4909,5.74891181604441,2610.61885146909,27.6644715963112,18.3618122194839,19.0755317933375,28.2990143413009,28018.891530729,28118.9652623632,36.353065730505,0
1210,4910,5.87005059791913,2316.34270606614,27.6125636902484,20.0170816894377,20.8507943060993,30.8654420911527,30067.2052189316,32125.7141036939,244.90061023921,0
1210,4911,5.66017364141593,3340.47906292089,27.9064471956483,15.4446578519926,15.9619979150685,23.7802665939506,29102.3103232052,30465.1741046259,-188.768062952322,0
1211,4912,5.54476684211275,5953.88598892089,27.9064471956483,10.4530552820782,10.6825662568402,16.0613966886698,29100.6776503694,30432.3823872853,-124.129294443612,0
1211,4913,5.80521679163586,1968.92004551379,25.2214122533094,22.0800770461835,23.0379876471394,34.0570507092288,35210.3091922572,27180.4857653519,219.993738005955,0
1211,4914,7.14813543357927,3343.74711608769,24.297027903339,15.027316825816,15.4858013226762,23.1253222104812,25778.7836600299,18665.5029336252,959.108527468727,0
1211,4915,6.0202443943817,2946.47703571064,27.6466522576282,16.8388142398136,17.4463236629184,25.9388340317987,28018.5626512795,28085.0185514095,85.5890361756518,0
1211,4916,5.7254888479926,3612.33052006614,27.6125636902484,14.5970865063946,15.0580622508452,22.4675491013703,30048.3019603433,32097.1459848431,196.150278044939,0
1211,4917,5.70284608015089,1130.31162445252,26.9584403777231,34.4251978693169,36.4568068005666,53.2478882953541,31807.3400854952,21711.2836311584,426.190192484447,0
1212,4918,5.53960058888233,6022.16658892089,27.9064471956483,10.3754918636128,10.6011655520333,15.9416288565822,29111.8702756569,30440.977099963,-122.876845236154,0
1212,4919,5.80625348501909,3416.88058146909,27.6644715963112,15.1768611459182,15.674886658685,23.3650887028205,28036.7309969774,28094.1517295416,21.8049876420998,0
1212,4920,6.05734068870351,2238.51828551379,25.2214122533094,20.1018154829164,20.9120947317203,30.9886615770956,35217.6289430014,27173.1617955662,216.041336052663,0
1212,4921,5.91854606310264,3933.68986006614,27.6125636902484,13.766088408702,14.176174779205,21.1817034684986,30029.5787255532,32108.3584542408,158.747309247665,0
1212,4922,6.00504660837893,1159.9327026178,26.9441682523864,33.7166250174058,35.6837911948026,52.1455735155491,31817.8966516774,21730.8780923261,433.67319442269,0
1213,4923,5.40240475772147,6249.21059692089,27.9064471956483,10.128344726425,10.3419390551643,15.5600425373447,29094.5168374714,30442.669353326,-120.588104661983,0
1213,4924,5.78828804236978,3474.94111746909,27.6644715963112,15.0000707412298,15.4868342910031,23.0914122277336,28025.7677164096,28103.4225847769,58.1980902601407,0
1213,4925,5.79906390769489,1138.96784245252,26.9584403777231,34.216037825673,36.2286703743952,52.9225140385158,31825.2558571791,21708.6011158608,460.985263974633,0
1213,4926,5.63822172393722,3950.93621806614,27.6125636902484,13.7249525822908,14.1325698777393,21.1180656457838,30052.895726236,32101.4885222349,213.179661948398,0
1213,4927,5.57213315331366,1448.30243592124,25.936972535181,28.0293917569567,29.4791537086684,43.2981568929621,27469.5734949208,21383.971779112,-69.1501108793016,0
1214,4928,5.63307344094464,6586.86917692089,27.9064471956483,9.78862978517663,9.98599398456928,15.0356371451033,29085.1502624173,30443.2802930183,-137.217879278714,0
1214,4929,5.93003833720314,3434.38872877102,27.6265612907392,15.1189220357942,15.6129255915347,23.2753061528474,27963.4556301504,28121.4306100739,88.1702412458515,0
1214,4930,5.87960040135842,1062.0271326178,26.9441682523864,36.1842927826509,38.3763977507584,55.9846413836816,31783.9189787497,21680.4360657054,438.665956935103,0
1214,4931,5.33765366156518,1881.50980392124,25.936972535181,22.9902021583173,24.0288147217712,35.4722420487661,27459.0121302392,21405.1448834904,-105.105922053391,0
1214,4932,5.84538369430678,3966.44252206614,27.6125636902484,13.6882424599191,14.0936603958885,21.0612755800208,30013.8714337301,32093.6490749776,148.939607172358,0
1215,4933,5.47397710525251,6804.53010892089,27.9064471956483,9.58538448188638,9.77324964168337,14.721952739191,29117.9601077671,30442.4870884135,-134.487899022843,0
1215,4934,5.84231556975342,4299.45330956309,27.5994454710902,12.9565794555519,13.3188881627795,19.9296016466322,27835.2612895726,28277.1799232816,181.01577967625,0
1215,4935,5.84225474309186,1611.8841966178,26.9441682523864,26.084891090295,27.3886296336728,40.2818032684788,31828.8714140274,21717.8463776774,447.203261279692,0
1215,4936,5.64264390856662,4408.28408206614,27.6125636902484,12.740492422605,13.0904929487493,19.5954929263455,30056.7912532709,32105.739221413,177.527453826014,0
1215,4937,5.80306936475782,1368.08374392124,25.936972535181,29.2918677073538,30.8493104169685,45.2601224825167,27460.7537381943,21397.6542887674,-137.346658914182,0
1216,4938,5.52736904445527,5811.26763892089,27.9064471956483,10.6202320183602,10.8580880594776,16.3195592937952,29097.0437446865,30448.4693714945,-146.644325567317,0
1216,4939,5.77844204518397,1377.15700645252,26.9584403777231,29.4558959879273,31.0460578847249,45.5202383093512,31802.1945353084,21726.0340058631,452.143893438386,0
1216,4940,5.55372760132266,4383.4624528621,27.5937803505006,12.787646142482,13.1402115153875,19.6683675712812,30060.4623229927,32125.9609553945,170.61670610579,0
1216,4941,5.25875007089592,1607.86893257971,26.0010023130138,25.89184176092,27.1643385849422,39.9777027573677,27445.7272600607,21418.56371497,-75.5467853724678,0
1217,4942,5.61513998356976,6260.77424692089,27.9064471956483,10.1161797303016,10.32918535115,15.5412618238288,29093.1085607635,30436.2084247102,-123.215878092648,0
1217,4943,5.66287949972501,2151.4551186178,26.9441682523864,21.010162240065,21.9101644859309,32.403606138648,31808.3813781354,21704.0730532496,431.271959437996,0
1217,4944,5.75472284772953,4684.73240806614,27.6125636902484,12.229633994565,12.5508929532664,18.8057128695762,30054.3439345281,32123.5286062473,195.887525684413,0
1217,4945,5.3080826151531,1765.86388188627,26.0513713140723,24.133403271546,25.2641223671824,37.2473050092464,27456.7875300657,21425.3694820267,-86.0502155222323,0
1218,4946,5.48299482278235,5996.08780492089,27.9064471956483,10.4049324167235,10.6320600253178,15.9870881247277,29099.0549817679,30438.5632457425,-128.292820197741,0
1218,4947,5.91495437700838,4196.90056006614,27.6125636902484,13.1715401094062,13.5464151798368,20.2620574064551,30042.6620680937,32101.7377713712,155.866682479353,0
1218,4948,5.91055765100002,2666.4229986178,26.9441682523864,17.9816608790951,18.6608059092337,27.7076734746452,31791.0670743075,21697.0227679436,483.715366608618,0
1219,4949,5.54510086422573,5477.02308892089,27.9064471956483,11.0419784349033,11.3013306925139,16.9709624660043,29094.6547148328,30445.3335457684,-127.134213029357,0
1219,4950,8.08894106528152,4204.287390557,27.1111773327406,13.112933184355,13.4808119786101,20.1704326123942,30911.0586262393,22231.9999327379,1166.98677445371,0
1219,4951,7.22324307006596,4716.14939689457,26.980972693538,12.1274330271842,12.4389645148989,18.6466143722025,29718.0123570401,22450.2924633141,1156.78746267379,0
1219,4952,5.34820162948406,3439.03746604457,25.9333698098348,14.9216487760374,15.3885700525816,22.9659233786297,26747.2866370587,21877.4579900351,-151.258300172687,0
1219,4953,5.71540941145021,3027.65035006614,27.6125636902484,16.5138522203833,17.0990821433094,25.4353486583671,30016.3263356878,32083.7948708285,192.97555191071,0
1220,4954,5.51707990651163,4519.57846698372,27.7978093770041,12.5426530969458,12.8826612755706,19.2899500895115,29103.0852418696,30435.8150703648,-130.992014868218,0
1220,4955,6.39755619434193,4054.91000432384,26.8340114876362,13.4141526951036,13.7975182264142,20.6357103978261,29693.4804728797,22572.1451900597,786.484788282372,0
1220,4956,9.07097589933533,4203.48122344777,26.8704147665303,13.0939310645899,13.4589752904801,20.1405690227201,30851.8188017467,22187.5357330814,1163.54766590666,0
1220,4957,9.22501541298749,2554.86837946332,27.3949779118927,18.6093824619005,19.3378472601749,28.6819785839483,28523.4659279328,26704.4846900535,-1201.20605273605,0
1220,4958,6.26522050978359,4860.86403763914,26.1835777264588,11.8267722045322,12.1169221584263,18.1805633602015,28122.4840257006,21689.3989071349,566.14036246208,0
1220,4959,5.27767847962356,3021.26251270541,25.8255610091227,16.3147015531489,16.8693960250202,25.1221415749717,26718.3657653971,21877.6167207062,-179.829125934209,0
1221,4960,5.45839908654149,4392.37831698372,27.7978093770041,12.7866467179189,13.1405504932068,19.667206915422,29125.3354413993,30433.4375154561,-134.241475779497,0
1221,4961,6.52779249315233,4502.36549438363,26.9368598572995,12.5067537987529,12.83895618002,19.2328549408468,31155.2912064521,33106.5659012759,897.654711551132,0
1221,4962,6.19753742383711,5357.39676295214,26.7475277619753,11.1285820096501,11.3857712852975,17.1029090683747,28809.2653580075,22904.7698250452,684.494677879938,0
1221,4963,8.67630001904999,3186.59608546332,27.3949779118927,15.9040906347889,16.4468268235593,24.4904151530215,28550.7740535592,26701.9727617156,-1131.62759513805,0
1221,4964,6.02502950305451,2179.33924176974,26.7637543827945,20.7796431373114,21.6599500412517,32.0453702998593,31853.4968657053,21719.51003635,451.75556977596,0
1221,4965,5.19129225585696,4590.82408455999,25.8781117219039,12.2613913077475,12.5728566579012,18.8516153733761,26729.4945987581,21874.4340186581,-117.594472410719,0
1222,4966,5.58345886602728,5910.74062698372,27.7978093770041,10.4965753251948,10.7276820997189,16.1284432467337,29103.1657451981,30439.7175176318,-128.721868479589,0
1222,4967,6.08026339042767,5952.1054520021,26.7129062674334,10.385851469372,10.6057995990857,15.9559018920396,28794.9174489969,22917.8034540751,656.171005677647,0
1222,4968,6.66108738195111,4594.96279838363,26.9368598572995,12.3371129874664,12.6598861137072,18.9706240771227,31147.3931715504,33093.2418259256,922.447641970743,0
1222,4969,9.1398720751154,4565.15937346332,27.3949779118927,12.4268704888483,12.7576880229253,19.1102138057063,28529.6268085561,26684.7349443367,-1115.63898056788,0
1222,4970,6.0536669323354,1934.06324411928,26.7580416635367,22.6957797555575,23.7231101557321,35.0185271097087,31788.2719066399,21706.4923708429,386.349460708756,0
1222,4971,6.01995416633018,6240.80731569877,26.1379453204648,10.0394805717946,10.2398937358027,15.4203963072414,28132.411699817,21694.1623519334,564.41122678941,0
1223,4972,5.49713264494059,4167.97742898372,27.7978093770041,13.2494903445117,13.6302502925639,20.3829802929372,29094.8290205233,30440.3330463822,-141.305469872404,0
1223,4973,6.56238729682089,4357.87493438363,26.9368598572995,12.7842915247973,13.1321131767519,19.6619256897693,31166.9095763817,33093.3326460842,924.328212501529,0
1223,4974,6.43372359807312,3418.10242694024,26.4056598260891,15.0365387895015,15.5147827997138,23.1448793047327,31176.352569717,33094.002296719,916.996767367514,0
1223,4975,5.89365583319609,2196.97351963914,26.1835777264588,20.5525988623622,21.4085028623135,31.6911543951787,28134.464443615,21655.2641645713,515.00472478163,0
1223,4976,8.76978904440959,5059.46686546332,27.3949779118927,11.6021744269955,11.8879563902507,17.8356182808017,28541.8877233204,26662.14133801,-1098.78026663106,0
1223,4977,5.73042561915334,2227.16322611928,26.7580416635367,20.4508518425375,21.3064628289714,31.5353533185652,31836.8222522742,21709.0388740358,434.084111678158,0
1224,4978,6.64423398128125,4029.00472838363,26.9368598572995,13.4820129438372,13.8701287687323,20.7408780938047,31150.9997397116,33094.2173367257,923.774970412815,0
1224,4979,6.07335213792041,1700.59558363914,26.1835777264588,24.8596522827334,26.0508566654881,38.3755121984806,28105.8649739068,21634.4765231661,542.171776699316,0
1224,4980,5.8054485500688,2670.06744026369,23.8337583575796,17.5074653125001,18.1195027202493,26.9634393946273,35443.5282409563,14497.3303454879,185.967839903035,0
1224,4981,6.05313622049564,2435.06664011928,26.7580416635367,19.1656351837406,19.9268780984766,29.5423443468454,31819.9786975542,21723.1469272205,414.943268631661,0
1224,4982,8.96620011416263,3591.22728445244,27.3664570831995,14.6312576762396,15.0923494639883,22.519879412239,28565.1860448818,26667.3868393755,-1176.64941719872,0
1224,4983,10.3350752298901,3196.77804593508,27.0571713578529,15.8291455691368,16.3638941374502,24.3735130461221,29964.4019841947,24085.7584944361,-1108.13885714932,0
1225,4984,5.75421434965054,6665.40763226369,23.8337583575796,9.50115701719161,9.66548004411149,14.5865331138824,35421.2137603115,14515.158864494,171.14924623895,0
1225,4985,6.01638095021978,1594.73862763914,26.1835777264588,26.1015031697171,27.3942779740844,40.3041885418787,28150.1039650817,21684.7420572716,532.875067565686,0
1225,4986,9.2462433211629,2936.71111546332,27.3949779118927,16.8463051116959,17.4518702366653,25.9497630802962,28560.0729788449,26692.7277245183,-1119.80777840937,0
1225,4987,5.79026392236976,2493.47959211928,26.7580416635367,18.8403851216576,19.5782433448777,29.038111457617,31817.5666481406,21717.8852424753,473.938324969074,0
1226,4988,9.68616034724573,2333.02250746332,27.3949779118927,19.8763117424851,20.6969984912364,30.6464053100704,28538.0325993041,26686.6348410951,-1138.00884254168,0
1226,4989,6.09330089433502,1307.93808163914,26.1835777264588,30.4157588489213,32.07509462074,47.0084066819188,28151.383231322,21667.8651933911,517.046568007171,0
1226,4990,6.09075645353677,1052.20828211928,26.7580416635367,36.3789171162967,38.5849812641384,56.2863721042792,31844.9459442204,21704.9211008564,418.795389439997,0
1226,4991,9.08178086356709,2567.74387671321,27.2840071649872,18.5255198965425,19.2467734166548,28.551641393363,30226.3671716678,32833.2019651684,-1138.81538033743,0
1226,4992,5.47745804284498,2955.06590128357,24.7589507962983,16.4305288152489,16.981942166935,25.2985094635099,33125.060065055,16115.3578675739,-348.95001040195,0
1226,4993,5.78455491515746,2059.08822626369,23.8337583575796,21.087858151627,21.951360755844,32.5124469011271,35370.3512030418,14515.5887361023,144.207873280487,0
1226,4994,6.15252417330257,850.274351089785,25.2821641433877,42.5021652975446,45.2462342454537,65.8071090594195,24579.3302098494,22082.4877017021,148.610298562217,0
1227,4995,5.35844670954029,3274.83936928357,24.7589507962983,15.2986597050086,15.7782150526894,23.5464117565721,33084.6223866116,16141.0999945542,-302.0341603052,0
1227,4996,5.74276354042232,2155.99765708979,25.2821641433877,20.6698240787758,21.522609579363,31.8697033991047,24625.8221876607,22096.5187089342,222.448845432127,0
1227,4997,9.20323914271694,2605.35197146332,27.3949779118927,18.3490489358242,19.0589539115876,28.2784291022881,28528.3447419079,26676.3953765494,-1126.26074445298,0
1227,4998,5.74760074169717,1135.99518611928,26.7580416635367,34.211282931636,36.2194201339433,52.9139828784303,31804.1289165832,21697.9219462318,386.35568128438,0
1227,4999,9.61230248485736,2559.30791871321,27.2840071649872,18.5694780019071,19.2938681545233,28.6197827105544,30203.0543456152,32827.3345423952,-1178.71619712199,0
1227,5000,6.18612772396914,2403.37916563914,26.1835777264588,19.2546296152318,20.0155180430276,29.6784502062988,28145.2564897106,21658.4843048708,545.439392775506,0
1227,5001,5.64670474354046,2117.3982648567,26.6716946563281,21.2073799405081,22.1188003482436,32.7085913139603,29007.4656990956,22412.4203742926,172.921871381483,0
1228,5002,5.84699732774824,2306.50131508978,25.2821641433877,19.6815941852182,20.4621776174729,30.337337399604,24638.6429208418,22082.4240856632,219.146793780472,0
1228,5003,8.96716520862801,2373.46224346332,27.3949779118927,19.6290286559114,20.4314751161389,30.2629157129402,28545.6474489707,26696.6462564106,-1130.58190174693,0
1228,5004,6.04203803182475,3241.71075163914,26.1835777264588,15.5742199896965,16.0844788977935,23.9766088295453,28143.0989376775,21678.5984572775,588.850955267579,0
1228,5005,5.98716651260814,3039.1643388567,26.6716946563281,16.3532775687139,16.918795015225,25.1841624464603,28990.1859649591,22403.618436543,92.3320827088118,0
1228,5006,9.43815409356357,1611.39698271321,27.2840071649872,26.1774198876579,27.4942584326482,40.4270407232545,30232.0927433225,32825.2789879668,-1192.14544144157,0
1228,5007,5.8980286376663,1358.16590976974,26.7637543827945,29.7162213198411,31.32545961197,45.9239334330427,31800.6497785011,21712.596500546,442.098337926665,0
1229,5008,5.82625665995621,2227.40594908978,25.2821641433877,20.1855142328725,21.0026920334287,31.1186622567664,24639.8857019859,22082.0876079308,224.417131147425,0
1229,5009,9.01758626955756,2212.67244346332,27.3949779118927,20.6617897228793,21.541151621084,31.8647394080272,28549.9245726943,26693.715750712,-1202.92673497723,0
1229,5010,6.13107665267233,3057.92580763914,26.1835777264588,16.2221587375553,16.7743158220573,24.9798075583362,28137.0820157426,21696.3278248377,583.857720348023,0
1229,5011,6.13348502655517,2934.1223448567,26.6716946563281,16.7636087709614,17.3564544503505,25.819694227222,28983.4517982955,22412.0735473492,70.4436670054324,0
1230,5012,5.68293520505063,3455.42309844944,27.1435816900038,15.0033684451532,15.485922822873,23.0952999481916,30773.7578620816,32234.3848770413,47.390212974489,0
1230,5013,9.2886522592893,3031.30568881826,27.3752137278569,16.4704830122571,17.0505489027542,25.3675504625799,28583.0456726119,26679.8957649983,-1174.23719943127,0
1230,5014,6.0604146180312,1615.64371332795,25.2976343849035,25.6149938919307,26.8531685086536,39.5445057749824,24630.5676552341,22091.0825888248,202.558658431561,0
1230,5015,5.83746221865828,3152.30364912525,26.1464025856533,15.8763634593817,16.4056798411438,24.4442830382931,28146.9309088872,21673.6144931416,604.661517524755,0
1230,5016,5.83724622481805,1327.46511127103,26.7376018277111,30.2433324916854,31.897976459037,46.7432282621176,31817.4884740792,21705.4907924399,432.722253534279,0
1230,5017,6.08858649917978,3060.46652838846,26.6013639161924,16.2645169562508,16.8234986511802,25.046515754396,29033.8732706793,22395.8012267142,111.060173640413,0
1231,5018,5.52349855581634,3421.15064244944,27.1435816900038,15.107514526779,15.5966557697988,23.2565079246672,30784.5210868047,32237.8146115934,84.401331366018,0
1231,5019,8.90595029265055,2753.66795881826,27.3752137278569,17.6325824512125,18.2919287165103,27.167961190239,28557.2397933518,26701.7650409159,-1212.15055114918,0
1231,5020,6.05204969798218,1660.04214912525,26.1464025856533,25.3084591730261,26.5355501204816,39.0723101628073,28109.8743334526,21640.4815170193,555.770889786182,0
1231,5021,5.85138703173238,1669.60741332795,25.2976343849035,24.9871235326833,26.1744392149183,38.5695215222455,24622.1329039096,22092.1736320398,177.909495047606,0
1231,5022,6.19327353134173,818.46317942062,26.7409366216397,44.671683204952,47.6595089586628,69.1953608288177,31842.0860689315,21711.3215658545,473.037965451534,0
1232,5023,5.57807238438387,3370.60097244944,27.1435816900038,15.2646288060615,15.7637598866351,23.4997200617456,30762.7561754286,32233.6886773224,61.6766701503336,0
1232,5024,6.12688576029794,1158.28986912525,26.1464025856533,33.4565891777143,35.3841987629655,51.7366047553343,28117.475151681,21683.3058836425,519.704158404756,0
1232,5025,8.84784105246059,2395.21683481826,27.3752137278569,19.4960190760526,20.288472032973,30.0565927012115,28552.2733222462,26665.3388586299,-1174.94073716695,0
1232,5026,5.70119102630271,1380.91263132795,25.2976343849035,28.8825157605837,30.3930275257976,44.6206266073004,24637.4216810363,22049.6556744498,250.237367596552,0
1233,5027,5.44186044759945,3305.14715613046,26.8886572706782,15.4458180347409,15.9542771697694,23.7795961937679,31702.8141718273,31255.2011679688,-178.679452134635,0
1233,5028,9.0519128243498,2416.78028881826,27.3752137278569,19.3695141684127,20.152713297057,29.8604289603936,28566.7511665975,26721.0833581274,-1146.29152956476,0
1233,5029,6.09333797320526,1166.39543712525,26.1464025856533,33.2720166831985,35.1830834463208,51.4495381063864,28140.7806149183,21683.5372700756,521.234253089961,0
1233,5030,5.45389118860343,1312.32366732795,25.2976343849035,30.0459093550153,31.656172815147,46.4287611435307,24628.3655989445,22105.4668730317,274.405197953732,0
1233,5031,5.96694762032677,865.136273420621,26.7409366216397,42.6669201977829,45.4625688466033,66.0736999734482,31843.9371804725,21726.6022772463,485.321860403754,0
1234,5032,5.3787244341996,3773.0415639581,26.899719185782,14.0965485968395,14.5210314331279,21.6914325001934,31706.6636661755,31236.1474772169,-227.466187310901,0
1234,5033,9.52485599261106,2582.21757481826,27.3752137278569,18.4642511602171,19.1821365427391,28.4569427834053,28568.8373625955,26692.6698569342,-1126.55741063571,0
1234,5034,6.03905748679408,1615.47398942062,26.7409366216397,25.9888620754332,27.2813864903003,40.1317321253998,31800.630639134,21715.0028650038,382.07895867861,0
1234,5035,6.04121941163546,1039.28339112525,26.1464025856533,36.4843984085765,38.6869221024439,56.4467972897726,28128.0567961136,21662.267466675,529.892076610552,0
1234,5036,5.96535415626747,1384.30463532795,25.2976343849035,28.8278316820014,30.3336883250369,44.5356467612947,24644.9120392928,22106.2984637708,216.167443527719,0
1234,5037,7.82390421214642,1798.00013132732,26.3920529710873,23.8865216292754,25.0026828274478,36.8654426694367,32774.5921652328,24973.7984439919,176.904006942129,0
1235,5038,5.29878084745129,4121.38371765448,26.9773921156181,13.2795115276129,13.6560820863403,20.4277724761549,31685.4032604426,31240.8286411602,-203.6404971468,0
1235,5039,5.82811084910537,2368.71265332795,25.2976343849035,19.3097717637796,20.0638519065991,29.7609671456898,24642.8993729956,22070.7158342934,239.214501443191,0
1235,5040,9.58359761410726,2510.65510081826,27.3752137278569,18.842289932867,19.5872540321318,29.0429854805767,28531.3852699614,26676.1419522437,-1141.27410707813,0
1235,5041,5.9437511574599,1452.71141112525,26.1464025856533,28.0247313659925,29.4778066723986,43.2919441473285,28112.042979704,21666.8309013889,548.115325626457,0
1235,5042,8.15356283386028,3002.38181132732,26.3920529710873,16.4586156511365,17.0283732478393,25.34654838392,32829.2131693854,25014.265263983,123.012153162119,0
1235,5043,6.22069183333473,1236.91622527103,26.7376018277111,31.9695918995668,33.7762471630808,49.4273089760953,31806.5121580924,21734.2984950916,436.263230813248,0
1236,5044,5.44137373789242,3677.40563565448,26.9773921156181,14.3550034651714,14.795846555948,22.0914997198846,31674.5148848426,31246.4643542501,-232.571843737843,0
1236,5045,5.9209483198098,1671.14325312525,26.1464025856533,25.181052063304,26.397763118453,38.8744500360231,28104.0559681933,21606.5033545938,545.981370493888,0
1236,5046,5.3893703495763,3753.56643775061,26.2258184901004,14.0804461278328,14.4985395123654,21.6650276106838,32650.5062244168,24114.8344104939,-709.573647069468,0
1236,5047,6.10339790983753,1938.26501942062,26.7409366216397,22.6555817205356,23.6795271087598,34.9560708532071,31836.327584245,21765.5435515309,370.605685343761,0
1237,5048,5.3364583956628,2940.56985765448,26.9773921156181,16.7770666535818,17.3738491785684,25.8413756736121,31685.4484219352,31244.0932655028,-239.789730269488,0
1237,5049,6.08553038225167,1813.98186312525,26.1464025856533,23.6732111652105,24.7687239389357,36.5332748682489,28122.7536447699,21666.5544664478,491.637291913502,0
1237,5050,5.54728410963914,2761.16118831248,26.1410428209685,17.4273591252889,18.0596333030446,26.8464126868402,25760.4848703055,23706.3993286497,15.6897721703132,0
1237,5051,7.91155781274405,3833.24507960773,26.0559277828216,13.8634685711097,14.267262083555,21.3290078435436,32803.9318544879,24983.6104801474,163.973527183508,0
1237,5052,8.02507247120912,4248.23844932732,26.3920529710873,12.9596056820602,13.31349897357,19.9319134555222,32803.6514602649,24992.8790721468,161.927579967816,0
1237,5053,5.47627969054757,4155.83893783849,26.6142755654148,13.17301202116,13.540743335703,20.2623412020488,32648.3934697106,24099.1572356948,-669.922895377573,0
1237,5054,6.22223521100601,1700.43136927103,26.7376018277111,24.9952732143532,26.2061276062337,38.5885087900652,31806.1497740964,21724.8381513116,349.052411954042,0
1238,5055,6.42034529876897,4468.81233685014,26.0643147342997,12.4992212156259,12.8249936385225,19.2195533730207,33248.9172789296,31328.3235139306,733.658751654088,0
1238,5056,5.42895993173912,4800.10805106568,26.5465277819192,11.953119853392,12.2523729899925,18.3764461896048,32546.4577139983,24061.3266407384,-629.984040756799,0
1238,5057,6.02676648573703,1803.29925312525,26.1464025856533,23.7781928532979,24.8820422127724,36.6962478119368,28139.5410286725,21666.2979959104,547.706788867847,0
1238,5058,6.25308075282213,2547.21878890794,24.6498558329993,18.228420212221,18.8988271824561,28.0829259554276,36190.6502495642,18312.7345699195,405.430227551392,0
1238,5059,6.24252800914982,2105.81989927103,26.7376018277111,21.3055918030653,22.2253343579437,32.8611976447421,31835.4549128941,21725.1142338453,401.354756685187,0
1238,5060,5.89249012705294,2341.68155229282,23.7598129728891,19.2049952099746,19.9321569520749,29.5931906681953,36092.7846617811,14990.0460787638,397.507594778181,0
1239,5061,5.92754230810009,6087.13677429282,23.7598129728891,10.0632691071127,10.2520025195265,15.4535734552271,36102.3129266619,14990.6482709894,384.580339088318,0
1239,5062,6.42361208142526,4717.26561685014,26.0643147342997,12.0557783043237,12.3573885468713,18.5342121191779,33262.3666401742,31323.3884759149,734.381130476966,0
1239,5063,5.96089712234966,4060.16270290794,24.6498558329993,13.2035035092641,13.5580283603643,20.305366968783,36191.6321228143,18270.3768830929,394.414264429127,0
1239,5064,5.88498288122794,1468.50405312525,26.1464025856533,27.7922937576985,29.2256999592905,42.9307663230572,28126.5472128581,21665.8418879896,547.344225383303,0
1240,5065,5.95578946404375,6092.70088978974,23.6897954502106,10.0531993358779,10.2410868261646,15.4379281264218,36104.6369948176,14986.2827177865,404.859443674907,0
1240,5066,6.43254676665332,4712.99023717893,25.736885380181,12.0378953636996,12.336359064408,18.5059746991954,33252.783802655,31327.6504327493,734.116306615985,0
1240,5067,6.03433928663667,4217.63640406121,24.6045361446189,12.8664883002343,13.201886028138,19.7842999400521,36204.5679979427,18279.7554968034,425.110102006129,0
1240,5068,6.14400559385597,1755.54549047875,26.1040603411288,24.2522464305527,25.3932838387516,37.4320404734943,28116.2070069945,21649.4904708391,517.796476275978,0
1241,5069,6.46608612638121,6653.67907117893,25.736885380181,9.6130470274313,9.79186480802564,14.7617865725676,33262.7612614533,31300.2803658503,717.66587759259,0
1241,5070,5.99122575700549,5141.67115606121,24.6045361446189,11.2844663526637,11.5364779802781,17.3400546069274,36195.1557276734,18275.8665463377,405.700125634327,0
1241,5071,5.95827722704264,1936.68731447875,26.1040603411288,22.5366376711874,23.5423264865112,34.7689893563414,28121.7332069386,21652.1908694531,549.239147550351,0
1241,5072,5.93526665333736,912.189216739922,26.6775568343861,40.8171086477086,43.4355767943508,63.1933792333926,31818.044705502,21712.6459655031,500.651206929374,0
1242,5073,6.01655521214359,4243.31872006121,24.6045361446189,12.8143035225119,13.1468252778255,19.7036394291112,36200.4444629052,18284.537071511,409.734518901348,0
1242,5074,6.39633685794667,5552.95174717893,25.736885380181,10.805264277839,11.0403217661007,16.6019710854753,33256.7196140258,31335.8228264877,737.431036000832,0
1242,5075,6.09931445683346,1250.66551847875,26.1040603411288,31.4747506585819,33.2253352143637,48.6544220061904,28132.0781956219,21651.2523593598,552.638335898635,0
1242,5076,6.16825895230255,766.068732739922,26.6775568343861,47.1676063339428,50.3953601651247,73.0820362989184,31828.4292024576,21696.0721911671,388.723022325225,0
1243,5077,5.9357951680918,5716.79204206121,24.6045361446189,10.531508959685,10.746750347362,16.1775238038452,36230.0305940219,18309.6163100565,402.944997105229,0
1243,5078,6.892087974674,3869.28376024225,25.2906384940528,13.7017559739406,14.0898989990408,21.0771973441266,33645.9305222165,32361.097879539,902.912678915354,0
1243,5079,5.82838978580035,1877.45940047875,26.1040603411288,23.0633897706669,24.1101749126339,35.5865100072984,28149.291986307,21657.9995386502,541.060816541388,0
1243,5080,6.18217652216399,1458.74307108808,26.6775118661247,28.0882772805847,29.5560248910152,43.3932662753786,31806.3332263575,21714.5653365642,421.125173175094,0
1243,5081,5.29963957530435,3495.13637951777,26.3038728100772,14.7958022645303,15.258160038912,22.7720605765476,32121.8965325551,29232.0433380467,89.5899944575989,0
1244,5082,6.06208339317071,4650.13894006121,24.6045361446189,12.0565783939202,12.3482870958765,18.5327044926591,36191.770885263,18285.359807661,410.170429150099,0
1244,5083,5.49754949935828,3938.41677880249,26.7584751964511,13.6759650001266,14.0741678352954,21.0404971210814,31503.131809656,23065.26318208,-529.676578939432,0
1244,5084,6.89174680426166,3298.56996909475,25.3211288357531,15.2879403765197,15.7721115335367,23.5312774630999,33642.4979444943,32370.3414104049,879.291915332904,0
1244,5085,6.07843216065482,1548.39096047875,26.1040603411288,26.6741760588316,28.0130928373326,41.1933981824669,28117.5875456922,21629.9812531017,546.208095153936,0
1244,5086,10.3375193619615,3720.25843565775,26.6958664845833,14.2133025100382,14.6432219053448,21.8716198192799,31658.6483026803,22047.5699504796,410.138110833167,0
1245,5087,6.08582148631771,4239.30998806121,24.6045361446189,12.8224118612968,13.1553799367813,19.7161721071433,36190.0950937921,18274.1659071219,405.35532116837,0
1245,5088,6.67571850594024,3191.85210424225,25.2906384940528,15.636711604863,16.1425389609541,24.0710305458928,33639.9115695519,32364.5821595697,904.130193326321,0
1245,5089,5.32274165117494,4323.34491256374,26.7613612718822,12.8384157230551,13.1880721969021,19.7452672470583,31546.1455450288,22997.4101430449,-480.193007778904,0
1245,5090,5.75281043819624,2051.31854752724,27.0202737995316,21.7766761669268,22.7362055549495,33.5931563654909,30285.2665007311,27892.6210190966,303.083210803919,0
1245,5091,9.76586347430544,3750.85604473992,26.6775568343861,14.1318964531611,14.5567387177513,21.7456307101552,31680.9188318255,22016.7813862505,384.873456326632,0
1246,5092,6.00083725716898,4005.06347806121,24.6045361446189,13.3212697627814,13.6820762080383,20.4873370692753,36197.8809842614,18269.4667209723,407.760071409158,0
1246,5093,6.89970855885416,2953.48673224225,25.2906384940528,16.5066587172951,17.0685184057867,25.4179021318829,33669.6108783441,32359.085216338,894.393726130197,0
1246,5094,6.76795152193236,2504.61709654985,27.2877561774431,18.8616657550793,19.6070455200709,29.0727542461859,27616.8833352858,27210.9742516255,1019.75725270691,0
1246,5095,5.46121084725523,3179.46865456374,26.7613612718822,15.8545537030999,16.3882265597842,24.4121034714855,31483.1683603732,23037.7321888387,-501.439988723934,0
1246,5096,6.63273865666704,2825.71858742056,26.6896558945879,17.2186801775688,17.842470713038,26.5246965516354,31795.621483845,21776.7789939666,466.326948597,0
1247,5097,5.98790347597952,4459.08541606121,24.6045361446189,12.3971093357546,12.7069384614641,19.0588763565546,36185.5747346885,18291.6737593675,419.420613117889,0
1247,5098,6.69539782923743,3274.49365624225,25.2906384940528,15.3620732860456,15.8505983184328,23.6459357923818,33660.9296036242,32362.9152614841,890.826070907004,0
1247,5099,7.01452147118917,1735.88767054985,27.2877561774431,24.7369690285934,25.9351432082466,38.1896841981093,27605.9021212386,27200.0958082808,965.593644661347,0
1247,5100,5.24173968769077,3660.48527910497,26.7781621772202,14.3805788491633,14.8213612315367,22.1306256277375,31507.3248961762,23025.6201318905,-557.900071068526,0
1247,5101,10.2302607870844,3280.20447673992,26.6775568343861,15.5034975916965,16.0137523565668,23.8683683059885,31647.7862429855,22034.7871409677,399.044862834943,0
1248,5102,5.95933622915184,4719.10234606121,24.6045361446189,11.9396857836318,12.2252594509571,18.3521110002729,36190.7740145114,18299.3433757538,426.805917048688,0
1248,5103,6.74223052082496,3262.16099109475,25.3211288357531,15.4058290506673,15.8973845488974,23.7137379212972,33662.1437192467,32347.7753440858,943.62922600148,0
1248,5104,5.2939234642604,3382.01975056374,26.7613612718822,15.186759634723,15.677591501884,23.3782568048617,31515.6118338102,23023.5875668823,-489.623359329473,0
1249,5105,5.88275921473272,4171.60206406121,24.6045361446189,12.961460027539,13.3021128681967,19.931100784531,36205.6888009736,18277.1602916562,411.938823641259,0
1249,5106,6.99888361758334,2993.54534984552,25.217096107194,16.3421538752287,16.8925327877562,25.1629682562479,33827.8991248002,32283.1474508396,872.356229248668,0
1249,5107,5.27060528732858,3018.89911456374,26.7613612718822,16.4416469614362,17.0138879826321,25.3212621271853,31514.9805936084,23010.2063051931,-528.648071108982,0
1250,5108,5.90991552562726,4579.81689872487,24.8032566008312,12.1950390978563,12.4954747559958,18.7470223767746,36197.9862007815,18292.4210387026,403.668506519572,0
1250,5109,5.02026309713398,2650.46175368304,26.9111457347947,18.0543201476809,18.7381968507488,27.8201806927257,31592.8440231327,23018.7874557757,-485.380736280941,0
1251,5110,6.06511842147551,4152.55655072487,24.8032566008312,13.0192169270807,13.3646109206411,20.0208035580728,36193.5086254947,18292.3231453161,369.721575561486,0
1251,5111,5.55002738023039,1874.89204025088,26.9613923408826,23.2719909117688,24.3475930952889,35.9137271725222,30519.2889509736,26578.8823267633,-301.851204410386,0
1251,5112,5.41144402991626,2813.09913092815,26.8931271861571,17.3010575682605,17.9325650487166,26.6528994036848,31733.1260234232,22978.3898997917,-512.348135904229,0
1252,5113,5.87851791181557,4221.93845072487,24.8032566008312,12.8752934679119,13.2126867625376,19.7983263434336,36199.8305798773,18281.754685092,409.081613714473,0
1252,5114,5.2471293657646,3096.46362092816,26.8931271861571,16.1671352805891,16.7224895314923,24.8964757160427,31772.1737113698,22946.1380109362,-557.111995253798,0
1252,5115,5.0913176916061,2283.04941526542,26.9372138300899,20.114823303443,20.9476627413851,31.0147914229124,30601.0897855673,27330.9443125745,-494.310337265926,0
1253,5116,6.08379821405474,4389.82062272487,24.8032566008312,12.5438888990534,12.8630984289019,19.2861058331099,36182.7809691802,18271.5197121656,413.39238923748,0
1253,5117,7.35482179774127,2806.64327060031,26.8950774962339,17.3295935014555,17.9630751513886,26.6971169431231,31787.0020514074,22696.0069467943,-330.902466596686,0
1253,5118,5.40231210836389,1866.22591115215,26.9831211829382,23.3575585257916,24.4402605147889,36.0466460928784,30556.7257147954,27365.2104055219,-585.39504611641,0
1254,5119,5.98720935041322,4441.07512472487,24.8032566008312,12.4471681190097,12.7611343718727,19.1366311572088,36194.0037918337,18280.1093756741,394.702138681526,0
1255,5120,5.9478195882652,3501.29178272487,24.8032566008312,14.6160550898099,15.0542376827158,22.4903011309955,36199.3692432757,18280.6388062978,418.101802022625,0
1255,5121,5.59147582438299,3483.58774447388,27.2910063206374,14.9347886169505,15.4142716917358,22.989493797693,29013.3362307417,27362.0775235825,-19.9354940115675,0
1255,5122,6.37073439438867,862.832874825758,26.8305239419743,42.8075007873104,45.6187055257903,66.29318478991,31814.8594467627,21705.352170732,387.3214934949,0
1255,5123,6.07499777266592,2386.31824844637,26.8397043629312,19.4616781057987,20.2453501113108,30.0016135437316,31513.5500138906,27930.8289009241,-515.65150308677,0
1256,5124,5.62394782762225,2584.48642447388,27.2910063206374,18.4401009710731,19.1553471256166,28.4192541017846,29015.5548227247,27342.1372261676,17.6068762171334,0
1256,5125,6.41918110668098,1107.54173482576,26.8305239419743,34.9403489645668,37.0161954019383,54.0485724100013,31825.0454865491,21671.2718996115,430.589582429074,0
1257,5126,6.07598036418428,3563.61182875554,25.749015663266,14.5410329655251,14.9829638225935,22.3765139166771,34985.9389603744,20687.8585436482,371.225221387256,0
1257,5127,5.47615470291035,2347.59679447388,27.2910063206374,19.7690941423782,20.5806301135908,30.4797883371996,29002.8797589631,27363.2115797815,-58.2937624589683,0
1258,5128,5.85775602581836,3211.30595875554,25.749015663266,15.62541010039,16.1348757493351,24.0547359004376,34977.121380426,20681.2957913715,410.444032727168,0
1258,5129,6.14718273718156,2479.107926272,27.3305544246123,19.0084039537187,19.7648520630383,29.300384390238,28987.2239639962,27563.1853527134,430.78828836409,0
1259,5130,5.79023904782676,2683.36476475554,25.749015663266,17.7283218564839,18.3769310515708,27.3115302667267,34990.0434397334,20681.5510280507,394.615470267995,0
1259,5131,5.94114231851608,2346.30114146509,27.3254784505923,19.7827495063549,20.5957003915241,30.5010776742568,28997.8699871927,27580.2607289854,480.742551662259,0
1260,5132,5.94521135668827,3747.22150677344,25.6503340715498,14.0395865312552,14.4505305755935,21.6005229525121,34986.5941441682,20691.9838882092,389.794359511492,0
1260,5133,6.0556491358349,1181.09029728135,26.7712256953664,33.1722463753027,35.0869555897664,51.2978736785177,31805.8982187244,21726.4613385241,479.919862816508,0
1260,5134,5.64330635453437,1062.11547688489,25.343059992094,35.5178567252393,37.6143453970101,54.9380916673722,25709.3103608665,20563.0182608004,111.557376154234,0
1261,5135,5.77329171923068,3254.32367877344,25.6503340715498,15.4700974428503,15.9687849865162,23.8140639891637,34998.4977792975,20690.045050882,397.764656164159,0
1261,5136,5.65071333902393,2090.06889688489,25.343059992094,21.1560075956686,22.0457899353842,32.6239966055051,25742.9165590423,20587.1605361538,207.153947880974,0
1262,5137,5.89774187447847,3004.74707277344,25.6503340715498,16.3551212707777,16.9107125754502,25.1842502540682,34983.3928812766,20663.2436552357,427.439143096537,0
1262,5138,5.87708045145107,2273.63358088489,25.343059992094,19.8977890533615,20.6947934350545,30.6727448250421,25755.0135862073,20592.2454136216,161.109204167571,0
1262,5139,6.061952201744,829.048739281346,26.7712256953664,44.214220724673,47.1587816885723,68.4831991528,31842.9429853996,21700.4812567539,441.126812060538,0
1263,5140,6.04946490769327,3852.02343421669,25.5689350720617,13.7703953979118,14.1647932565061,21.183972230848,35009.1350230798,20715.5375928815,378.432075600865,0
1263,5141,5.78177653210324,2117.11682488489,25.343059992094,20.9578995144045,21.832888275562,32.3167178318168,25768.4920529392,20581.3184983428,196.038331590496,0
1263,5142,6.32913781561767,987.863475950653,26.7576164885479,38.2837369042572,40.6662194367553,59.2506002026803,31818.0788048446,21687.059779005,410.474272715766,0
1264,5143,6.00872693791508,3309.32260077344,25.6503340715498,15.2914316423283,15.7788674516285,23.5375200193962,34981.6974132725,20697.4472236337,417.963158287482,0
1264,5144,5.96472074322145,2285.59369888489,25.343059992094,19.8223287146707,20.6138600799694,30.555745957295,25761.0479526432,20583.6884742923,194.527611925458,0
1264,5145,5.89416205542912,1000.69735728135,26.7712256953664,37.8908605774987,40.2370751729896,58.6392481681061,31822.5696734815,21715.7621659331,432.600945883854,0
1265,5146,5.96355012001811,3784.55557677344,25.6503340715498,13.9450047282663,14.3503422985018,21.4542226493438,34984.761211554,20692.4677774545,382.556165487898,0
1265,5147,6.18778490809763,821.780159281346,26.7712256953664,44.5385431631487,47.5142951879103,68.9882386730231,31833.6367766838,21734.9059432451,432.904338346515,0
1265,5148,5.85236009727962,2766.53482072916,25.395100004067,17.2987400469049,17.914298556185,26.6449590523234,26301.920197572,20427.5019393532,47.0011456980062,0
1266,5149,5.95489396463327,3364.29949677344,25.6503340715498,15.1181385829012,15.5947388867578,23.2693135365368,34989.5093340036,20685.6669821966,406.761715103232,0
1266,5150,6.45258590233618,3833.17321037815,25.2970873641752,13.7898872065132,14.1832213160342,21.2135108477058,26802.0305760955,19751.3703048359,133.95954299534,0
1266,5151,5.81139934080806,847.406030540185,26.7852787820942,43.4267154483509,46.2960625857117,67.2570342098107,31806.9374778283,21698.5444600787,392.593053700245,0
1266,5152,10.3220464053065,3663.63522101629,25.6495986369173,14.2575491343497,14.6815017009134,21.9376944604254,27460.4066760718,19861.1332963567,-561.068058479865,0
1267,5153,5.91841670531849,3722.26604877344,25.6503340715498,14.103759979327,14.5185222055628,21.6997911322311,34996.5675218202,20701.9223432715,398.402306853765,0
1267,5154,5.94961280569659,913.826813281346,26.7712256953664,40.8028440190067,43.4221349177901,63.1717821971769,31799.5912413567,21690.6555756523,431.461904285328,0
1267,5155,5.74371786411948,1175.70990412242,25.3197279981267,32.7557753482719,34.603738736487,50.6419364286063,27857.9717778645,19179.8153690439,182.28251631431,0
1268,5156,6.20948566802448,7121.21073350048,24.5496376661793,9.14713397106561,9.29989232495243,14.0415170328014,35520.963734379,29145.7596604231,720.316890326814,0
1268,5157,5.86603028692757,4122.65467677344,25.6503340715498,13.1589595803539,13.5186901833734,20.2386288374539,34997.3181804677,20698.0776727528,420.491032179659,0
1268,5158,5.79248011787757,2559.11371909897,26.7868251192506,18.495671983938,19.2092968324309,28.5038573557571,30752.8641284323,21769.738375811,-333.857865473627,0
1268,5159,5.9874511483857,2203.53474125832,27.0493174166916,20.6631807755599,21.5383411075657,31.8657089109754,28247.4118127149,24987.6601205829,129.785459865919,0
1268,5160,6.0494153870648,1361.59321422622,25.3555247877141,29.2172139978531,30.757380565759,45.141075894559,27848.9560778795,19198.2303070415,110.7230626102,0
1269,5161,6.11364690906208,7526.64331550048,24.5496376661793,8.83299723499202,8.97268400260401,13.5571270229275,35525.2619613671,29160.5163959576,744.675263408868,0
1269,5162,6.23394810048507,3762.52957677344,25.6503340715498,14.0006009157551,14.409231001091,21.5402186892063,34989.5846110275,20693.6104869053,380.910380366515,0
1269,5163,5.4263269760692,3071.79203542045,26.6704818794403,16.2309005684436,16.7883326269637,24.9946396514987,27810.8630670623,23515.2509115431,-15.5325306346027,0
1269,5164,5.88225112783787,1246.90398528135,26.7712256953664,31.7789314444696,33.5693162593711,49.1310032154159,31819.4682467068,21697.5366693754,502.502319003035,0
1269,5165,6.03742535724004,1287.45369822622,25.3555247877141,30.5164008319425,32.1685185559301,47.1604179389646,27882.0427148415,19194.3950318416,77.1891975802714,0
1270,5166,6.24828352683459,5413.72345137209,24.5447012618852,10.9067359619473,11.139690535672,16.7566884850456,35525.2060477648,29151.019435478,726.128911997479,0
1270,5167,6.06732909853993,3218.66003759203,25.6648304707585,15.590625393342,16.0970855647462,24.0006707190387,34981.3477138897,20684.6763919419,400.092858015176,0
1270,5168,5.67323599822025,2997.66213830207,26.7861192921808,16.5267130704123,17.1048520363451,25.4530787944393,28640.186956896,24257.4417870381,177.256305994799,0
1270,5169,7.15192930938796,3663.7454891233,26.249453545353,14.3183569123196,14.7509889227974,22.0331508199517,24084.0013791508,26514.6501377033,1066.22332822151,0
1271,5170,5.84878114665728,3734.17856759203,25.6648304707585,14.0744818333089,14.4876205756661,21.654534210576,34997.0008052403,20693.9706296081,403.663103009837,0
1271,5171,5.81720111172908,3036.44992430207,26.7861192921808,16.3778006884065,16.9460465672978,25.2224461452517,28621.9245457457,24254.2365870667,215.829126777294,0
1271,5172,7.19065690234704,3965.9642351233,26.249453545353,13.5641162747726,13.9518102601653,20.8664191588321,24090.7584961551,26530.4424813677,1082.24351008426,0
1271,5173,6.00230049209082,1629.42783085646,26.704815779606,25.8099623731125,27.087123661149,39.8536856035054,31866.1258396194,21738.5788716129,399.110669324997,0
1271,5174,6.16495081007737,1020.35490266256,25.2685153242021,36.6452459320136,38.8428405388756,56.69156089487,27882.0701274404,19168.6134070937,186.232036590061,0
1272,5175,5.9404920809746,4010.31852959203,25.6648304707585,13.4082646297186,13.7823790346352,20.6241491270758,34994.8343384634,20705.1521685115,396.883324670005,0
1272,5176,5.49637218947523,4658.36036487848,26.4702721621702,12.1885371222225,12.500038938146,18.7401242362339,33306.9625584512,23747.6106810757,-539.003128136203,0
1272,5177,7.17278597560419,4390.9999571233,26.249453545353,12.6626121967041,12.998754115654,19.4724783536526,24091.2000397257,26502.3529788091,1043.94793365427,0
1272,5178,5.73210403765694,2374.49534423758,26.6849682531051,19.5064872751987,20.2915880372048,30.070586623986,31838.5534410092,21722.9697639533,440.810797648221,0
1272,5179,5.84077434047539,1227.38364177093,25.3611138963253,31.6806280174075,33.4345214435999,48.9704061048646,27900.3827539138,19231.7079491769,180.164995066678,0
1273,5180,5.90609975106716,3816.35757359203,25.6648304707585,13.8671684229131,14.2680285835402,21.3338620650579,34986.5758235429,20698.0420716773,379.735619014511,0
1273,5181,7.12021220032651,4630.3785251233,26.249453545353,12.220491461361,12.5322545220958,18.7891014811604,24093.7801939814,26512.369757184,1112.09253210362,0
1273,5182,5.37921882444834,4297.00180887848,26.4702721621702,12.8668977003908,13.2160957525828,19.7887318100955,33312.7574720898,23731.8247269375,-509.33683844856,0
1273,5183,6.76825976623777,4388.21967042992,25.9949461165023,12.6468827365404,12.9803450509382,19.4476659331784,28625.1463467287,34411.7874467198,1014.77419645176,0
1273,5184,5.86919836283947,2932.28775685646,26.704815779606,16.7753061678247,17.3692667932945,25.8379039884641,31826.5265831814,21739.0560847837,451.723479804041,0
1273,5185,6.24487631682556,1331.06381508618,25.2989702490369,29.7171404052671,31.2991043856897,45.9177600844967,27897.6691091673,19114.9289197395,65.4264448021564,0
1274,5186,6.02857161667556,4887.59208359203,25.6648304707585,11.7455626583937,12.0280622398546,18.0541635499879,34984.3132148926,20691.7832536109,394.843915618994,0
1274,5187,5.55890043342822,9880.06587215058,26.8559517325147,7.53749014021793,7.63566664641372,11.5629205192529,29122.1877019838,31102.1570742758,91.3009515733179,0
1274,5188,7.22670838347907,5428.3364531233,26.249453545353,11.0003306769408,11.2480958693924,16.9040227835915,24079.0092744159,26520.4167699919,1064.26811310636,0
1274,5189,5.27854666177445,4586.44547487848,26.4702721621702,12.3159241475053,12.6343952305666,18.9370086821973,33323.3993804325,23726.7777262048,-513.274572913209,0
1274,5190,6.02873262007766,1044.26326908618,25.2989702490369,35.9840003765693,38.1219013758544,55.6629912345716,27870.9149316167,19143.305228654,77.1202339398533,0
1274,5191,5.90962793277784,2757.43938023758,26.6849682531051,17.5199084457447,18.1642692462798,26.9913872923023,31833.7146652674,21718.3333087131,398.336725049822,0
1275,5192,5.86914926410693,5056.04693159203,25.6648304707585,11.4855907459138,11.7545592430843,17.6525504107053,34979.7692607946,20683.2375311745,411.509339630455,0
1275,5193,5.61450646735414,9168.70874533926,26.8213804661942,7.89399818104911,8.00550508247999,12.1122316690323,29121.0657992141,31129.861867456,73.036671642937,0
1275,5194,6.9672780440755,6158.5644311233,26.249453545353,10.1322375117502,10.3375946298356,15.5637235958503,24084.9372912016,26516.0720216521,1071.74183172391,0
1275,5195,5.2804774513206,5191.74198087848,26.4702721621702,11.3424837454725,11.6090329607669,17.4328622302266,33319.7034989158,23747.8144355562,-541.53691690158,0
1275,5196,6.5517059234945,4844.61112415934,25.7310089768956,11.8194005633838,12.1062175838118,18.168361569295,23693.5586083715,27139.6333861094,-237.618429406084,0
1275,5197,5.96474671584753,3092.89536023758,26.6849682531051,16.1548678986106,16.7074397297513,24.8769343462423,31821.3574587511,21686.8122793373,443.738137539452,0
1275,5198,5.90379006048189,1329.16957908618,25.2989702490369,29.7500145329492,31.3348060882281,45.9688552577012,27852.9071064345,19180.5711970973,112.617501739147,0
1275,5199,6.22508381783692,6906.7932352836,27.1709872284181,9.45774097215904,9.63637233544736,14.5240463454975,26534.764132076,29333.89915776,-153.467505913677,0
1276,5200,5.71525939926679,9071.93193215058,26.8559517325147,7.94762353881359,8.06132836024338,12.1949115088803,29122.3961293993,31113.4015272504,70.7589860309134,0
1276,5201,7.06539567522715,5575.9326791233,26.249453545353,10.8087778154235,11.0469540107878,16.608209929208,24066.6234457335,26509.7230885963,1056.10211633582,0
1276,5202,5.47248593251025,4768.71062487848,26.4702721621702,11.9997351103998,12.3010028597009,18.4483452235095,33303.0264897781,23735.4400471086,-524.871356672452,0
1276,5203,6.13121503841483,3933.86628359203,25.6648304707585,13.5842945589406,13.9685968424154,20.8963668143922,34999.2369764875,20691.6815103943,410.222727242602,0
1276,5204,6.02582380491491,3236.30664623758,26.6849682531051,15.6506439528087,16.1704187100564,24.0961952855242,31817.4463365416,21714.8165467894,394.843049992327,0
1277,5205,7.14412156061027,4939.82445315441,26.226963815327,11.7042317028354,11.9881718220894,17.9913054306768,24070.0698349278,26506.8798755906,1054.15143268842,0
1277,5206,5.47227443175397,3435.98344287848,26.4702721621702,14.989375858031,15.465232311205,23.0720396530735,33318.0352279696,23729.2988563832,-574.783382532908,0
1277,5207,9.47412499551195,4411.81212709462,24.3556452095315,12.4643636215426,12.7759906938769,19.1623030245218,35114.4754552719,31184.3051810364,-1169.31457747377,0
1277,5208,6.16914124163102,2907.88294885646,26.704815779606,16.8746682456604,17.4753100836657,25.9918161640792,31876.5447526259,21709.7110006962,418.443564358107,0
1277,5209,4.766152846305,3748.06874015934,25.7310089768956,14.0454614312772,14.4574194211541,21.6097937508428,23448.7991233001,26992.1317542857,119.011796311569,0
1277,5210,5.87024902833819,787.942915770928,25.3611138963253,45.3042271641599,48.3177667539443,70.1704888555486,27874.9183753174,19222.7013383706,106.412163338592,0
1277,5211,5.36254173557475,868.100515339254,26.8213804661942,42.5882406006549,45.3782960681412,65.9517342683789,29102.2264349106,31150.4295465176,161.269251689743,0
1278,5212,7.19719788513309,4933.9849091233,26.249453545353,11.7150427372842,11.9996965793447,18.0080483316468,24091.3884670318,26510.370624607,1056.90484818028,0
1278,5213,5.37888130698926,2791.83342455886,27.0988439822479,17.4227002426671,18.064674409478,26.8419545811258,28909.7635492508,26213.8418863268,-157.035532217797,0
1278,5214,6.02378852233325,1264.69929685646,26.704815779606,31.4037096351404,33.1596239648163,48.5471888149352,31807.5970948266,21711.5004362091,465.224595708839,0
1278,5215,5.52241627170956,2903.79544166349,26.5700215754951,16.8737849364525,17.4730116972723,25.9900744892694,33087.0868800625,24854.9673475378,-615.479464845176,0
1278,5216,5.92031860569073,767.144006662555,25.2685153242021,46.2658486182173,49.3694630650752,71.667263108608,27859.5091057773,19190.515464497,120.199110796699,0
1279,5217,5.98898145091015,3961.04449315435,25.0067469026563,13.4590570156302,13.8309113074683,20.7012626595721,34118.1497769975,31058.2581058693,526.237009718963,0
1279,5218,5.40554251317427,3918.12569764617,25.3692433817557,13.5932040599893,13.9756766384532,20.909498307187,34049.9413416478,17690.9244501736,-210.176300183092,0
1279,5219,5.5229713600321,2705.2127674568,26.7142274490464,17.7643845706786,18.4259371315387,27.3702894471393,31783.8485212464,21721.257436428,401.236526846527,0
1279,5220,6.05161252588715,2110.50130198433,25.2931841483419,20.9963484535435,21.8735255943955,32.3761663062819,23129.3733118216,22512.9956625928,486.462828184723,0
1280,5221,5.88526187778135,3823.65378661413,25.3387914061306,13.8172893904616,14.2125664682553,21.2559847362882,23136.518047693,22520.7285562022,523.909126936572,0
1280,5222,6.06512445334495,3893.63943818996,25.0184156644037,13.6173618766143,13.9984115319316,20.9460790855293,34124.3344943366,31055.4323363201,514.8426836948,0
1280,5223,5.29905134389397,3861.39278625862,25.3723130592369,13.7286650260154,14.1190358924056,21.1189950314203,34017.1939611605,17720.9459337177,-312.410285071941,0
1280,5224,5.31829874983162,3868.4428956336,26.5309543523038,13.8226965546725,14.2278374632044,21.266978419864,31676.1187901595,21685.362486924,223.515301536195,0
1280,5225,6.20905985890724,1811.87739113366,25.1042617658478,23.4569525401273,24.5195813933369,36.1932142904675,28596.1317079991,18321.9848508831,449.824589023591,0
1281,5226,5.43455690118056,4317.04464825862,25.3723130592369,12.7335617469975,13.0673423004372,19.5804135480047,34017.6607485385,17708.7540772532,-319.794726786934,0
1281,5227,6.08588463879195,3224.33821061327,25.3939561542829,15.5394895032945,16.0401506545852,23.9208108990472,23157.9268300428,22892.2524097238,409.423816216103,0
1281,5228,5.6326494071364,4033.88934062884,26.3759165531436,13.4201414017031,13.8004034824211,20.6440206742425,31567.0240560877,20945.4878693833,-441.200601017057,0
1281,5229,6.15988219645399,2364.24541913366,25.1042617658478,19.3033919330696,20.0546178655375,29.7504162805484,28589.1359483849,18284.9811494913,443.135211224805,0
1281,5230,5.86496108951812,1896.76227818996,25.0184156644037,22.6539267916129,23.6528609711858,34.946628976185,34090.5436733786,31052.5364326585,512.422439344981,0
1282,5231,5.28084112865553,4131.03507825862,25.3723130592369,13.1160395791132,13.4712246794788,20.1716877164238,34031.191039467,17711.4805134177,-302.853290344241,0
1282,5232,5.97867156945081,3070.99319861327,25.3939561542829,16.0753994286682,16.610276270398,24.7504355907101,23161.1779419603,22900.1393020506,439.224553021498,0
1282,5233,6.24500842163908,2271.62608913366,25.1042617658478,19.8683301515842,20.6601375678647,30.6262259834817,28566.73078792,18292.288003355,460.184643759336,0
1282,5234,5.61466016858378,3217.5745956336,26.5309543523038,15.6961868344708,16.2174798046332,24.1663160216558,31745.2157584924,21676.9485445806,347.926592338341,0
1282,5235,6.74070837224719,4744.44102833752,27.0193959071211,12.0819639978597,12.3912613886234,18.5764091139998,26528.113564567,29269.7569078712,-221.755491102401,0
1283,5236,5.25963305974295,4218.52235025862,25.3723130592369,12.9323925165538,13.2772451925809,19.8877718473233,34015.4519178623,17710.2815892406,-294.280878969266,0
1283,5237,6.03362118289629,2898.35341061327,25.3939561542829,16.7401997083406,17.3184844437664,25.7798564283873,23167.4561670707,22923.9631770842,455.73530579758,0
1283,5238,6.10871937351194,1844.38776713366,25.1042617658478,23.148562854745,24.1871070330506,35.7145857703913,28581.5776540432,18300.3762719774,410.702741681579,0
1283,5239,5.62173291278706,2331.34859753024,26.4718892410858,19.7320735094002,20.5310696616577,30.4196712093428,30339.2073862371,22103.6952714681,-188.891981862547,0
1283,5240,5.86910063295854,2141.79226865873,26.5273669368796,21.0027425911337,21.896805408903,32.3906114643063,31845.2388971444,21759.3055018167,452.352226276522,0
1284,5241,5.16559824823133,4045.79445825862,25.3723130592369,13.3017890203585,13.6675268310368,20.4588817714528,34031.2841203889,17706.1462393901,-274.731701288464,0
1284,5242,5.98098383463819,2545.69512461327,25.3939561542829,18.3520709231802,19.0397543227829,28.276930684438,23143.2001043746,22900.7332748132,450.256195670238,0
1284,5243,5.18481629226589,2321.41487153024,26.4718892410858,19.7933694253189,20.5968495096029,30.5147192297053,30351.2815041489,22093.8751903032,-186.12440720728,0
1284,5244,5.86341905435717,2572.85210590473,26.5044893955112,18.3822075352495,19.0846571521575,28.3271229464733,31827.218723752,21730.6202372736,475.822289105292,0
1285,5245,5.26662886078241,3755.80014225862,25.3723130592369,13.9899872839307,14.3956949600207,21.5231694620278,34011.2765863786,17702.7775070577,-296.789875397337,0
1285,5246,9.35221658521734,4719.10609634529,21.0109703252945,11.6500336460098,11.8951025976223,17.8976229666346,39236.3692984059,15337.2442215089,-1233.85410579271,0
1285,5247,5.42318245323086,2058.93102953024,26.4718892410858,21.6109789318545,22.5504735398794,33.3340322965769,30350.2310447031,22104.7676294938,-173.961900263825,0
1285,5248,5.91487671038016,2525.75691817665,25.3524433147532,18.4490019874674,19.1429562820624,28.4270094411388,23472.2305558131,22060.4376188588,552.276832571193,0
1285,5249,6.19091379665007,2061.68370665873,26.5273669368796,21.6004389940744,22.539872787874,33.3178845947662,31856.2987630473,21744.2690861766,412.796920681918,0
1286,5250,5.3427486825697,3676.42598463044,25.4169415208996,14.1998557095976,14.618395601056,21.8479045193311,34022.5338531152,17751.6083623432,-311.964142982251,0
1286,5251,5.84154898856153,2972.09178217665,25.3524433147532,16.4422377823756,17.0005157525237,25.3183205230564,23432.2313137029,22060.1506571506,630.051883675623,0
1286,5252,9.09962996498294,4396.31506634529,21.0109703252945,12.2012119929437,12.4734138090024,18.7486756731834,39272.0185810662,15313.5286470894,-1277.5699644896,0
1286,5253,5.26630228990954,2651.36435153024,26.4718892410858,17.9861208111488,18.6604636529768,27.7131761163736,30322.716361338,22084.2291704671,-207.170322607513,0
1286,5254,5.78564206529172,2499.43944790473,26.5044893955112,18.7685818889048,19.4984124948886,28.9260057705382,31815.7195045277,21696.8648332522,439.208577175478,0
1287,5255,6.23768021649729,7115.82483008775,25.28336694297,9.18766409402201,9.34561092123175,14.104982822297,23415.2906989606,21866.24283257,621.624873660217,0
1287,5256,5.23413961180771,4209.01778599461,25.4307746304595,12.9571501148174,13.3038273661668,19.9261657883004,34085.7394734286,17956.2024522371,-281.36152080537,0
1287,5257,9.7627500114052,4408.51747034529,21.0109703252945,12.1790862082992,12.4501802903425,18.7145070449821,39267.2904258283,15352.8889103494,-1246.60244179639,0
1287,5258,7.44214717853467,2857.63609476516,26.5733168673188,17.0665745809168,17.6788433264358,26.2887279485967,31002.1425427027,22306.5330773889,997.808469472975,0
1288,5259,6.32830109264144,7185.20903751179,25.2314602304386,9.12875457142519,9.2839376975571,14.0140596566128,23410.116340839,21842.5896853077,662.33095120712,0
1288,5260,5.25261676083605,4391.96574199461,25.4307746304595,12.5925985408142,12.9190236797501,19.3626447646028,34082.3015829629,17962.941971521,-266.819490119331,0
1288,5261,5.27859355057731,2638.67737553024,26.4718892410858,18.0478788464389,18.7265256557424,27.8088813526139,30334.0039850944,22105.7243456411,-207.453841079921,0
1288,5262,6.94114560900453,1822.26781935956,24.8881609980397,23.3080373791438,24.3556925264156,35.9611703060835,27903.2104525483,17923.908576289,886.188612325215,0
1288,5263,5.88149319844606,2421.00486190473,26.5044893955112,19.2052373616463,19.9663708205512,29.6029242323759,31813.240504487,21710.1098363268,407.045816420752,0
1289,5264,6.36238794086197,7600.50926751179,25.2314602304386,8.81012749105334,8.95192001830133,13.5227093460708,23403.4105578473,21855.8761252863,642.435396910034,0
1289,5265,5.34736511491103,4110.52444119149,25.4602294040462,13.1680356885309,13.526836386985,20.2522632354873,34065.4215597424,17963.077476998,-319.644442373152,0
1289,5266,5.66348798469673,948.963229904732,26.5044893955112,39.4379846701858,41.9226496676144,61.0454975799732,31818.527921668,21678.4124599547,430.004203280834,0
1290,5267,5.36608060067701,4169.52374053842,25.6094835519268,13.0554313393642,13.4089830245263,20.0784780227275,34073.4935578264,17951.9866737614,-259.692987453406,0
1290,5268,6.56533638089302,4472.29037565088,25.2610002103365,12.4270184821535,12.7431759183952,19.1063971883277,23412.3601541025,21836.1986109594,680.430870614091,0
1290,5269,6.65188631194798,1983.24251426063,25.1124017335765,21.9399238873411,22.8855952634736,33.839173606993,27920.9956385493,17920.2211880566,792.941973203624,0
1291,5270,5.17353598485247,4313.26541653842,25.6094835519268,12.7612881257129,13.0983398434052,19.6237500850029,34064.9679902789,17959.1060326912,-289.524496560109,0
1291,5271,5.94006490413433,1172.84683286613,26.5292836432213,33.2683258027329,35.1868235907127,51.4459618168261,31817.670739923,21684.6404838764,462.776189578415,0
1292,5272,5.20173361528715,3725.58971053842,25.6094835519268,14.0910660045779,14.5047332899251,21.6800615702101,34070.4322624409,17949.4874279681,-282.864919242154,0
1292,5273,5.81348119745788,1495.26342086613,26.5292836432213,27.5163585697993,28.9330788346631,42.5038481692971,31829.3750278946,21713.7453940267,384.76242739276,0
1293,5274,5.33605034983013,3314.69468053842,25.6094835519268,15.2695894974421,15.7552798350636,23.5036102320754,34071.7109632417,17952.0919732364,-265.468632065087,0
1293,5275,6.03426235194353,1716.15749519333,26.5407822893662,24.7747816307651,25.9646684601082,38.2452594022702,31842.4850035845,21761.534599235,410.379184262566,0
1293,5276,6.8026884170952,1098.08365226063,25.1124017335765,34.4935432694684,36.4923378358816,53.3433204876887,27941.4065176684,17929.6630822179,825.520483778369,0
1293,5277,9.23590021074205,2081.75475172022,26.605127057987,21.4615524874253,22.3914236408686,33.1026848513676,29944.8447616001,24606.2559756319,-111.748978002648,0
1294,5278,5.38965186133293,4696.69402453842,25.6094835519268,12.0557862921566,12.3543491296248,18.5333835624177,34096.0432261264,17958.040955755,-264.316513671446,0
1294,5279,6.69321049630978,1408.18770626063,25.1124017335765,28.3934463355275,29.8590020199248,43.8596845224073,27903.3888370051,17918.3809475348,838.105060842331,0
1294,5280,5.97677276269543,935.208318866131,26.5292836432213,39.9223893903737,42.4530918900239,61.7996507179461,31825.4916269243,21730.9397102727,465.91187846347,0
1294,5281,5.78186725980457,1237.6614902472,26.6719592967713,31.9316992049555,33.7337224498687,49.3680303350822,30269.2054145734,25661.9276305075,-427.06009411441,0
1295,5282,6.80216444921176,5498.59026664369,24.7800037811254,10.8124175091561,11.0421972996525,16.611460659078,36526.6048764067,20828.0042708597,891.617709888431,0
1295,5283,5.18420179033512,3763.84887253842,25.6094835519268,13.993198781437,14.4010542819246,21.5286764418791,34092.8139610486,17948.6044924191,-284.057869619474,0
1295,5284,5.29923703400598,1423.58655291367,26.6629226986005,28.6191339506621,30.13195732511,44.2181944041134,30312.4268256042,25662.820922775,-370.98964891727,0
1295,5285,5.84589386233856,1187.38399286613,26.5292836432213,32.9448276315857,34.8343350968214,50.9428244567612,31803.6189002729,21708.3136025926,449.633746899297,0
1296,5286,6.1187916207804,6177.49676319787,26.8766106712963,10.1474242851571,10.3567446727155,15.5880618318448,28393.6419483833,30879.3564182757,632.173771865835,0
1296,5287,5.41358845694176,4494.29711053842,25.6094835519268,12.414833043842,12.7327892635831,19.0882439030393,34079.524841144,17946.4514793554,-273.627745095955,0
1296,5288,5.47645791240543,4475.59959062227,25.8895168625981,12.4723090961978,12.7953770598313,19.1776192549191,34488.0425951725,22867.2105624385,-414.212571100023,0
1296,5289,5.84052885587029,1406.32243286613,26.5292836432213,28.8511821486189,30.3815349649796,44.578183970129,31797.6067089621,21685.8616474592,501.948851894771,0
1297,5290,7.91451674781763,9635.6443963463,24.7823981310267,7.58335522969051,7.67599844273347,11.6315797892722,36596.9778160148,20734.6392822838,-1339.63550461006,0
1297,5291,5.25851267705369,4686.34534676645,25.645856474793,12.0762987539293,12.3762044402294,18.5651477548079,34061.4270756375,17950.5991704195,-288.691670525793,0
1297,5292,6.05792579357576,3622.11113343377,25.2763212936658,14.3304433015237,14.7555960738241,22.0495881671358,23718.6365058746,21632.8450128951,639.638017384157,0
1297,5293,7.06854891468469,11621.2031986972,25.15425238209,6.77499180313853,6.84142082388515,10.387154007201,35922.0571956935,21861.2417793627,1103.05555881947,0
1297,5294,6.28040544012932,4785.43153719787,26.8766106712963,12.0021579528321,12.3061924872814,18.4528165784254,28382.8212140411,30900.6474583815,654.422957484319,0
1297,5295,7.52634075402976,9325.61474617807,25.7601958471856,7.7731821868263,7.87628310474849,11.9249991923269,34824.5952672108,22232.6707509401,886.36691195643,0
1297,5296,5.82805219846404,2631.53766067334,26.6008925348216,18.1018119408934,18.7856397486045,27.8928523614518,25148.7186880747,27172.5123898883,307.424398714675,0
1297,5297,8.72806668482701,7568.28219741786,25.3411683459369,8.83878476815766,8.98225036644584,13.5670311784736,35034.9757035177,22596.1062440015,368.040315413399,0
1297,5298,5.83191805913292,1198.81548686613,26.5292836432213,32.6957335043662,34.5629744107656,50.5554240282463,31814.2012308545,21738.3449796083,433.115004794977,0
1298,5299,7.36493491824773,8991.38690269719,25.15425238209,7.92837417854716,8.0350334345556,12.1634983100399,35910.6734783106,21831.6598005454,1064.02043772896,0
1298,5300,5.30179631353604,4916.86592053842,25.6094835519268,11.695180818159,11.9746824205511,17.9762283775952,34080.8016084846,17942.1145108548,-264.377609874673,0
1298,5301,6.13662377264026,4057.31897465897,25.3260246013222,13.2720259786489,13.6357078094149,20.4127634012156,23724.1151391727,21635.7946071871,629.994182301913,0
1298,5302,5.79785662373661,3696.76362430462,26.6636006455239,14.2720180425997,14.7052416895401,21.9623930907331,25166.2099844971,27171.8153874222,314.358533445323,0
1298,5303,5.57396518060595,3539.38382732167,26.4618285212228,14.6846482241304,15.1414834875693,22.6004201525314,30614.8051530233,30064.4088173183,-217.512649309036,0
1298,5304,7.12144547031711,8280.32686417807,25.7601958471856,8.3706146969991,8.49677517512774,12.845728024234,34834.3484791534,22226.9081715478,866.326732405387,0
1298,5305,5.82815352761566,1463.28166886613,26.5292836432213,27.9785664499902,29.4344196908079,43.2220649617119,31830.9591239683,21716.1950159212,403.150152083312,0
1299,5306,7.07530306947486,6710.39636869719,25.15425238209,9.53056811318018,9.70283517190381,14.6337440232666,35899.9795724983,21853.386861186,1092.16627719754,0
1299,5307,5.85901309056145,3193.65748865897,25.3260246013222,15.6348210028592,16.1408674235134,24.0681973512826,23743.6143842253,21599.7705101334,631.304567832266,0
1299,5308,5.78729999003223,1784.02123267334,26.6008925348216,24.0746788021558,25.2090166504967,37.158432106612,25162.5671381087,27167.6653124504,328.971319706944,0
1299,5309,5.64184515185986,3503.67626155346,25.4849108820661,14.6831216850929,15.1314161317504,22.5957310257042,34245.2817241892,17729.7274655756,-219.912533526402,0
1299,5310,5.63689428313805,1591.07225691367,26.6629226986005,26.2722621110131,27.5870232265377,40.5716118873962,30298.7840764077,25643.2763760418,-460.562522047277,0
1299,5311,7.50659128202334,6396.96825072019,25.8485611777302,9.86495087139569,10.0557799092881,15.150636166127,34810.8296212221,22241.1520572214,866.67849488282,0
1299,5312,6.23594665894747,1565.08584086613,26.5292836432213,26.5696960908711,27.9070117135741,41.0330578176992,31847.1337429138,21741.176955374,460.76469113898,0
1299,5313,5.49429702686983,5504.45401563312,26.0971818789297,10.8906143627561,11.1319923657758,16.7343420297806,34499.9212606024,22852.0099409023,-429.840655419122,0
1300,5314,6.09933872764362,4118.07526686417,25.3158489336375,13.1387479372476,13.4947863718532,20.206677541702,23729.9937881487,21591.4722800026,607.333745550876,0
1300,5315,5.36191296587637,5252.01675984259,25.6926972572667,11.2037070851383,11.4584295129995,17.2172041571319,34498.7944658169,22849.1316087839,-409.882841560103,0
1300,5316,7.59496138561112,5425.32063951932,25.0073810837495,10.922451414299,11.1589773743356,16.7817270885811,35909.8528156927,21876.1303979221,1068.29004613445,0
1300,5317,6.93409587534785,1651.90073328218,25.1974582811517,25.1634460433844,26.3633412815186,38.8428511902769,28019.4978524155,17826.4127553166,973.013977712983,0
1300,5318,5.27752837242794,1974.09797338562,25.3686102121862,22.0678394422418,23.026929648102,34.0386472483606,34408.3030515985,17619.2392880273,-298.710426424033,0
1300,5319,5.20139177224131,1201.32913216781,26.3859686399977,32.5901318893807,34.4451049698578,50.3904005062651,30296.1881920862,25704.6082392778,-394.058712623653,0
1300,5320,5.71335534278192,1207.89919814107,26.3534729756653,32.4382993519279,34.279103577647,50.1540991711051,31795.5169246044,21739.630907562,489.610683612802,0
1300,5321,3.80279089485173,4444.79762017618,26.5349889555653,12.5828161821012,12.9165038142797,19.349675932659,26783.3453520121,32742.434238739,-232.441334950039,0
1301,5322,5.70007756222618,4743.12397105371,24.2788482365871,11.8742719355602,12.1541935838949,18.2504372249219,33702.6231651592,14355.6518070924,118.297476173523,0
1301,5323,6.0776584585678,4081.14536625725,25.265472233508,13.2141820203498,13.5741070834311,20.3231990054678,23716.4099958212,21609.1551610982,662.054528376137,0
1301,5324,5.57089321781286,5209.33037184259,25.6926972572667,11.2639303508876,11.5217113352443,17.3102182422589,34477.4472845351,22861.5753767675,-380.029593520878,0
1301,5325,7.72608896491481,5472.76464351932,25.0073810837495,10.8606155630788,11.0941059139467,16.6862510895778,35907.1463101216,21865.3011687156,1097.75863702718,0
1301,5326,5.32680917986879,1504.91403374889,26.37527979343,27.3377931294649,28.7368361447807,42.2256690881699,30289.5167710304,25680.8639093639,-416.585946953658,0
1301,5327,7.04996332912975,2184.71551439868,25.3651056266185,20.4868196040041,21.3271966136641,31.5861985725042,27997.4325596045,17822.4167465294,916.075265306347,0
1302,5328,5.63975804486782,4888.56164905371,24.2788482365871,11.6403419256598,11.9082284324304,17.8890929296471,33687.4915408345,14345.0617515599,111.474696933345,0
1302,5329,5.50266361092687,3911.11793184259,25.6926972572667,13.6405110984241,14.0283069579159,20.9833677832404,34466.3820075527,22876.5990133018,-416.6740201586,0
1302,5330,6.80417058942106,2680.88937528218,25.1974582811517,17.6594783440705,18.297273862704,27.2031876710364,28015.4022799984,17863.0327875109,903.705921291479,0
1302,5331,5.12856242059828,2407.36276216781,26.3859686399977,19.2645950583598,20.0286098138982,29.6945638917281,30297.1612954964,25657.2393154304,-397.594980739453,0
1302,5332,6.11311139760948,3417.43938893289,25.5125677494943,14.9401854769945,15.4045059054967,22.9935770142891,23605.2402140776,23653.9906425013,503.06194513969,0
1303,5333,5.58353521559271,5144.21743105371,24.2788482365871,11.2576039971005,11.5061895495379,17.2979965005489,33675.9626502228,14348.8556591175,115.744989618799,0
1303,5334,5.61280361376768,4238.55644784259,25.6926972572667,12.9191702444518,13.2656612321639,19.8679872344395,34481.0141621538,22859.4791226783,-383.332922068719,0
1303,5335,5.83398741648826,2673.80682040775,25.4458222613235,17.7290653522949,18.3743714371246,27.3117582182299,23218.0427533669,23880.2064596791,509.606514311814,0
1303,5336,5.6791027200097,2278.55471416781,26.3859686399977,20.0486392623816,20.8698032154648,30.9102786059567,30319.5395329668,25660.3090353306,-430.295432600165,0
1304,5337,5.72774042392588,5227.32152905371,24.2788482365871,11.1403247015285,11.383094644717,17.1168985914884,33677.4393148401,14350.1151337922,107.535578070604,0
1304,5338,5.2631609255293,2202.31882584259,25.6926972572667,20.4272005068536,21.2674693401707,31.4949236316385,34482.294864063,22856.5799384052,-401.022169951909,0
1304,5339,6.12715280978935,2692.57297240775,25.4458222613235,17.6412676819878,18.2805834667967,27.1757353930761,23245.7835376737,23911.7926697514,479.117790225063,0
1305,5340,5.79031189172963,4681.80358705371,24.2788482365871,11.9767500557844,12.2619999512201,18.4087472651932,33678.1406759662,14341.5603389467,84.1663748356122,0
1305,5341,5.77688742488036,3704.8461451698,25.7320013245534,14.1572624446634,14.575896687891,21.782742414043,24525.1576153586,23042.75023329,245.858722044189,0
1305,5342,5.36231920713443,1693.62235220388,26.4073374590691,24.9913572051027,26.1967564737201,38.5810054899232,30310.3036388556,26141.983669706,-419.902257281449,0
1306,5343,5.79866659087717,4242.3466231698,25.7320013245534,12.9148132798221,13.2613493988002,19.8613314574259,24531.142139177,23054.4617751656,222.583558170108,0
1306,5344,5.78452831052238,4512.75403705371,24.2788482365871,12.272006161981,12.5727954968327,18.8649156277399,33676.1280731879,14342.1784105042,116.754699560415,0
1306,5345,5.3797690239125,2846.0596783589,26.4177810262601,17.0948079062212,17.7073921813742,26.3320254385263,30325.4717996527,26189.9136718484,-433.977504061902,0
1307,5346,5.86899356712592,5602.6063051698,25.7320013245534,10.7423766743897,10.9743104801354,16.5048611091503,24538.0433397643,23040.7576472279,224.269873909826,0
1307,5347,6.02162645216752,3765.8731537596,25.8986026900166,14.0167046359254,14.4283250505032,21.5656890675203,32869.8678656049,27948.0091968696,556.404971106922,0
1307,5348,6.29162021575884,5992.44873389166,25.3488579886541,10.2603204864433,10.4669187172584,15.7600921706327,22886.6286901281,24000.0014903018,567.035611230069,0
1307,5349,5.64809794762358,2311.38557420388,26.4073374590691,19.8447564566906,20.6512106725142,30.5941856712383,30291.7025695245,26170.1015859559,-423.815417348309,0
1307,5350,5.55552520948449,1286.49568705371,24.2788482365871,30.1683290673269,31.7688636462632,46.6134057040544,33633.800696553,14356.0966121494,147.518541935101,0
1308,5351,6.09976969970301,5249.6837071698,25.7320013245534,11.2096610234797,11.4649248165314,17.2264659339262,24507.2058770771,23028.1798273709,196.928880837175,0
1308,5352,6.2588974224405,4553.17122692917,25.8335093082868,12.3254047034878,12.6400447155609,18.9504617076727,33409.2245646696,27270.3683619505,685.989221835191,0
1308,5353,5.49004766326866,2031.2518603589,26.4177810262601,21.8173967854432,22.771958746015,33.654105690711,30292.5413898971,26175.0047125606,-389.245479874236,0
1308,5354,5.29196164633897,3605.67765296341,25.4131260216483,14.3893973762489,14.8192644954618,22.1411150716618,33592.4462064259,26624.0143135412,-348.631109689879,0
1309,5355,5.95097637585432,4545.70618603164,25.7006914198288,12.3282659996586,12.642142671588,18.9546302773271,24515.4926760671,23028.3183177408,244.593084113494,0
1309,5356,6.47144403372767,4965.07945292917,25.8335093082868,11.6362933952369,11.9141588826793,17.885651562569,33383.899956178,27272.9251556524,763.635246247796,0
1310,5357,6.4498286290469,5311.54516804329,25.7983321719652,11.1282699170371,11.3798153194651,17.1008730088858,33394.0666819446,27252.5291171379,746.319148850105,0
1310,5358,6.33776973144588,4077.35404424619,25.9139056854676,13.2813462017567,13.6500728323059,20.4284184217966,24563.9857486706,23003.6520233635,254.295389751739,0
1310,5359,6.88921974171477,4397.20579709583,25.8685984568807,12.6190521588033,12.9500712283812,19.404398231283,24951.5029762081,22046.2264897257,334.768570756206,0
1310,5360,7.42252805264462,2518.389077961,24.224931476716,18.3092035775953,18.9800794797685,28.2066924719201,36598.2061944014,25454.5564332175,73.3579618461798,0
1311,5361,6.4539379551657,4490.21765404329,25.7983321719652,12.4377303131938,12.7582623291004,19.1239979756676,33384.6520529726,27252.8629141613,741.362572215711,0
1311,5362,5.90996469188681,3871.90772309583,25.8685984568807,13.7510797953699,14.1467467904501,21.1547598814347,25052.313019827,21924.8393901514,192.312656457772,0
1311,5363,5.40037817297286,4741.03748192648,25.4152350822096,11.9658568476763,12.258324561014,18.3940675502201,33578.5601485615,26614.740356377,-406.923692753882,0
1311,5364,5.1294841483997,2085.19776126251,25.345795091324,21.192725055645,22.0852941420057,32.6809602332313,33021.1782817115,16649.3375417532,-353.853008227298,0
1312,5365,6.28525113489597,4957.47721804329,25.7983321719652,11.6455304233069,11.9236535428413,17.8998596341071,33381.4311969975,27258.0133936572,743.779967609237,0
1312,5366,6.03267362997527,3918.18434909583,25.8685984568807,13.6404612647068,14.0296455455819,20.9836741570201,25059.2402503189,21951.2035150434,201.055890324362,0
1312,5367,5.43096136434987,2813.09505385315,25.2894428664007,17.0814181989627,17.681267047754,26.3080247572839,33004.9425651469,16627.8391526951,-341.817308448835,0
1313,5368,6.40399180180558,4173.41769604329,25.7983321719652,13.0639022423996,13.4193477441946,20.0919646381024,33383.0431380128,27264.214269737,711.389080039806,0
1313,5369,5.89446682848556,3639.37924109583,25.8685984568807,14.3450458697566,14.7761103141138,22.0735658653174,25051.9582302466,21964.803784287,232.576753190161,0
1313,5370,5.54508158965575,5718.16620126251,25.345795091324,10.5764155353437,10.7980633311041,16.2480220926342,33019.5911909546,16629.09895046,-334.27736827705,0
1314,5371,6.40420484591803,3686.70917404329,25.7983321719652,14.211563919696,14.6340030023103,21.8668980353165,33379.6422843576,27281.5790499424,729.225587016845,0
1314,5372,5.82940587253827,3497.86219109583,25.8685984568807,14.7412274847702,15.1964400170847,22.6865666266256,25090.0273926401,21947.6685814081,211.255783217406,0
1314,5373,5.33837011236708,4227.01007185315,25.2894428664007,12.9076830227376,13.2505346810679,19.8494028673642,32986.4696397942,16645.7886341483,-380.852643011309,0
1315,5374,6.24815804727957,4162.60293004329,25.7983321719652,13.0867775291572,13.4435209771767,20.1273325142368,33395.0252364099,27259.1795950581,728.047970148672,0
1315,5375,5.3388971830651,3721.34381192648,25.4152350822096,14.0824723126585,14.4940122781447,21.6663229317047,33600.9199488288,26619.7589213354,-346.885998644467,0
1315,5376,5.89633534767222,2463.78554309583,25.8685984568807,18.8628069650186,19.5919478821264,29.0700248666497,25074.1022966728,21944.7531050843,181.924275938087,0
1315,5377,5.26706062476796,2431.57863726251,25.345795091324,18.9572083123923,19.6868023309105,29.2146287506102,33048.0504062883,16668.0133862298,-356.751289544869,0
1316,5378,6.2613168198245,4722.34966804329,25.7983321719652,12.0267540219381,12.3250333959404,18.4888723635737,33391.5673574364,27267.5494079965,728.971054854077,0
1316,5379,5.6643163649218,4462.18832192648,25.4152350822096,12.4584914334851,12.7774587832043,19.1553407026185,33583.7908773994,26605.6486176403,-351.09188378922,0
1316,5380,5.13970589215784,2058.89871726251,25.345795091324,21.3908486279507,22.2982922866896,32.9882853289724,33069.8173540756,16715.2970483115,-352.296651705531,0
1317,5381,6.38747581213485,4391.87156404329,25.7983321719652,12.6234754715902,12.9542388053624,19.4110974647281,33388.2442702648,27262.7444421983,760.882367933537,0
1317,5382,5.22709995137901,2129.62420326251,25.345795091324,20.8683935950017,21.7367576800806,32.1779045936759,33052.6612460287,16715.9501500188,-347.486572481802,0
1318,5383,6.21201096754699,4347.33499204329,25.7983321719652,12.7100536480166,13.0456223396429,19.5449281503597,33376.4692633386,27241.7442928662,726.260708034409,0
1318,5384,5.03063232222982,2152.06869726251,25.345795091324,20.7092772966284,21.565833265736,31.9311252490164,33077.2470790558,16711.650385406,-349.178415326425,0
1319,5385,6.22283154990511,5450.46315004329,25.7983321719652,10.9416173334792,11.1837961061915,16.8126213173461,33390.9177004174,27250.9737739076,740.632478634828,0
1319,5386,5.30236042725323,3251.51237441864,25.1138224660429,15.4163465662777,15.9066064488869,23.729477917387,33952.9541163345,16618.6636203581,-341.211733481215,0
1320,5387,6.24895124579796,5318.735793936,25.8342457600697,11.1208114052057,11.372196003517,17.0894136242022,33385.6005156833,27240.7072221437,743.66245312784,0
1320,5388,5.14355971496943,3221.75910608802,25.0866261793333,15.5115612424439,16.0075385084358,23.8767770710294,33934.8749201539,16608.7273084535,-341.88879164906,0
1320,5389,5.52083466029653,4389.22607427938,25.4819189416559,12.6021416606183,12.9294599876685,19.3774965799905,33600.6450008242,26590.4009466573,-327.590407181744,0
1320,5390,9.79426236246118,2974.38013963936,25.2509508891898,16.4201750264555,16.9759785236751,25.2838723284282,26327.9597519232,18394.503577276,-1038.27970059826,0
1321,5391,6.38885563461324,5221.931523936,25.8342457600697,11.255780582935,11.5140130484379,17.2978699776623,33389.5751056675,27253.3489064152,711.990894761763,0
1321,5392,5.30631802821698,3418.45128608802,25.0866261793333,14.8897836903257,15.3471612080783,22.9145254562446,33936.633263455,16601.3822553436,-351.935038083836,0
1321,5393,5.39585157091568,4466.29504827938,25.4819189416559,12.4563186937548,12.7756402834174,19.1521130969562,33568.2278845011,26623.6525820541,-427.304761381242,0
1321,5394,6.8393468564785,5928.14391672575,25.2727755902793,10.3276012987671,10.536956809237,15.8638248032668,25272.4278041251,19132.2345856124,857.660109584832,0
1321,5395,8.5259387297527,6220.25390527056,25.4366885807547,10.0212926677368,10.2172029568046,15.3913154475487,26431.2727527623,18769.2465724032,1151.39106313768,0
1322,5396,6.3791992884821,4765.046205936,25.8342457600697,11.9577787428574,12.2526143765532,18.3823576620713,33378.4073748014,27252.7836515585,739.77769396601,0
1322,5397,5.19439905259087,2673.80293510755,25.1735981098073,17.6891493957848,18.3286959431279,27.2490810049742,33909.8067324088,16646.7308236466,-369.364447923443,0
1322,5398,6.56682735486121,5795.55357251176,25.1631668398776,10.473273153253,10.6889368082355,16.0885130862072,25913.3450541147,18517.3661010861,1035.84335823123,0
1322,5399,6.68280313596055,4890.16390755301,25.5275281965157,11.731304449133,12.0121625360494,18.0318887871666,24256.1753313313,20689.0979077198,579.687505138815,0
1322,5400,5.74420607607495,1126.37900744166,25.907843174582,34.1153304885709,36.0971944532256,52.7598154595103,24322.4103223671,24813.6414757403,258.196319874544,0
1323,5401,6.15866353634878,5455.451175936,25.8342457600697,10.9374178812644,11.1795982235118,16.8061946490067,33386.108105569,27253.7550823931,768.401186962211,0
1323,5402,6.61059871521858,8683.28489757826,25.1754900092271,8.10278027707451,8.21613837497982,12.4322741255251,25198.7574296188,19069.292522293,687.653085188763,0
1323,5403,6.05857471439341,2292.57064317174,25.9325438206766,19.881121831082,20.6843600192082,30.6489549527363,24347.4355307644,24833.2110119052,248.687659427645,0
1323,5404,6.49247892404288,6011.15515155301,25.5275281965157,10.2502096495872,10.4573025721066,15.7447547315576,24266.3965719202,20707.4842770942,648.376754772704,0
1323,5405,5.30102620972275,2964.78176408802,25.0866261793333,16.4358923335652,16.9910383752284,25.3077463111959,33914.340873591,16641.7166262477,-354.377116551337,0
1323,5406,6.06912415816185,1889.19874619282,25.941997518816,22.9216026193604,23.9549278278821,35.3657932119767,30507.7803681954,22584.7678776315,261.966389306141,0
1323,5407,5.85226188434446,5740.9653120394,25.0233562904593,10.529024583853,10.7465575249895,16.1743549721751,25994.5435624096,18548.5199116798,894.372215821364,0
1324,5408,5.76721095127366,3461.08423619282,25.941997518816,14.8569481385382,15.319938814103,22.8658175325254,30531.4017781855,22614.3112102093,295.973078562695,0
1324,5409,6.29735787059287,6177.507507936,25.8342457600697,10.0885923651108,10.2897245812405,15.4957585625268,33383.6008944791,27271.5751621118,720.122524731613,0
1324,5410,10.1017310499125,7396.47316329219,24.4486141595601,8.9258055212308,9.06884764114,13.7000945907493,35718.5835125752,29440.2587163126,-1094.42764219176,0
1324,5411,6.43813177353029,7876.71480357826,25.1754900092271,8.61195538304328,8.74539041440525,13.2171024106477,25197.2645577485,19054.9043535954,708.797775255068,0
1324,5412,5.22891327666598,3158.59519510755,25.1735981098073,15.7366691725453,16.247707971765,24.2254492308206,33913.6174333317,16645.3068957416,-322.564282466516,0
1324,5413,5.94605410450819,2359.92311144166,25.907843174582,19.4642750503209,20.2369478552331,30.0025555551138,24331.9649953612,24810.5202228111,245.124889001774,0
1325,5414,6.70085871789424,6351.35439140353,25.7737890370977,9.906361125666,10.0987148598498,15.2144343511355,33542.6506651317,27579.1527418921,846.606149345689,0
1325,5415,6.06907021885906,1932.88302344166,25.907843174582,22.5283561331443,23.5305986653653,34.7553629232185,24300.6620160145,24828.4218160229,216.726016343641,0
1325,5416,5.34462659476558,2873.96732032188,25.1349213157917,16.8049233238003,17.384772353008,25.8793456290923,33922.276747473,16638.8151314555,-389.500718515052,0
1325,5417,5.90087996003566,5467.86333957826,25.1754900092271,10.8780361760137,11.1133831934921,16.7134256077632,25115.0945429309,18999.0858511471,490.296582041915,0
1325,5418,6.65132750063909,4253.59214550694,25.0536569633933,12.8329251842863,13.1698546133447,19.7333549288388,25905.847572404,18514.4797533653,1058.01831457274,0
1326,5419,5.94178305105947,1951.38486344166,25.907843174582,22.3698025307018,23.359781232461,34.5093171404492,24337.963588555,24822.6757687323,247.651772722322,0
1326,5420,7.19947468625496,6314.0935719315,25.329300466629,9.91918392840755,10.1098307122227,15.2335869897834,25290.1168831365,19111.17764918,867.548994020907,0
1326,5421,5.22133985512447,2882.58738910755,25.1735981098073,16.7748229947275,17.3530920469161,25.8328424343882,33886.0099021142,16628.1160517159,-315.706561507453,0
1326,5422,5.27166698585334,1311.26105392086,25.9883489900948,30.291769194779,31.9366079932857,46.8146269069848,30802.2756923997,21105.1741380462,-333.282225133349,0
1326,5423,5.84772706934176,2460.42505095316,25.7901374582098,18.8687739543766,19.5974119374662,29.0790185914809,32069.6354475524,30259.9667700064,-170.793555387422,0
1326,5424,4.62252596912959,5143.28544671128,25.0908313840439,11.3165809257701,11.5732916697809,17.3905025063126,26015.4731460135,18701.1679715585,717.485757412592,0
1327,5425,6.15595746751731,3630.38583117174,25.9325438206766,14.3759779605465,14.8094518527024,22.1215706261868,24372.0641674648,24827.4325877232,198.957255347554,0
1327,5426,8.2809474847323,5261.28474072575,25.2727755902793,11.1620338223784,11.4120840587868,17.1521344997974,25359.1059570201,19053.51733261,844.53829859019,0
1327,5427,3.9949792073126,3950.04058617406,25.2177579207743,13.5043845412326,13.8805214637468,20.7718158404021,25949.0759562987,18740.869965949,754.716192660222,0
1328,5428,6.00851746130904,4299.18329517174,25.9325438206766,12.8168965254925,13.1594021678486,19.7103611327875,24424.4819099351,24796.9821518672,202.104921283918,0
1328,5429,6.03013101399332,5219.27269616483,25.1350243852424,11.2113122478818,11.4629882768289,17.2280022975679,24855.986231344,18933.1884982167,81.3842069819558,0
1328,5430,4.20054815079622,4249.19771817406,25.2177579207743,12.8561452257439,13.1955890086402,19.7695859353155,25950.2174444038,18758.6440106306,732.777408385516,0
1328,5431,8.8650007926212,4843.73296177644,25.5143183589914,11.8046043446505,12.0892199187105,18.1451088950175,25434.4568482148,19049.7079433923,818.961462591905,0
1328,5432,5.77687763953307,899.55124262334,25.990237777899,40.9437808153614,43.5579818967639,63.3860176018666,31246.8321190329,20007.9517786356,224.165561038373,0
1329,5433,6.46236286078852,5500.71560321633,25.0582114436838,10.8279553216375,11.0601495856979,16.6359077927104,25395.1551044046,18605.5748002405,-1031.14217978142,0
1329,5434,6.18143967053544,1664.0048996427,25.8754472373575,25.1953032128474,26.4088344175366,38.8953800831483,24176.752474354,24710.5733316532,347.323915768728,0
1329,5435,6.33360951617454,4914.78021719702,25.4646715681297,11.6877865121172,11.9659621952917,17.964545670397,24983.7325984246,19819.711061068,-303.018369330975,0
1329,5436,8.13120509435848,1359.07968062334,25.990237777899,29.4591436197462,31.0319652591255,45.5203893208733,31232.6292930844,20030.684524718,240.570980921629,0
1330,5437,7.19898467038747,2616.59743280616,25.2973488165824,17.9815426275914,18.6424833574086,27.7024768527038,25255.6296713424,19188.8657755501,905.662840820727,0
1330,5438,7.13318488445353,2149.63636834594,25.859205316936,20.8224467911799,21.6942339498064,32.1085289673702,31495.5473659349,20573.8165219247,945.753771128783,0
1330,5439,5.93650396783685,1150.2156552345,25.5343194582976,33.4101112520285,35.3208385308626,51.6607722397383,23562.5223936683,24372.5665484041,236.513789547081,0
1331,5440,7.11406274862324,2568.08631634594,25.859205316936,18.3088055516365,18.9988216703604,28.2113567122793,31514.748624461,20569.7611025434,945.243253545505,0
1331,5441,6.60961994069778,2553.00722885829,25.2413899567584,18.2909337021793,18.9725966076694,28.181702665012,25289.6635277391,19167.3029816877,868.001673693208,0
1331,5442,5.62924604789624,1524.4373952345,25.5343194582976,26.8370056079189,28.179712048214,41.4436437333773,23556.4630404943,24345.7757944558,259.135271196504,0
1332,5443,6.92603521700586,2806.51776634594,25.859205316936,17.1884604234143,17.8015470550372,26.4754972446923,31530.0233267864,20569.1187620579,911.765521721511,0
1332,5444,6.74879699637205,2898.63922085829,25.2413899567584,16.7186147566539,17.2938865232146,25.7459911776752,25259.8321587588,19154.6818551032,889.661944650115,0
1332,5445,5.99777713932377,1444.59993291875,25.5711248989279,27.9772646849974,29.4160744904076,43.2153433698994,23571.7382481553,24366.6181499102,234.412032698482,0
1333,5446,7.36265042721401,3030.78649834594,25.859205316936,16.2830165874944,16.8359726764047,25.0731694952406,31528.8347615177,20572.8257914898,941.545840688759,0
1333,5447,6.81645449368374,3009.93659885829,25.2413899567584,16.2829937917955,16.8297764878255,25.0714342970549,25271.9956461771,19159.5679273683,859.704110717256,0
1333,5448,5.95061512908,1620.3165732345,25.5343194582976,25.6203452053782,26.8629003132783,39.5539082618776,23542.6856496542,24364.0774568375,252.248760070136,0
1334,5449,5.55395349212519,4044.5180034492,26.0596751939543,13.3674906515144,13.7422914174189,20.5619347008569,29826.3257971551,28908.4771622378,-514.406539192012,0
1334,5450,6.75062558842896,3509.66248685829,25.2413899567584,14.6396518183152,15.0831549463241,22.5278812793571,25273.8900966081,19154.9745686129,857.194279184052,0
1334,5451,7.11780874328449,3053.64948634594,25.859205316936,16.1975496558023,16.7449288879004,24.9408278459305,31515.2083124478,20598.4843194297,920.321175314345,0
1334,5452,5.91827862908265,2595.0111252345,25.5343194582976,18.1238056622388,18.7972573020102,27.9236543396542,23559.2887455398,24387.6462394601,248.708500123735,0
1335,5453,5.29914469663504,4247.8400094492,26.0596751939543,12.9318667913671,13.2817688793318,19.8883594477863,29810.8984946409,28929.4340211809,-545.881777206202,0
1335,5454,5.9821330494241,3356.32673815804,25.655003171157,15.1434777270912,15.6217000277191,23.3085414131483,24293.9274012485,26494.6520368987,409.70047089781,0
1335,5455,6.97721401831389,3476.26234834594,25.859205316936,14.8032401817759,15.2621881519886,22.7825048872312,31535.5487018579,20571.073853476,952.072035680103,0
1335,5456,6.80847896986181,3142.92958685829,25.2413899567584,15.799437483659,16.3151271440041,24.3227960123647,25296.8108182439,19178.5701947408,883.061545797255,0
1335,5457,6.06935820936386,2763.1796352345,25.5343194582976,17.3332204795841,17.9526081189642,26.698785468173,23542.0886171786,24358.4778754387,214.851687009648,0
1336,5458,5.52516061173411,4237.2895554492,26.0596751939543,12.9535492843402,13.3046772789174,19.9218819305446,29813.7413374278,28930.8624925263,-501.849464372619,0
1336,5459,7.35218169296315,6293.96532787702,25.867547367585,9.96964959131338,10.1654118247364,15.312237084566,31534.7338479693,20613.575570264,962.191111281348,0
1336,5460,5.83850061780091,3878.7524832345,25.5343194582976,13.7025180667063,14.092668096488,21.0789168425029,23503.5933090499,24313.8933343473,354.949674718638,0
1336,5461,6.92439370536893,2971.06185080616,25.2973488165824,16.43905855966,16.9965675207144,25.3132429733593,25288.7819497134,19165.3346663561,860.711546783534,0
1337,5462,5.58656767885646,3450.93817388297,25.0004905699208,14.7837615074644,15.2338822515698,22.750261432948,35242.1013116357,22888.9578239189,3.2792778747444,0
1337,5463,7.12936474630902,5705.38655587702,25.867547367585,10.6243306988286,10.8512571529875,16.3228129562224,31570.4509954227,20587.6157276061,968.657117345145,0
1337,5464,7.0218730122766,4570.41142683642,24.2840422545656,12.1695509251272,12.4649537178077,18.7066247405151,36812.89739262,20095.4613805712,1006.86990437593,0
1337,5465,5.62558563647971,4446.6026334492,26.0596751939543,12.5406268783739,12.8686543849079,19.2835455031904,29827.9457440682,28930.1575231274,-509.732074025546,0
1337,5466,7.73839267379044,4907.10664954352,25.1384699265617,11.6756862152547,11.9511017817724,17.9452647038074,22274.5403924972,24671.0138785775,1151.96554025286,0
1337,5467,6.4588595281859,3759.77481891875,25.5711248989279,13.9997198747727,14.4076459515706,21.5386762826559,23242.716240835,24219.3882795528,668.859396696069,0
1337,5468,5.52889662583609,1780.59762764231,25.8768146402454,23.9430582247354,25.0559285532926,36.951058241716,32095.7397358342,26011.1959802318,-428.696620458156,0
1338,5469,7.05579202859812,5584.77792326345,24.2828858988061,10.671351942041,10.8913641571406,16.3928662755529,36805.0608866709,20135.3348331577,1004.33860119357,0
1338,5470,7.47069811535257,5770.97998387702,25.867547367585,10.5455846313255,10.7686801171378,16.2012367144399,31545.7528282169,20607.5035287005,982.315019583544,0
1338,5471,5.58500909759395,4295.01854588297,25.0004905699208,12.7452637331471,13.0769507147228,19.5977457435285,35263.6456684549,22879.5471797876,-24.8755517476314,0
1338,5472,5.8373412752476,3817.8726192345,25.5343194582976,13.850665001674,14.2494934686224,21.3080440634892,23437.0750290324,24298.145174387,313.967953746238,0
1338,5473,4.84735806170486,4758.42276311151,24.9609850459637,11.9019427223793,12.1879742489608,18.2944728646698,36187.0376573882,20656.3208123203,158.305823498277,0
1339,5474,7.13253340651806,5508.82915683642,24.2840422545656,10.7666469514333,10.9912336329716,16.5399756133527,36795.9543352929,20101.1994893177,1009.77339736236,0
1339,5475,5.56928724701868,4299.60549680735,24.9335697537892,12.7303800016407,13.060750431725,19.5746035131265,35466.6197294427,23573.3562423538,-28.9463612309998,0
1339,5476,7.31357815093332,5725.82178034594,25.859205316936,10.5991117178554,10.824762016505,16.2838637056787,31547.8501859469,20594.4398749345,976.580754799244,0
1339,5477,8.06585889236438,5877.99070354352,25.1384699265617,10.3763992593689,10.5873186506982,15.9389403059538,22325.7847566758,24673.3033038677,1198.27970958663,0
1339,5478,6.15003607917203,4433.1028512345,25.5343194582976,12.5229054005493,12.8462437973184,19.2551300503576,23268.0510615193,24231.2081652216,596.726774327057,0
1340,5479,7.04413976765062,4717.92673110243,24.2765340083161,11.9159136989624,12.1979803145747,18.3147606149962,36801.1273107268,20112.3748184667,1009.96438753102,0
1340,5480,6.71012903432243,6220.51303133588,25.707218113418,10.0363490322391,10.2343774874522,15.4149442621487,31514.6262856904,20537.9874772178,915.31561507724,0
1340,5481,7.78345894596098,5250.38490116027,25.2069571257739,11.1726877951203,11.4228679515964,17.1684758883538,22279.1921738005,24676.3492243887,1121.94803816617,0
1340,5482,6.459445022087,4407.95875825623,25.5913857096742,12.5753945550936,12.902024995783,19.336371170685,23257.87338382,24215.5747862472,686.586113611712,0
1341,5483,7.02038360191864,4198.66378110243,24.2765340083161,12.876078275719,13.2094913433944,19.7984297694792,36806.690240563,20102.6988605872,1017.15222556176,0
1341,5484,6.47114283009055,6314.38938354005,25.700768552297,9.93959821639995,10.1331093937259,15.2656223089641,31580.6260871355,20724.4830509056,848.372752038615,0
1341,5485,7.82874789867107,3851.27135516027,25.2069571257739,13.7370763135988,14.1265961249267,21.1316337628847,22273.5483983005,24662.8481418455,1141.45338431522,0
1342,5486,7.65976005552151,6599.33352158941,25.7090438934706,9.66221379546983,9.84310784794524,14.8376083970437,31876.6566008618,19939.2613556562,-156.321218722689,0
1342,5487,7.18527942899925,2423.94250316027,25.2069571257739,18.9773222300182,19.7066568930103,29.2453411521371,22242.9287651109,24672.4080883936,1108.92790368076,0
1342,5488,6.39426667948307,4702.42305804195,25.6767401017105,12.0512248571042,12.3499972130415,18.5264602365676,31252.0217084592,21542.4381313518,-134.229145764006,0
1342,5489,4.89428098733175,4775.96853920844,25.6552403044817,11.9260277936378,12.2179872603937,18.3329702046016,31470.0713861227,19124.190459821,-746.049917845109,0
1343,5490,6.24276665482183,5581.09979154005,25.700768552297,10.7673663180375,11.0003483967894,16.5433963837009,31501.8261556987,20697.503231452,631.081146734401,0
1343,5491,8.52461295563282,3118.86965283192,24.8754897413756,15.8388675842575,16.3534792671102,24.3828461723195,26214.5348098816,17740.1271406043,-1421.77090135678,0
1343,5492,3.99459677786931,5068.47690347431,25.6522158034634,11.4661181374442,11.7340027397775,17.6224490355909,31965.058759248,20471.5466908769,-607.571706166868,0
1343,5493,6.29403213221589,4730.91534322239,25.6837462138874,12.0034879937985,12.2997580188964,18.4527100204118,31835.796971886,19892.8795503996,-59.8574621509504,0
1344,5494,5.94762889167904,5276.07612511582,25.7113096327988,11.1714073738956,11.4246074357514,17.1673502384167,31736.798970088,19809.7916683465,56.1283545684706,0
1344,5495,8.45071186292443,2592.60885963762,24.8041353242186,18.0246288039864,18.6828591095204,27.7676726959583,26252.3587668318,17726.9298821307,-1466.68809368013,0
1344,5496,5.2226915596534,5880.55374396317,25.4579766504319,10.3928220306644,10.6062970103469,15.9647810777189,32271.9569441263,17280.1223760525,-339.393970053838,0
1345,5497,5.23616626990742,4816.85212596317,25.4579766504319,11.8439364696476,12.1302489832335,18.2057737465949,32258.9742287984,17265.809249201,-305.596703469336,0
1345,5498,5.5105512303765,3054.33553111582,25.7113096327988,16.1764661097484,16.7210186162604,24.9077812965856,31746.1123020147,19819.2524063841,86.4255575694529,0
1346,5499,5.10827482826099,4256.26839996317,25.4579766504319,12.8626769772309,13.2042684709462,19.7801748358957,32277.7138696658,17276.5208954996,-340.809233335624,0
1346,5500,5.4939238618123,2310.27522511582,25.7113096327988,19.7324517097009,20.5221072604143,30.4176745558944,31753.7106445541,19815.6959481107,62.9113118333882,0
1347,5501,5.26074011413075,3358.26242259997,25.4189677775315,15.1107657838613,15.5848012805035,23.2573231144813,32299.1655854527,17288.0601587447,-325.117714519857,0
1347,5502,5.65685987034805,2168.95640911582,25.7113096327988,20.6593504723246,21.5170490068276,31.855029100714,31739.7762556076,19824.798570705,4.60399367074763,0
1348,5503,6.05359503671973,2073.08596849722,25.7447960489956,21.3612604654355,22.2719555589338,32.9438990773143,33505.8825123957,29169.904617394,77.3452859177449,0
1348,5504,5.80573373867051,1381.40291240282,25.7103107746117,29.002602679595,30.5310518712587,44.8093856131063,31755.6995589422,19812.7407389833,-16.4590565290917,0
1349,5505,5.80810875865464,1577.24994511582,25.7113096327988,26.1966547289871,27.4894146035558,40.4498054620898,31738.0053215944,19817.101137213,10.9713296764485,0
1350,5506,6.18352842350791,2549.75316897079,25.1496761429756,18.293366817541,18.9741301440114,28.1851786472109,26229.9911570956,18746.675701812,661.463566852602,0
1350,5507,5.49154808442808,1629.46803448498,25.6757620952389,25.5475881340459,26.7865454763439,39.4415632909949,31768.632974806,19832.5491487437,8.86518479141706,0
1351,5508,5.55999816098109,2040.11407254679,25.6715436476855,21.6000526090709,22.5278067226829,33.3140690823822,31757.2827775777,19828.0877854737,17.8723910868254,0
1352,5509,5.78395396208023,1423.04036248498,25.6757620952389,28.3343586445292,29.8052642165946,43.7707419903619,31750.1669009356,19830.2578144654,-6.78922265037554,0
1352,5510,5.58678531421701,1844.79326820674,24.5768132571979,23.0260196550002,24.0469690747158,35.5221793409493,35975.6564051565,21454.975420363,256.187409383885,0
1353,5511,5.96449983647982,2946.0295063112,24.651532213058,16.4515002138228,17.0031547882427,25.3306722602729,35967.6393135027,21399.2602893193,174.636189442712,0
1353,5512,5.7985127961684,1313.85077454679,25.6715436476855,30.1415871704487,31.7673426806186,46.579488855915,31712.1064301715,19812.5778409975,-9.90976229990209,0
1354,5513,6.11876788534454,1483.4150023112,24.651532213058,27.1489887005127,28.5018947396663,41.9239314416063,35920.2891749477,21374.7821852364,164.706751869649,0
1354,5514,5.40371989963671,2072.49899848498,25.6757620952389,21.352258191987,22.2613325232869,32.9296741630618,31788.9353079236,19871.3858627898,2.39447654913373,0
1354,5515,6.36129522174379,986.241626209656,25.0873807692664,37.5790205277423,39.8581217544775,58.1432752270848,35328.7406620362,28297.3072819142,501.109105950096,0
1355,5516,5.96843023027636,3516.76471420966,25.0873807692664,14.602741769219,15.042646577075,22.4703998446234,35331.9223447651,28294.4933534971,516.740012061994,0
1355,5517,5.25304027168511,1695.35276621294,25.6657571200023,24.7912911258899,25.9687727034796,38.2670930511105,32012.3900129107,20146.3067928618,-311.209998554059,0
1355,5518,6.94073982676397,2781.49465680583,25.0484895084915,17.1842503831416,17.7883716324361,26.4665843514251,22551.729138195,21132.1327263552,100.58034783318,0
1356,5519,5.57805209390402,4041.35665518292,25.9768355914698,13.3670237889734,13.7411644208392,20.5610382274898,33245.1281774113,28216.9923889024,-150.422945120364,0
1356,5520,5.73735488261308,4471.91261812488,25.4346335643224,12.4419859745142,12.760190507378,19.1298691678535,34707.6638476229,26675.7154702197,-15.8687217947948,0
1357,5521,5.72978971805128,4206.00374051458,25.4433446563868,12.964497621363,13.3116812354116,19.9375505710751,34707.5487918298,26671.8831357937,9.79035552525515,0
1357,5522,5.58947963064258,4108.55798118292,25.9768355914698,13.2187070511896,13.5843167106331,20.3316915249892,33216.6997929395,28218.0775855146,-173.64449416175,0
1358,5523,5.54522705383486,1727.2529628241,25.6426635046611,24.4403032915152,25.5892247454414,37.7220295524456,32186.1858698514,19601.6976331047,-297.442675167308,0
1358,5524,5.88952642676979,2716.03294451458,25.4433446563868,17.5327196166428,18.1646252997768,27.007563389825,34695.701027198,26688.4527395586,-57.7906550486734,0
1359,5525,5.53942133489199,2680.04042231551,25.8063238209708,17.752280925746,18.4031640469037,27.3488255901677,33157.0737568289,25475.7648164162,-259.945617417893,0
1360,5526,5.3456936358877,2970.94605533998,25.891247807692,16.5165227316585,17.0851260522945,25.4348562191141,33160.9217504803,25474.4420947519,-239.908862244571,0
1362,5527,9.32525536218789,3519.81510683136,25.359060687965,14.6233240838251,15.0668710300215,22.5029040758731,35351.2199983307,27488.2748275644,-1114.65053097843,0
1363,5528,5.78406929830987,2150.277348094,25.8938112935096,20.8243546000256,21.6967404314583,32.1116139692183,24849.3657338186,25727.3014103831,252.980566549706,0
1363,5529,9.40135426024389,3839.69811551859,25.4462568936062,13.7885023007175,14.1829684460803,21.211703258655,35332.3550157642,27527.7799345146,-1120.61405136219,0
1364,5530,9.666335036852,4301.42974283136,25.359060687965,12.7633950251313,13.0987318877026,19.6265017456075,35369.6775778032,27522.3833441417,-1147.7943404809,0
1364,5531,11.6128766860595,3860.54517013915,25.2894114905869,13.7226769666763,14.1120278499568,21.1095493349984,34289.4953149709,31585.7313267904,-906.355054685965,0
1364,5532,6.00166982717919,1049.990544094,25.8938112935096,36.0786370309406,38.2384243981744,55.8139261868115,24834.6582129808,25691.3413808019,90.0609161356589,0
1364,5533,5.61768810892755,3765.2270647154,23.8424532094794,13.8119426496489,14.1943828457779,21.2442635894569,37302.519706749,19999.7328141403,222.299256182201,0
1365,5534,9.64301750273855,3966.39166751859,25.4462568936062,13.4881799112317,13.8651920835142,20.7472562901093,35341.4789292568,27533.6143519928,-1112.15014864669,0
1365,5535,6.30062947670681,2505.29395053676,24.6187594792356,18.440241738036,19.1248908412724,28.411038254618,36417.3645932623,27405.5336824092,591.834848431161,0
1365,5536,6.6173845991266,1095.66343410783,25.1108124762204,34.5534633785099,36.5576149100946,53.4365110088481,29721.3480748964,16989.6851667989,733.28364329903,0
1365,5537,3.88283610453664,3541.37306634714,24.7553333414521,14.4974508809815,14.9280730542138,22.3066967803538,35611.2227714369,18489.2218263496,-615.81626753643,0
1366,5538,6.92082661887758,4547.87523308047,20.6067648295723,11.898691165348,12.1527052568223,18.2806549910811,36693.1825960196,10867.0066037606,856.00654223581,0
1366,5539,9.19573408018603,4092.07261283136,25.359060687965,13.1988814487415,13.5586585638844,20.2997410787421,35350.3632341846,27522.5686211253,-1102.06870109825,0
1366,5540,6.53825574012402,1091.25823410783,25.1108124762204,34.6643626127892,36.6785003719792,53.6090066713106,29693.4903246381,16992.8773821796,677.7603885493,0
1367,5541,9.69409473251409,3757.60780283136,25.359060687965,13.98407939665,14.3893284398671,21.5140011864435,35338.7585873932,27531.0544389251,-1098.36199151164,0
1367,5542,8.57864146498511,4297.60037163415,25.9315341843082,12.8199839940448,13.1626554206592,19.7151321335306,31490.236092708,33006.1360785915,-1255.3630420566,0
1367,5543,6.37711189127998,1053.24135810783,25.1108124762204,35.6584621518013,37.7625109096163,55.155370049271,29706.4804164859,17004.5391086928,770.6007224658,0
1367,5544,5.33004851961697,2494.4834653829,25.9317781314971,18.7056945544432,19.4244437725928,28.8267041627335,34271.8175545267,27633.1733848739,653.895022654067,0
1368,5545,6.30020237047193,2601.45085067026,25.2555939759134,18.0496798548607,18.7148327740558,27.8079199557752,29737.9701809175,17474.2643110234,668.003388896276,0
1368,5546,5.67438605320518,3918.25552814812,26.0623026414371,13.6585845355035,14.0503540746224,21.0121238813391,31301.2044864209,32491.7335489647,68.232857038544,0
1368,5547,9.14022774168528,3755.33912483136,25.359060687965,13.989832970698,14.3954216944806,21.5229005100592,35364.8261727936,27505.3083206744,-1119.0608668975,0
1368,5548,6.36514135919578,2331.51882059808,25.2845772944739,19.5292166478376,20.2988585436806,30.1011114067755,29946.430018802,16683.9123654485,-239.751869407637,0
1369,5549,6.44032406261072,2466.73983467026,25.2555939759134,18.748392498209,19.4621700358231,28.8906823099107,29757.9323637971,17492.4231705197,683.984618674924,0
1369,5550,9.16189084510281,4931.83588883136,25.359060687965,11.6532967286216,11.9289909957952,17.9110752892958,35372.8815574392,27515.4850436146,-1103.74560286309,0
1370,5551,6.34781931555851,2597.47937142278,25.2158434451903,18.0632920421913,18.7289270891685,27.8288859596699,29724.9935993593,17480.1041143452,671.185952105813,0
1370,5552,9.30855168182083,3862.02144540774,25.3541278513366,13.725386844189,14.1154195160421,21.1138846425944,35334.3330322746,27519.2393416622,-1104.94599606649,0
1371,5553,6.04544178359858,2293.63070142278,25.2158434451903,19.7498128682074,20.5344795501791,30.4428699156573,29752.5983015589,17501.4391422083,678.143338690993,0
1371,5554,9.29536408177044,3391.14961740774,25.3541278513366,15.0022261942241,15.4689481831966,23.0891907119531,35358.7061849905,27510.8909819834,-1118.96672695775,0
1371,5555,5.56576305751712,1991.84661575489,25.3640743657736,21.9217430836584,22.8696280188479,33.8119596910219,33399.574001541,18422.1244417059,-349.539907036287,0
1371,5556,6.1365583048806,2322.00886180215,26.3901803176064,19.7758451305491,20.5770457841589,30.4872702576829,30112.3201626827,32367.7588709625,322.025065938786,0
1372,5557,6.38828870520577,2758.31322342278,25.2158434451903,17.3097944772226,17.9241509583122,26.6615465527889,29755.2498112738,17496.5494386159,687.855345554666,0
1372,5558,9.38988055292705,4137.72088740774,25.3541278513366,13.1001305685278,13.4542783292487,20.1470533874666,35353.1796500427,27534.3934321419,-1184.3495166288,0
1372,5559,5.64422942345892,1546.02208915486,25.825643300245,26.629944664921,27.9604685895406,41.1233800682834,28310.3058068712,22812.1517531195,116.300173806056,0
1373,5560,5.28155387513928,5266.97135602859,25.1153800906876,11.1433396959902,11.3914842168645,17.1229975078895,33760.487571273,17571.4500704557,-239.43706538503,0
1373,5561,6.31985039371114,2821.50581742278,25.2158434451903,17.0353374488706,17.63132635705,26.2364358176709,29736.8300925289,17501.1753661703,666.12882410331,0
1373,5562,9.01138876412317,3858.33648485819,26.4523851029944,13.8399049920431,14.245450661164,21.2934270979219,31070.2906856522,30640.2488404946,-1223.79988343807,0
1373,5563,9.77403367552479,3617.22448140774,25.3541278513366,14.3517944324937,14.7788950014199,22.0828022981072,35331.488336468,27513.1395773555,-1124.74646124683,0
1373,5564,6.26533205667386,965.576202865549,25.7975512134374,38.5579865328219,40.9442278665402,59.6713220265648,28060.3555199572,21938.9172643662,378.321537544482,0
1374,5565,5.39054582884438,6654.74151202859,25.1153800906876,9.57933247578456,9.75356554329094,14.7089195531674,33769.2571946686,17567.4920544391,-273.812018777915,0
1374,5566,8.71373357293917,4313.17338485819,26.4523851029944,12.8328692615911,13.1800148307073,19.7360862876083,31123.3069989685,30620.3435044734,-1189.24958587215,0
1374,5567,6.4292719053815,2311.05326742278,25.2158434451903,19.6420778847502,20.4189740039229,30.2758422680694,29752.0416549375,17497.8524275277,680.909569029846,0
1374,5568,9.58525669702231,3673.80927540774,25.3541278513366,14.2003321650747,14.6183700282304,21.8484953968571,35384.6791305035,27560.8744507379,-1121.35006481925,0
1374,5569,7.810371401107,2969.73235579528,25.5509471455125,16.4771952039566,17.0397781007486,25.3730079341941,33307.0204315668,32676.9726563713,-1493.94156677012,0
1375,5570,5.4510006796204,4340.38158802859,25.1153800906876,12.6657829232195,12.9939413130507,19.4751294271325,33764.016929758,17564.3100734781,-274.378049699674,0
1375,5571,8.8528549339905,4504.93174085819,26.4523851029944,12.4632555988966,12.7897280423669,19.1647020462477,31061.8759235139,30638.6876628843,-1230.5341771448,0
1375,5572,6.03396055862326,2801.30797542278,25.2158434451903,17.1218285255558,17.7235874328666,26.3703981406339,29747.3575892481,17498.6853360522,687.438635056197,0
1375,5573,8.60066738935444,2900.70684403503,23.5882559572908,16.486094416041,17.0286448850497,25.3811105712217,37559.540324148,18461.5619952873,-1365.4234257997,0
1375,5574,9.26333481001775,4729.47559928028,25.3440428830398,11.9797630637796,12.2724881845162,18.4154216007955,35467.2661368848,28432.500276081,-1252.71218191689,0
1375,5575,8.17140907490846,3072.6652210207,25.4951767598436,16.0819578647905,16.6182570963944,24.7608649246202,33320.4359611858,32675.0940388528,-1462.05416089232,0
1376,5576,6.83292668483742,7977.4767326895,24.987531714166,8.53537804811084,8.66492672239973,13.0988281914366,35725.9351286524,29519.7934753406,1029.27026690544,0
1376,5577,5.2853477202722,4446.40760956093,25.1508496793403,12.4661255113303,12.7836228312832,19.1666189477953,33935.5335294205,17940.1841449071,-352.532155271627,0
1376,5578,8.53661157043122,4439.71275485819,26.4523851029944,12.5857629325295,12.9190407401875,19.3540728467755,31089.4096425724,30648.0443570248,-1200.10526571871,0
1376,5579,6.15849669542232,2416.66793742278,25.2158434451903,19.0197975970148,19.7522465648415,29.3112069698022,29762.4254789895,17477.7889970179,677.664248283724,0
1376,5580,8.85596655675589,3657.74289977906,24.8898569115212,14.1949504149404,14.6087135284847,21.8390808507122,32441.7623174431,35132.6244756387,-1223.95202263252,0
1376,5581,8.0544919676817,4022.92757179528,25.5509471455125,13.3693143507802,13.7403042770293,20.5636754229617,33299.1338161367,32689.2425206964,-1479.5385632966,0
1376,5582,5.30602123065859,1888.87173188288,25.0663528129202,22.7344414054804,23.7403019655663,35.0717656177547,36183.3918537709,28378.0236305825,-544.004883145968,0
1377,5583,6.71133453349389,6494.7304646895,24.987531714166,9.72264723572421,9.90262408016887,14.9298451857865,35704.84591887,29530.8778479133,1093.35978487244,0
1377,5584,5.25178862450031,3947.27642356093,25.1508496793403,13.5044446056816,13.8800522506079,20.771761877117,33946.7597783504,17949.0660317107,-353.133049435895,0
1377,5585,6.27180504144153,2327.41858542278,25.2158434451903,19.5422399968667,20.3119547915062,30.1210633961364,29745.2933624037,17489.9855622082,651.95999126826,0
1377,5586,8.77906251104932,4473.67684685819,26.4523851029944,12.5215669195373,12.8512727800473,19.2548376002586,31084.4301180121,30642.5514926505,-1249.18599602353,0
1377,5587,8.53759492779384,3559.52896577906,24.8898569115212,14.4612436052948,14.8908818215843,22.2510111867866,32444.5252863946,35157.272661208,-1274.17607550313,0
1377,5588,5.84144130312033,6142.15072391943,25.7457138617033,10.1209891588317,10.3231726080784,15.5456310845097,34863.1827216293,29968.311236568,565.348268109213,0
1377,5589,5.22373940383497,6717.94566317179,25.3204948493168,9.53241951752095,9.70558918423863,14.6368272740828,34752.6633049261,30639.776817031,-361.988434573246,0
1378,5590,6.09392388543659,5339.92901260316,25.5383099784502,11.071998724619,11.319147392569,17.0135377893628,34848.035456377,29944.9172117031,536.22819351494,0
1378,5591,5.20505040756644,4349.38307956093,25.1508496793403,12.6512570320409,12.9788765720242,19.4527493454933,33949.4003850934,17951.8541786972,-325.125263644625,0
1378,5592,8.69050028870625,4298.21773085819,26.4523851029944,12.8629331520388,13.2117786518841,19.7825669727728,31085.0849573294,30652.0644164803,-1230.39450650059,0
1378,5593,8.49303488920569,3287.39773577906,24.8898569115212,15.2736145845279,15.7528534591565,23.5079934898819,32416.3020492386,35129.8191280863,-1309.2133137188,0
1378,5594,5.77501857004059,2855.39043812622,24.0465981593533,16.731901992524,17.2953048059575,25.7630580281418,34653.1317542569,14441.3259870524,122.547361977478,0
1379,5595,5.80666818555722,6081.31839812622,24.0465981593533,10.0865404719596,10.2779267636935,15.489923040072,34634.0684416029,14422.8128139,46.951316059402,0
1379,5596,5.18681286165449,4247.42472556093,25.1508496793403,12.8539074703108,13.1927277217175,19.76598916729,33960.3364798231,17940.6514796972,-337.370535885776,0
1379,5597,8.99841732955339,3510.10262177906,24.8898569115212,14.6003256180256,15.0383317388275,22.466178872066,32437.1715170175,35121.1328245776,-1332.19595093491,0
1379,5598,8.96977248538849,3524.18003885819,26.4523851029944,14.7273094166367,15.1867018557801,22.6664167170067,31100.4242268287,30651.5333989828,-1236.04385659695,0
1379,5599,11.1669412964327,4851.23861679743,25.9192652476096,11.8227211742658,12.1109425702,18.1738312092558,22438.9408110331,33457.6677245693,-896.478101718755,0
1379,5600,6.05634653515646,1472.14138660316,25.5383099784502,27.5648379288653,28.9683660815634,42.5743814573611,34812.6662953544,29883.6351731846,530.637936806271,0
1380,5601,5.63290119640066,4583.96054398365,23.992943781551,12.1220038553702,12.4128223528095,18.6325903290919,34648.3829824634,14436.6741222513,56.798517703605,0
1380,5602,5.4527611675382,4571.81032718638,25.0430349087818,12.2285638635458,12.5324744044345,18.7992897620877,33962.7722406351,17943.1826021358,-324.139151955841,0
1380,5603,5.42874991745655,4225.72654285977,26.4336695399835,13.0097376032785,13.3667870949174,20.0095091992792,30336.1210426256,30941.1841936088,-336.63345159151,0
1380,5604,8.94045548241779,3450.2114609785,24.8794523119003,14.7725118952368,15.2208553710934,22.7325544988068,32433.7575608455,35148.8534675498,-1339.48946868194,0
1381,5605,5.73090894924076,4740.63148198365,23.992943781551,11.8559685400388,12.1329612376258,18.2216159595538,34641.2576748774,14442.5063679718,72.0285238501589,0
1381,5606,5.28670338618141,5452.65810895814,26.4329211693602,10.9800382181574,11.2278471855788,16.8729780142061,30326.7541092917,30958.0379298378,-325.134033147301,0
1381,5607,6.86242857519578,4376.0693941625,25.7104508157783,12.6466607310101,12.9780791005124,19.446762507544,22923.9201063374,22655.5197675425,880.721028136319,0
1381,5608,8.79871743382017,4017.7774289785,24.8794523119003,13.3185663356753,13.6814014627019,20.4837588344298,32460.2451213744,35147.1196662099,-1326.62848954849,0
1381,5609,9.29633671794672,4318.47814301141,26.178222053944,12.7991549995447,13.1424374909611,19.6834223891162,28878.0379084942,27615.6375450902,-1377.81908420963,0
1381,5610,5.61917793811259,1983.64519718638,25.0430349087818,21.9223135163739,22.8656500799321,33.8115771895,33985.8452380262,17956.2907994178,-335.891714989644,0
1382,5611,5.89377455774555,6897.1212438216,26.2423086029174,9.42013191123461,9.5927495574697,14.4648237297465,29510.8753322,28186.9107983451,204.268704264237,0
1382,5612,5.72951968882278,5017.76261398365,23.992943781551,11.4215701571562,11.6764820875825,17.5506878603368,34646.6485055822,14432.1283726332,88.604673058177,0
1382,5613,5.56180448025019,5135.06521495814,26.4329211693602,11.4223695208151,11.692833676677,17.5562053628955,30318.8892571934,30963.5261372433,-313.358702830346,0
1382,5614,6.92202179330629,5048.5231741625,25.7104508157783,11.5001302213613,11.7701376818503,17.6750893883943,22928.9590653593,22653.8075926433,860.542032681149,0
1382,5615,5.41738818536589,2686.51695306997,24.6150838847527,17.5477660069673,18.1714584622516,27.0283291972838,35673.5476647799,20626.9670290459,130.845682497181,0
1382,5616,8.28347205592429,4993.9036709785,24.8794523119003,11.5225828061911,11.7884222201584,17.7083015838018,32443.6608104169,35116.7883168455,-1403.96375920956,0
1383,5617,5.82064125718832,4742.8903398216,26.2423086029174,12.0259319508422,12.3271152408579,18.4884153928053,29510.1877343091,28187.1645231094,167.117137872356,0
1383,5618,5.88493953025765,3977.30663106997,24.6150838847527,13.3848523277393,13.7493444549806,20.585664687189,35643.1111703828,20612.7827968044,130.885579257672,0
1383,5619,5.64765835739418,4025.16092398365,23.992943781551,13.2189806183057,13.5691401709638,20.32785061637,34632.0234245485,14435.2123100687,69.847742231997,0
1383,5620,8.61226960673637,3042.5102009785,24.8794523119003,16.1149550148116,16.647237948094,24.8102602900657,32442.371551058,35129.5690645549,-1281.45210114133,0
1383,5621,6.40589599840558,5071.4302141625,25.7104508157783,11.4658533318513,11.7340906778522,17.6221411398657,22919.9300247796,22655.4892550439,916.915077633721,0
1383,5622,8.47544884639315,2685.31405371699,25.7529852222315,17.7197489040701,18.3678141658388,27.298259685483,22761.7036518797,25524.7736835084,-1307.99595824774,0
1384,5623,5.89846019732884,3210.44941506997,24.6150838847527,15.4927650835039,15.9830263274066,23.8464354373165,35671.9126767622,20636.873916898,82.154846597404,0
1384,5624,5.84843028598277,5980.8997241613,25.7833027587994,10.2988385799982,10.509619661562,15.8201987601602,23618.608796966,22192.9132166165,386.433369658065,0
1384,5625,5.76882779506005,2694.57670855897,25.7012109601672,17.668955815342,18.312975039604,27.2194072392423,32597.3621162783,24984.2001380791,-607.373922815518,0
1384,5626,7.76925023158994,5478.85653397071,26.008275938593,10.918130296965,11.1603656410042,16.7766909254847,23444.8722585949,23946.6586358837,1219.18529769796,0
1384,5627,8.55001828151363,2978.2383329785,24.8794523119003,16.3568652587297,16.9047490842575,25.1847965612024,32438.9354681285,35127.3424428707,-1314.13695633319,0
1385,5628,5.66672416340427,7958.7911611346,26.083143364655,8.59514524420038,8.73171957328019,13.1922450174098,24409.9138021901,23674.6899003293,352.393788992789,0
1385,5629,5.83505576637822,7655.7347381613,25.7833027587994,8.79485613622058,8.9384264138061,13.499829688182,23607.2840475432,22185.686797367,364.068774278037,0
1385,5630,5.75625090927649,2448.81236106997,24.6150838847527,18.7423327643952,19.4479333631446,28.8791548528825,35754.19415475,20622.235241584,98.1511972361031,0
1385,5631,9.7262845804568,8474.14603246661,25.8818245766967,8.25516249913254,8.37722484405288,12.6678991400984,23118.7127489804,23295.3107917844,285.681146959558,0
1386,5632,5.6454047494508,7053.9190291346,26.083143364655,9.27811418525802,9.44370968002489,14.2455292887362,24396.0421006795,23666.0204193003,382.758825482221,0
1386,5633,5.91174140635066,6341.0909021613,25.7833027587994,9.9172040298936,10.1101065368257,15.2311806895639,23621.6498120609,22181.4447308977,410.230833023223,0
1386,5634,5.36826193212173,3227.81886679687,25.6803490703887,15.5617106254989,16.0664811691592,23.9559518016936,32614.2566646591,25002.6201502371,-580.175565063299,0
1386,5635,5.85202304402989,2547.86981916859,24.5418612481452,18.2081967444299,18.8759346109438,28.0512390204973,35858.9597713199,20585.288855093,46.0482199357462,0
1386,5636,10.0425775915181,7283.42047246661,25.8818245766967,9.0814827401344,9.23762122474926,13.9419769901895,23096.6753752067,23309.2480152698,283.076272803279,0
1387,5637,8.70748271862838,7757.78820855251,25.9923815452711,8.73089567529418,8.8726997358222,13.4014523946344,23760.48026945,23157.7790320688,-429.571839592308,0
1387,5638,5.75912789525717,2031.80063916859,24.5418612481452,21.4380535933908,22.3377173735384,33.0583840978565,35867.0681390611,20604.4455604834,64.8636868020989,0
1387,5639,4.57572738605337,5113.06141263956,26.0458092846755,11.427789202465,11.6961528081194,17.5639201607267,24101.2516141834,23833.2693048926,355.994346336003,0
1387,5640,5.53691376689564,1953.8799132091,25.9914078205018,22.36598372719,23.3568548790004,34.5037191311743,32718.6819718103,27439.9070104627,-232.408719446237,0
1388,5641,7.94721188087743,7169.58387855251,25.9923815452711,9.17814688283878,9.33896177282512,14.0912111192512,23794.8161863995,23119.2387999688,-471.013432509634,0
1388,5642,5.39464562880611,2689.94394679687,25.6803490703887,17.6875455002917,18.3326069640521,27.2481455072157,32577.2300781867,24999.8108232939,-521.511222277001,0
1388,5643,5.99496820425216,1722.97409316859,24.5418612481452,24.2189623984008,25.3326266895479,37.3735320879763,35876.8063476478,20565.0924101407,88.9911568646958,0
1388,5644,4.77313853806399,5021.25932637233,26.0556799391919,11.5660076911421,11.8416120719963,17.7774575540703,24065.15065499,23858.7365961874,364.914907662683,0
1389,5645,6.08310767975645,5717.0502701613,25.7833027587994,10.6049888498211,10.8304982680676,16.2928194916875,23633.6622459955,22191.7170040938,372.374950436098,0
1389,5646,9.09243251054358,5868.01008347206,25.9819448952258,10.4388200037011,10.6573848045535,16.0365857939699,23535.4250543725,23846.9502719147,1001.76429839714,0
1389,5647,4.7766901774075,5674.51354511292,26.0647644107958,10.6742520952125,10.9047334506706,16.4001978533004,24070.4341103971,23842.3817230805,417.817621733413,0
1389,5648,5.39101372204688,3063.25232186457,25.7183665299523,16.1444054441761,16.6869450032259,24.8581585935353,32599.3154814516,25009.8967715895,-590.200951331494,0
1390,5649,5.40221838176615,4189.24812320441,25.8668765980572,13.0366248031393,13.3910345737329,20.0499316668247,28942.3705349668,24826.7510587478,-357.913989457232,0
1390,5650,6.66568055229047,6940.40591252504,25.8035415851067,9.36069021254641,9.52860605277542,14.3725500174073,23372.6516568607,24087.6613340211,-1408.37208445859,0
1390,5651,5.14990048195461,4434.81405919231,25.9428418295362,12.5533597185028,12.8812695492778,19.303000309641,24055.3059310031,23897.3139679477,422.251786693665,0
1390,5652,5.5022362026897,2507.36863733034,25.6697183797335,18.5955842704786,19.3035131983107,28.6552011052446,32596.1178622545,25006.7803019617,-653.136225942641,0
1391,5653,7.81579321120283,5308.77858016229,24.426254838949,11.0386672430489,11.2773534864613,16.9601876622594,31612.7205406891,15095.3991235739,1241.43101512655,0
1391,5654,5.3531529304703,4666.37533520441,25.8668765980572,12.1278532665003,12.4320200468598,18.6452259691365,28926.7198710989,24820.316133714,-366.786565855616,0
1391,5655,6.48376438937711,5141.47978138563,25.6030952758838,11.3552016580016,11.6170845992988,17.4510383052773,22500.8488586501,24607.6891198533,724.812707035474,0
1391,5656,6.31313561420138,4938.61006005531,25.9116249388742,11.6831983616479,11.9640190960549,17.9582537043829,24063.5442940758,23843.1653316945,340.656135352893,0
1392,5657,8.1206944487545,5589.43387216229,24.426254838949,10.6749123259392,10.8959481117886,16.3985982010195,31602.1987559231,15107.3962027633,1257.18357371484,0
1392,5658,5.42554939724595,4906.92128120441,25.8668765980572,11.729800894184,12.0127813579952,18.0301734044308,28948.5533035614,24819.1403694964,-369.189056340193,0
1392,5659,5.61426162102925,4024.97237331642,25.8524860741831,13.3924557174714,13.7671096346553,20.6001026695493,24369.0694910611,22773.6227720795,229.509846396362,0
1392,5660,6.59071169035067,4005.79719538563,25.6030952758838,13.4127926869652,13.7866880763113,20.6310188420392,22550.7055541357,24722.1087492273,787.890307251849,0
1393,5661,7.85021921117918,5281.06987216229,24.426254838949,11.076419883374,11.3169642933479,17.0184799452275,31594.3954922205,15114.1132266833,1249.04229081269,0
1393,5662,5.27322695599232,4953.26398520441,25.8668765980572,11.6570658662503,11.9362308556309,17.9178018061413,28952.3087141793,24816.3222880614,-343.479983504633,0
1393,5663,6.36554562112114,4239.58115938563,25.6030952758838,12.9092888022728,13.2545627182525,19.8525283707131,22546.9491660769,24705.8506149427,749.418537326466,0
1393,5664,5.88336464975894,4432.76173731642,25.8524860741831,12.5498160979272,12.8768923926224,19.297347020613,24441.3704703765,22674.4895856373,234.956355363146,0
1393,5665,5.95710607670231,3467.87674346555,24.9335871010915,14.726786253619,15.1728392807736,22.6619412984339,35690.8439449827,26405.4647989995,438.791284000478,0
1394,5666,8.13235059140877,5320.43033416229,24.426254838949,11.0228953490292,11.2608067595295,16.9358353337614,31605.7443026186,15109.8550637159,1266.56553581271,0
1394,5667,5.91820726128294,3383.84755346555,24.9335871010915,14.9771402437541,15.4384785791606,23.0493141016719,35695.7975519193,26420.1205320991,489.904298060088,0
1394,5668,5.89673288756606,4510.86593331642,25.8524860741831,12.4040257922746,12.7230899507379,19.072009312538,24453.3206881584,22691.1214400659,197.764701276943,0
1394,5669,6.66507616824069,3477.02243311058,24.4408767179019,14.6459636650294,15.0826825369117,22.5356723208669,31717.6016387312,15103.0127747209,1233.48384573163,0
1394,5670,6.53567792228058,3198.27998338563,25.6030952758838,15.6522507941567,16.1620445532069,24.0959054780466,22557.1772822768,24687.815231397,820.639154982922,0
1394,5671,5.87993313143325,5399.69902312824,25.8809845401521,11.0143028725906,11.2606045688644,16.9250025298574,29578.8477352929,25210.6057727055,-1296.18164214828,0
1395,5672,8.02798596929188,4997.30891416229,24.426254838949,11.4841769105249,11.7450998894959,17.6481652166428,31611.4648147995,15132.7833730679,1261.73774360944,0
1395,5673,5.9946799172562,4111.93102131642,25.8524860741831,13.2002456496164,13.5638599799768,20.3028867723821,24454.373006334,22701.172602895,225.143144999899,0
1395,5674,5.49111553776781,3909.46078809257,25.9313925115956,13.6670841535039,14.0583214592764,21.0249856813369,30332.1235993852,25695.3640215008,-402.980748935824,0
1396,5675,5.82433018263369,5248.58146846415,25.828625342999,11.2178020487533,11.4740671612833,17.2392019727754,24424.4772876514,22680.7063961473,236.531794385801,0
1396,5676,5.42010948073909,4748.47857096793,25.9125790576662,11.9914486492358,12.2886011023828,18.4345276563649,30314.9719314724,25675.1239022245,-451.86207514362,0
1396,5677,9.59023619127387,3013.25232993457,25.4259154386077,16.2941052292651,16.8434677948498,25.0891507183365,22072.6663833045,23565.0555264187,-1324.60058516887,0
1397,5678,5.78741454372021,5610.00610246415,25.828625342999,10.7392575638765,10.9715921827264,16.5001981678182,24428.3077091515,22685.6597420759,218.182780228394,0
1397,5679,9.00458569146013,3346.46165793457,25.4259154386077,15.1483346529417,15.6247689635945,23.3154823408735,22077.7184096486,23554.8238108305,-1343.20892124196,0
1397,5680,5.38726126108814,4508.02072896793,25.9125790576662,12.4141123643158,12.7341469306242,19.0877141763632,30305.7250778339,25686.2080663843,-404.494261785711,0
1398,5681,6.78760133508154,5821.97332777137,26.3375291047375,10.5138824870142,10.7380325503785,16.1530092657747,29471.4731598155,32335.8219845236,870.955400884111,0
1398,5682,5.77968656371812,4464.45715131642,25.8524860741831,12.4901048096316,12.8138915755473,19.2050533380604,24448.7998810412,22696.5871783494,241.928186207261,0
1398,5683,8.82612725459656,3579.54078993457,25.4259154386077,14.4626224179387,14.8970146865648,22.2544312495501,22096.6220126459,23586.3439259968,-1312.82045609091,0
1398,5684,5.4904062589196,4725.74434809257,25.9313925115956,12.0312102786715,12.330616438264,18.4960034134926,30313.9447732711,25705.7016456564,-393.937148997412,0
1399,5685,6.70760070910394,4989.43132955161,26.3314646346676,11.6345326369193,11.9154616112533,17.8838022840495,29488.5203502175,32337.3287953242,840.981229951546,0
1399,5686,5.87131912256481,3883.80645646415,25.828625342999,13.718592365324,14.1120340034463,21.1044253279405,24436.2664396504,22671.361989527,225.607503869291,0
1399,5687,9.12937784982659,3509.27784993457,25.4259154386077,14.6606603721293,15.1070666232072,22.5608342487249,22075.4530024911,23561.6581673983,-1340.14346807699,0
1399,5688,5.55010118469533,4232.89396296793,25.9125790576662,12.9498781756823,13.2997191568636,19.9159085623571,30356.4671308904,25614.3943889255,-424.172629701615,0
1400,5689,6.55910109512495,5022.85765568582,26.3860680899905,11.5871078216007,11.8658868405083,17.8106268071516,29481.5482974154,32328.469472813,880.522830611509,0
1400,5690,5.94957572952418,4348.97983493066,25.9180966117743,12.7169042712869,13.0537155966324,19.5557555042612,24438.7129169009,22691.7929227814,217.053125769168,0
1400,5691,9.10703205528316,3467.57190449597,25.4353456908546,14.7826618379392,15.2366052522623,22.7496314980319,22082.3861868228,23573.9408618697,-1294.2202153154,0
1400,5692,5.31213105825863,3198.67895170899,24.7432666669604,15.5476767253592,16.0426169737223,23.9317655230616,34252.6796751745,16879.3385358536,-297.933543221447,0
1400,5693,5.23949440216528,3442.69574266383,26.0788650468989,14.9265872008923,15.3950978504316,22.9739193521009,30347.8485238266,25648.1223676322,-420.108332615668,0
1401,5694,7.67819829726529,4539.35337787569,26.4129500921114,12.3967297951373,12.7192570965113,19.0617981479893,29343.0435334222,32119.2220304939,1247.14862192505,0
1401,5695,5.39740802937404,3999.47823370899,24.7432666669604,13.3468514917277,13.7102118644046,20.5271933559577,34272.6688613911,16851.1978143717,-294.536288635459,0
1401,5696,5.7909726322073,4021.71433577404,25.892282546572,13.4034564304231,13.7790521561757,20.6171985905704,24422.2506063443,22689.5062985442,199.535314626189,0
1401,5697,9.05308669144755,3765.42950249597,25.4353456908546,13.9718866102422,14.3770466689801,21.495315871313,22081.6929537742,23586.0072202367,-1288.07572715254,0
1401,5698,5.40555997622407,4025.72396266383,26.0788650468989,13.4114998515475,13.7889942316103,20.6300321703858,30319.8413069533,25642.5803896571,-457.149555787261,0
1402,5699,5.32680289707056,4155.48839170899,24.7432666669604,13.0076500536603,13.3519378898273,20.0027957482116,34266.4632447029,16849.7976331095,-334.617853124752,0
1402,5700,9.06007643316891,4608.10021049597,25.4353456908546,12.1956958805498,12.5005699162655,18.7492521487929,22099.5117493855,23589.5511837792,-1316.04291354987,0
1402,5701,6.04170015224654,6437.60465166075,24.9071128260226,9.77337520925088,9.95521518280064,15.0079974087903,35456.1818053533,29854.9745379699,975.331387537069,0
1403,5702,6.14615525128734,11869.7786471415,25.4237326297989,6.69625619262654,6.76096458887588,10.2661763353184,35040.4584039438,28848.6536054343,187.15241919853,0
1403,5703,6.42549530561627,12630.4697486406,25.0152226812966,6.43930142964456,6.49484870316273,9.87037963885689,35442.1908162754,29876.8239028042,949.858775283892,0
1403,5704,5.38706243270656,3721.37795770899,24.7432666669604,14.0142601924009,14.416121961425,21.5592587847299,34282.1698984385,16852.4729352553,-304.388925066744,0
1403,5705,9.08837686096615,5497.31185649597,25.4353456908546,10.8569646677531,11.0928117143266,16.6813146327333,22069.4300301467,23632.1681186353,-1397.16683163219,0
1403,5706,8.22260137276609,3481.17833519518,25.2241807531632,14.7199130748979,15.1681462022872,22.6520226368936,31821.4702735531,18726.9594204188,1171.56377286906,0
1403,5707,4.20690608970579,4322.62583719248,25.1091226841049,12.7000403912018,13.0300379686307,19.5280667610499,21331.434386866,23849.9975466285,-52.5626054462476,0
1404,5708,6.1886856249667,11275.7036556608,24.9071128260226,6.89285616540646,6.96233961826976,10.5683860563399,35458.7433147981,29845.7081434898,990.800386672562,0
1404,5709,6.42345066359117,11030.2356311415,25.4237326297989,7.00119553834156,7.07586215092069,10.7356313870586,35055.1405989296,28889.2524279733,173.958626462481,0
1404,5710,5.2420486544905,3273.19290970899,24.7432666669604,15.3021259712883,15.7817475160274,23.5517350472049,34293.0498291958,16849.9014361704,-308.858832892375,0
1404,5711,9.21654628283564,5769.90563249597,25.4353456908546,10.5202691871831,10.7397196655136,16.1614851716622,22062.2309097068,23638.922631231,-1414.56018799273,0
1404,5712,5.85471696253629,3120.5526496941,25.827619297996,15.9501542127457,16.4811850780618,24.5576907045519,32316.2307095814,32568.9438070173,337.943930957032,0
1404,5713,5.22001482221212,10677.6895734017,25.6284128270368,7.14766160040023,7.22793283949648,10.9613441332809,34943.0172950085,29655.2537323221,-94.7366390259699,0
1404,5714,5.41293163318862,2480.27115708432,26.2797957682672,18.8375911649097,19.5697474819211,29.0322637720068,29199.5748469462,26735.1810903847,-410.167843887191,0
1405,5715,5.7718742345261,4696.38632884501,25.8777849855489,12.0770582411324,12.3785661717849,18.5667521859299,32293.516953655,32575.4191974067,342.898576711947,0
1405,5716,6.24056652343909,10593.6245136608,24.9071128260226,7.15958113899785,7.23791419159331,10.9790484965848,35436.1923614497,29859.8646407233,939.217640786389,0
1405,5717,6.18271523658852,10357.1430971415,25.4237326297989,7.27569445701774,7.35971410503578,11.1583308211122,35046.2293449592,28864.0381879258,159.416271224904,0
1405,5718,5.43737902604197,3135.86079970899,24.7432666669604,15.7628872455468,16.271378052099,24.2648737180608,34267.256458444,16844.6413807484,-316.452123862208,0
1405,5719,9.19754091634861,5890.47595649597,25.4353456908546,10.3801109667644,10.5928554004809,15.945125401675,22066.7497881659,23612.4614265115,-1422.05442026979,0
1405,5720,5.28136133017957,10033.3850214017,25.6284128270368,7.42564864985998,7.51562726912771,11.3894799722042,34961.7558701777,29667.7268081345,-34.1488981300057,0
1405,5721,5.41307516167977,3443.33598108433,26.2797957682672,14.9465457764351,15.4180618294609,23.0052934355669,29226.8102757334,26713.4302106125,-417.388731142247,0
1406,5722,5.78444972726765,4981.11643084501,25.8777849855489,11.6147172860189,11.8917382593736,17.8523969545615,32289.7255238774,32605.5657849269,366.656430501673,0
1406,5723,6.46500434883863,9961.47831366075,24.9071128260226,7.4342495179023,7.52205197447928,11.4020394363111,35452.5770017867,29864.4381737264,975.229536351872,0
1406,5724,6.14413803389099,9953.23030914153,25.4237326297989,7.45549059412082,7.54583107053021,11.435251697471,35036.6723441864,28843.584639607,189.108059921222,0
1406,5725,5.33128335870965,3574.59669370899,24.7432666669604,14.4039238433976,14.8288430109676,22.1619842435262,34259.9137436111,16843.294299939,-280.2647054285,0
1406,5726,9.14557578834271,6368.2552548771,25.450087162167,9.87158210013868,10.0606759414147,15.1603050533373,22088.5810261319,23640.4733415581,-1382.45336765946,0
1406,5727,5.4601263366478,3642.09860508433,26.2797957682672,14.3797942839647,14.816409333855,22.1282768170034,29225.8483812445,26708.5681828842,-457.811110380012,0
1407,5728,5.88723836080177,5056.68763684501,25.8777849855489,11.4997858989967,11.7708288218087,17.6748482523182,32289.4569580761,32613.2957549225,370.766265382629,0
1407,5729,6.54757145617855,10293.2688626406,25.0152226812966,7.2900346530104,7.37318541568054,11.18003658343,35446.2540154265,29859.5558207944,972.811384377049,0
1407,5730,6.14038256336674,10468.0219811415,25.4237326297989,7.22841355940915,7.31079640823584,11.0855160909433,35054.3120732241,28853.8313836027,211.478179999068,0
1407,5731,9.3558256279041,6231.10804649597,25.4353456908546,10.0099706281761,10.2053501984895,15.3738408108323,22075.0244661333,23590.2135861963,-1394.84333785361,0
1407,5732,5.23729439877174,3242.76722508432,26.2797957682672,15.5818890156749,16.0935269201068,23.9887259539888,29210.8880027062,26719.5107606444,-471.981750189328,0
1408,5733,5.79460446279103,5965.89889084501,25.8777849855489,10.3211917571451,10.5335486015537,15.8548449090126,32293.2344762731,32612.4785293261,362.271534413424,0
1408,5734,6.51396766500571,10372.0338386406,25.0152226812966,7.25611624108958,7.33809888555515,11.1278023705179,35427.3586311537,29872.3769873235,983.154702128376,0
1408,5735,6.0529472629998,10225.7800331415,25.4237326297989,7.33283886966687,7.41885094502584,11.2463397251678,34946.056252248,28830.3707640779,209.545636044438,0
1408,5736,5.35120861163653,4481.50398456487,26.5179346994589,12.5121802397851,12.8418171500016,19.2404525286343,28932.5764824805,30327.5592432899,-169.93459613097,0
1408,5737,8.96701871478681,6084.56906849597,25.4353456908546,10.164753903177,10.3673335802358,15.6127206603119,22055.422150353,23611.8640454878,-1388.65296165959,0
1409,5738,5.65545179601075,11515.0136656941,25.827619297996,6.83204048400607,6.90233797804697,10.4755372286167,32374.6241882233,32634.9323989873,204.892053428484,0
1409,5739,6.02786397865296,8894.37441114153,25.4237326297989,7.99221360760835,8.10230989590232,12.2621538332927,34940.2814283318,28837.0423405881,229.611856229121,0
1409,5740,6.3076277671776,8692.08879264063,25.0152226812966,8.09136960619048,8.20366255526155,12.4145154651689,35424.9225785981,29856.879103247,984.888317128853,0
1409,5741,8.89909415141461,5543.0731908771,25.450087162167,10.7993619835386,11.032461520564,16.5923969383843,22087.3065652142,23639.9841972788,-1382.89725031253,0
1409,5742,5.78739435576932,5258.96118708432,26.2797957682672,11.2338537253548,11.4936634390545,17.2647471883985,29236.0248099655,26717.6980232737,-459.91356558008,0
1409,5743,8.74604828017354,5350.87939341527,26.3597568560448,11.1118898954928,11.3659505136197,17.0764985325083,29987.1824327208,27557.3262886438,-596.049221217708,0
1410,5744,5.82114589120958,10703.7177383443,26.0241693723813,7.1492476158269,7.23083706855773,10.9641371730189,32366.098850337,32633.1759080426,244.204614302297,0
1410,5745,5.87794180678806,5377.06976519772,25.6813727431142,11.0313948967684,11.277367161194,16.95107024658,34907.3187953846,28835.8358607707,199.371790434467,0
1410,5746,8.80368175190975,5969.40499271707,25.3177711435659,10.2840603053183,10.4916072932235,15.7966872265343,22051.6906643584,23645.6764512591,-1412.84961135765,0
1410,5747,5.62112090902241,5530.48221718459,26.4413768228981,10.8790570226816,11.1218370154701,16.7170411838557,29232.2128315633,26714.7458040447,-460.71214918576,0
1410,5748,5.60382473386414,4974.92834328903,26.5360060099612,11.6716639712829,11.9558360384475,17.9415255783102,30807.0225364029,28322.4783618123,-715.023133547049,0
1411,5749,5.84597409039332,5824.78963457965,26.0695438329315,10.494390439004,10.7161224619876,16.1225093171328,32294.5181917012,32609.8590790225,388.067296711631,0
1411,5750,5.84745707653248,3651.77318519773,25.6813727431142,14.2924812295826,14.7187998412484,21.9918092104812,34907.6686590624,28820.6669724534,218.074593454813,0
1411,5751,5.70166716186537,4407.50863318459,26.4413768228981,12.6465431306952,12.9831374419265,19.448009819743,29213.0404244222,26705.9712242601,-453.43904866886,0
1411,5752,9.04864675999325,3423.33511969438,25.2985425543736,14.8987279570221,15.3585698805832,22.9288933713634,22085.0154184987,23567.7153840373,-1353.95847576903,0
1411,5753,5.63657313583285,4124.78518851311,26.6469396426497,13.2429774815234,13.6149905711284,20.3706018669878,30823.5739288418,28315.1626169652,-667.043146213278,0
1412,5754,6.03378691571751,5560.96220657965,26.0695438329315,10.8163500321264,11.0538734051535,16.619618588754,32268.1360272478,32584.5812302398,364.804664248992,0
1412,5755,7.18377340284782,5359.54107672545,25.3545962970513,11.0331388996645,11.2772378109292,16.9532219543278,22211.3837572164,23491.5870431175,1162.36209764623,0
1412,5756,5.65352308114147,3872.674272556,25.1674776665966,13.6817030836482,14.067683942629,21.045910943879,34748.9946028228,24033.6598841473,-151.851071074696,0
1413,5757,6.13491427358009,5426.62563257965,26.0695438329315,10.9908402849312,11.237075051041,16.8890754318392,32274.8625535275,32599.5059676792,388.435033611522,0
1413,5758,6.75720033247485,4843.49466484894,26.6019918367562,11.8858707495583,12.1818689960514,18.2726254916971,27768.848664993,29563.2327395528,920.267110095736,0
1413,5759,7.06908511798501,5912.50380672545,25.3545962970513,10.3501933060359,10.5610702467238,15.8988214799326,22228.9291562697,23462.6783148686,1100.31147559156,0
1413,5760,5.41564728287094,5129.543910556,25.1674776665966,11.341894545367,11.6003712393693,17.4297317259264,34765.0958266569,24014.8143901265,-150.726359441725,0
1414,5761,5.73553342316189,4954.52034857965,26.0695438329315,11.6698232904489,11.9509504343653,17.9378681637576,32285.0482598361,32616.000215374,389.464504672685,0
1414,5762,6.91591711625258,5656.51837684894,26.6019918367562,10.7298439293226,10.966084998524,16.486870115301,27774.1567198156,29574.761704677,911.522577053399,0
1414,5763,7.03020135661298,5934.00118272545,25.3545962970513,10.3259099146747,10.5356363115317,15.8613387400336,22220.5564548976,23469.6623115541,1066.88411858521,0
1414,5764,7.69068098435321,5654.43590872719,25.0595735394481,10.63561385073,10.858474154323,16.338957760117,35136.342738139,24020.9271245125,-651.614676850153,0
1415,5765,5.72979805278384,4222.77392816245,24.90295839072,12.8823872972459,13.2209275772073,19.8094995595503,35760.5867697225,24870.8395558535,288.607966587403,0
1415,5766,5.80379824030238,4038.52508657965,26.0695438329315,13.3818254963622,13.7575305355318,20.5841230841257,32272.3462187627,32606.5691122737,378.355293032815,0
1415,5767,6.90094395125015,4964.90197684894,26.6019918367562,11.6920235292751,11.9776874349063,17.9730969065448,27762.3203864367,29570.241181578,933.658235732894,0
1415,5768,7.38124613891008,4453.14915072546,25.3545962970513,12.4703737590804,12.7895582441589,19.1735861498321,22185.4755802422,23512.0805319262,1037.11564733074,0
1416,5769,5.82118703405557,4557.67790657965,26.0695438329315,12.3360849176459,12.6529321291027,18.9674162776063,32282.3182017901,32616.6450148887,371.538818329173,0
1416,5770,5.91821301494817,3907.71402416245,24.90295839072,13.5730361840025,13.9505974688348,20.8772781481376,35758.6451401439,24885.4245602862,287.972336991843,0
1416,5771,6.78767893725095,3400.30709284894,26.6019918367562,15.1125602399226,15.5973054038791,23.2630194546918,27797.1317667722,29537.4622973082,946.978242807095,0
1417,5772,5.88348997053423,4081.60929416245,24.90295839072,13.1800414415091,13.5352262757679,20.2696408492934,35790.8465390181,24883.4188262765,272.341540020857,0
1417,5773,6.00059975361412,3245.80934657965,26.0695438329315,15.5472529247423,16.0547359510261,23.9345716523685,32293.4700131583,32629.8416316374,390.896640608814,0
1417,5774,5.21056431504698,4206.41238919896,25.6203445762354,12.9791839405141,13.3285143983197,19.9606195237565,22733.2888912034,24007.3598523057,911.482081550089,0
1418,5775,6.00719337020189,4187.26801616245,24.90295839072,12.9555652639056,13.2981729990597,19.9226180906808,35765.1603960822,24872.4479816256,289.977230357243,0
1418,5776,5.86683303392516,3196.88154549098,25.7608507681244,15.6758187120938,16.1886088737188,24.1328010605349,34049.5931534658,31121.5561450025,432.539356929778,0
1418,5777,6.38284629447616,5371.79499788621,25.5971493799687,11.0328745895945,11.2784175795014,16.9532162978941,22783.8365745718,24016.2649150047,948.084914152969,0
1419,5778,5.81910779390152,3885.71005016245,24.90295839072,13.6250055722998,14.0055594448823,20.9576409271338,35767.1535479549,24874.1464678876,287.11715071994,0
1419,5779,5.9311362603807,3857.04481749098,25.7608507681244,13.7767345525265,14.173047585344,21.194201952342,34054.1504201185,31136.5584203876,469.145295856546,0
1420,5780,5.9296470975229,4087.39531012702,25.6074549862037,13.2315936224075,13.5951357164222,20.3508441600858,34061.0001441606,31141.3517139878,447.705407376323,0
1420,5781,5.95448195158398,2679.5462701081,25.0161241034881,17.6391390447143,18.2735234549096,27.1711191111555,35775.0153835048,24883.195771114,259.396523326924,0
1420,5782,8.67709090721451,3431.22913001195,25.2755211654752,14.8725751334027,15.3306035043545,22.8883673859837,22401.4356297923,23016.170100263,-1352.92316869629,0
1421,5783,5.98205437851401,2791.53769148771,25.6862351831796,17.2296630390336,17.8436929736985,26.5388169201559,34046.0834482844,31134.7453704001,439.265549806937,0
1421,5784,8.42361487794081,3269.97678401195,25.2755211654752,15.37499121704,15.8641839730821,23.6658903723787,22424.8889360501,23025.4932464258,-1345.63734704832,0
1421,5785,9.16830720970804,3068.04105238974,25.8467410224978,16.1427935890079,16.6864871788694,24.856009526566,22509.5929928637,31802.5579201599,-1263.1288142279,0
1422,5786,5.87789078511035,3375.91145812702,25.6074549862037,15.0773796342629,15.5510547604645,23.2061269651208,34062.9027454365,31126.4887325078,453.49869314741,0
1422,5787,8.16715430018166,3178.34862401195,25.2755211654752,15.6809926967846,16.189482076338,24.1395351803051,22439.4537458084,23023.3536466367,-1354.92420777269,0
1422,5788,8.89222832588346,4275.37421638975,25.8467410224978,12.8574958483472,13.201654515413,19.7729531122114,22535.6695308364,31792.1092359837,-1285.36304454287,0
1423,5789,9.04648572085597,3314.48996638975,25.8467410224978,15.2973820237476,15.7869935870028,23.5472262662086,22535.9682696773,31808.4214859585,-1293.31081538857,0
1424,5790,5.87834449893018,3078.32549100375,25.7293340866447,16.0904718263374,16.6296210648354,24.7746803573048,24415.0644086286,22873.0049971829,176.694355207133,0
1424,5791,8.95766617551727,3190.76992438975,25.8467410224978,15.7069484312253,16.2225392142823,24.1812159189994,22511.413629185,31779.0190875589,-1212.53885361556,0
1424,5792,6.03275624213646,2243.20639419937,23.9629548143717,19.8436501278138,20.618689648717,30.5838315880614,34640.6233459971,14125.9546542241,273.269113867831,0
1425,5793,5.91718969978828,2910.86181300375,25.7293340866447,16.7341468378071,17.3154953556649,25.7714364851647,24403.7963392485,22863.10090683,195.215385004962,0
1425,5794,5.82005507674177,3332.96477019937,23.9629548143717,15.0218116954893,15.4767923340742,23.1159314310246,34676.7271295015,14145.8839960122,234.150946627006,0
1425,5795,9.13474722230956,3663.77827438974,25.8467410224978,14.2773076360976,14.7041028519251,21.9687176471739,22501.18457749,31807.1866704036,-1250.79714879812,0
1426,5796,5.93462927989509,3266.64448419937,23.9629548143717,15.2306833859904,15.6984039738903,23.439115182303,34672.9931915464,14143.8898294299,259.553505456618,0
1426,5797,5.94803228008786,3278.03523300375,25.7293340866447,15.4015580428767,15.8966522775818,23.7081759340938,24400.5502288523,22850.5504623684,171.997963180548,0
1427,5798,5.72207548306563,2752.22725419937,23.9629548143717,17.1570443814516,17.7473470160008,26.4211399130606,34689.9321229431,14146.1962757608,283.495643217607,0
1430,5799,5.54350889406134,2735.99380805042,26.823171183127,17.6369247643624,18.2908085647235,27.1731020047738,29597.8221270195,28376.8959734132,35.8468088803453,0
1431,5800,5.57237640679633,2245.17452315693,26.788705245594,20.3361568887183,21.1836045984021,31.3575646606838,29343.0383108572,27647.1798870999,-465.126306445006,0
1432,5801,5.86134319935619,1513.56021732702,26.8294242494332,27.3428172831367,28.7499706853676,42.2356078810654,29562.0788260863,28351.5117073284,139.94529562495,0
1433,5802,7.25754593001027,3308.86795098182,25.5515843033072,15.2815480247919,15.7674542570978,23.5219720078364,32484.6242785936,21323.0154155023,1022.65691874748,0
1433,5803,5.3509966890614,1755.07399715693,26.788705245594,24.4166740033076,25.5813578373319,37.6902274285138,29423.666080456,27590.0001364717,-483.838019354551,0
1434,5804,5.54186643026748,1438.09914132702,26.8294242494332,28.4437463473541,29.9444669036081,43.9464241270576,29577.2674260574,28368.9658630858,111.167852265389,0
1435,5805,5.84067156474835,4055.47775402027,25.1549326008911,13.2603815332397,13.622072854385,20.3943931281317,35277.6915731736,23725.8580897234,43.1846066384982,0
1435,5806,5.58691717820776,765.409348229949,25.3411309160788,46.3971818565032,49.5154106195703,71.8723357777301,28738.5848012537,19763.7265490505,339.616577510526,0
1436,5807,5.29525072197171,5104.526575429,25.0239355519116,11.3681730363767,11.6270751348943,17.4700674703887,31855.8883296277,16976.9251863395,-174.925125296489,0
1436,5808,5.97781970039233,5224.58363574739,24.5092420955877,11.1602809065073,11.4054938041801,17.1481156349422,32467.604497362,15269.256807977,192.114033243221,0
1436,5809,5.64631480610719,1904.40217805042,26.823171183127,22.9725960728927,24.022578530653,35.4484390528571,29579.6577299283,28330.7648840952,103.953689184673,0
1437,5810,5.70421923232764,7414.12221774739,24.5092420955877,8.9152838872574,9.05817064795489,13.6839487531812,32510.8861848926,15303.2094160225,210.591628783025,0
1437,5811,5.42309016787085,6524.75574415263,25.0213389089892,9.69582745881032,9.87477601631233,14.8885142918811,31836.7873869773,16969.8026530411,-134.505400578838,0
1437,5812,9.6213606361078,2295.72058168436,26.8023586378668,20.0107629478282,20.8342577981772,30.8529529980207,29355.9185784169,28032.7891739048,-216.142228142405,0
1438,5813,5.82335475909328,7098.33545574739,24.5092420955877,9.1637739802541,9.31704296144754,14.0671251020202,32496.2789168655,15299.3254728839,213.021688211542,0
1438,5814,5.3323110775597,6661.42707415263,25.0213389089892,9.56821653900446,9.74148750258447,14.6916409213235,31806.98890444,16964.1909665472,-151.228269131106,0
1438,5815,5.39169856989065,2059.23399746584,25.6086295568358,21.4400329592467,22.3548111674082,33.065584125289,27414.7213955964,21241.4699620102,-143.349401411745,0
1439,5816,5.83504177173205,7487.62297974739,24.5092420955877,8.86005627035912,9.00066947694028,13.5987960631126,32512.8987121753,15294.9141904381,198.865855548865,0
1439,5817,5.37675647837338,6664.958545429,25.0239355519116,9.56511701553364,9.73826382673736,14.6868628950425,31842.5425042723,16988.286489791,-140.698412571397,0
1439,5818,5.72882828509799,1982.26329817769,25.5680848790676,22.0417657314445,23.0017063311916,33.9989773632542,27427.0413391206,21224.5507014316,-158.906646584614,0
1439,5819,5.47867056489746,2196.51908915694,26.788705245594,20.6648480907754,21.5368518503905,31.8673896635186,29370.710136699,27606.4938722275,-450.564532548228,0
1439,5820,6.50109100134374,1734.69502348471,24.7438191115737,24.1454713072354,25.2566010899484,37.2603577377677,27844.615443449,18179.1745515042,523.59478092473,0
1440,5821,5.75402409022959,4716.37363079329,24.5375214168619,11.9390032523025,12.2240793168943,18.3509290672391,32522.1521867075,15298.0285724983,175.503389023448,0
1440,5822,6.75256972879775,3994.60712781168,25.091862657555,13.3905408918497,13.7591519369714,20.5955063761698,26089.1433810827,19959.9504209321,927.921487812825,0
1440,5823,6.42254636398374,3516.843286732,24.8706942889181,14.5790740253809,15.0156278421725,22.4332536129262,27888.0128969969,18177.9035638322,589.738429612357,0
1440,5824,6.18443448234009,2211.50979799933,26.7904461586489,20.562455073103,21.4268106546028,31.7085706564663,29567.2112626835,28368.0536544134,159.333761435863,0
1441,5825,5.78731238855408,4682.27738279329,24.5375214168619,11.9964312038929,12.2845127086343,18.4396501439432,32507.5646843606,15282.8263119961,187.375208400665,0
1441,5826,6.84988097877008,4389.3102708632,25.0358436060785,12.5645032807101,12.8865317075259,19.3184330978276,26228.7316546241,19824.2967215411,861.644122663273,0
1441,5827,8.15891990238172,4303.88858569117,25.1830291687835,12.7433901671109,13.0763238783068,19.5952221334614,27085.7111549133,19051.2395355644,482.206878236853,0
1441,5828,8.77769721967362,2409.68331266455,26.2072931470683,19.2221009393082,19.9809312840127,29.6280985891832,25048.0804150745,27550.6102466861,-1346.55253903342,0
1441,5829,6.45605683230277,3814.28372800879,24.8290843922465,13.7900943476266,14.1795947716013,21.2127713000327,27830.9478106327,18187.9156330367,613.075591180033,0
1441,5830,5.54201250257457,2127.87707599933,26.7904461586489,21.1526310471731,22.0614456334655,32.6240811305681,29604.5875605697,28339.7143780615,111.746917583276,0
1442,5831,6.69546454386201,3826.54193309404,24.8932006272921,13.7664439407331,14.1551010415262,21.1763424695287,28409.752560845,17771.4427809788,681.166662905718,0
1442,5832,8.49680068787181,2628.33541466455,26.2072931470683,18.05962583024,18.7361765542151,27.8262823186535,25110.4036480598,27548.0988866683,-1272.38863115573,0
1442,5833,8.48183013199226,3683.66297022845,12.4021783121772,12.6784068084696,12.885311018197,19.4609414603183,41711.3959535859,30973.3719480098,-1176.21424790641,0
1442,5834,5.42030884509182,2375.04942556072,26.7594995132617,19.5154472343669,20.3020870743391,30.0847239521194,29375.1282510777,27587.7449469006,-493.643707287725,0
1443,5835,6.24232267465119,2810.92307309404,24.8932006272921,17.035619319272,17.6281600783574,26.2359174668018,28416.4106393476,17780.20560881,716.260840973833,0
1443,5836,6.02453336187714,2592.62474528412,23.6826766836102,17.8514662593603,18.4847353996802,27.4957747439519,36393.1108109274,15882.182379934,331.294592836524,0
1443,5837,8.45334191540663,1668.81677666455,26.2072931470683,25.2227031111602,26.4437752661018,38.9394010028802,25077.9195384262,27548.8111574142,-1335.27185430911,0
1443,5838,5.7971232161682,1823.30154799933,26.7904461586489,23.7262072269134,24.8354712928752,36.6181845033706,29582.5696640134,28351.9765619488,116.575646483266,0
1444,5839,5.90782406050376,6442.83562328412,23.6826766836102,9.7002522428333,9.87242863663804,14.8934122318054,36373.1094041349,15873.1567290936,344.175928741769,0
1444,5840,6.33156090287725,2999.99425709404,24.8932006272921,16.2757048526342,16.8184794716429,25.0591747780783,28417.4703046769,17766.520380648,722.946098944403,0
1444,5841,9.27926850288428,2601.90421466455,26.2072931470683,18.1905626730913,18.8762432444386,28.0291939355476,25082.9414144809,27593.10082905,-1221.41242288219,0
1444,5842,5.61256270589826,1901.1012837704,26.7945028686328,22.9963052817217,24.0477489127006,35.4851284867778,29610.4576387288,28384.8120883184,144.394033683864,0
1445,5843,5.92365702936101,7388.98447928412,23.6826766836102,8.89482689166312,9.03303546449995,13.6513445345814,36355.688260415,15882.6225004945,347.455154761224,0
1445,5844,5.50350241893084,6500.02644898873,24.7727817538716,9.705869108872,9.88399460468228,14.9036548353944,34824.9584870586,18004.8272307403,-162.765849978449,0
1445,5845,6.46647369141717,2053.97755709404,24.8932006272921,21.338633252414,22.2358447518733,32.9055482809078,28406.7333500466,17767.8878895566,694.929882677257,0
1445,5846,5.7107661813123,1874.31376399933,26.7904461586489,23.240623965665,24.3112971130776,35.8643592772664,29577.2115092649,28325.0167767221,37.6664578186434,0
1446,5847,5.74798869393135,7863.09412928412,23.6826766836102,8.55499425423179,8.6796503041678,13.1274939389789,36369.2117178797,15878.9667255996,340.411482030355,0
1446,5848,5.53835835792425,7030.21429498873,24.7727817538716,9.23312328688454,9.39060113615943,14.1744259929292,34825.3465572047,17995.0711937365,-170.885660785577,0
1446,5849,6.24840813370139,3726.05932109404,24.8932006272921,14.0175259064721,14.4208483490281,21.5646594202203,28416.3544145028,17778.5253458202,683.738817475097,0
1446,5850,8.61561786436994,1955.94771266455,26.2072931470683,22.3931295739184,23.3891533237892,34.5466876792199,25075.8161236668,27580.4717701763,-1302.08094087407,0
1446,5851,5.70472938046286,2323.7141457704,26.7945028686328,19.8336083188146,20.6439563159131,30.5781975983396,29639.6589489419,28386.2478873081,115.34021011621,0
1447,5852,5.8790927539908,7271.29956128412,23.6826766836102,8.98507913607981,9.126966258305,13.7904898045539,36366.9026869691,15869.133938911,330.743726319294,0
1447,5853,5.34626469566036,6565.92824098873,24.7727817538716,9.64350151589172,9.81885349858819,14.8074367972197,34822.6719847744,17993.5849535598,-166.927952978362,0
1447,5854,6.24366202246589,5882.15400366169,25.198324239445,10.3752769443335,10.5864767359883,15.9373001626648,30217.4573651533,17737.5092535918,426.499221151868,0
1447,5855,6.45940049577172,5105.17325909404,24.8932006272921,11.3579086989977,11.6154590570421,17.4539850065347,28430.842227022,17773.332792803,646.641002081504,0
1447,5856,5.94260090673816,2450.70983447967,26.7844577275386,19.0813173460687,19.8367838533513,29.4117057482462,29587.900785748,28375.3014966956,120.572396353725,0
1448,5857,5.79534992308772,7691.57766728412,23.6826766836102,8.67376132197954,8.80309969327407,13.3105579909955,36369.6828488603,15874.3304790288,348.524455079776,0
1448,5858,5.40628173157941,7253.33767498873,24.7727817538716,9.05222812256963,9.20203779376536,13.8954520180712,34804.1566051547,17994.7908541785,-187.993987521465,0
1448,5859,6.19897248938669,5109.72420966169,25.198324239445,11.372966269983,11.633216767026,17.4777756715539,30204.3532208039,17711.1262550902,457.492587817363,0
1449,5860,5.44972466146703,5266.08587698873,24.7727817538716,11.1209729362878,11.3658820570515,17.0878723852138,34822.2442802015,18015.6932920426,-180.710831351689,0
1449,5861,6.24073716253838,5665.17587766169,25.198324239445,10.6312952169974,10.8547481265041,16.3325120363342,30206.0614637877,17721.7372599143,447.26203300644,0
1449,5862,5.87827967686964,2063.31886999933,26.7904461586489,21.6386371627135,22.5845062850999,33.3781219684349,29572.6363387405,28348.6298653064,113.551237672162,0
1450,5863,6.35965961762298,5452.96794758183,25.3249603681403,10.9072666961049,11.1449428901508,16.7588052361444,30219.4161231787,17727.7237162841,463.239147258526,0
1450,5864,5.54111208820933,3324.96883460895,25.4956537849639,15.2239137271145,15.705699477268,23.4326287896533,35081.8613651058,26437.4894678273,206.061945474462,0
1450,5865,5.46467144832825,3854.3110018123,24.7112221464723,13.6813215790885,14.0635542201046,21.0442939632314,35335.8391539533,18386.4342123323,-8.99154762476185,0
1450,5866,5.87343470982272,2537.98259020893,26.7548816516365,18.6014045013943,19.3221786247413,28.6676487870172,29546.8112256909,28379.5339612487,133.755240594524,0
1451,5867,5.66282916785168,3370.82696660895,25.4956537849639,15.0805035837644,15.553358664965,23.21068222477,35108.5401251254,26448.3686729729,201.247336588742,0
1451,5868,5.6992589082768,1603.46506143369,26.3376986798743,26.0331863260238,27.3228472651026,40.1987730031747,26090.3485966728,25915.8790180557,-87.1863604929539,0
1451,5869,9.89322345275639,2186.46455804647,26.7138620076176,20.7209465792838,21.596209409185,31.9541455780226,29345.5240376996,28018.7163774919,-166.703794326313,0
1451,5870,6.62158873953609,1207.35227879625,25.4217308944942,32.1147492925994,33.9081001984709,49.6457433088795,28812.5416970065,18918.4785463085,196.58485076446,0
1452,5871,5.83809210553927,3648.61887860895,25.4956537849639,14.2818317070184,14.70594074674,21.9749015500371,35091.9518429921,26442.8132963667,200.19448436201,0
1452,5872,5.42348605135284,1312.21526343369,26.3376986798743,30.3884276292834,32.0482883801644,46.9667262064486,26090.358938557,25897.2115808384,-136.318182880763,0
1452,5873,5.22476479832789,1168.13650004647,26.7138620076176,33.4430479384922,35.3809504460949,51.7187528883931,29375.2692675323,27611.2329291587,-461.26235832009,0
1453,5874,5.70183635427735,2413.53295460895,25.4956537849639,19.0836129729311,19.8239908472115,29.4110600903663,35097.9818421545,26453.418367832,244.060814609133,0
1453,5875,5.84806695310024,1230.74108943369,26.3376986798743,31.9566839909153,33.7544122567612,49.4050691017571,26090.5630711182,25892.0255211479,-19.410587029115,0
1453,5876,9.59354330984572,4214.08815496355,24.837204021629,12.8943706604562,13.2330782368602,19.8278859037931,35195.808940666,30988.2864929869,-1014.982635302,0
1453,5877,5.50477652714263,1285.18266404647,26.7138620076176,31.012582468248,32.7341945501869,47.939081948847,29400.1306063212,27597.076033937,-486.907835501675,0
1454,5878,10.2826685285121,7851.15667168173,24.9562262004546,8.61989584224108,8.75270998643764,13.2290828452898,35484.0982493283,30488.6758758852,-1098.74943768205,0
1454,5879,4.92340084652813,5491.6426204284,23.8694203070674,10.7608929892876,10.982683792581,16.5303966806997,36545.4584256621,30516.0798190456,705.499341772222,0
1455,5880,6.0518546479882,2807.89506123196,25.2542387646645,17.098831142745,17.6994659966146,26.3348914511642,34622.764707973,21902.5387762807,212.009647979827,0
1455,5881,9.94239910480734,8006.31215242518,24.8430257898118,8.50985309272152,8.63776797556463,13.0593109395332,35534.4966944262,30502.4181927754,-1117.01582289728,0
1455,5882,5.47506172464937,1265.09495204647,26.7138620076176,31.3990318096095,33.1547053074774,48.5399631059295,29429.6634187858,27606.8672561359,-475.570091143124,0
1455,5883,5.52099983243943,5909.90252281595,23.5439530682341,10.2426358782658,10.4382862994416,15.7299993261732,36025.179238771,31047.2403837673,510.537519514827,0
1456,5884,9.74555169971388,8425.15423168172,24.9562262004546,8.24765305709857,8.36572580059109,12.6553006620906,35484.5818498425,30484.957908341,-1137.88514762986,0
1456,5885,8.07065311362111,6183.6102320917,25.1734737408953,10.0444430940661,10.2400297601055,15.4266566418995,35555.803359029,24648.7369375542,-1425.7449710685,0
1456,5886,5.70216952509979,5680.8239344284,23.8694203070674,10.5276176525724,10.738364750708,16.1703258919457,36570.4670580725,30429.6096038806,698.498093186126,0
1456,5887,5.28571708715888,868.648978046466,26.7138620076176,42.5105387283103,45.2906261482181,65.8300356695307,29409.8615853766,27572.7159843596,-452.715714461259,0
1457,5888,9.56977619651266,9494.62666168173,24.9562262004546,7.65871566323518,7.75469685267862,11.7478403747695,35500.9020229767,30461.3464349583,-1053.4966745707,0
1457,5889,8.87344921421652,4805.0469440917,25.1734737408953,11.8416201454315,12.1259184019158,18.2016727829169,35518.4816499951,24655.0079195298,-1299.17974821801,0
1457,5890,5.7755963663535,7306.3647604284,23.8694203070674,8.96702278184978,9.10905693147194,13.7628962383824,36579.858355176,30474.1218107317,743.817331936507,0
1458,5891,10.5709492145437,4069.65524821645,25.0636691763608,13.2208507613994,13.5795908400413,20.3330786559793,35312.7107716326,30443.1557667892,-934.427774695486,0
1458,5892,5.31959018644184,1498.26218804647,26.7138620076176,27.5253719005592,28.9459944357787,42.5187247795212,29394.5625742358,27591.8484242366,-450.721821281881,0
1458,5893,5.28815287764497,2357.53964291625,25.3006156863748,19.3761903729326,20.135057267514,29.8639385395736,34072.1713837669,20562.4099539205,-285.92901517916,0
1459,5894,5.60722295516198,1205.47057004647,26.7138620076176,32.6186503274848,34.4826502725946,50.4365586537732,29404.096747927,27613.8604247686,-450.877389433941,0
1461,5895,7.44535081205146,5261.34496300665,26.6356169117033,11.2544848788829,11.5174821296745,17.2972024589266,28255.2393194398,30698.5860657852,1229.72607208761,0
1461,5896,5.69463433115527,2065.9010741096,25.907129782805,21.4475008996615,22.3669262152801,33.0782960796445,24967.1583262265,25184.8723984269,176.631554697464,0
1461,5897,7.65585276085472,1495.27603632785,26.2467820776004,27.4370961293089,28.8422913666123,42.3793483353469,28054.8210825941,32800.4846738742,41.3409379520199,0
1462,5898,7.70296183755512,5606.31617500665,26.6356169117033,10.794700698712,11.0343616653703,16.5870755506712,28263.7481796927,30679.2570531366,1206.425087302,0
1462,5899,5.82057953564819,2148.6307301096,25.907129782805,20.8385135124372,21.7121322271698,32.1336238222436,24948.1769885874,25177.6763197156,77.9857632581696,0
1463,5900,5.52168800095163,1268.53523273088,25.9621819319692,31.0780191148028,32.7909834975395,48.0368161639798,25140.0011196488,25325.1227053343,166.752273753609,0
1463,5901,9.47373826950632,2465.64910797922,24.7958168411436,18.6800940835238,19.3835507135356,28.7833091529264,35967.9035568629,26776.8249928415,-1101.49803589177,0
1464,5902,9.75661750755201,5117.76107261499,24.8799612186035,11.3386245165127,11.59511550253,17.4241787277946,35965.9545831434,26749.5460267163,-1113.89804938071,0
1464,5903,5.21650689548254,2971.70725229748,26.3853792869845,16.5771136665603,17.154661816528,25.5300532687177,31376.9573337553,30021.6852021777,-498.608189758451,0
1464,5904,5.81091313624627,1643.18415864911,26.3711076238669,25.5616312694892,26.8130254846991,39.4664989629704,28508.1658149971,26043.2717752616,172.538148167698,0
1464,5905,5.58184586306027,1693.0906573875,25.7809752366875,24.8445031743875,26.0281142746998,38.3502262855976,24908.5381322301,24272.3054136955,74.5133808115904,0
1464,5906,5.38440515735308,1729.99599484862,26.3030837661874,24.5686194394036,25.7381593569245,37.9241126147973,26443.3120274356,26266.1245987253,87.7417292210812,0
1465,5907,5.62368793506349,3856.78511686863,26.3249975365107,13.8315329074397,14.2355750141372,21.2801994966054,26482.9677486896,26249.5537133532,45.6634573548297,0
1465,5908,5.36462208636484,3455.72860229748,26.3853792869845,14.9209112841791,15.3917510637492,22.9658740358364,31397.8655911225,30009.0202180927,-486.766137454578,0
1465,5909,9.60007926456058,4598.47609661499,24.8799612186035,12.168319439844,12.4678705518259,18.7058847094841,35953.2039735204,26780.3829725334,-1053.0294569142,0
1465,5910,5.87970089606609,2531.84473240698,26.3421008571716,18.5705386029096,19.284453251806,28.6185188086415,28540.8640584348,26018.9841361779,195.768758333834,0
1466,5911,5.61897033821015,3615.33610486863,26.3249975365107,14.4574686149341,14.8991949878543,22.2485639780505,26469.6564852392,26247.8112955555,63.9225722376268,0
1466,5912,5.33522263829693,2469.50605811281,26.1194889228506,18.8712690010044,19.6039566997743,29.0839533290868,30199.688938519,25596.3723741532,-329.254582280362,0
1466,5913,9.8412349911254,4045.57408797922,24.7958168411436,13.2490688937682,13.6073100506885,20.3761282352272,35927.6862125463,26776.6623853398,-1073.05812921824,0
1466,5914,5.27282399320591,2879.3555211084,26.4205162011841,16.9550930978055,17.5582762185809,26.1156049163059,31374.7755481411,30022.7636920689,-504.421011919951,0
1467,5915,6.00364924985378,4017.76972798539,26.027890192559,13.42481982296,13.8026948831116,20.6505229984544,25844.3971026942,24405.8724483862,-34.5389547649461,0
1467,5916,5.32317533362863,2860.58608229748,26.3853792869845,17.0289915202356,17.6367963918816,26.2299781631157,31371.3926295879,30020.9718735117,-470.363856117659,0
1467,5917,9.61620437235804,4561.73672861499,24.8799612186035,12.2333337354083,12.5363531084429,18.8063440218045,35965.6745707656,26762.5912121276,-1102.89538167659,0
1467,5918,6.00056250016804,3941.93277126307,25.7345868280435,13.5720007866906,13.9561382371636,20.8775060497636,25844.2981418108,24405.5464704359,-34.3980522368346,0
1468,5919,5.72365476375114,4115.58530002055,25.9580243273785,13.2017673160005,13.5662650721643,20.3054591705399,25808.3395461108,24398.1334885677,66.4927288122078,0
1468,5920,5.37957791327765,2913.07404029748,26.3853792869845,16.8116172904876,17.4048088169033,25.8932656516129,31375.1004626782,30005.9131344572,-561.931878535767,0
1468,5921,9.69490227430732,5359.69465661499,24.8799612186035,11.0009669246354,11.2405908162069,16.9027478404472,35952.6039317836,26740.4749724474,-1111.31062564951,0
1468,5922,5.90681750951808,3988.51417338808,24.0871806205623,13.3094202712646,13.6653993793076,20.4678707720335,37035.9431627234,26672.0194185957,667.254438621501,0
1469,5923,5.82029746227065,3814.44582802055,25.9580243273785,13.9004983082881,14.3056988874865,21.3860687843408,25790.5332474372,24382.5034873418,5.14218086832972,0
1469,5924,5.42104823850223,3192.03333029748,26.3853792869845,15.7665511080432,16.2910285375284,24.2748843897397,31392.1905690149,30030.2718860308,-495.504617774874,0
1469,5925,10.0306572888007,4491.34163261499,24.8799612186035,12.3605423095918,12.6703863676585,19.0029157554515,35913.6871822619,26777.2603825914,-1109.5198241448,0
1469,5926,7.66495339630782,1418.50451238995,25.754412925797,28.4278081404969,29.9080726632847,43.9163532975834,30708.6484623926,19133.9212183679,1156.03809083031,0
1470,5927,5.75218155440005,4420.54495778023,25.8883055905927,12.5759937154418,12.9047693747048,19.3378797934161,25769.1260291795,24371.9755842469,33.987181353865,0
1470,5928,5.72605071353005,6340.34659456091,25.2059511808222,9.8858970427413,10.0743805564359,15.182044606207,34497.3960993184,26646.8216814609,367.324210920602,0
1470,5929,5.43964949190811,3460.13052065467,26.1627105415078,14.8837129913952,15.3502962377169,22.9077702528127,31393.2863850403,30026.2456134098,-489.751166130317,0
1470,5930,7.60673689469175,2340.30768806241,25.8913485712967,19.579369506077,20.3601608649462,30.1809426523885,30622.2498184773,18904.0625608002,774.579648431484,0
1470,5931,5.68331362882533,3962.45276076559,23.8843304775789,13.3487435033376,13.7052736548783,20.5282058815244,37057.5995881128,26765.317329496,762.8045408705,0
1471,5932,6.70575554967458,3350.33389988394,25.8859339087211,15.1882811749674,15.6713990683457,23.3784607551152,30634.3168017662,18851.1014126505,676.08599131353,0
1471,5933,5.85898822549261,5080.50344656091,25.2059511808222,11.4164705084455,11.6789864069437,17.5449828583515,34494.8168365601,26656.3052342681,361.926749931791,0
1471,5934,5.72115761400708,4545.58655978023,25.8883055905927,12.3435186346974,12.6595245121603,18.9785613045005,25812.5690748007,24403.0297809209,18.9185587970016,0
1471,5935,11.1377240410536,4993.44926859918,25.8078286648795,11.5907072222772,11.8660313189313,17.8151819920403,31932.4000127002,18373.718155791,1178.35507589862,0
1471,5936,5.36412539931736,3578.15780662683,26.1989135896181,14.5474739645711,14.993640408186,22.387538588377,31363.5889208314,30008.1964443869,-517.49348528963,0
1471,5937,5.41939709340059,2934.82491326376,25.6267158156763,16.6244598265235,17.1975013738129,25.601274454181,32963.7384302169,18575.0884673795,-356.606776525858,0
1472,5938,5.8967831706491,5607.29069402439,25.2120601519678,10.7034069997674,10.9304333367732,16.4438636463886,34503.2089424581,26662.8064874358,343.632248368184,0
1472,5939,5.05716594676418,3357.59949065467,26.1627105415078,15.1965971544287,15.6827317742671,23.3920191493212,31374.2371324333,30018.6999624808,-515.043734082498,0
1472,5940,5.56092107120231,3920.65071072969,25.8320967705659,13.6311813358743,14.0195355628458,20.9692426781384,25717.9595742084,23961.1156225714,-60.550584554292,0
1472,5941,5.20525845613202,2150.50138921815,25.6101222489762,20.769816689669,21.6343865284214,32.0259893552547,32955.6776130388,18556.0918361077,-390.094139678279,0
1473,5942,5.79319799082067,5443.53597856091,25.2059511808222,10.9117438619881,11.1489322261092,16.7655225980181,34491.2933820829,26628.4694666039,321.51754378515,0
1473,5943,5.28615671258496,3882.58920065467,26.1627105415078,13.7533763467491,14.1515118154298,21.1589549443633,31371.6285737803,30021.887773419,-545.77688021058,0
1473,5944,7.58926319447459,2947.80842262476,25.8200173267103,16.5982376321188,17.1715152147071,25.5612068622268,23470.8717887005,30358.408650982,1203.93369326151,0
1473,5945,5.59375386496022,4121.52783072969,25.8320967705659,13.1776565583304,13.5398268166017,20.2679166443948,25720.557141861,23955.1258721913,-44.4269152119688,0
1474,5946,5.19956796170115,3684.83977265467,26.1627105415078,14.2533552304425,14.6813356319672,21.9323855076156,31368.8744730211,30026.5248218533,-517.031393090576,0
1474,5947,5.46385753302298,4454.75918472969,25.8320967705659,12.5066241867544,12.8311764053401,19.2305468900014,25742.2589790976,23982.8024182587,-55.1772434105301,0
1474,5948,7.6038936147476,2984.76805062476,25.8200173267103,16.4536224311726,17.0173701533541,25.3372510463749,23484.3598642343,30352.5303483554,1248.08580214242,0
1474,5949,5.78820120161979,3240.91395256091,25.2059511808222,15.4621287985625,15.956134099522,23.8005784470639,34451.214426409,26592.0988429257,271.971590664874,0
1475,5950,5.56264258885879,4503.92121672969,25.8320967705659,12.4151563862186,12.734687807276,19.0891732467632,25713.4560920202,23957.5295149157,-15.7678775510522,0
1475,5951,5.21823595961974,2918.59928465467,26.1627105415078,16.7599744512919,17.3474617010082,25.8126560205715,31391.6463025108,30015.343258622,-510.082094689525,0
1476,5952,5.71603592413734,4705.67937672969,25.8320967705659,12.0576662028165,12.3578271042392,18.5367016249932,25724.15140962,23958.2127587834,-33.853225887822,0
1476,5953,5.17216244999426,3294.09853265467,26.1627105415078,15.3992140799816,15.8981442642148,23.7056451006619,31382.5769139912,29996.1497589,-521.605760327597,0
1477,5954,6.0151658986694,6409.45469853768,25.7760992578531,9.84862906073225,10.0383401147367,15.1253471805618,25597.7071567369,23901.367265489,-65.6982039889376,0
1477,5955,5.40056698340708,2989.10451065467,26.1627105415078,16.4807525078456,17.0497069309389,25.38020722999,31388.3216794202,30024.043179054,-492.583795540154,0
1477,5956,9.71450082809246,4036.58307333609,25.1342210602499,13.300307700861,13.6641071539191,20.4560802984616,30406.808708674,16250.7745413019,-1106.88124635088,0
1478,5957,6.19122626472154,7053.16454853768,25.7760992578531,9.26370429836281,9.42724302985392,14.222906428986,25618.1209445596,23918.260868063,-138.958812566928,0
1478,5958,9.00120915978769,5233.80469380698,25.0647356314843,11.1860387900586,11.4360092877302,17.1888511824021,30419.9792467827,16213.4006441804,-1076.95427266708,0
1479,5959,6.14722761333722,8366.52684070055,25.564671373856,8.30855634273881,8.43146612546776,12.7498503296792,24541.9520246107,23798.3282554658,230.036385174658,0
1479,5960,6.60535323289957,3648.44752481519,26.1683179489599,14.3512489298407,14.7852007351675,22.0838550024478,31373.2746579656,29174.6534916243,295.405416017778,0
1479,5961,5.36058733854575,7271.60011390499,25.9836388856846,9.09567351289861,9.25288216725791,13.9639915073006,26009.7019222687,24662.3890637361,-595.341196588946,0
1479,5962,6.44372144499235,6696.6894868662,25.691415094183,9.57111009454223,9.74782412560143,14.6970220479861,25206.4454499148,23423.3769767361,-1182.192478745,0
1480,5963,8.22528596743618,8782.32067856669,25.7733412005668,8.0689495540883,8.18332000760434,12.3807787152827,25073.1097647342,24270.0874256613,-1298.39143619443,0
1480,5964,6.55799652856507,3590.11074718694,26.0551231641131,14.49920773336,14.9412057602254,22.3125197226945,30749.317043471,18766.18823802,711.936421082418,0
1480,5965,5.32194694928766,2833.26549823672,26.3339018467697,17.1380855484827,17.7527322698515,26.3988291805401,31276.0700450141,28373.2288321166,-540.438537818892,0
1480,5966,4.20987232532592,6475.51294523017,25.9838675514307,9.79515093653193,9.98345907992327,15.0431133400626,25933.4834893223,24226.9610700515,716.267499821601,0
1480,5967,5.67128191451646,6335.46567441784,25.728988660802,9.91986513364536,10.1126113553842,15.2352101687013,25685.5589368554,23959.8780147644,-38.0590117061529,0
1481,5968,6.55793116874699,3544.60503118694,26.0551231641131,14.6269262686769,15.0767339389318,22.5101418939514,30760.6510220603,18781.0845715918,701.219522400153,0
1481,5969,5.99315885930424,7647.08988894629,25.4823838035743,8.78759799431277,8.92955858801602,13.4882756809114,24537.8614397396,23781.9047466235,238.805307850088,0
1481,5970,5.55751657852685,7925.18382980612,25.8424491125764,8.607730061239,8.74381692958783,13.2113703890128,25717.5380688681,23965.2981052007,-44.692887845934,0
1482,5971,6.49237593140197,3326.74586518694,26.0551231641131,15.2819784520873,15.7725180736257,23.5239070022304,30768.5805125828,18798.1671149165,657.729675505416,0
1482,5972,8.61754871580943,8256.86842256669,25.7733412005668,8.38604885186424,8.51287887078345,12.8695346780067,25090.6148549558,24257.2604276929,-1375.72197261779,0
1482,5973,6.23717286387888,6398.37734759588,26.0427283065911,9.87415305939859,10.0663908382215,15.1651092893992,26093.8432844326,24713.6501704127,-566.167271846754,0
1483,5974,6.55462139877814,3447.10745648194,26.0442960361351,14.9096290413441,15.3767826035944,22.9475913836986,30695.2439237226,18777.99093392,613.518455523188,0
1483,5975,6.12264437798986,7856.12021360559,25.561045413733,8.64302804352172,8.77937253716907,13.265463440363,24538.379412942,23794.2167774947,242.418367104084,0
1483,5976,2.62074048858783,3221.76220401106,25.9864170251594,15.6181227946611,16.1293517597034,24.0440684789928,31029.9264078816,18362.1878314165,-564.245675557054,0
1484,5977,6.35296475322357,3217.55248448194,26.0442960361351,15.6391568093716,16.1522700984222,24.0767796649756,30634.3812768289,18736.4307180852,485.596585916841,0
1484,5978,6.01187141099379,6958.40653160559,25.561045413733,9.33313663414699,9.49869549318483,14.3297283141088,24547.2764528663,23792.8055829521,241.82146646629,0
1485,5979,6.2906365455157,3109.80129248194,26.0442960361351,16.0151855275301,16.5525105178499,24.6589535527338,30644.2355669631,18731.0084921313,506.031378548083,0
1485,5980,6.15962313579724,6317.42790560559,25.561045413733,9.92874722894576,10.1210361367747,15.2486773430301,24542.1340243197,23800.3828238629,223.075569579751,0
1485,5981,5.52583831580814,2969.6810612295,25.5465870200683,16.4768287509749,17.0393434161379,25.3724282914944,34022.1462068979,21476.8048230001,-363.440354306484,0
1486,5982,6.3852733659677,6369.25282448194,26.0442960361351,9.90328953588927,10.0968818167407,15.2100759313311,30615.8173366068,18711.3620151127,498.653784158053,0
1486,5983,6.23223959312013,5738.54057360559,25.561045413733,10.5653753549572,10.7877099242859,16.2313153397112,24536.5300059206,23803.6140571986,269.040162110718,0
1486,5984,5.80245326118313,4199.28434351397,26.3130891958832,13.0545313726388,13.4132547287949,20.0785263881435,31648.8717418956,28618.224163212,22.0658843096769,0
1487,5985,5.95563372842097,5537.49437435014,25.9129608955567,10.8362586735941,11.0738676398805,16.6501116405674,30339.7330262212,18073.4958703627,307.858673790621,0
1487,5986,5.83306377131126,2894.64366380612,25.8424491125764,16.8151519045566,17.403045848661,25.89721613799,25691.8922192159,23965.4125447738,-16.9702949757893,0
1488,5987,6.06378706096124,4040.86950230199,25.879037050638,13.3591891293238,13.7321284077854,20.5487163350438,30307.1799557145,18024.4337889386,349.891240803793,0
1488,5988,5.86979184276833,2625.30973580612,25.8424491125764,18.0204051654945,18.6901740997432,27.7643873852354,25702.3428329264,23976.1671163253,-29.6316659895949,0
1488,5989,6.11894121995619,3001.03968495639,25.7954850168814,16.3878506764972,16.9470355875502,25.2353318094016,32415.1320559196,25979.3961127477,-376.494323571314,0
1488,5990,7.17694503482076,3650.90485251827,25.862818653933,14.3134105941573,14.7425165766002,22.0246091391182,32798.6755310406,26939.266962604,-199.659084317168,0
1489,5991,6.06099240324347,2347.20225830199,25.879037050638,19.5356594369403,20.3131370889579,30.1131320338113,30349.055352072,18057.2903597506,319.97253236551,0
1489,5992,5.51369564831735,2911.73045781363,25.8229816689466,16.7430248903499,17.3259228730955,25.7854509631954,26106.1147839295,23513.4935965195,-211.039063716422,0
1489,5993,6.17672655187123,3877.60840695638,25.7954850168814,13.7303258597361,14.1241916211639,21.1225000604752,32421.2474667602,25995.2110593515,-347.755766367718,0
1490,5994,5.96565592689538,3050.46309994499,25.9900968887419,16.2257874923998,16.7762926397345,24.9849063168536,30347.5861395691,18040.8254400176,321.726370646126,0
1490,5995,5.69632065754842,2926.11556708249,26.0449539198155,16.7142002628598,17.2974450010646,25.7414308966118,26103.6957866826,23512.0248953407,-181.97880432868,0
1490,5996,5.57245591587421,4531.92483195542,25.6262226139314,12.3472746149794,12.6616673123525,18.9838647476997,33797.0586648811,25938.8136343845,-317.046379109911,0
1490,5997,5.80906048156942,1255.0766298533,25.9632959931843,31.3394710308895,33.0753999680504,48.4433186221514,32219.9909968232,20226.939403069,-384.277435719653,0
1491,5998,6.02901181886292,3447.90024394499,25.9900968887419,14.9013570019843,15.3675205203057,22.934658464704,30361.2979383853,18059.7121778437,294.205022713756,0
1491,5999,5.43139371676053,3565.21015987341,26.0654525383988,14.5698131798558,15.0162112893828,22.4217921455054,26110.6015910434,23505.1241371771,-215.357475120634,0
1491,6000,5.93546068327486,2107.69386950107,26.3484986252508,21.2181394199251,22.1261250792474,32.7241102432982,29041.3769665384,26570.5020557143,363.781132441742,0
1491,6001,5.52418052693083,2169.34663292558,25.9776300789867,20.7057908602279,21.5704326315143,31.9280199015443,32222.6590608108,20227.0674290198,-353.304973111348,0
1492,6002,5.91237374438242,4312.96402335457,26.073548224517,12.801305835556,13.1439561751731,19.6865398886996,28879.6993876072,23699.0025681495,10.5589666178171,0
1492,6003,6.20974152318783,2934.43013194499,25.9900968887419,16.6736695047736,17.2536654327433,25.6785044569148,30335.6503883269,18040.5782675225,308.854685316786,0
1492,6004,5.87122299848609,3455.13441950107,26.3484986252508,14.9186957427326,15.3890762232295,22.9623566753395,29042.95334903,26522.4545574437,422.138065056584,0
1492,6005,5.60899100962676,3753.73069387341,26.0654525383988,14.064174639005,14.4799885324059,21.6394963698548,26127.6787408221,23507.336212038,-189.186010101095,0
1492,6006,5.36538262165291,1815.4621218533,25.9632959931843,23.617483870635,24.7058345543944,36.4460075623449,32243.0464738931,20224.2637658471,-428.643151370321,0
1493,6007,7.23614565531086,5182.90193656648,24.3826964932612,11.2099487025727,11.4568275041085,17.2245904565427,36829.2464299566,19997.3935974786,1034.2593827835,0
1493,6008,5.63186263472166,3389.25966135457,26.073548224517,15.0882623683071,15.5668044713781,23.2241234077656,28882.4583971492,23709.7923237004,32.8855909233004,0
1493,6009,6.1298137243185,2803.82559950107,26.3484986252508,17.2673848240025,17.8909538148641,26.5991770497376,29025.483850881,26530.6088272528,387.956554652269,0
1493,6010,5.95996624610814,1914.75848794499,25.9900968887419,22.70392842598,23.7209840426567,35.0281593474842,30347.657926577,18023.1773429009,342.693528778063,0
1493,6011,5.18796971049287,1845.32214692558,25.9776300789867,23.3344757377763,24.4007011722254,36.0067644202277,32254.497136943,20211.2529964179,-380.188820470066,0
1494,6012,7.15228717354605,6147.92707456648,24.3826964932612,10.0360046168182,10.2269419615807,15.4124560647067,36845.4936938695,19989.9077995415,1013.88762541908,0
1494,6013,5.88997017360638,3446.87867548973,26.0519559639482,14.9111466889079,15.378461807888,22.9499586172378,31834.2728950444,20195.3347932752,98.6163283093144,0
1494,6014,6.26748601590627,3666.49886339785,26.0242925873379,14.2881273454837,14.7170582499594,21.9858654013536,30380.502339433,18128.631421616,356.122305302873,0
1494,6015,5.5074298955517,2493.04374735457,26.073548224517,18.7357435549194,19.4582690187619,28.873734147762,28894.7368580864,23715.0984185529,24.8653785799891,0
1494,6016,6.1931080487282,2088.35504150107,26.3484986252508,21.3625028766781,22.2814271853416,32.9480718028807,29031.7672431904,26559.267389655,355.912320646111,0
1495,6017,7.23747369989766,6070.85810056648,24.3826964932612,10.1176722753798,10.312340904341,15.5384766987976,36837.4428974416,19992.2131700682,1012.44292151349,0
1495,6018,5.9588489613576,4859.49310139785,26.0242925873379,11.8171936243448,12.1058046540292,18.1654789914814,30370.1731923141,18166.8420992798,395.298532182725,0
1495,6019,5.68038908682415,3520.97264522545,26.0294677653403,14.6917009773482,15.145264684433,22.6103130435301,31830.8409180967,20178.967612059,111.430698725409,0
1495,6020,5.63132618784817,2548.88946213046,26.0457080558413,18.4359832940146,19.1370344767465,28.4090401605419,28933.1104130707,23164.2749154373,-96.068630881843,0
1495,6021,5.42977586539574,2797.45207149474,26.4502070366345,17.3092304166941,17.9367093392168,26.6642980040073,28072.4403859646,27077.1813194528,59.4005305804127,0
1496,6022,7.10333930049399,6468.36132256648,24.3826964932612,9.71474558063382,9.89124679823852,14.9167904159603,36841.8714580958,19997.523464374,1029.18583102779,0
1496,6023,6.09528332256725,5248.73657339785,26.0242925873379,11.2309100246981,11.4890292573248,17.2597752146167,30357.1609571575,18162.6994748588,361.629986270523,0
1496,6024,5.65831351785249,1892.41534496418,26.0384679620869,22.9133644385797,23.9474503283282,35.3533952998433,28898.1803107745,23139.6949624916,-78.085040490333,0
1496,6025,5.61944407986592,3643.711882184,26.0655539954029,14.3535361170511,14.7867678134328,22.0871571067471,31807.6984247132,20012.4929288339,-198.016491904116,0
1497,6026,7.14760734549701,6169.90902256648,24.3826964932612,10.0130378612996,10.2029303397499,15.3770174905836,36855.1604732734,19990.2830130043,1016.5573053146,0
1497,6027,6.12987951542706,5004.79862339785,26.0242925873379,11.588888757862,11.8654897344358,17.8127513327959,30378.597524735,18169.4883370314,385.24604809221,0
1497,6028,6.529789927517,4702.58669459652,23.4995881142798,11.8798393175947,12.1545897097156,18.2575302917302,36913.7424111456,19991.3885139214,968.091210359759,0
1497,6029,5.86622041253944,3152.79337258444,26.4358139067287,15.9093882886595,16.4435782251354,24.4961692603537,27390.0524472713,26759.0282106184,309.647452309095,0
1497,6030,5.35577166569054,2992.865608184,26.0655539954029,16.4537932507278,17.0200035884354,25.338190759118,31823.1371541682,19967.9307117436,-229.572228033107,0
1497,6031,5.40456054038187,1616.22051813046,26.0457080558413,25.8016195668917,27.0674379433055,39.83777563713,28893.4324410104,23158.3992071465,-109.180337976779,0
1497,6032,6.09621696521593,1385.54727861125,25.5928796270903,28.8992064575314,30.4166468300057,44.6480933370847,27973.1742442044,18884.340421286,285.140127433913,0
1498,6033,7.03476620484682,7208.61113056648,24.3826964932612,9.06866701768324,9.2173361897681,13.9202950682492,36835.0773513817,20001.9788021614,1033.36411454741,0
1498,6034,5.57751259338718,1931.13705296418,26.0384679620869,22.5709376626703,23.5783528437601,34.8219606396901,28906.9763507601,23133.974414066,-93.0294280740517,0
1498,6035,6.45735245997917,1405.39270461125,25.5928796270903,28.5833696936803,30.0739063432028,44.1572735160542,27959.1729688632,18878.9050842232,231.019922226148,0
1498,6036,5.57571117788165,1955.82675588496,26.0543540819479,22.3625226012271,23.3540181015687,34.4985944879688,31844.6849242045,19962.5362353337,-198.047414404363,0
1498,6037,6.94529936990758,2595.51829726965,24.804984037212,18.0103997381214,18.6676658741337,27.7456297762504,34889.8261420835,31298.5497100949,885.017848941439,0
1499,6038,7.05538695043982,5110.81083856648,24.3826964932612,11.3131601649611,11.5651872967428,17.3839736899762,36848.3010336707,19991.8708988661,1034.26294075764,0
1499,6039,6.82152417788905,4928.35435831846,24.9697059013202,11.629954827969,11.9018980196395,17.8743158332236,34873.989635601,31277.4933482968,879.62721415694,0
1499,6040,5.38773830535705,3318.87602951251,26.4421510003914,15.3509738806475,15.8493765357616,23.6316690353324,30043.3738399154,31217.0850049752,-248.258717463132,0
1499,6041,5.59092873472262,3127.91597292154,25.5042443948442,15.8844166721044,16.4080909774686,24.4550543627981,31784.0216878947,16435.5569557602,61.5240365942103,0
1499,6042,6.30555091618642,2575.62029819406,24.8575238717196,18.1172942463128,18.7825011615755,27.9114173005923,36034.2557316642,22587.2885854194,424.034085877554,0
1499,6043,5.59580645323271,1822.40232823431,26.077168723312,23.5757502583443,24.6625046821937,36.3816955041304,31811.3996007094,19962.06286073,-241.997183247066,0
1499,6044,5.81827208986553,843.267158611248,25.5928796270903,42.9612292375529,45.7567578151918,66.5240147672846,27997.5991327806,18932.0618222346,326.850154128936,0
1500,6045,7.08532353860705,6173.74792924323,24.3315541290329,10.0060645613326,10.1953620708941,15.3661806026095,36832.0392774841,19981.3924571849,1035.85791111415,0
1500,6046,5.68690289111014,3283.98305758989,25.4438148492151,15.3491395504516,15.8382844812545,23.6263116932088,31832.1387658877,16447.9472649895,102.109665173629,0
1500,6047,5.34595623217137,3745.69865085213,26.3791488617531,14.1158256927589,14.5372886485231,21.7201036967696,30045.9628423953,31220.0908715886,-270.440749939937,0
1500,6048,6.74142917782078,3658.53337310422,24.8888481207006,14.1927548780283,14.6063792543101,21.8356823989531,34896.7119983409,31289.2217196444,894.766863135064,0
1500,6049,9.22115929139254,3927.70971843528,25.9630893619079,13.6268879634703,14.0160223274613,20.9628867690487,31767.3706145773,21072.3343460774,208.542762001478,0
1500,6050,6.34663608487538,2568.67798776134,24.8419177666775,18.1497074087427,18.8169599970523,27.9615885689523,36037.7142031863,22539.7107667778,430.042004980562,0
1500,6051,5.4241021660938,2348.67916919991,25.6558937044093,19.4891009851633,20.2604728363822,30.0401923365122,31899.583851122,22030.3036993059,-683.232389219854,0
1500,6052,5.88408084898802,1097.29378670132,25.6252717970523,34.7204808496656,36.750920390187,53.699432973773,27970.1352415712,18913.459372231,267.994933900973,0
1501,6053,7.27416136512663,6027.93580924323,24.3315541290329,10.1608884840655,10.3572573970968,15.6050873858684,36847.261352011,20004.9371437264,1036.10094583068,0
1501,6054,5.73751325024359,3832.82262301554,25.4633822434378,13.8069799174398,14.2026674548901,21.2403194356701,31799.1438050178,16460.7761653865,75.26561111924,0
1501,6055,5.48774784343477,4352.38279485213,26.3791488617531,12.7488216655795,13.0907102631814,19.6060042112581,30028.106183002,31204.1698957724,-268.29223537811,0
1501,6056,6.13544226304934,3056.26754976134,24.8419177666775,16.0596128258062,16.58796898721,24.7244785032061,36040.5381872926,22559.1181353963,403.51290247342,0
1501,6057,8.93404365416987,4571.75958420843,25.984551749549,12.3039425893661,12.6184521526434,18.9175785850285,31771.2820331688,21030.1390048835,215.79207348006,0
1501,6058,5.98174649883792,1171.63153670132,25.6252717970523,32.960108022231,34.8325936038651,50.9614642951183,27960.4002995753,18883.3483904944,264.676272596244,0
1501,6059,5.56198935806257,1703.14674453549,25.9481460738918,24.7744586431342,25.955067391195,38.242197432832,29854.2882813463,24360.1454905003,-143.368322407978,0
1502,6060,7.10955179877712,6246.80817124323,24.3315541290329,9.93086668234476,10.1167617213334,15.2501525360398,36849.3593312731,20000.6516048424,1027.85238848947,0
1502,6061,5.5742004428729,3672.51739501554,25.4633822434378,14.2149299950316,14.6347617355281,21.8713313473563,31802.5869851009,16442.0175176379,73.113138671326,0
1502,6062,5.453212174671,4004.72123758077,25.855649740689,13.4385832371397,13.8159270621122,20.6714411625545,31759.0156417577,21982.085172926,-531.596789591143,0
1502,6063,6.09120476716649,3679.66942776134,24.8419177666775,14.1323115426388,14.5419592264686,21.742079366495,36042.8368031911,22585.6707576514,424.869253962236,0
1502,6064,7.0742093316668,3036.67012337978,26.2384480695244,16.3085766142388,16.8669356309293,25.1137767794253,30107.4137291907,32299.3393878488,179.187530121482,0
1502,6065,5.86235220722918,908.729200701315,25.6252717970523,40.4237171844529,42.9801866698936,62.5740180680401,27962.0890689914,18886.5889564501,280.434244905757,0
1502,6066,5.54216080021225,3259.13969705706,26.0622694373559,15.502169722608,16.0067157598112,23.8647636719796,31814.8346080959,19995.1401529655,-227.320120721003,0
1502,6067,5.87174377169978,1778.40958653549,25.9481460738918,23.9816330027506,25.0986641390607,37.0112450428664,29847.6967683016,24330.6780478047,-153.521085227922,0
1503,6068,7.15777221948773,6441.34180324323,24.3315541290329,9.7379173923772,9.91517917092301,14.9524642130344,36844.8826721096,19994.5796102124,1006.57135496217,0
1503,6069,6.01362912366976,4922.07369737978,26.2384480695244,11.7330248106387,12.0185586642995,18.0358121636972,30160.8632024898,32313.7058530292,248.985761118864,0
1503,6070,5.7262177425087,3566.15384101554,25.4633822434378,14.5037737055113,14.9409782556437,22.3181872700094,31798.6550237427,16458.2008007147,44.0267765225182,0
1503,6071,7.87049824778914,4867.21293750233,24.9372241430693,11.723672960323,12.0002478757528,18.0190268049294,36343.816824042,20794.8546896613,-67.0308052604954,0
1503,6072,6.34542741699329,3560.83915776134,24.8419177666775,14.4524808090875,14.8811720117078,22.2373389816898,36016.8811136954,22574.46899962,406.641527819278,0
1503,6073,5.83779165203245,1204.47851072719,25.5887301601027,32.2355738144764,34.0430099028623,49.8345674275961,27949.4189957275,18857.3362654287,289.121313204694,0
1503,6074,5.47259107651756,2092.2059237624,26.0612430066715,21.2785869021825,22.1873163853824,32.816827987443,31702.4348102927,20349.306615182,-366.142774258912,0
1503,6075,5.54665156540023,2183.15936253549,25.9481460738918,20.6045735918004,21.4612993766188,31.7709266230256,29867.6849937373,24354.3827266547,-114.581293962763,0
1504,6076,5.58191881362731,7228.18936867646,26.3864392998418,9.14947350712178,9.31082796647947,14.0474772792181,29223.467084549,31032.8728320233,-127.018811902858,0
1504,6077,5.63568356407766,3422.28000901554,25.4633822434378,14.9201708770414,15.382815087734,22.9624833031078,31819.3743514758,16463.8406616036,76.3861480662641,0
1504,6078,8.37968133232849,5178.60987068091,25.5485559380418,11.2978035354853,11.5564197494448,17.3622905550822,32594.7454634013,32912.9599082962,-1334.25518287743,0
1504,6079,5.80282041668572,3004.67003401304,24.4397433822185,16.1991603257338,16.7323551739548,24.9393862025195,34303.7165538492,15376.508411546,253.002285225297,0
1504,6080,5.21757268468449,2456.5159637624,26.0612430066715,18.9337513522065,19.6702065827177,29.1806194232058,31721.3954299833,20320.9816373891,-339.031494747207,0
1504,6081,6.36463503114493,9522.46810937978,26.2384480695244,7.69012961731069,7.7918439713539,11.7975075120081,30199.2578363804,32344.1523140511,180.549676207197,0
1504,6082,6.01476559213897,2688.93994776134,24.8419177666775,17.5699369551429,18.1976823139438,27.0633778132698,36060.769826808,22611.7435150039,437.94022511232,0
1504,6083,5.56868381329128,1701.45074253549,25.9481460738918,24.7930846379478,25.9751972755495,38.2711193103463,29871.1864252914,24345.5504650454,-186.769606589865,0
1504,6084,5.83471299190484,1803.84381470132,25.6252717970523,23.6542098853073,24.7403451541043,36.5016020951461,27968.6599968783,18919.3604857857,289.89624584344,0
1504,6085,3.95202065541349,6868.88257027154,25.9534931042381,9.43033986416292,9.60204493111198,14.4801940048763,30136.9031601221,32990.1825048187,-259.608316732207,0
1504,6086,5.80269853192327,2091.84626708307,25.339623963676,21.1421775976181,22.0308780127475,32.6025317850733,26251.9610090196,20229.8217232033,94.6605329854791,0
1505,6087,5.95095130200427,5954.72234401304,24.4397433822185,10.2476736787957,10.448652791373,15.7391831449641,34295.2915063157,15374.2382291239,296.848573445955,0
1505,6088,5.45531104787731,6355.54127467646,26.3864392998418,9.9357903695728,10.1326256725807,15.2607137631912,29199.1076038538,31009.2342109189,-118.32356727587,0
1505,6089,6.45345933284711,8334.15701316886,26.0587652905277,8.34886798881666,8.47535636760949,12.8125367230111,30598.6986787517,32941.4081753293,733.618431463728,0
1505,6090,8.90264175119036,5566.77406868091,25.5485559380418,10.7756842474072,11.0081944026225,16.5559962658863,32584.026666936,32917.1748918594,-1315.54574745821,0
1505,6091,5.62757093670431,3339.08780701554,25.4633822434378,15.1757058381673,15.6541877547583,23.3579374559293,31802.2165048073,16448.2422961713,58.7201601996554,0
1505,6092,5.21869481996803,2280.9467177624,26.0612430066715,19.9770197349258,20.7888791679045,30.7981011497937,31723.3431379671,20328.8472450993,-359.490033678215,0
1505,6093,5.76635669587239,2074.94317176134,24.8419177666775,21.1705436573735,22.0544857828151,32.6446322456997,36018.2409161706,22574.239385917,373.897784764778,0
1505,6094,5.77166443042559,1575.69172238743,25.285910454617,26.1027962975963,27.3806312760784,40.3020292625296,26253.7859243282,20220.9848100032,122.177733138294,0
1505,6095,5.687549061847,1575.91876670132,25.6252717970523,26.190581190337,27.4813901557233,40.4399700158264,27966.5713724685,18909.856674831,205.052860358698,0
1506,6096,6.01377352866188,5957.29938601305,24.4397433822185,10.2448171753752,10.4456638740797,15.7347747780863,34307.5491329465,15379.7307019782,246.854936770117,0
1506,6097,6.35315808194806,7876.12634316886,26.0587652905277,8.65081521781014,8.78958092871526,13.2780519481643,30586.0421000024,32943.8868289067,719.75945747357,0
1506,6098,8.75240164638417,5980.70868668091,25.5485559380418,10.2851776155959,10.4940372187228,15.7987600880308,32578.5302461396,32895.2446754226,-1331.98896872826,0
1506,6099,5.46717672794251,5938.28712692521,26.3773959100872,10.3818381863242,10.5997987826003,15.9492104926491,28648.3522600823,30476.0075215613,44.0011285757685,0
1506,6100,5.65610083325803,3400.12615558989,25.4438148492151,14.9849295486946,15.4513946722992,23.0626477638001,31826.6481470954,16458.6569788062,52.224322539104,0
1506,6101,5.56898324600655,1925.27895453549,25.9481460738918,22.6028574954968,23.6114556020481,34.8711390926896,29849.6441398699,24360.7054022083,-157.952044903971,0
1506,6102,5.62374709749606,1482.55055270132,25.6252717970523,27.4411735920766,28.8358748499946,42.3826780238692,27956.4567221187,18912.7574788227,310.683516001153,0
1506,6103,5.83668118666318,2158.27942238743,25.285910454617,20.6545899048378,21.5062989913036,31.8460910968966,26222.8490985151,20225.8305897556,101.475651116152,0
1507,6104,6.1169048447699,5483.98267201304,24.4397433822185,10.8086419501551,11.0361944556551,16.6050668515489,34304.1616358807,15373.5869987596,251.703316419688,0
1507,6105,5.79456987839223,6360.15110492521,26.3773959100872,9.93065035178441,10.127200333118,15.2527683010292,28622.3775871034,30467.4556045505,43.7313060748078,0
1507,6106,6.75701221062898,6875.40759929262,26.0823479987692,9.43110805559194,9.60345890657664,14.4815483737048,30567.0776998077,32940.5815074006,706.073167987374,0
1507,6107,5.95032998439806,7076.01143293075,25.9898540144444,9.25509609551447,9.41925173861501,14.209902740023,31446.9221386075,32722.4337107068,-1078.24372878795,0
1507,6108,5.57405011148848,2804.25677758989,25.4438148492151,17.1408082063427,17.7462797339384,26.4004688171588,31825.1689487454,16438.4943113096,91.1843426090139,0
1507,6109,5.90423506576736,1528.03424270132,25.6252717970523,26.8138775462092,28.1562374488632,41.4081523686321,27975.7622139227,18920.1432447612,277.48316427487,0
1507,6110,5.82684243902656,1964.93519438743,25.285910454617,22.1265316164548,23.0889180212676,34.1293830659073,26258.1135021542,20234.1815712563,68.7798755939482,0
1508,6111,5.79125199888296,5872.78645231823,26.3740201240473,10.456773390455,10.6783441747475,16.0648933980075,28623.3120258307,30478.3421459312,10.3986567195781,0
1508,6112,6.50600837480482,6959.88879516886,26.0587652905277,9.35666287351727,9.52560277656924,14.3666697605405,30597.5566115639,32936.5123003343,725.426645005284,0
1508,6113,5.9169968146398,3371.66724601304,24.4397433822185,14.9580899154082,15.4136919206949,23.018577682331,34304.5623084135,15374.6188742589,252.773315248872,0
1508,6114,8.57899159619284,5746.04368268091,25.5485559380418,10.5556337814774,10.7774270610704,16.2162566772175,32587.8588351671,32892.755929138,-1365.88971933064,0
1508,6115,5.55397630606346,2435.95572901554,25.4633822434378,18.9518811776846,19.6825152404205,29.2067623261499,31816.715252776,16430.1298517647,71.196927520011,0
1508,6116,5.90182406043837,1228.89913670132,25.6252717970523,31.7436097242797,33.508375357598,49.0698157476109,27949.2517941625,18883.0500277308,278.65707963641,0
1509,6117,6.30215144383197,6051.05198316886,26.0587652905277,10.2374020206716,10.446740032562,15.7257738247285,30587.6133420869,32955.0455326902,740.035479384621,0
1509,6118,5.60742296331684,2243.14012501554,25.4633822434378,20.1150648611357,20.9294397702722,31.0100687042305,31821.7725846905,16449.6238281725,73.7951499504889,0
1509,6119,8.80765145896121,5293.07899268091,25.5485559380418,11.1368163297305,11.3872829221389,17.1136550522568,32576.3062249753,32881.7755886034,-1311.30125052707,0
1509,6120,5.95487021687514,2492.57477248212,26.0047267383703,18.7274581555799,19.448596718171,28.8606713191424,32029.2585657821,20391.479739882,58.2505068458844,0
1509,6121,5.38878378266601,1442.07256653549,25.9481460738918,28.12592871703,29.5840648934741,43.4482197592342,29882.7192762016,24374.2901916093,-109.373383094681,0
1509,6122,5.90213095167115,913.090348701315,25.6252717970523,40.2661330733797,42.8078125391127,62.3287330985357,27980.463138939,18889.2592094076,294.066468329804,0
1510,6123,6.46845397808894,6350.27713815163,25.9885143336293,9.91927500882462,10.1133231456344,15.2346670411983,30574.4882187403,32943.3306145356,733.068654098951,0
1510,6124,5.73455861305395,3268.23450894416,26.1339414029033,15.4804630102719,15.9842890618684,23.831343627036,32027.6247157284,20387.2771580729,37.9113610128653,0
1510,6125,8.78545219613241,6003.66942813008,25.4492749674385,10.2538555580519,10.4606958890653,15.7502648075708,32577.9810322448,32919.5343775649,-1385.6890057699,0
1510,6126,5.88135758847369,1967.2737434694,25.5300256414456,22.1577903324435,23.1260707608683,34.1788504607588,31804.9557938159,16430.8303586053,85.1530639061365,0
1510,6127,5.7375312108015,1258.39255187156,26.0057815836535,31.2892105768886,33.0215552551474,48.3654052795619,29848.6965744913,24350.8108795435,-125.907799470604,0
1510,6128,6.29527358239278,3470.95872074529,26.2728446197227,14.8635244257211,15.3298142206796,22.8767911945746,28903.9402659476,30350.3643632768,773.58364971049,0
1511,6129,6.30586400321963,4434.70997221084,25.9641811335485,12.5553111685499,12.8834792761895,19.3060581776904,30578.926475261,32934.4660881318,736.005520402938,0
1511,6130,5.77123703892062,3340.98638694416,26.1339414029033,15.2456887126156,15.7346545351487,23.4679327224975,32005.5020340972,20392.8444845325,19.0125844220344,0
1511,6131,5.83891891784911,2806.2000314694,25.5300256414456,17.1443714075472,17.751001226419,26.4062412795035,31802.7979787542,16480.4541674345,60.2659714933744,0
1511,6132,5.65466324735649,1748.25079187156,26.0057815836535,24.3051903107674,25.4489555296961,37.5138220308084,29855.3863810691,24337.3425504439,-126.177257325843,0
1511,6133,6.21524811379194,1972.14451009144,25.5448083317881,22.120410354948,23.0860382609015,34.1209097061706,27346.9987413771,19181.5297485847,317.385955534765,0
1511,6134,8.43772389924532,3913.63636706309,26.3411990009958,13.6958258185614,14.0919687787697,21.0703260489905,30406.3335381052,19222.4081802319,-1363.56087180995,0
1512,6135,5.82675416992398,4075.68564294416,26.1339414029033,13.3048853620595,13.6766360238068,20.4652780861073,32030.1828851967,20399.3840456535,38.858726269571,0
1512,6136,5.83966771565323,2262.7305074694,25.5300256414456,20.0003075812323,20.8071588337198,30.8323614914961,31796.6567907643,16438.4171305224,83.1383827059993,0
1512,6137,6.61318911166022,4315.48341662825,25.6598950514307,12.7611790363816,13.0985916039991,19.6236826326939,23403.0035845225,27381.6380973961,935.06110931271,0
1512,6138,6.13116331658812,2022.67215409144,25.5448083317881,21.7116107098953,22.646067110308,33.4866541255921,27342.2001874053,19157.8452625914,365.734597407873,0
1512,6139,5.48966207079085,1257.42727537186,26.0980510221114,31.3396747447942,33.0782554747721,48.4443683958712,29204.4456490414,23447.4554301603,34.9843824037292,0
1512,6140,8.84613869007138,4294.72805159081,26.3323666278822,12.859813316026,13.2076209865237,19.7775060151789,30408.6516085255,19207.4643098158,-1470.02956267907,0
1513,6141,6.80385659958894,4629.68977266926,25.6112446354218,12.1716949224882,12.4764857399799,18.7124964545724,23383.1461835477,27364.7644774026,935.936065402043,0
1513,6142,5.58129092923756,2474.3122634694,25.5300256414456,18.7511638330464,19.4684041608594,28.8958780148637,31806.2142459035,16440.1938553441,73.9302640137033,0
1513,6143,6.03022286829502,2199.12244009144,25.5448083317881,20.4218720457995,21.2598214563691,31.4861288792172,27334.4907533078,19177.4470662139,410.505701914754,0
1513,6144,8.23889866965935,3081.74255133234,26.3265135818962,16.1518449038405,16.7007860032097,24.8713077039629,30343.4284217206,19187.0865893543,-1470.60617315748,0
1513,6145,5.86352049861936,3345.43563894416,26.1339414029033,15.231631639843,15.7197121634898,23.4461747789399,32019.7878265723,20406.1258931869,88.7181888854487,0
1513,6146,5.58555802089982,3223.83568359108,26.1630878923175,15.6318808091057,16.1456359280209,24.0658206532446,30696.9548608757,21541.8961204614,-295.411226357518,0
1514,6147,6.75108055979122,4520.30319062825,25.6598950514307,12.371173908326,12.6871022266448,19.0208655030703,23385.3892959189,27365.284884478,926.391062344056,0
1514,6148,5.73606639746078,2915.1186014694,25.5300256414456,16.6905582871872,17.266971468008,25.7033656290804,31787.9265093826,16451.5110245918,60.0126312953814,0
1514,6149,6.11550857950601,2265.94932409144,25.5448083317881,19.9822991478288,20.7880258625194,30.8044900372754,27348.5298753325,19173.6643345781,373.711849224008,0
1514,6150,5.21554185134541,1608.19383899462,26.1403697063443,25.9239275165494,27.201352322047,40.028172251622,30684.5246217046,21595.8638587659,-314.65693052648,0
1514,6151,8.39707555638158,2207.09009133234,26.3265135818962,20.5094630622833,21.3639877636164,31.6247560483219,30329.9097290143,19186.1202139892,-1477.78010127456,0
1515,6152,6.70819340413856,4549.40500266926,25.6112446354218,12.3144002810107,12.6269029519924,18.9330301877041,23381.7829964154,27373.2444675635,954.805831280401,0
1515,6153,5.75713237575783,2706.2240174694,25.5300256414456,17.5902566023563,18.2270259774837,27.0969624484788,31803.7232717948,16453.4318586659,33.2257829953717,0
1515,6154,6.07842428502663,2014.63266409144,25.5448083317881,21.7753746456614,22.7146752376164,33.5855793213947,27339.6066711633,19147.8589460991,363.215245644152,0
1515,6155,5.28559750335549,1542.46825499462,26.1403697063443,26.7622868784356,28.1091531609518,41.3304468607873,30736.044199976,21562.0988099843,-252.316857440407,0
1516,6156,6.65099610299795,5030.23258266926,25.6112446354218,11.5205845696854,11.7910215574906,17.7065126359417,23373.3254666457,27375.7075644191,938.548154444836,0
1516,6157,5.66035401104872,3193.0426694694,25.5300256414456,15.6613566461767,16.1710348966813,24.1098100082013,31824.2998206446,16455.6046174357,83.9601758670107,0
1516,6158,5.99476413040714,2054.8639027722,25.5865028096365,21.469168690362,22.3858429131781,33.1106984751284,27332.4390060533,19149.1098625046,378.415725807402,0
1516,6159,7.83565851495694,1807.40629533234,26.3265135818962,23.7783946260769,24.8849585923172,36.6973072463599,30342.027355841,19187.4616483495,-1376.89762296594,0
1517,6160,6.71701331210312,4428.90075666926,25.6112446354218,12.5372180869888,12.8618899156918,19.2774029794469,23375.4636675965,27374.6200151621,926.509452374082,0
1517,6161,5.46334163490387,2501.3381654694,25.5300256414456,18.6056996862591,19.3127037293984,28.6704276582082,31812.9621960124,16439.4012945902,76.1445307759255,0
1517,6162,8.07209917683334,1129.12365844627,26.3362658376406,34.2151276118809,36.2149466572209,52.9175450008867,30365.8743418,19176.5903752003,-1487.97399208268,0
1517,6163,6.53075814513155,908.476680772204,25.5865028096365,40.4135451841314,42.9681215519224,62.5579219592233,27333.4457509333,19114.4015015847,321.723124067664,0
1518,6164,6.01137806785852,3859.31496871099,25.7577154494354,13.7709194385714,14.166865735296,21.1852009849628,31277.8701878968,33204.0543574291,821.289738156793,0
1518,6165,6.73344312231734,4506.96090066926,25.6112446354218,12.3916702196423,12.7083753939138,19.0524487949033,23386.019587289,27360.7562769331,946.686533453621,0
1518,6166,5.79110355424129,2308.3023014694,25.5300256414456,19.7133887626586,20.4993930201874,30.3874925801421,31820.957433276,16451.6970461649,61.8627370358776,0
1518,6167,8.88892458103457,1193.59376044627,26.3362658376406,32.739133674264,34.6064034167175,50.6218483246745,30333.7305042576,19213.761941716,-1460.64802311899,0
1519,6168,6.27227054399032,3446.01910471099,25.7577154494354,14.8815825088505,15.3444700677918,22.9034915683453,31237.6558004944,33197.1536947436,785.476743102025,0
1519,6169,6.7564148455416,5244.76582266926,25.6112446354218,11.2083012138152,11.4627592548357,17.2241622954176,23385.0961908438,27376.3856961198,948.556712395497,0
1519,6170,5.41725286354134,2701.2681674694,25.5300256414456,17.6131452983403,18.2514736354307,27.1324226102207,31800.367275341,16451.7758128841,80.3664738684557,0
1520,6171,6.22962213878627,3351.82438644341,25.759111291151,15.1693005375785,15.6500808966374,23.3487673685693,31258.1859319132,33199.512550554,800.828195079601,0
1520,6172,5.66099886508951,2960.98057194592,25.5242308352518,16.5078606572101,17.0721841632413,25.4204202821877,31813.1987516612,16447.0025911812,114.034157385172,0
1520,6173,5.87143684841832,1525.8920356924,26.2861961650398,27.0244965668772,28.395731391114,41.7384889494028,26005.6079111444,26540.3705011329,65.4369125466006,0
1520,6174,6.82239122107835,1093.97915231,25.8150877333944,34.8808902735142,36.9299383203228,53.9501009479653,28442.1065158881,18582.6033169963,306.717917258079,0
1521,6175,5.62475800329225,3267.09791994591,25.5242308352518,15.4134225182346,15.9073574378191,23.7260149788175,31792.4810716711,16454.3276564978,45.7676757215392,0
1521,6176,5.94792642911597,2575.45933754582,25.8641978790676,18.2720694254934,18.9595774150724,28.1544417784189,28484.7760852887,18585.2798306864,312.550660052413,0
1521,6177,6.47937707645069,3000.66528577068,25.1817535802004,16.3104665009338,16.8584286019371,25.1138056346313,26922.9133835695,18404.8860981362,687.516860290526,0
1521,6178,5.59579970937711,785.889375996485,26.247576412789,45.9218478243398,49.0178972985743,71.1387604407531,31124.6116701963,19222.1669679561,300.5905549017,0
1522,6179,5.63322882261171,3301.39240194592,25.5242308352518,15.3023408508583,15.7892973712028,23.55408434719,31786.4504462517,16433.9950493781,74.1540422064759,0
1522,6180,6.03705024421923,1447.85431177068,25.1817535802004,27.8142083070515,29.2322454789614,42.9600408836302,26948.1042557241,18364.7437260499,652.929111707487,0
1522,6181,6.58850149394311,1775.36618267836,24.7434747342421,23.731138677971,24.8096240402085,36.6172228025626,36388.4868261574,24872.4524521333,765.376241421448,0
1523,6182,6.4672778760657,6168.58403867836,24.7434747342421,10.0353708634348,10.2282361553988,15.4120193815658,36403.9595995057,24873.5152004403,746.933567556296,0
1523,6183,5.72152555659106,3930.92144464539,25.5069958075223,13.576264642621,13.9588515218947,20.883604426843,31811.5327992819,16450.0076557295,42.7008762119371,0
1523,6184,8.99126187298918,4373.13081771104,23.1894913264345,12.4369825191706,12.7384081480879,19.1175822323998,36742.4558222823,14859.7850736613,-1243.44964850583,0
1523,6185,5.8399016926909,3430.26761907102,25.0377847336724,14.8490609116128,15.303503616728,22.8513915430338,35650.5882313044,20497.498979201,79.7424204101644,0
1523,6186,7.97444418421532,4291.98928417943,25.4657495351616,12.7913839652919,13.1290590864748,19.6699828600447,33114.3025683193,32005.8664879835,56.4187636424278,0
1524,6187,6.38629193150772,5936.51810267836,24.7434747342421,10.2863149246818,10.4907919914931,15.7992890748114,36408.8285775271,24875.3113460377,734.758411625548,0
1524,6188,6.06163586128753,5758.58279381426,25.6146131682714,10.5447710767859,10.7664113844698,16.1995894797625,34536.8380280636,28841.9502924252,706.641306971214,0
1524,6189,5.65705739038374,7562.08090707102,25.0377847336724,8.82944796685321,8.97118053840871,13.5522617133381,35668.5165338947,20524.9051221345,121.612637884689,0
1524,6190,5.64418761427845,3995.60786994591,25.5242308352518,13.4286066510158,13.8027975796463,20.6553031984129,31809.4572541388,16442.4037074114,56.2731968461868,0
1524,6191,6.35923463433688,5478.05320958694,25.3974519642492,10.8793852749598,11.116114642574,16.7158722439557,32656.0488018274,32964.0698353283,791.688231589659,0
1524,6192,5.57981455273887,7680.92066598895,25.2687848354178,8.75357341441932,8.89319570235368,13.4355552069475,35012.1687577722,19508.8558796616,-226.844383666067,0
1525,6193,6.34229372944568,6546.02174658836,23.3678599936443,9.58524522860953,9.75076069009403,14.7155560016722,37005.5427461174,15790.9742234453,696.50877862153,0
1525,6194,6.20059519376568,6042.85034981426,25.6146131682714,10.2205155495034,10.4266781437253,15.6990520017083,34546.1391036325,28856.0004101335,680.758411554319,0
1525,6195,6.45052603683802,5834.42759267836,24.7434747342421,10.4022268474929,10.6121452402718,15.9781915989761,36412.310774026,24879.4735810251,740.130703017613,0
1525,6196,5.62814275345482,3860.39025594592,25.5242308352518,13.745784088773,14.1383809180528,21.1458088328324,31814.8039985814,16445.5653513573,86.8831151754955,0
1525,6197,5.6984194435929,3043.42498107102,25.0377847336724,16.131746803214,16.6667040392719,24.8366964010945,35696.2413280635,20537.555496671,153.405859944405,0
1525,6198,6.36215342747103,5434.15539158694,25.3974519642492,10.9366997006674,11.1762628764052,16.8043725770232,32665.4974052263,32957.7834395888,787.95157108228,0
1526,6199,6.2382263658182,6234.78491381426,25.6146131682714,10.0163054681379,10.2129183794592,15.3838770564691,34533.3738335131,28861.44196197,702.788906525751,0
1526,6200,6.2613506712126,5717.66776667836,24.7434747342421,10.5392302405061,10.7556426601424,16.1896645871173,36396.2014526611,24868.0931854402,759.656963675913,0
1526,6201,5.63755695010451,3614.84440794592,25.5242308352518,14.3759808070179,14.8059912917,22.1206207845188,31811.8654133778,16442.4585272571,61.548518993341,0
1526,6202,6.25146665146246,6435.29191091593,25.4598905500739,9.80595605758963,9.99210764293399,15.059053598784,32637.4015387017,32959.2278378651,796.531934291434,0
1526,6203,5.81690088699415,2137.25331507102,25.0377847336724,20.7556006058319,21.6114396091947,32.0018237767425,35705.5287683734,20518.3769003463,131.146619867904,0
1526,6204,6.42699512832817,2553.14846658836,23.3678599936443,17.9962352606152,18.6354315467382,27.7189736705507,37019.3620582784,15781.153365052,703.112413454846,0
1527,6205,6.28399805122722,5834.28615581426,25.6146131682714,10.4557117998165,10.6730630571367,16.062102604659,34530.1288389338,28852.8974002896,698.107560611176,0
1527,6206,6.33411857583784,5817.02705267836,24.7434747342421,10.4223383379077,10.6332057931782,16.009233736208,36407.3877851908,24870.7539177899,760.747789923369,0
1527,6207,6.28012168195636,5531.79373492048,25.0962859582732,10.7907705684847,11.0213733493887,16.5785582890243,34529.586886382,28851.8151196371,699.548763082627,0
1527,6208,5.80783904039494,2213.85974307102,25.0377847336724,20.2306530956654,21.0479286658902,31.1877729022615,35686.5155888737,20539.353053823,117.424691209838,0
1527,6209,6.08851476117306,5441.08232291593,25.4598905500739,10.9317169108941,11.1714042289539,16.7967809025049,32652.1268090237,32949.290327784,809.674848940762,0
1527,6210,5.7345639306495,2090.85915831721,26.1762735604992,21.3107134935829,22.2234131049683,32.8670921771748,29529.9932746463,26304.7333867393,462.228536644749,0
1528,6211,6.1539218329624,6083.75263181426,25.6146131682714,10.17605191484,10.3801220619778,15.630423854874,34537.902949791,28865.4822176863,707.983194814898,0
1528,6212,6.41314351436872,5396.37450467836,24.7434747342421,10.9429438264991,11.1788803162035,16.8129270612259,36393.0354517075,24876.8081411121,736.352784517219,0
1528,6213,6.19168393153377,2610.04724523974,26.1716377532808,18.1446545103726,18.8267328178234,27.9579399223418,29621.9451625117,26275.3789428599,642.972227418978,0
1528,6214,5.75789313708718,2060.64688707102,25.0377847336724,21.31669947167,22.214293836779,32.8720850712681,35713.0135639635,20549.300027195,124.81693430082,0
1528,6215,5.45162009356229,2036.12031649634,26.3262843384457,21.7608245273479,22.7098077355392,33.5659840586942,26280.8658199779,23818.3847220654,-95.3826739517554,0
1528,6216,5.87809359093973,2384.14257905272,26.0853326578966,19.350561103461,20.117182384911,29.8268511624396,32045.2421589398,20393.6161118713,20.9218861662768,0
1528,6217,6.15986688390633,3337.46716691593,25.4598905500739,15.1804004120906,15.6591428330326,23.3651941715063,32629.0450573691,32932.8924590279,723.575854910456,0
1529,6218,6.19292610188782,6100.88885981426,25.6146131682714,10.1575789634971,10.360781922735,15.6019120541556,34536.6707586738,28858.359864264,694.99295437168,0
1529,6219,5.72577010121915,6113.80315948146,25.5274252065272,10.1386819085405,10.340534541631,15.5726175979717,34551.2046391422,26292.0330095967,-91.1418573432082,0
1529,6220,6.25755812690562,4335.58031867836,24.7434747342421,12.643328584458,12.9675167752929,19.4396686672001,36409.9424517607,24866.0848440256,802.720822689454,0
1529,6221,5.85834657447388,2503.83186305272,26.0853326578966,18.6795558473675,19.3982380963219,28.7866810307861,32037.2104694364,20383.600202977,3.37015226698271,0
1529,6222,6.17912560791938,1917.56763329577,26.1577424050843,22.7147055673947,23.7350097999005,35.0455506935303,29625.481074912,26303.0344310342,605.632883156717,0
1529,6223,6.15782014764653,1942.34524107102,25.0377847336724,22.2638448804435,23.2331241731938,34.3414379961301,35694.7367120734,20530.0826590329,139.949559431938,0
1529,6224,5.99893918815641,1468.37731516524,26.315186257042,27.84248184825,29.2830780598488,43.0095686927212,26294.8542850466,23819.111301153,-139.428606319194,0
1530,6225,6.31319655551359,5887.40755806128,25.6030064683716,10.3937219458989,10.6080407623165,15.9663915988057,34528.1498018378,28850.4016688317,701.243573234945,0
1530,6226,5.22264841213885,2746.51286073103,25.7595063553195,17.4394937344089,18.068507930241,26.8640864395354,32140.1513538656,17213.6164456169,-289.996412708,0
1530,6227,6.03820639952829,2605.68130870513,26.2772383667678,18.1821275142802,18.8679983773103,28.0163365423926,29619.3429494353,26298.3491914016,636.466008260281,0
1531,6228,6.18530441475686,4597.69715406128,25.6030064683716,12.2273763302613,12.5351118405829,18.7985275450641,34529.2150194876,28844.0069925468,700.651216964386,0
1531,6229,5.11484752971427,2578.48937368986,25.735751947158,18.2372211375599,18.9208395141194,28.1000355004125,32153.8894503275,17202.2435705863,-340.679900331292,0
1531,6230,5.93839905158249,3724.34388452172,26.3259207276445,14.1659070808725,14.5899528105371,21.7974638363033,28301.8486447286,24473.508916638,142.192282819504,0
1531,6231,6.05856465963762,2791.86708670513,26.2772383667678,17.3099931078034,17.9357134045175,26.6649808343476,29607.03846761,26303.0865315253,573.386152849477,0
1531,6232,6.81769954679107,2680.92256426094,25.859117074733,17.7557900826908,18.4074943575467,27.3544225062801,27657.5361415248,20049.2094630239,885.211838325347,0
1532,6233,6.08952293237165,5065.99194006128,25.6030064683716,11.4663225917599,11.7339075776517,17.6226792313274,34536.6109592127,28846.5034536757,695.072486255372,0
1532,6234,5.23929950472706,3004.36208368986,25.735751947158,16.3675116163039,16.9247675878466,25.2036719535221,32169.0196185882,17207.7795487918,-317.232033295999,0
1532,6235,6.11193298648798,2035.83070175391,26.2678620563921,21.7515918489798,22.6990730429205,33.5514391558556,29616.6036431821,26250.5931241816,559.732973068444,0
1532,6236,5.92707450212779,3086.80955033732,24.1974929872594,15.8675292975965,16.3771679358867,24.4253426575747,33664.9660783327,14230.529657196,184.712555769129,0
1532,6237,6.93355861628934,2389.21022026094,25.859117074733,19.2835458690138,20.0426142239451,29.7222040488125,27629.3877395437,20055.4121277595,829.322483041495,0
1533,6238,6.08427280448138,5397.37311006128,25.6030064683716,10.999011664264,11.2428975150016,16.9009326686293,34535.3684528707,28848.2842348779,700.163803727792,0
1533,6239,6.03518733256026,4143.00030233732,24.1974929872594,12.9844503302963,13.3232201059283,19.9657675046285,33647.5484225182,14231.7347196681,213.738391065129,0
1533,6240,5.35340520798341,2829.65185168986,25.735751947158,17.0721347955418,17.6760952590683,26.294949199819,32158.6302204719,17188.8091353255,-303.877787334546,0
1533,6241,6.02937323399535,2061.3147837539,26.2678620563921,21.5529170496696,22.4852358754065,33.2431900985538,29618.5253517041,26289.3222494335,608.465286177695,0
1534,6242,6.09120844323467,5908.11199806128,25.6030064683716,10.3700981641009,10.5832895808496,15.929924781003,34531.8720094337,28863.0689943846,691.046277055,0
1534,6243,5.86486153843973,5556.50048976234,25.1656478762314,10.7639924511012,10.9936968204193,16.5373272184311,35251.3544479631,24648.8631944648,24.3455343628277,0
1534,6244,5.68740210205736,4755.46582557569,24.8900511291572,11.9013633564817,12.1868833573484,18.2934449862514,33124.9841968567,15428.7895883679,-187.185162363472,0
1534,6245,6.21472060022527,2638.96259470513,26.2772383667678,18.0179375581856,18.6923602578431,27.7618929734031,29610.101935955,26309.0235187507,612.183805204142,0
1534,6246,5.01952455803633,4322.67139473103,25.7595063553195,12.7553911347398,13.0932042599871,19.6149348594477,32172.2341197413,17200.2118190649,-293.991884579523,0
1535,6247,6.21398087328177,5386.20592806127,25.6030064683716,11.0139311717337,11.2585620869286,16.9239721988795,34542.840691588,28863.0470504856,694.832354602079,0
1535,6248,6.03152331656466,4052.87606702882,25.1710921564167,13.2676087268262,13.6298363861514,20.4056020255062,25823.764063093,19626.5815549867,290.636570730297,0
1535,6249,6.18440473829865,3053.87242175391,26.2678620563921,16.2477480503519,16.8024013463357,25.0196590755295,29615.463928592,26302.6487309319,648.117582626326,0
1535,6250,5.45119685745506,1607.04045576234,25.1656478762314,25.6841811533523,26.9257697000993,39.6513365380339,35243.9761254473,24664.9205004764,6.04145691435824,0
1535,6251,6.16172552275226,3510.42737252172,26.3259207276445,14.753659679266,15.2135985640628,22.7068958257225,28291.8726022693,24465.7938858149,105.911170285336,0
1536,6252,6.17878485009826,4568.09421006128,25.6030064683716,12.2801235637329,12.5907110213571,18.8800423648325,34536.1541195725,28856.0930778702,696.667915697299,0
1536,6253,6.17028851576983,4221.14216653722,25.0517654372585,12.898843068287,13.2394193542323,19.8352461220877,34536.5467355591,28855.6020163004,696.823696218981,0
1536,6254,6.04682521681647,3157.54119302882,25.1710921564167,15.7400134542553,16.251240328544,24.2306193965791,25798.1715376024,19588.2053249876,240.773426084849,0
1536,6255,6.2943506847359,2012.91759670513,26.2772383667678,21.936103349037,22.8978525354887,33.8377652228361,29590.3088425095,26279.6796827072,612.831641466857,0
1536,6256,6.02407566492004,3106.31635052172,26.3259207276445,16.0621782614528,16.605260307429,24.7324607466264,28268.7665008372,24476.7764979201,145.425322607445,0
1537,6257,6.19014669053906,4955.90599206128,25.6030064683716,11.6337399370688,11.9099945645228,17.8812989575567,34534.4933414264,28860.9599955189,695.029533478503,0
1537,6258,6.09088971663451,2365.59790870513,26.2772383667678,19.4920810245414,20.2712484166408,30.0469023411738,29608.8450517067,26274.5198548201,609.202187687435,0
1537,6259,6.47798088586224,4067.82307919403,25.7108943516755,13.2839653631641,13.6512931373761,20.4320413900737,29274.4802398697,17616.2963218357,666.174846241526,0
1537,6260,6.113182910568,2731.10344052172,26.3259207276445,17.5894821229573,18.2348205886992,27.0981377555875,28302.1254399064,24491.5114439936,58.4852272410834,0
1538,6261,6.22979283171929,4553.79933606128,25.6030064683716,12.3058129003501,12.6177925163585,18.919743169182,34529.2334770491,28859.8368773403,680.068637795698,0
1538,6262,6.0575423624717,2711.89674575391,26.2678620563921,17.6697731611967,18.3200079748762,27.2223705007034,29619.5397153234,26289.5493850807,596.506594383282,0
1538,6263,6.36285280499215,3368.45352719403,25.7108943516755,15.1120601985684,15.5888303111564,23.2600574555267,29291.5063951061,17594.5137636726,697.140033680737,0
1538,6264,5.67434973280709,2298.47491507253,26.0614439980429,19.8662772076152,20.6700372959337,30.626379609248,25136.529894807,26588.6864544064,227.700595365936,0
1538,6265,5.72858769968888,3454.76767052172,26.3259207276445,14.9173468396729,15.3874464794092,22.9602148455996,28307.6331148926,24493.2797553783,179.634187492335,0
1539,6266,6.20291020917956,5040.90432606128,25.6030064683716,11.5039057822697,11.7734288690479,17.6807340396696,34523.8865341477,28855.0264934609,704.566380553562,0
1539,6267,6.07056654254358,3535.30089307253,26.0614439980429,14.654074520215,15.1056022225339,22.5521656017137,25117.1539029284,26569.2162203272,191.497658405059,0
1539,6268,6.19003123221285,2556.50331575391,26.2678620563921,18.4305104230097,19.1337003212464,28.4012534113229,29642.9151057747,26316.0072190244,614.347847394097,0
1539,6269,5.73867809298717,3059.18071052172,26.3259207276445,16.2351849916724,16.7895780490072,25.0003598585382,28290.256521743,24465.8480341019,110.142775638636,0
1539,6270,6.29883586526352,3683.80090936331,25.6095180525335,14.2000546782948,14.6202257739474,21.8486584879942,29148.9904957687,17576.1286601437,571.692539850357,0
1540,6271,6.06427815829579,5067.1347566207,25.4991684559719,11.4572216975682,11.7236827170799,17.6084403330143,34537.4546361925,28856.8172762049,687.848174394265,0
1540,6272,5.70226532539564,2305.68749313176,25.9189429620141,19.7966573663925,20.5935677430561,30.5179397643818,25122.920338213,26579.8244968696,154.764854978308,0
1540,6273,6.06299728951526,2074.19292556103,26.2553010284014,21.4518266773198,22.3762867900226,33.0863062055968,29623.9046651027,26275.8205496033,593.532174831385,0
1540,6274,6.78857159922335,3525.29636858366,25.2793955840285,14.5991629009454,15.0405433043564,22.4653289871744,28735.9360618554,17409.5607361437,910.564976759929,0
1540,6275,6.10524253296514,1814.21416654223,26.2407142058666,23.6921748095574,24.7906024104685,36.5631034685191,28260.3046601878,24451.8399793733,151.618836503741,0
1541,6276,5.9987932875794,4362.8093546207,25.4991684559719,12.6546348248338,12.9849726364551,19.4586686426866,34543.8277925238,28853.7190434475,702.546941952045,0
1541,6277,5.94953695140684,2379.68135334081,25.9523544406192,19.3547366992264,20.1200527765596,29.8328819922224,25142.1450627627,26581.6754481457,195.436428455554,0
1541,6278,6.20973470659351,2084.98566556103,26.2553010284014,21.3700292699465,22.2882801267897,32.9594047508098,29609.6657727817,26283.8651042669,572.528005634095,0
1542,6279,6.23942960653541,4411.5308666207,25.4991684559719,12.5609077349089,12.8860816762758,19.3137977994295,34532.4795434154,28860.8020038598,693.173829898107,0
1542,6280,5.68504485919135,2410.31099313176,25.9189429620141,19.1714138072903,19.9231605404636,29.5485706356666,25132.1259490687,26629.8537000216,129.171041241347,0
1542,6281,6.10008162075605,1951.26511955002,26.2630849889891,22.4445408535268,23.4453363550457,34.6266881362237,29594.4145138321,26302.3380534735,592.531096704437,0
1542,6282,6.72261466034814,3727.74898691518,25.6337934608339,14.0879344701346,14.5016169747993,21.6752730165275,29815.0566711123,17524.1337501243,721.027648075115,0
1543,6283,6.10278873185245,5286.2273786207,25.4991684559719,11.1429220330949,11.3933957693748,17.1230015775435,34528.2086743327,28862.1321726986,704.972564732652,0
1543,6284,5.90485935263947,2645.26233513177,25.9189429620141,17.9346788782791,18.5993692762299,27.6317858757887,25070.8362369766,26623.2844224119,140.384908460456,0
1543,6285,6.40254089942609,3256.32650891518,25.6337934608339,15.4615625425609,15.9595563513144,23.8008103968329,29798.5644464639,17514.0963976498,759.118030091306,0
1544,6286,5.99794250279699,4207.3938986207,25.4991684559719,12.9665190735547,13.3142334243627,19.940790686744,34524.8247079805,28856.9152560135,689.604190864985,0
1544,6287,6.81568573947166,3532.44444491518,25.6337934608339,14.6167762042814,15.0623245631508,22.493434047632,29789.1641248372,17517.2685930662,741.321229746412,0
1544,6288,5.36070562207397,950.195455607653,25.8802261641902,39.1027499984527,41.5416423308328,60.519686094884,24953.8924522919,26738.0475503786,206.619335159006,0
1545,6289,6.21463429276827,4145.5448906207,25.4991684559719,13.0964347291229,13.4514739163507,20.1416427657271,34521.8989918301,28842.8961608064,695.130596836457,0
1545,6290,6.24932701743326,3544.58804731041,25.6142078081716,14.580283013652,15.0234383041976,22.4369226664645,29565.8975600553,17702.115523819,673.906731619759,0
1546,6291,8.118351723543,4857.27777170422,25.5421416098505,11.7848841225794,12.0686464872175,18.1146922697737,29014.1140780831,17825.8066739073,-1414.82361268125,0
1546,6292,5.81981691514599,1433.4331199585,25.4115844019916,28.0973837690798,29.5434396158043,43.4011828927528,34526.5442752524,28868.815041985,652.797827851752,0
1546,6293,7.27838392684119,2906.82160470193,25.6364928526169,16.7381866798532,17.3188480266324,25.7774301208591,23899.9756307191,27062.1255310294,1132.10852034788,0
1547,6294,6.46560300196036,4052.11659039641,25.1848359579651,13.2705504566775,13.6330522670566,20.4101798475081,28021.2604627973,17855.4111918288,841.384657673769,0
1548,6295,6.38625441355689,3771.52737639641,25.1848359579651,13.9315655257132,14.3322778170244,21.4323796630441,28029.4640399975,17870.4590317175,866.349411054706,0
1548,6296,9.87668693590531,3542.35604613859,24.1870047486743,14.4332350294411,14.8549542075573,22.2059626599865,37072.2351147604,18382.6882993985,-1082.58336509741,0
1548,6297,5.6305893597712,1306.17209331553,25.7303063735306,30.2989729545304,31.939503427027,46.824453402502,33897.616031352,26989.9503318211,391.850574580472,0
1549,6298,5.84514617493205,2993.31964131553,25.7303063735306,16.4091212635695,16.9690485426852,25.2680905369647,33891.7092669965,26986.949259162,407.010735148514,0
1549,6299,9.45988227768372,3843.45146613859,24.1870047486743,13.6557376802495,14.0321532105694,21.0035349547288,37080.4729288599,18408.8071938427,-1088.93436936995,0
1550,6300,6.00520746666523,3054.80994215529,25.9071671334733,16.1992446710583,16.7472050037881,24.9435820870026,33869.0839067679,26969.6320667034,367.195124260794,0
1550,6301,6.97873692278156,3189.287958138,24.9910721088617,15.6093423969868,16.1105579181517,24.0278721932615,35537.9388749972,21031.1755056445,1047.80387217364,0
1550,6302,5.70473529399787,4069.35897476363,25.8858102051036,13.2964454727283,13.6658256359044,20.4517076357558,30135.6055086278,19743.0256164677,526.144926850257,0
1551,6303,5.86276100465452,3270.04136518736,25.9162472133769,15.4493413425302,15.9491854751496,23.7826157148862,33875.745578483,27011.0225525807,360.239247819866,0
1551,6304,5.38918168499743,5090.78461597153,25.5225209682694,11.4238009166849,11.6886930726906,17.556857866834,33850.4270126408,19538.3432325586,-251.330107201728,0
1551,6305,7.00416202056542,5318.100858138,24.9910721088617,11.0646570917924,11.3081146138783,17.0012821781732,35534.0997147137,21024.5755254127,986.181298502018,0
1551,6306,5.58240925051669,3428.7854216125,25.2253005840954,14.8743012233906,15.3319832681034,22.8909137287236,35099.211768424,23523.9841113467,-91.7363014418553,0
1551,6307,6.16271626326808,3770.59831076363,25.8858102051036,14.003450380041,14.4141776485069,21.5451576089371,30151.279407974,19736.3452602149,577.733594301038,0
1551,6308,5.58435850121909,2708.87510199374,25.2557005191641,17.5384387920447,18.1686657834352,27.0158540576565,25320.9648026719,21311.5392881661,72.8445869334869,0
1552,6309,5.34393759412197,4864.51151797153,25.5225209682694,11.7718196135459,12.0547676301584,18.0944727178833,33851.7321870389,19534.0174617854,-232.420406604629,0
1552,6310,5.75477145284431,3318.80636205962,25.8685252794964,15.286077433266,15.775176933993,23.5297837513614,33890.0307435175,26994.9320227727,439.669528283111,0
1552,6311,5.46353541930901,4140.1811696125,25.2253005840954,13.0833371524614,13.4355566384747,20.1208198573641,35086.9085630115,23522.366130838,-75.7015198119375,0
1552,6312,6.38609592387149,3522.25754175869,25.4771656815029,14.6290365246307,15.0739659951998,22.5120277303337,24936.5453644562,22828.4343998669,-138.086418858479,0
1552,6313,6.01765216095784,3286.77519476363,25.8858102051036,15.3911980645763,15.8870829803073,23.6925379567493,30149.7141079837,19711.7499088151,535.416960903389,0
1553,6314,6.10466876199556,3403.51835805962,25.8685252794964,15.0218328901929,15.4944008843737,23.1208087355126,33893.8944274662,26975.9663874766,387.735445950569,0
1553,6315,5.63956150029082,3967.2109916125,25.2253005840954,13.4655262194616,13.83948854275,20.7117446995301,35097.4785292189,23519.5171524338,-79.1621320498578,0
1553,6316,7.15681364612187,4453.294020138,24.9910721088617,12.4400136995302,12.754946923337,19.125948282889,35511.7492970128,21035.4167023253,1025.6008688996,0
1553,6317,5.13056051758374,3255.20385397153,25.5225209682694,15.4522433260384,15.9486084243078,23.7860988941305,33872.1443678923,19540.9295741992,-216.059600823831,0
1553,6318,5.75089538275285,2625.45534493669,25.518234837384,17.9713966971206,18.6341402077933,27.687445372469,25083.1803424826,22843.6866656183,180.110067537856,0
1553,6319,5.88181629525718,2777.95256876363,25.8858102051036,17.3170684187136,17.9391307706296,26.6748018195618,30142.227794537,19722.68650161,592.933144371429,0
1554,6320,5.64909973142933,4183.6384676125,25.2253005840954,12.9917694948086,13.3388438605126,19.9792593337654,35096.0223547832,23511.7108423798,-70.5311650531918,0
1554,6321,7.2550721687157,3872.600556138,24.9910721088617,13.6647784685551,14.0483460948807,21.0193430829641,35523.910231127,21035.9193842481,998.987911934159,0
1554,6322,5.94604783308211,3367.03793876363,25.8858102051036,15.1360881957793,15.6159378898755,23.2976801363813,30142.9373275416,19751.9631603424,510.775877469577,0
1554,6323,6.25980148522365,2749.14792405962,25.8685252794964,17.4430291962615,18.0734573196925,26.8698868903948,33970.2731827005,26984.3255486889,435.698421569406,0
1555,6324,5.65475460892051,4183.7485976125,25.2253005840954,12.9915396035527,13.3386010834074,19.978903938251,35089.9523935205,23512.9935359806,-68.8455043214263,0
1555,6325,7.09956221967758,3642.715194138,24.9910721088617,14.2453899475304,14.66301642906,21.9173420286488,35525.2499013092,21025.4724460212,1041.44397523393,0
1555,6326,5.73708620712826,3644.92103407792,25.5603303698776,14.298406870869,14.7240585841312,22.0006945395503,34768.2030081405,26813.8200790713,11.1825770293777,0
1555,6327,5.83606229915242,2863.96409876363,25.8858102051036,16.9477767234124,17.5449718078104,26.102757943378,30149.248844709,19724.4475566667,571.019480389869,0
1556,6328,5.6999976740825,3592.6808876125,25.2253005840954,14.4052819279774,14.8344860030805,22.1652433732962,35086.9937703933,23527.8716062878,-62.308580424329,0
1556,6329,5.73546854173419,2461.65270589709,25.565361147843,18.8259878350611,19.5489305070934,29.0119658655452,34737.0504288002,26831.080998902,12.0101109711188,0
1556,6330,6.4363014056424,2983.16921324576,24.4894638978193,16.2869520685638,16.8262958626328,25.0754435067984,36588.9595578665,19607.4892484429,663.008823450164,0
1556,6331,6.20048898662717,2894.44808276363,25.8858102051036,16.8217211473284,17.4104985573681,25.9075135867384,30138.7487378593,19758.6800321445,541.448159958791,0
1556,6332,6.3996828537702,1792.76499512037,26.0980161820894,23.8718140881868,24.9823800986134,36.8413864333659,28240.6106103025,24466.9037257077,161.976629795489,0
1557,6333,6.38491185053375,3434.90044724576,24.4894638978193,14.7741727881565,15.219066961574,22.7341461816051,36594.5295673367,19580.7009543253,667.095641049757,0
1557,6334,5.81412522758691,3386.7598136125,25.2253005840954,15.0011557090528,15.4666403052389,23.0872114938855,35066.6984786541,23513.9870527418,-30.2196558685523,0
1557,6335,5.79557654335091,2489.42749189709,25.565361147843,18.6750504276734,19.3873457844755,28.778025496243,34780.9397067222,26837.8713350089,16.0322745214332,0
1557,6336,5.82296506956959,1334.95458512037,26.0980161820894,29.9069068013989,31.5204164024112,46.2169386454319,28297.515349558,24501.6269050683,98.8103118208664,0
1558,6337,6.52190189685212,4066.25371124576,24.4894638978193,13.1753603819113,13.5270418369665,20.2615106564089,36603.0241361173,19608.4676396684,647.463728048193,0
1558,6338,5.52370953795296,2634.22641589709,25.565361147843,17.9357869993402,18.5966081145769,27.632415829714,34771.7671864941,26835.3166445963,47.1219738860608,0
1558,6339,5.5344510175251,3183.2025930105,25.2208311499689,15.6577879737257,16.1642801165144,24.1034706577371,34877.3576774015,21870.9183308884,-160.654067521575,0
1558,6340,5.7728888889439,1486.51549112037,26.0980161820894,27.5192428248995,28.9287789325084,42.5062692404877,28217.7886811739,24473.2069572176,156.904726255497,0
1559,6341,6.55061515758383,4524.37853683491,24.3987338980746,12.2609518082643,12.5620177433724,18.8480736144036,36595.7547873654,19609.5656457312,642.882349552531,0
1559,6342,5.60589586158476,4428.78314145671,25.2678553665939,12.5089564853509,12.8296270412044,19.2330457962465,34856.7647488032,21880.3089042287,-161.823036289946,0
1559,6343,5.76077059099053,2772.06512389709,25.565361147843,17.2982560636056,17.9156180610855,26.644715104195,34753.6364167644,26829.8660146623,49.8506748267545,0
1560,6344,6.45524978537505,4181.75221392728,24.3656047131661,12.918914563986,13.2553731521371,19.8648294462323,36581.8990293862,19582.572394181,674.571256190692,0
1560,6345,7.17038039736264,5075.16294504408,24.8407442857961,11.3981924908322,11.6574479288266,17.5161087230981,35026.9273526465,31365.1943323529,1108.07762922223,0
1560,6346,5.90520673172217,2637.00094218813,25.7507144982137,17.9498343661592,18.6136994772594,27.6547536671965,34759.688182777,26826.5764021454,-3.54324709967164,0
1560,6347,5.61925406911487,3691.1058966755,25.1696003926453,14.1360410456486,14.5486954963511,21.7486158292449,34849.6410448604,21867.6798543054,-136.18661747056,0
1560,6348,6.3351563708588,1811.80527201381,25.98441175696,23.6579158450724,24.7497851896424,36.5088590067157,28272.2016117491,24470.7349914463,109.206467701353,0
1561,6349,7.04609494262707,5324.60739504408,24.8407442857961,11.045586739127,11.2871764232847,16.9715797780485,35024.8106785807,31347.0880140405,1075.0917586732,0
1561,6350,6.34989323862907,3854.11546392728,24.3656047131661,13.6478275152146,14.0252780798627,20.9917139550085,36577.6516053713,19583.9841057649,644.800750332844,0
1561,6351,6.00428119307678,1038.64862001381,25.98441175696,36.4333606936742,38.6276338089806,56.3663893745179,28248.6072003893,24465.8365862022,176.78594680908,0
1562,6352,7.01055791458681,5168.00253504408,24.8407442857961,11.2634513141581,11.5159062710992,17.3080143162833,35042.3206076809,31355.3542336139,1122.60824036982,0
1562,6353,5.76105886537461,2083.75693261598,26.2062206802012,21.36986961875,22.2874511818304,32.9589756754988,32031.1444606682,25882.1960672585,-229.492699450373,0
1562,6354,6.57037409323627,2378.04307392728,24.3656047131661,19.0979126533589,19.8253253300956,29.4293723602798,36582.9045945205,19592.0301990166,680.911568850769,0
1563,6355,7.25840852750251,6437.82346104408,24.8407442857961,9.76950493626387,9.95082781210073,15.0019310797402,35021.5633843654,31356.570953475,1144.55960965465,0
1563,6356,5.64922792530946,3937.37161854108,26.2903611852403,13.6348270775007,14.0269839991683,20.9758703751597,29830.9294938986,30798.6975582477,-248.927570092939,0
1563,6357,5.24395621227856,3332.89620493015,24.9080147561913,15.1315480694666,15.6021574606024,23.2881862538274,33906.8649333872,16532.3437051739,-311.039147108946,0
1563,6358,8.68451527390407,5080.69280519939,25.9711582211844,11.4705069378132,11.7406172607813,17.6297803663057,32377.4180974021,24973.4385047551,566.307302660832,0
1563,6359,5.36602744984409,2513.30865500153,26.3717611836541,18.6734378429749,19.3949821665608,28.7781063457899,33247.4457322912,27780.5044825742,508.715121636117,0
1564,6360,6.14459112400227,4509.02508967659,26.1808200770241,12.4338767648503,12.7568561586349,19.1187752274256,28536.7021451576,31128.7823242125,620.69882264441,0
1564,6361,7.19352814045277,4128.15507504408,24.8407442857961,13.0742562581685,13.4230157716757,20.105967794511,35029.6249793156,31354.8194659928,1153.49132890897,0
1564,6362,5.3578564006111,3352.52137093015,24.9080147561913,15.0704482545964,15.537288666666,23.1936359086523,33900.2514756423,16557.2680444793,-361.30843768161,0
1564,6363,5.69566219975215,5073.01552261598,26.2062206802012,11.4985483532017,11.7715780126231,17.673502635905,32051.2189093672,25875.1611827845,-296.414476309585,0
1564,6364,5.96387125716155,4039.15980500153,26.3717611836541,13.4078802577283,13.7873975688688,20.6250500118523,33240.1655861648,27759.5175083164,401.784494967182,0
1565,6365,6.09538636026239,4786.46458567659,26.1808200770241,11.9483575046558,12.2449732552216,18.3684299141803,28529.1497169265,31121.8105493881,617.574347846459,0
1565,6366,5.3450807487775,3348.11763237361,24.9446157122368,15.0882908188446,15.5565703035495,23.2213400354638,33884.914648752,16544.07740909,-315.914194292791,0
1565,6367,5.84495834953645,2147.34666500153,26.3717611836541,20.9340315045619,21.8208960471847,32.2834653754312,33254.4561183984,27764.5693116965,417.857013935612,0
1566,6368,6.16092516197385,3654.14532500153,26.3717611836541,14.3565835426103,14.7925512358773,22.0925748915287,33223.111999082,27718.0161519647,409.877259974588,0
1566,6369,5.24565313003975,2754.84732237361,24.9446157122368,17.2865855047091,17.8964181039527,26.6247795513973,33888.3228896125,16550.0816434261,-336.547298773237,0
1566,6370,10.4687648939732,3074.27084656947,25.5482937520104,16.0827273552511,16.6195993308455,24.7622003644904,24347.2418894221,25096.880369736,-1012.53875022281,0
1566,6371,5.50391241586343,1974.39452424672,26.0334691319304,22.2022620367503,23.1810942815091,34.249826084029,31136.2523065488,24977.2387168243,266.071888745257,0
1567,6372,9.30299960267981,6352.02196100153,26.3717611836541,9.93853877289569,10.1354280874176,15.2649350074032,33173.9715581928,27442.2842963292,195.958809561141,0
1567,6373,5.54156633518942,4340.54685334888,26.384950210394,12.7726833630596,13.1159548465993,19.6429052042709,29155.9520888999,28791.4083458664,-515.827359866967,0
1567,6374,5.71264050147087,6973.75827133383,26.1895575237804,9.35125370444322,9.52056622567425,14.3584943997009,33130.3233993686,26375.6326266817,-418.415641266078,0
1567,6375,5.28257246759067,3382.3680623736,24.9446157122368,14.9828962930898,15.4446893231321,23.0582488824322,33878.9914102912,16552.685107571,-317.292118743545,0
1567,6376,5.98239194997304,4850.87345502812,26.0288344495836,11.8314549611475,12.1208513893064,18.1875222409422,31218.2758007277,25022.7611245693,189.537933630365,0
1568,6377,6.2594268265917,7168.34957300153,26.3717611836541,9.19733808862898,9.36071632573253,14.1212917866566,33236.0057088538,27713.7269138377,367.173119666527,0
1568,6378,5.70057474376641,6999.11639046369,26.1580735542956,9.32806411063097,9.49620529867616,14.3226797128767,33116.8944154877,26371.2301187523,-428.077825038406,0
1568,6379,5.28368452473118,3715.05250534888,26.384950210394,14.1960490860135,14.6223952716473,21.8442293667406,29164.6793263575,28794.3687846247,-508.650145231414,0
1568,6380,5.3152337643934,3149.64134637361,24.9446157122368,15.739725202618,16.2487279091525,24.2295656210479,33888.0025734939,16542.3368462017,-310.199439853935,0
1568,6381,5.50220817405855,3152.23397340974,25.6678731650214,15.8188300997707,16.3398790108996,24.3539521627435,26500.848638384,22879.1413103031,-103.151900085156,0
1568,6382,5.98507931204779,3885.48041424672,26.0334691319304,13.7341103398698,14.1300890488933,21.1288744053526,31198.0106850389,24998.5229151613,216.465941079027,0
1568,6383,11.9918484061389,7410.58704855561,26.1711485044393,8.99572383855304,9.14947820804121,13.8100672967147,31994.6244122652,25701.7612114901,-1052.96562546715,0
1569,6384,6.16113870779088,7062.82300700153,26.3717611836541,9.28471343835185,9.45193019499489,14.2560777923921,33231.5620987384,27743.2185652466,384.904576122401,0
1569,6385,5.73221966472801,7286.08695133383,26.1895575237804,9.09389079793468,9.25194907865211,13.9614983402815,33112.8641353279,26388.49531255,-427.942848377141,0
1569,6386,5.7320843985919,3563.83383540974,25.6678731650214,14.5318548644036,14.9725289066034,22.3621207687949,26503.3956216383,22873.9142512902,-144.561199131405,0
1569,6387,5.27658877557156,3678.88207437361,24.9446157122368,14.1449477620064,14.5562190929534,21.7618662407279,33891.7001877117,16535.5854377879,-323.691731093405,0
1569,6388,5.33459620798512,3868.52967334888,26.384950210394,13.8085969829271,14.2117519133797,21.2448520922869,29159.5749669276,28787.6103931094,-507.766941255604,0
1569,6389,11.7253770704458,7669.96522455561,26.1711485044393,8.80184768591955,8.94738067087399,13.5110734170699,32003.4922203985,25718.4827927857,-1057.91942066731,0
1569,6390,6.0434308429097,4552.07527824672,26.0334691319304,12.343352944048,12.6603498354986,18.9785810678009,31203.4670918613,25019.8086163576,188.912950118974,0
1569,6391,5.2407907658852,2856.83013853913,26.0703884005404,17.0025138022902,17.6052912302552,26.1880696814408,27583.9149981644,25466.9207167615,200.327994574475,0
1570,6392,6.21513069850872,5958.95197409861,26.5521215294063,10.3686816664476,10.5869415730092,15.9291576919787,33245.6304241854,27722.4012539597,400.381258670011,0
1570,6393,5.49495162105754,3629.06166379449,25.6215976860332,14.3474809641445,14.7766038481706,22.0767578069679,26490.3018626045,22876.3658566997,-119.273679724454,0
1570,6394,7.12031123032798,4325.85657181351,26.0252000318992,12.7715623935582,13.1121972500242,19.640462607269,28279.808014046,24956.0712214108,1045.73636494861,0
1570,6395,5.33530458348164,2289.28056256807,24.9585285322851,19.7317891644936,20.5118674030737,30.414020199743,33900.7730446001,16542.9008838266,-327.17021023119,0
1570,6396,5.61402489402897,4958.40382177788,26.1035740247258,11.6662367186096,11.947391891225,17.9323867688439,31233.4678463144,24988.9522040717,132.014310545338,0
1571,6397,5.74824390793562,5373.46507979086,25.0455802997628,10.9937040642763,11.2339761128263,16.8918113677576,35312.9499589186,18962.3308464441,13.8415828971194,0
1571,6398,5.56112117878539,3603.00320333091,25.6464093712559,14.4210707344113,14.8548456944689,22.1906671597929,26592.1486789367,23087.6229622844,-114.165606747973,0
1571,6399,5.93921738536453,3228.908285642,26.5317033686534,15.6578245417698,16.176654713366,24.1069248872994,33261.1780384751,27760.9667246924,386.421016134197,0
1571,6400,5.45942128282536,4760.03043949322,26.2551134568743,11.9980626658263,12.2978314568493,18.4453720574293,31542.9578531283,25570.5719031712,-383.362107684785,0
1571,6401,5.85803992530344,1751.24045645638,25.1174791059431,24.0639285188852,25.1745759284589,37.1354280854307,31788.6223550975,16448.116324949,51.5580126366343,0
1572,6402,5.66356880262904,6044.61932579086,25.0455802997628,10.1851770988252,10.386601525313,15.6436580413509,35307.1415506918,18961.5912943539,52.056815873506,0
1572,6403,5.6730711211314,4010.71767916183,25.663806938937,13.4072668318975,13.7813157996033,20.6226039844236,26611.528647042,23060.5489107879,-128.958091980435,0
1572,6404,5.84626384937664,3727.929341642,26.5317033686534,14.176990369299,14.6033797674835,21.8150722892064,33232.9363192859,27763.0120112658,408.506642044989,0
1572,6405,5.61502480360279,4983.04309209076,26.2160684089927,11.6361210302552,11.9164065777954,17.8860556933765,31542.5097680201,25549.5042223985,-388.948654743265,0
1572,6406,5.2150910004577,2244.34089402932,25.0579407935063,20.0346543531255,20.8379218956393,30.8839401096372,31816.8210253256,16441.062853365,90.5568808730531,0
1573,6407,5.55837326397153,5925.15030179087,25.0455802997628,10.3173038843628,10.5249160997787,15.8475831188185,35315.3026754215,18965.901636959,8.04680351066234,0
1573,6408,5.94248078383403,3844.006361642,26.5317033686534,13.8826927868665,14.2914120606647,21.3597873755206,33242.7038378653,27764.0382512441,440.245420480697,0
1573,6409,7.9715759647747,4151.937478581,25.588373296437,13.0907889399841,13.4461823913835,20.1330996979283,31179.612610839,18752.9279761659,1215.34021578867,0
1573,6410,5.64109332013235,4768.55390409076,26.2160684089927,11.9808421931459,12.2794298745298,18.4186907896106,31552.0827673919,25558.7049580902,-399.22378716684,0
1573,6411,5.80613772119891,3250.46654802932,25.0579407935063,15.4131833592824,15.9027155121473,23.7244362361231,31790.5863948311,16451.2099078387,49.0658612958009,0
1574,6412,5.54757224395633,5228.09347979086,25.0455802997628,11.1927151241083,11.4429015421241,17.1991286953559,35314.6664206296,18956.7664826278,14.7687391255736,0
1574,6413,5.924618714636,3447.692543642,26.5317033686534,14.9607887348341,15.4353916916097,23.0279423102793,33255.1095333941,27776.3513484865,452.520149493158,0
1574,6414,8.08770753268447,3620.912644581,25.588373296437,14.3661393999849,14.7961039215772,22.1055460472428,31188.2581539366,18742.4744577138,1230.48443474435,0
1574,6415,6.15171977727133,1273.90267881699,25.5881465245826,30.8486099820938,32.5342034756838,47.678125418101,28330.9132918716,21592.5510350896,620.52722938796,0
1574,6416,5.65225421607569,2441.78195802932,25.0579407935063,18.8534129417115,19.5721962405838,29.0527931341811,31797.0668969393,16489.6627703194,138.679170971262,0
1574,6417,5.37908806392916,4077.28933173563,26.2164272600026,13.3087685671094,13.6813668718953,20.4714548761936,31513.3262045254,25558.8946529639,-398.113331639317,0
1575,6418,5.81220722322016,2454.85766009861,26.5521215294063,19.0211783358391,19.7696252594144,29.3177295448129,33252.5844998606,27757.6441484712,415.695025116501,0
1575,6419,5.48064427168861,2141.74428179086,25.0455802997628,20.7253420077047,21.5790502780451,31.9549262848418,35321.819326403,18962.2895990136,6.82309482451328,0
1575,6420,5.53863591316305,2425.41856347366,25.06265229745,18.9453259634489,19.6706430648207,29.1952644428046,31793.6157108949,16463.2433688411,65.3523539949905,0
1575,6421,5.57122749568635,2955.26077920304,26.2156423769277,16.6201113657491,17.198823361048,25.5961810424528,31300.3717578853,25466.021815544,-365.102648665217,0
1576,6422,6.09915413685505,2254.66334609861,26.5521215294063,20.2322763837726,21.0690672566997,31.1956393802122,33232.2313807851,27754.6836289828,396.464678926147,0
1576,6423,6.75470957518506,3153.3271540918,24.8713799133249,15.7179821374352,16.2248925896595,24.1957119665719,26548.915685999,19421.0391968254,774.864094746907,0
1576,6424,5.23821295118983,1780.01078802932,25.0579407935063,23.7586465111781,24.8442474458786,36.6612885388432,31796.1826025341,16464.9772139852,55.8060779298047,0
1576,6425,5.30250833234888,1425.36798369506,26.4046291243224,28.5152043091564,30.0145748611159,44.0554069560754,29208.3742973744,27230.0731688691,-429.123855841109,0
1576,6426,5.73243443376116,1987.59661253365,25.0370316661468,21.8889893865896,22.829710994695,33.7598541997064,35924.2227355373,24362.9497053632,334.327298798381,0
1577,6427,5.9032197040458,3801.76810253365,25.0370316661468,13.8415000976575,14.2357141165567,21.2927457071745,35912.7830807736,24371.8823840519,344.026029713687,0
1577,6428,6.44377638092868,2872.4516020918,24.8713799133249,16.7753439187507,17.3504569926985,25.8327704491451,26575.2178621275,19452.5700836548,712.165902276159,0
1577,6429,5.84051754668015,2503.93158809861,26.5521215294063,18.751738075025,19.4809136421693,28.9000461886538,33223.5723752619,27741.2141633604,472.002985622862,0
1577,6430,5.51113191292415,1995.84548547366,25.06265229745,21.8276533418129,22.7640925266055,33.6647998859997,31814.1593531491,16455.6394607983,85.175813786248,0
1577,6431,5.27739571292351,1488.45044769506,26.4046291243224,27.5781982779303,28.9980025169545,42.5993427329686,29213.9860598284,27209.321216977,-434.512432808811,0
1578,6432,6.1669811603277,5025.68865110151,26.5222513088951,11.5924489409151,11.8723571487568,17.8191128532072,30893.6856447376,30660.0583545951,634.841976347485,0
1578,6433,9.8104542017255,4831.0258951999,24.9947021399541,11.7859369930011,12.0661310083138,18.1153187761623,35546.6824948705,30387.4331878427,-1096.2665726054,0
1578,6434,6.39916202358496,2476.7104600918,24.8713799133249,18.6325904281972,19.3336440368683,28.7099437111542,26565.7777534826,19469.4804728475,608.765163164461,0
1578,6435,6.05785703810071,1903.56890609861,26.5521215294063,22.9227203947628,23.964931618825,35.3699593812589,33242.0137806563,27754.3253706797,419.253230551238,0
1578,6436,5.44713614752934,1318.72219347366,25.06265229745,29.8552999472739,31.4445658274636,46.131224096941,31814.1638835643,16468.7844540073,99.8812735286464,0
1578,6437,5.35788263259865,1558.84554369506,26.4046291243224,26.6177866459034,27.9570426556087,41.1071936406326,29192.3152605594,27231.6112171295,-424.103575289996,0
1579,6438,6.14419548910153,2277.385085642,26.5317033686534,20.0813704097332,20.9067520255173,30.961535819278,33263.4869931598,27784.6603258334,436.229914726862,0
1579,6439,5.37491623973551,1887.11366362644,24.9910555281207,22.7336555732608,23.7383281080686,35.0702348307551,35021.278076415,18098.7433876983,-52.4963033312829,0
1579,6440,5.38755622773224,2148.04104369506,26.4046291243224,20.9351563370631,21.8225333300672,32.2853282979266,29214.3978457162,27211.8736349055,-454.316901300967,0
1580,6441,5.3955620855728,4764.53031267336,25.0198568607352,11.8963764273305,12.1825142865564,18.2859831804866,35056.7957699297,18098.6918774587,-46.3929532218766,0
1580,6442,5.70711382653306,1884.62256647349,26.6096298198129,23.1067837209785,24.1642948204856,35.6558863703081,33247.2690876426,27758.3070474307,429.443977616354,0
1580,6443,8.78662338501194,3014.32890587827,24.5851345748265,16.181843453234,16.7154240124175,24.9129892695836,36488.3345213499,23840.2432721608,-1389.92584165283,0
1580,6444,5.24719586708669,1189.2130068039,26.418229704457,32.8643505380368,34.7444421906465,50.8170440861827,29255.9395709803,27224.4402168056,-442.922607852498,0
1581,6445,5.66417364509193,4390.00020867336,25.0198568607352,12.5618366871238,12.8836032819992,19.3142797328514,35051.6000671632,18094.0616951738,-80.0014773463044,0
1581,6446,5.60546428435015,1510.51431723046,26.5857322427773,27.3180846898701,28.7190463874244,42.1960396285761,33237.7804946379,27774.9636000712,460.918801149162,0
1581,6447,8.649365383461,3162.27754787827,24.5851345748265,15.6520647765939,16.1520127183147,24.0929088810027,36501.0450573337,23879.7748419515,-1338.77648487154,0
1582,6448,5.5421822796312,4851.81935067336,25.0198568607352,11.7544451345008,12.0331673567363,18.066715300371,35045.0710137891,18111.5948303207,-67.8329310951912,0
1582,6449,5.83783031583391,2023.73878247349,26.6096298198129,21.9152038686736,22.8798866507881,33.8065896253817,33246.6266083314,27747.7372488223,454.606656089966,0
1582,6450,8.6342746988955,3228.90619787827,24.5851345748265,15.4279036806009,15.9138302745414,23.7459722656147,36455.7645501576,23860.17969475,-1298.40305806502,0
1582,6451,5.49743212077732,1200.0938508039,26.418229704457,32.6282630827224,34.4872776470692,50.449879847329,29226.8193098128,27216.6415919225,-454.614389003935,0
1583,6452,5.40065984353401,4627.81493067336,25.0198568607352,12.1281894193794,12.4265791264471,18.6441465108936,35054.7238934465,18096.6845421347,-61.7866742741683,0
1583,6453,5.75458101066098,2065.04089323046,26.5857322427773,21.5858049537609,22.5249015431998,33.2953947429793,33226.8403104495,27775.7988482162,468.744632623942,0
1583,6454,8.61590984110354,4157.28007187827,24.5851345748265,12.9896398863887,13.3317075594077,19.9746194502361,36508.5624686153,23879.4796791329,-1358.16654832141,0
1583,6455,5.39545425573629,1467.2251788039,26.418229704457,27.8888088642031,29.3351205239907,43.0820530588627,29207.1724039892,27231.7206548874,-444.340301822333,0
1584,6456,5.50531905249244,5390.37707667336,25.0198568607352,10.9694432930975,11.2083605254993,16.854306934557,35049.9673583751,18086.940151536,-56.7606673282231,0
1584,6457,8.49758913833964,4109.79201587827,24.5851345748265,13.0901877402503,13.4378554975538,20.1300494658671,36491.1608245333,23868.6803069006,-1341.7223773043,0
1584,6458,5.80326640696886,1849.31488847349,26.6096298198129,23.4358855004301,24.5194124798197,36.1667487636568,33236.1698347181,27775.4736688298,425.199708033182,0
1584,6459,5.08380836736828,2328.5078568039,26.418229704457,19.7404908347726,20.5394493671506,30.4325433002743,29226.4048148945,27227.0924007884,-385.17074886182,0
1585,6460,5.65531582556168,5365.59782667335,25.0198568607352,11.0024982185123,11.2430493263609,16.9053475681629,35040.7528284977,18104.6035277525,-74.1502398929631,0
1585,6461,8.6263789651929,4473.92584787827,24.5851345748265,12.368121872195,12.6762541257341,19.0140437733985,36510.8658550637,23862.9620163839,-1327.93670363353,0
1585,6462,5.7888303997458,1221.46375847349,26.6096298198129,32.2436992202444,34.0722325776005,49.8528783733862,33246.0350107023,27743.564026459,383.495279344873,0
1585,6463,5.4277926446791,1409.5611108039,26.418229704457,28.7665516921817,30.2876658376784,44.446101585863,29198.5535803989,27224.6744585154,-457.031037365742,0
1586,6464,5.42334387420987,4472.46555267335,25.0198568607352,12.4068201926723,12.7201625503665,19.0747077511052,35056.9722555231,18103.0959841451,-81.5823553685536,0
1586,6465,5.92153476148841,1692.66933723046,26.5857322427773,25.0452919385047,26.2578662940517,38.6655346541205,33246.2491347038,27767.2564201174,407.071456352154,0
1586,6466,8.76684192627997,3994.57400987827,24.5851345748265,13.3429988322376,13.7048794903942,20.5208890135369,36465.1712337042,23871.4553734444,-1330.19314270356,0
1586,6467,5.58339358034164,1326.9856368039,26.418229704457,30.1496975802611,31.7902664011531,46.5960191168261,29241.5441845053,27213.6302260741,-448.48909748287,0
1587,6468,5.44257277076372,4175.02644867336,25.0198568607352,12.9914870463165,13.3369882311152,19.9783932734785,35050.2953018028,18107.8510897644,-70.829217203977,0
1587,6469,6.7894696081953,3128.05352030311,24.6755115246863,15.7817832227683,16.2907990294032,24.2939382771585,30386.5997144097,16136.4620073327,834.525580969318,0
1587,6470,5.88287623555659,1785.90539523046,26.5857322427773,24.0521169967939,25.1844192241069,37.1233397131023,33264.4467468095,27785.7879975582,420.693278599572,0
1587,6471,10.4282047413805,3835.39499238971,24.8807465332985,13.7436650737604,14.1308980067099,21.1410874210352,35996.0769763037,24246.2042218386,-1034.30013450376,0
1587,6472,5.42394838442361,1673.97597143913,26.4377918994724,25.2206067556045,26.445159531863,38.9371563370637,29210.1369918997,27237.4623924436,-450.149632538188,0
1588,6473,5.47813685224287,4218.72603267336,25.0198568607352,12.9009877789945,13.2414430657835,19.838495177345,35029.6112658559,18101.8820597964,-57.9333726646214,0
1588,6474,6.81471006234787,3129.15482030311,24.6755115246863,15.7779288638241,16.2867009965399,24.2879721330689,30391.4774014969,16106.9760800649,796.187358862493,0
1588,6475,5.66517774987619,1355.1469217832,26.6263717151859,29.7250010809737,31.3325037762502,45.9368871303189,33239.211665221,27781.8463098577,456.301188031133,0
1588,6476,9.94878327288083,3247.41092238971,24.8807465332985,15.402243752439,15.889406775503,23.7070407944366,36046.6862405382,24256.4348893921,-1036.19864640872,0
1588,6477,5.52218759212472,1968.5589648039,26.418229704457,22.3298693245336,23.3239479080952,34.449333733087,29234.5759429241,27225.8806757978,-433.97217087554,0
1589,6478,5.65960248142724,3856.04591667335,25.0198568607352,13.7073154305507,14.093581159285,21.0851885603605,35047.3164397281,18100.5920252534,-63.6442359576566,0
1589,6479,6.75735517808548,3139.48501430311,24.6755115246863,15.7418944680008,16.2483902722382,24.232195150287,30392.4936894794,16109.7356599748,833.177705491244,0
1589,6480,5.93582777449104,1418.70658847349,26.6096298198129,28.6796080843603,30.1966727588359,44.3119205118088,33250.9808958271,27767.1511809368,392.018717669995,0
1589,6481,10.15489993789,3202.64909382272,24.8887838264705,15.551869371358,16.0484803389972,23.9386424814459,36027.8056969714,24257.6782599978,-1065.13879168962,0
1589,6482,5.52643085639132,1100.2059408039,26.418229704457,34.9636840462897,37.0330696247464,54.0824775926447,29233.3202149861,27212.5321401629,-442.731759259112,0
1590,6483,5.49226038721358,4541.13627070036,25.0519710308165,12.2841704466942,12.5911271896916,18.8852343709355,35051.0940504708,18098.3898658134,-64.8801449679321,0
1590,6484,6.71409274577384,3483.5188605629,24.5766467302444,14.6422214025737,15.079944574149,22.5302215659417,30393.4800255221,16135.7867480395,812.711732374388,0
1590,6485,6.08654553488341,1615.91276424722,26.6895173363087,25.9703644068918,27.2605325501704,40.1027702353062,33221.9492391774,27726.7864059921,409.073877307088,0
1590,6486,9.71884719491814,3196.64795435693,24.8535027413,15.5678312042098,16.0651040981856,23.9632541005527,36038.0409113263,24228.8216590318,-996.072824008815,0
1590,6487,5.34401090815007,1625.4230415032,26.4330806520953,25.7893872099901,27.0604929730932,39.8205195929814,29233.2681868614,27233.459968136,-452.210298341165,0
1591,6488,5.55963141274183,3945.08757400321,24.9884068990895,13.4940878555819,13.867803026048,20.7553894666115,34982.5194789396,17745.6384843094,-129.741671435456,0
1591,6489,6.75075736025669,3871.6830585629,24.5766467302444,13.6266059136078,14.0045831955173,20.959379997889,30394.558620642,16104.0982992745,830.46018967241,0
1591,6490,6.07749413375538,1611.90403224722,26.6895173363087,26.0195895241783,27.3138305786608,40.1792333512531,33254.2321927018,27750.1247015782,442.312240865448,0
1591,6491,10.6489199239818,3758.75147435693,24.8535027413,13.9305211089373,14.328408959453,21.4300028355395,36006.4486062531,24250.0015454853,-1013.27847201609,0
1591,6492,5.60745845997603,1495.8000315032,26.4330806520953,27.4818772810618,28.8940436431295,42.4498149039266,29252.3800112444,27215.5665833101,-450.000866033908,0
1591,6493,5.89351522077317,1147.20277982781,25.2513781833107,33.3709654559546,35.2722105554965,51.5982238193241,27761.9787313428,21868.8187620016,-44.7484919475767,0
1592,6494,5.44807118422994,3685.85294894605,25.0296300256332,14.1354379210018,14.5468701782282,21.7473559789109,34945.2645811752,17746.9876402302,-144.494842276006,0
1592,6495,6.61179968384402,3273.7212105629,24.5766467302444,15.2807857524048,15.757498163871,23.5182728892227,30359.8494839225,16130.0138126183,825.245953681348,0
1592,6496,5.98595766540043,3404.35788624723,26.6895173363087,15.1096818164074,15.5950132186753,23.258775552509,33217.0614376317,27771.4508689639,387.855162075438,0
1592,6497,9.79933911852914,3359.64035435693,24.8535027413,15.0422255490317,15.5068239179575,23.1498239749632,36061.2486095956,24270.8333660861,-1063.44013314998,0
1592,6498,5.19927851782685,1506.5266935032,26.4330806520953,27.3313522478853,28.7308390974745,42.2159351095275,29254.268834314,27214.3840275486,-471.695453075211,0
1592,6499,5.48148685844019,1320.06282782781,25.2513781833107,29.8937179933206,31.4899606766827,46.1919563114989,27786.2117046268,21879.0715020305,-88.4905298116207,0
1593,6500,5.3823212068012,4526.91575894605,25.0296300256332,12.3080211597067,12.6161026313962,18.9220474603236,34944.4624342731,17751.7555807135,-157.817204225157,0
1593,6501,6.32842078106737,3661.10786029161,26.7133232605387,14.3723618780036,14.8121097203822,22.1177647142213,33224.0030733806,27798.207828228,390.820971293708,0
1593,6502,5.52368343177687,3536.34774345055,26.9819800940124,14.7478735579202,15.2130327384018,22.6994782460489,32009.3910942527,28548.3570346547,-424.787093195278,0
1593,6503,5.77716636765199,1119.18570782781,25.2513781833107,34.031182372836,35.9914747699876,52.6250264436321,27770.2517572144,21838.5491320249,-25.7625155996006,0
1594,6504,5.69286049885423,6163.3092428219,24.5972342803014,10.0324040855888,10.224343393034,15.4072227536243,34474.6858725039,16018.1454772832,-263.716791505652,0
1594,6505,5.61254798668228,5594.11951094605,25.0296300256332,10.7080861861335,10.9342760972863,16.4507938221699,34944.1408036073,17739.5038990357,-172.452889762566,0
1594,6506,6.27119449876006,4131.39209424723,26.6895173363087,13.2323750067471,13.6040892156949,20.3542926495757,33221.5746542641,27762.14670791,409.302748564103,0
1594,6507,5.34633894203712,4344.21666795367,26.9656232741363,12.8137646153351,13.1634607029513,19.7075502674257,32028.919880562,28526.4051811153,-484.386652760302,0
1594,6508,5.47281066867076,1648.5062895032,26.4330806520953,25.5144691857581,26.7629868267967,39.3935247000356,29246.1043425216,27200.4935118698,-480.984976693194,0
1594,6509,5.93375529200248,1066.69774982781,25.2513781833107,35.3576007249504,37.4375064966211,54.6882232245632,27776.4352447768,21864.5179741409,-70.4468369202711,0
1595,6510,5.36743976499977,4872.2993048219,24.5972342803014,11.6899880028003,11.9625557140046,17.9663669274506,34472.2378888601,16008.2071940962,-302.205960148821,0
1595,6511,5.89141236535982,3847.69721424723,26.6895173363087,13.8886679955414,14.2989876050584,21.3693732566478,33245.7037099771,27774.1325773484,430.06312223017,0
1595,6512,5.42926279540365,3960.68324134237,26.9732675632137,13.6433118702832,14.0412238841012,20.9904420707951,32006.910099292,28534.0581160023,-403.861798398755,0
1595,6513,9.08563961574603,2316.21814013467,24.6341973126656,19.5094540811361,20.2694366727352,30.0682028078741,28777.1946159215,17334.6127792896,-1216.76275172406,0
1595,6514,5.43682365337391,1259.61129916574,25.4004773047603,31.0574442700213,32.7575510896026,48.0017525417951,34852.1281008807,22095.3907220481,-226.064054563991,0
1596,6515,5.50696976011841,1585.46394316574,25.4004773047603,26.0110146197527,27.2832713545163,40.1600202448546,34832.8893722971,22119.5528137958,-230.85148146872,0
1596,6516,5.88312156008658,3771.02470824723,26.6895173363087,14.0812373695734,14.5031174442013,21.6672818926172,33236.4328473452,27784.8418658847,452.977871895579,0
1596,6517,5.16295532664326,3708.15054345055,26.9819800940124,14.2735220736176,14.7094193041136,21.9654315268016,32005.2336629797,28543.9449410753,-438.407742264357,0
1596,6518,5.12253240251523,1158.0989768219,24.5972342803014,32.8723486205783,34.7152779774173,50.8189304841454,34435.9187420185,16022.1666538503,-286.150953306961,0
1597,6519,5.10433393365132,1915.21360176473,26.6866605770867,22.8470656660368,23.8852494181482,35.2530610449953,29362.886118293,28923.9936965473,-491.964852224592,0
1598,6520,9.42315950022958,1493.17259813467,24.6341973126656,27.0086180232171,28.3495909017719,41.7058003326563,28779.4629823433,17300.4910330447,-1198.37455678354,0
1598,6521,5.16641920140284,1863.91504776473,26.6866605770867,23.3150914613738,24.3901649739298,35.9795437685771,29339.5927276739,28940.9663532066,-501.973954665421,0
1599,6522,5.93999957966322,5677.43721203653,26.71262476668,10.7108141950734,10.9467252310434,16.4576546737108,33287.4209373055,28373.8693283806,373.483848240203,0
1599,6523,8.50243696505163,1425.06820613467,24.6341973126656,27.989896652069,29.4125581930169,43.2301962878917,28763.7724363939,17357.7698095461,-1271.39898008397,0
1599,6524,5.33278227733845,1847.59378176473,26.6866605770867,23.4691110201681,24.556394672099,36.2186370251591,29347.3819562408,28924.7872899775,-451.276208921463,0
1599,6525,10.9949881230317,4540.2433771833,26.8677133038409,12.4311529145807,12.7586751414784,19.1158592641829,32658.8036348683,28093.8491518322,1230.19770731296,0
1600,6526,5.99231215126123,4410.76447579619,26.8607306461513,12.6746043631921,13.0156972202521,19.4921971623571,33290.763787099,28394.4469304866,308.990318871304,0
1600,6527,6.25542838538135,5827.22241239319,26.1006616046289,10.4934226048611,10.715278869252,16.1210624183851,33510.3942687492,31541.3515463729,307.378566195847,0
1600,6528,5.11902919372236,1817.01766067698,26.9175456490862,23.8161054548505,24.9344148696732,36.7582695211786,29391.1646937176,28913.4904286057,-472.07483188449,0
1600,6529,11.436427080889,6931.20615535437,26.2887572916618,9.39280787684567,9.56442729421531,14.4227293981047,34025.5073888931,30366.9114117587,-870.36581815857,0
1601,6530,6.27567964428203,6584.10185039319,26.1006616046289,9.69725486710976,9.88167215170426,14.8922117272969,33515.043753531,31526.7168378974,317.60857445678,0
1601,6531,5.92504566700255,4223.31369580041,27.1387288261813,13.0752457582309,13.4411450363914,20.1122072862461,30594.7746230167,28897.1092556701,402.35234183879,0
1601,6532,5.99210390054938,4112.29014979619,26.8607306461513,13.2891424561918,13.665414064373,20.4424299988647,33293.6887314241,28384.2984971428,335.004967299462,0
1602,6533,5.67598154366968,6238.60459180041,27.1387288261813,10.0973977219915,10.3056616387327,15.5112062745081,30613.2673683706,28914.4791479902,427.902272673077,0
1602,6534,6.2520711204172,5429.87183888248,26.9153102175433,11.0415369169871,11.2952501998799,16.9687299228683,33275.1907310537,28381.3802588966,355.778228384383,0
1602,6535,5.08886112605715,1626.65682653935,25.5885884395616,25.5586328504631,26.7970539592355,39.4583178899269,34347.2061529453,19896.7367862178,-260.765323672745,0
1602,6536,8.44867302260849,6457.00314212781,26.4239017593917,9.83688245047218,10.0293098623151,15.1081207353212,33803.0410228177,30308.7606927808,-911.593496107424,0
1603,6537,5.97727494249777,8298.05761780041,27.1387288261813,8.41534503019725,8.54878592428893,12.9162023666652,30620.5776392923,28921.8615778853,409.228284841108,0
1603,6538,5.30840646220842,3238.38735053935,25.5885884395616,15.5156332626676,16.0166220561603,23.8843895945225,34311.3785029235,19898.1392696999,-244.580084013978,0
1603,6539,5.67249261147635,2176.21877651537,26.08970002071,20.6785307551873,21.5425997671343,31.8861412592342,27414.0992572444,25781.4127363601,-4.53520783849362,0
1603,6540,5.5149454922595,8198.10063066693,26.9381075603426,8.47165409508209,8.60661943332241,13.0028026687313,29686.3276682611,30129.1955406746,-406.970162138989,0
1604,6541,6.04950179440476,7166.16350380041,27.1387288261813,9.23559665805271,9.40410919274243,14.1812654880878,30585.5571535611,28895.7202830851,420.650823364365,0
1604,6542,5.2550387859935,2533.59940253935,25.5885884395616,18.4449024862072,19.1413212474306,28.4214143065895,34323.9537883191,19882.7634221324,-270.533835001892,0
1604,6543,5.54542943960251,2274.16839851537,26.08970002071,20.0252445010326,20.8409956803489,30.8729808973739,27419.8188963714,25788.4907194377,-8.86455085593691,0
1604,6544,5.49378091643651,6075.80742666693,26.9381075603426,10.2608169774564,10.4758985402079,15.7631968795679,29661.3476305469,30108.9197477953,-376.716933503642,0
1605,6545,5.68848870777641,3408.66255578825,26.1956884739925,15.0422723696826,15.5190238447593,23.1532433299489,27343.9241979528,26568.282970111,145.215653330973,0
1605,6546,5.88543488118867,5372.67442780041,27.1387288261813,11.1333273921189,11.3930331575224,17.1108664691193,30614.745759692,28905.0761768154,413.160180774863,0
1605,6547,5.34340760494762,2412.58855853934,25.5885884395616,19.1042547509367,19.8472266577414,29.4433667796178,34330.3936728714,19898.5047489933,-259.16696617764,0
1606,6548,6.0487809761331,5363.57768980041,27.1387288261813,11.1457671849236,11.4061137689269,17.1300820487312,30614.6758776434,28898.5511540094,427.041685400169,0
1606,6549,5.34174612626967,3000.79288853935,25.5885884395616,16.3623049189798,16.9177468132098,25.1952035499195,34284.8591867861,19913.2919171898,-272.642987995475,0
1606,6550,5.55054547429416,971.705915788254,26.1956884739925,38.5437939637194,40.9378733755094,59.6517983208103,27330.7132018733,26551.8436171142,161.821463636254,0
1607,6551,5.92712062318839,5024.79578380041,27.1387288261813,11.637320770902,11.9234107822201,17.8894936525061,30595.9204956272,28893.1249622372,413.348225979456,0
1607,6552,5.35623803261848,3071.68461821756,25.695860423403,16.1106037933334,16.6507297842095,24.8057610020782,33692.1916892826,20308.2587285739,-303.446488697673,0
1608,6553,5.41128906986536,6633.83946821756,25.695860423403,9.62929138801421,9.80863730423144,14.7867939123117,33697.3830187933,20299.5772600536,-237.697326813448,0
1609,6554,5.47003202545011,7894.90708079288,25.6887980017375,8.62183814386928,8.75785661554718,13.2329431147533,33714.0755610752,20284.6295628902,-241.131761561774,0
1610,6555,6.06343922706179,7388.64827894614,25.5162801687176,8.98215692929659,9.13241470033535,13.7883357390095,33653.4319502264,20275.9886176608,-319.873701309013,0
1610,6556,8.16148130464719,7331.17550611062,25.4368789176707,9.02293101774387,9.17455634417265,13.8511170506601,33084.7904732604,19328.0657701591,-472.916491498919,0
1610,6557,9.39720957242896,3105.14374904407,24.6239937349804,15.8560810418717,16.3692874063987,24.4088039905286,22383.4041110683,22267.3768845202,-1197.83205733176,0
1611,6558,5.80135484766027,8327.91106287599,25.4182785895705,8.32663175301532,8.44966530514186,12.7775480525717,32909.0869435022,19176.3317607393,-323.046336895937,0
1611,6559,8.39771874311409,8001.1240564629,25.5068297150267,8.54190001296226,8.67390132550732,13.1094892288956,33480.8560421593,20114.4154933451,-452.166918591622,0
1611,6560,7.34057172783298,3405.78925518152,26.7329854708408,15.1100338174916,15.5957678166239,23.2594251746548,34033.9987580086,28376.0843291791,-1383.13056885468,0
1611,6561,9.38956190610896,3323.46546104406,24.6239937349804,15.1282870529083,15.5960373131618,23.2824077280631,22399.51027702,22248.6223519554,-1148.68718933223,0
1612,6562,5.67621982765281,8261.90616211062,25.4368789176707,8.36895154138891,8.49373526386767,12.8428011637312,32915.958394261,19186.0420760982,-314.937899220767,0
1612,6563,8.54799314358559,8090.2192264629,25.5068297150267,8.48273854437981,8.61235394651541,13.0182847661526,33488.0262528187,20129.7355420541,-453.282292538515,0
1613,6564,5.81020213268804,8604.93908611062,25.4368789176707,8.15898598885463,8.27553560170035,12.5191784776863,32912.2599353318,19192.4476575763,-345.214643406854,0
1613,6565,8.17894875083727,8584.8350824629,25.5068297150267,8.17366576298163,8.29105986258617,12.5418791210218,33472.8462609733,20122.921437776,-435.503073462631,0
1614,6566,5.76396903593774,8093.73765211062,25.4368789176707,8.47746424465405,8.60657770794723,13.0100736659884,32923.7983239496,19202.8663960995,-303.303184825113,0
1614,6567,8.28756617133198,7922.22812894614,25.5162801687176,8.59565598723948,8.72987793919431,13.1923750580725,33469.4730529031,20129.8239654671,-451.780257360536,0
1614,6568,5.55719879869961,2089.99478167469,25.6521470541869,21.2163665940987,22.1148882758716,32.7187852279942,29910.4976564581,23002.8776403371,-178.058308627304,0
1614,6569,5.32139177714321,3680.53952873461,27.3978258039094,14.3884629722834,14.83476273438,22.1442120284364,32037.1254018002,29464.9813161558,-343.777862870162,0
1615,6570,6.47577430320676,7000.89938375805,25.5274503636043,9.29535552917625,9.45910683114063,14.271405911791,33526.5269967837,20303.2174157806,-524.157848231302,0
1615,6571,5.34976574189134,4045.9949207346,27.3978258039094,13.4847585175374,13.876471690462,20.7460714492129,32040.7088019303,29470.3238221976,-326.50155544625,0
1615,6572,5.79665100700664,6322.42534948755,25.3881372304256,9.91406399315139,10.1047821125437,15.2257708918151,33148.1622672076,19486.407765759,-131.269764468957,0
1615,6573,5.49345254751436,2159.97138367469,25.6521470541869,20.7110839257952,21.5718447937254,31.9350501398016,29911.0673515543,23006.6393083227,-169.273422165119,0
1615,6574,9.50589833062643,3955.45649592304,26.9547589048934,13.6538973906457,14.0522958807239,21.0067770327336,29946.1164709647,31299.5308411127,-1174.61433477018,0
1615,6575,6.49021848147097,1594.38880531878,24.5345914241085,25.6706184193494,26.9003226955845,39.627290316605,24991.3914270512,20032.4645095908,471.278638594957,0
1616,6576,5.86667820122093,7455.07550375805,25.5274503636043,8.93195374035004,9.08014369476792,13.710929763698,33606.662887678,20326.2559569747,-508.615676788727,0
1616,6577,5.38584167235629,3249.2704487346,27.3978258039094,15.6889286946365,16.2176413026636,24.157251121901,32016.2750485526,29463.6039556184,-330.002387872857,0
1616,6578,6.01791390397038,2646.03717578936,24.5609247607751,17.7291336999487,18.3644454637525,27.3091096862864,25035.7381654198,20032.4788399061,479.986039228269,0
1617,6579,5.47833263802367,6748.26435494614,25.5162801687176,9.51520515610123,9.68857105470334,14.6105358195777,33684.9013811434,20318.4342928648,-332.289619997716,0
1617,6580,5.41244723124693,2788.83894473461,27.3978258039094,17.4767142646195,18.1254839041191,26.9264941294287,32019.0333054473,29482.7803190922,-328.959756341565,0
1617,6581,6.06520180217233,2821.27603178936,24.5609247607751,16.9453408746811,17.5283105206473,26.0951117166686,25036.8062677464,20031.2306983946,438.137435193346,0
1617,6582,4.98010090514549,6722.70476198295,25.4650226581271,9.53563915377815,9.70966199350733,14.6419908496639,32639.26484943,19735.7628892645,181.753529952087,0
1618,6583,5.41488092912347,2755.9761527346,27.3978258039094,17.6251509983042,18.2842144398967,27.1565095836077,32023.5490521327,29479.5793704127,-319.703104767293,0
1618,6584,6.91900148569172,6752.65344423264,25.5611892720503,9.51357667558297,9.68708930421564,14.6080841087203,33329.8272417692,20784.5114225929,1171.99672876308,0
1618,6585,6.03724053454101,3384.19451378936,24.5609247607751,14.9338335204892,15.3890837676772,22.9813568384375,25039.9795186543,20031.0281733031,431.030950132526,0
1619,6586,7.65761842981844,7185.32418772246,25.5154617372382,9.14240596201971,9.29948782954204,14.0354780775226,32991.7664147609,20070.3767165715,1135.19677334869,0
1619,6587,5.57545695422833,2861.52589392128,27.3617944914507,17.1547901730542,17.7810399923516,26.4275916233022,32209.0785347114,29655.0581540693,-332.007872843465,0
1619,6588,6.2915045910268,1995.23495378936,24.5609247607751,21.7292004860335,22.6509733047294,33.5100740473462,25064.0546591585,20030.6888349695,455.135039945796,0
1619,6589,6.99874401154046,6602.75683196916,25.5949587389838,9.6529630615987,9.83287400618532,14.8231786112828,33334.5385195948,20762.0470661679,1217.09577342155,0
1619,6590,5.42484970817804,1447.35291916363,26.901472554671,28.3236674205722,29.8153665510263,43.7601527751779,29376.6044088444,31246.3256417668,10.556087051627,0
1620,6591,5.71398579356349,4255.89530905393,26.8056050732456,12.9791444364255,13.337133535231,19.9629461268719,29330.2916114879,31260.0090709274,-73.7156131281025,0
1620,6592,5.37792023475041,3249.00200941034,27.2682675946282,15.6750150824182,16.2016596586312,24.1353869942845,32297.6342903022,29734.3524970878,-253.076462309879,0
1620,6593,7.55409735630325,6514.59041867035,25.4487554329889,9.72862204408677,9.91121175842396,14.9397121987716,33009.4748356731,20026.2314558125,1155.47580671266,0
1620,6594,5.51784068859767,5561.74251951746,25.3573931660833,10.7697496410834,11.000856776146,16.5465259520442,33711.907412727,20298.7883726487,-258.652777590046,0
1621,6595,5.37167474779222,2759.01161341034,27.2682675946282,17.5934725467485,18.2489967856542,27.1070512506773,32270.5378296952,29722.3236910562,-251.493223818031,0
1621,6596,5.63705541484095,2023.558557935,26.8418795777875,21.9624861654545,22.9339558310576,33.8808272438724,29360.7053604421,31250.9786604707,-102.071206630544,0
1621,6597,7.65378963860682,4904.06365699178,25.4923023850728,11.7067031162329,11.9860456348132,17.9938189614229,33261.670160003,20730.9177606285,1241.49354892095,0
1622,6598,5.65926952673949,2856.08158293626,25.5177102901106,16.9309396948274,17.5231706832758,26.0756218572302,32612.1466893216,21150.7575805639,-375.13463820421,0
1622,6599,5.01011639964437,2697.41492305063,27.23974602922,17.8755751075238,18.5504476385901,27.5441342569051,32386.3808561727,29693.9478368474,-155.278602375591,0
1623,6600,5.54291929389428,1950.91158266903,27.2101083856774,22.6423940136961,23.6718111132997,34.9373998425642,32646.5229276134,28906.8349940112,-157.358890656915,0
1623,6601,5.49677386284264,3883.22004093626,25.5177102901106,13.6902164890964,14.0795155869677,21.0598550428298,32614.1745187691,21183.3720508351,-351.448956553577,0
1624,6602,5.43438946046513,2102.34994415841,27.2036852772948,21.4192774674857,22.3537695322206,33.0392605371114,32650.8748608315,28888.3007518288,-150.003769555795,0
1624,6603,5.21381781749019,2833.77488012475,25.5221939928676,17.0253937032959,17.6239734683262,26.2219307225036,32626.3398955462,21157.8117310849,-355.592936236877,0
1625,6604,5.62897473308813,3192.20883866903,27.2101083856774,15.8628964603904,16.4012476072217,24.4261604357934,32652.0272544013,28906.5962197157,-195.649248136374,0
1625,6605,6.38702435895505,2409.46213843308,26.0302846744255,19.1944902638888,19.9492247824143,29.5847121304752,34841.3501337755,27281.0925923294,654.68881036898,0
1626,6606,5.57269053105056,3067.34949306277,27.2468684357843,16.31812643723,16.8868152948598,25.1312377824404,32638.5182940011,28907.7997514969,-163.498681479106,0
1626,6607,6.03837367989625,3473.31793843308,26.0302846744255,14.8303922700047,15.2925142922611,22.8249349914656,34846.9882289811,27289.6149051477,630.283228815423,0
1627,6608,5.58683859426503,6948.17651106277,27.2468684357843,9.42528872351036,9.60279798285088,14.4740692888523,32632.079684229,28891.0865916591,-167.341933811093,0
1628,6609,5.70305959499156,7636.52701466903,27.2101083856774,8.8722751493669,9.02520930351691,13.6209082259161,32642.4192500334,28881.0288281339,-165.689531680835,0
1629,6610,5.64153398577516,7885.79525666903,27.2101083856774,8.69343700377863,8.83874592161724,13.3450944012558,32682.1050623591,28881.4072288245,-149.680626350221,0
1630,6611,5.6817251891995,5656.04059056463,27.0751218209503,10.759688778013,11.0000470796251,16.5336837254831,32679.8371150371,28781.0009022555,-141.609602356731,0
1631,6612,6.1297334024851,3185.14744317882,26.402639878752,15.7923791746507,16.3186844723773,24.314917234252,33907.7512791756,31033.5439456385,-309.356985802593,0
1632,6613,5.7427282884814,3994.77818175893,27.1791978813296,13.5825800291904,13.9784515123063,20.8969310157786,30069.4159112338,29051.4357154313,-674.268698881652,0
1635,6614,5.25681360002032,6777.34882636627,27.1545310019913,9.57251182229012,9.75629604280485,14.701123119914,31602.2967108361,28447.0692646629,377.888170378065,0
1636,6615,5.54919376675515,7995.38662636627,27.1545310019913,8.61555297113122,8.75735883099978,13.2249268820757,31605.0470727012,28438.2781258181,394.091777644806,0
1636,6616,6.53603197187997,3820.80412385531,26.4300830420822,13.9304306712356,14.3411922439573,21.433411935093,26705.1166058759,29181.6309465424,959.283023095878,0
1636,6617,10.5825423947731,3954.53377658857,26.7828392975571,13.640208000809,14.0364821702609,20.9852403461116,32555.3280180103,28513.9424896408,-812.075672857807,0
1636,6618,6.38398305541465,3492.77295902422,24.6455179423344,14.623203847781,15.0604026307952,22.500971107929,26155.5594892016,19605.8405104845,113.524285382869,0
1636,6619,6.16108809119754,2562.79188630544,24.5777923064953,18.1383513737053,18.8017233919592,27.9431393196878,27396.4743084243,18954.3116724117,302.096719195834,0
1637,6620,5.96307168042683,7929.02183757844,27.1882910208393,8.6624968444713,8.80641149167965,13.2973560070099,31584.9120273129,28407.8802151098,387.347875366256,0
1637,6621,5.72867981434179,6728.58099746179,26.9097912870946,9.60462894481425,9.78872926860468,14.7503643366126,32980.8226136849,30289.7682561992,143.94380168875,0
1637,6622,5.45054198228052,3783.84557840438,25.9961774834653,13.9808226658787,14.3911013334931,21.5104027624352,27147.222254969,24225.4621065373,-172.111851585851,0
1637,6623,6.55106557482143,3669.33132185531,26.4300830420822,14.3216682500936,14.7559954348722,22.0386857734045,26699.8642791649,29176.8511152824,945.370085491343,0
1637,6624,6.00482715128644,4599.46932902422,24.6455179423344,12.1477409811604,12.4445533182622,18.6736342966548,26203.5746799497,19609.3081736428,136.141008055164,0
1637,6625,5.59653112225193,3825.95253686932,24.6966911483493,13.7484877780536,14.1344798277346,21.1481264451504,33303.1043932295,16465.6614338192,-388.581602878924,0
1638,6626,5.74720777123393,7318.56943346179,26.9097912870946,9.10177973815894,9.26337867711254,13.9745519754712,32975.0676697288,30293.0062737937,156.770700438385,0
1638,6627,5.80358932979686,3286.89496640438,25.9961774834653,15.4035143021354,15.9011926327062,23.7118817097133,27153.1463613065,24239.2355550334,-160.112255085273,0
1638,6628,5.94678899971664,5712.70009036627,27.1545310019913,10.6945378159781,10.9320714812019,16.4331924860754,31594.8409341519,28417.6796177307,346.824294533418,0
1638,6629,6.50231315884176,2926.94865269156,26.4703736354,16.7664272717833,17.3574485320433,25.8235053621601,26726.2840210724,29169.2219862424,964.356791263902,0
1638,6630,5.33691318430797,3943.17490886932,24.6966911483493,13.470701015813,13.8407339485748,20.7185814366345,33278.5375491435,16462.373346473,-353.463394767542,0
1638,6631,8.86666543502355,3365.23589514875,25.1689575795333,15.0608493870214,15.5295036653912,23.1794446845205,31519.7657583551,19044.1909295458,-1340.18937497655,0
1638,6632,6.06068698757657,2360.12996102422,24.6455179423344,19.2496081751381,19.9912626056457,29.6654635706488,26203.4533395714,19617.5806971094,122.707684715121,0
1639,6633,5.72399157129885,5269.39791693039,26.8765794170242,11.2592895248864,11.5239646248415,17.3050189870571,32980.5084841208,30314.3327405262,161.843838258553,0
1639,6634,5.70625185028663,3055.15942040438,25.9961774834653,16.2090738652943,16.7585471896501,24.959042213142,27156.3846526967,24237.3944945624,-161.491427650518,0
1639,6635,5.33979827545303,2752.93392086932,24.6966911483493,17.2596219402643,17.864920063723,26.5822633155899,33306.7204910459,16455.4379463444,-334.812513807866,0
1639,6636,6.69690731306097,2543.29612385531,26.4300830420822,18.523922971215,19.235539351818,28.5465413062069,26708.9394797429,29194.5598029366,955.570557669316,0
1640,6637,5.73054857057259,6073.52511252169,27.0084818374566,10.2673327400782,10.4830942478204,15.7733568903621,32976.4445584986,30306.7681110797,157.528851439485,0
1640,6638,5.54817334948083,2836.63217015783,26.4183909886573,17.1350994323532,17.7504173524868,26.3944438759693,27145.9793344672,24224.0058329133,-152.737729626355,0
1640,6639,6.63015903914849,3048.19737344744,26.584433005046,16.3083670922994,16.8700753802063,25.1143785973035,26714.8238953001,29184.746496395,958.939346810627,0
1640,6640,6.11912055266004,3409.81776624584,24.6428363004155,14.8659111736817,15.3177796554368,22.8764713727517,32843.1377860096,16544.9191591079,330.017751757783,0
1641,6641,5.74388287186109,4975.81623625014,27.0327488243567,11.7057501801309,11.9948318425953,17.9950481899202,32981.3981646919,30307.788204408,150.075982847087,0
1641,6642,5.27382595443558,4127.31669201255,24.6842621771853,13.061849432487,13.4087051564737,20.086454530644,32485.2874245943,16644.0561562187,-256.879031125126,0
1641,6643,5.64295089539917,2831.74239815782,26.4183909886573,17.1560515066362,17.7727891286156,26.4269017063006,27160.2127468867,24229.3346164444,-183.986732121872,0
1641,6644,6.81865354455978,3010.55493944744,26.584433005046,16.4514557930318,17.0226249854211,25.335979149475,26694.7372366857,29189.2122495232,911.603912309901,0
1642,6645,5.74043294002242,6236.18800825014,27.0327488243567,10.0940788539456,10.3016483928868,15.5059349600854,32977.4898688307,30298.0723954473,145.382617143704,0
1642,6646,5.27896872807045,4907.27937801255,24.6842621771853,11.6415532825046,11.9122098000663,17.8917116487726,32474.2762014568,16643.2478748972,-243.314227902721,0
1642,6647,5.5597006828565,3107.92641215782,26.4183909886573,16.0676234332456,16.6119440186271,24.7411356120599,27153.4455143798,24228.7308199259,-145.951657467215,0
1642,6648,6.75548962238149,3627.19483544745,26.584433005046,14.4515069744512,14.8950326465689,22.2399354792567,26702.8875437618,29182.9459029233,941.035370320831,0
1643,6649,5.28169988243055,4750.4680239569,24.6797801335567,11.8933585406985,12.1770276466591,18.2806830278242,32451.5888312664,16650.7193174709,-276.658185685033,0
1643,6650,6.62108883543771,3598.12051544745,26.584433005046,14.5317613157759,14.9802104628182,22.3641195147684,26709.6047913302,29176.5746359443,959.891409734902,0
1644,6651,5.25528614765195,5142.73731801255,24.6842621771853,11.2885977733604,11.5413243707972,17.3465750544155,32481.4033165226,16644.5245270227,-253.062890353464,0
1644,6652,6.82070504333992,3025.57667144745,26.584433005046,16.3939644219332,16.961326523857,25.2469410299521,26708.9624810189,29177.359699713,940.824571143152,0
1644,6653,5.85836217248172,3927.18710550251,26.4923054425892,13.6777786699144,14.0740330162692,21.042735976374,26365.0882558765,24587.416068521,-176.477571794548,0
1644,6654,6.17424486971916,1299.79768662419,26.3265899171209,30.611641800263,32.2907817617081,47.3136852934404,33632.6669291431,27009.3173802395,621.095415286154,0
1644,6655,5.56500911791326,1873.06261396864,24.4803947355364,22.7467304925228,23.7446738427848,35.0883870836112,35694.3847767091,18361.3976653887,100.256278105743,0
1645,6656,5.95689002369018,4612.78009122931,24.4571937781498,12.1093537196733,12.4028099772749,18.6139576885134,35721.607501312,18379.7717305141,79.9061646407155,0
1645,6657,6.14553577314676,4106.37263262419,26.3265899171209,13.2547110354112,13.6250180185988,20.3880895442991,33629.9518984212,26999.3022879486,620.009658276059,0
1645,6658,5.83778268404079,4230.73108651063,26.4849140554394,13.0037555410139,13.3608364047441,20.0003624492959,26345.8391651464,24566.3852320788,-122.579460514749,0
1645,6659,5.67835536645504,2153.81102995845,26.6635872427076,20.9417352678272,21.8329617831202,32.2964594054204,32365.4748876982,32152.5629303876,152.444187295648,0
1645,6660,6.36841905335311,2478.06406599964,26.6924827229198,18.9145671037738,19.6569881625055,29.1529027903878,27050.2999008163,28497.5104556785,-166.96645681304,0
1646,6661,5.89113192360543,5152.14433195845,26.6635872427076,11.4132514492041,11.6846453766725,17.5425071029719,32361.6301717396,32163.7115525706,150.591609328738,0
1646,6662,9.12340302108788,6074.75217275053,27.0208572084173,10.2666897160243,10.4824843546243,15.7723819240656,28589.5206256479,31005.6928980401,-1212.74254531303,0
1646,6663,6.39834986468684,4674.37912062419,26.3265899171209,12.149575261162,12.4580000657278,18.6796454782964,33657.8035995856,26970.7539067929,594.529345276123,0
1646,6664,6.80024316931855,4075.89418733013,23.7736550225588,13.0879239519614,13.4290510652094,20.1247811210714,34151.2722920558,14106.7697643375,958.66912512558,0
1646,6665,5.99404906937895,3896.43880950251,26.4923054425892,13.7512317829513,14.1518289520009,21.1563510845039,26337.9141048501,24580.6083021539,-139.087535387068,0
1646,6666,5.73773777076452,4728.53534515216,25.6305069464883,12.0034101779844,12.2993193400077,18.4524913549352,34327.5156344919,25552.2413344725,-78.8000529596384,0
1647,6667,5.90122825296826,4580.85596995845,26.6635872427076,12.341162547657,12.6623266712623,18.9763780786466,32343.0914950181,32147.4652934463,160.053126687845,0
1647,6668,9.2333247171171,5492.14244675053,27.0208572084173,10.9658380239923,11.2162997735771,16.8519776819553,28592.0286627656,31015.745845979,-1239.59420228752,0
1647,6669,6.97555128653531,4819.46992133013,23.7736550225588,11.7109492458875,11.978994679784,17.9971987825228,34136.1090171689,14124.5307800199,932.228108042336,0
1647,6670,6.04292731035193,4919.81580307859,26.2773376420025,11.7394275454004,12.0255480073994,18.0457732220191,33637.6928535802,26953.8495946042,623.543127114711,0
1647,6671,5.93893413706196,4681.61996515216,25.6305069464883,12.0832088148631,12.3833806814377,18.5757968302546,34375.5855903215,25489.2338561275,-165.710390218681,0
1647,6672,5.94580237748678,3039.12081150251,26.4923054425892,16.3310839194707,16.8933977705473,25.1493130895418,26345.0739974604,24568.6940420741,-159.775932775595,0
1648,6673,5.70008816020673,4487.66396395845,26.6635872427076,12.5123642139571,12.8430129783684,19.2410131230352,32360.2653351945,32160.2523901701,196.689147849348,0
1648,6674,7.07010262176858,4454.65328333013,23.7736550225588,12.3355142240026,12.635974529425,18.9620218917883,34139.38356948,14112.7150995579,928.308578029169,0
1648,6675,9.30688664264116,5023.71550475053,27.0208572084173,11.6306906318388,11.9157041276863,17.8790493843136,28590.4279154036,31025.6442272009,-1198.16702776553,0
1648,6676,6.17332522332892,4977.65607907859,26.2773376420025,11.6488622937564,11.9302042543826,17.9058473308536,33628.8260033021,26969.6056759781,600.459105648097,0
1648,6677,5.83761803231515,3248.17124155312,25.0713439909738,15.4223035548677,15.912533963659,23.7385868615108,34804.0598341139,21971.4182083663,305.358248841597,0
1648,6678,5.80400096224143,5010.09352180483,25.5672242357766,11.5479382153557,11.8195099536881,17.7486896985421,34385.5122813876,25490.3252283612,-125.535208930243,0
1648,6679,5.63058268704913,3753.77640750251,26.4923054425892,14.106165733367,14.5279628001359,21.7054113782999,26357.2392707984,24596.4680987927,-155.714326711977,0
1649,6680,6.05854450400082,5888.33698211232,25.156209231229,10.3656729853655,10.576183403682,15.9224111482082,34501.1832332894,21586.9760233955,376.821636494,0
1649,6681,5.72009110019015,4707.26318395845,26.6635872427076,12.1186278278738,12.4276016103617,18.6324327749103,32361.3959458716,32159.3030995546,176.582213275151,0
1649,6682,7.17300952466519,3909.06926333013,23.7736550225588,13.4602808530549,13.8221610059766,20.70038599119,34117.9368573581,14121.6891525528,924.048289732008,0
1649,6683,5.47468443336519,3595.95824380483,25.5672242357766,14.4321533577662,14.8659206652713,22.2076267839829,34438.8262322791,25470.8653541601,-154.57823573645,0
1649,6684,5.5787233881697,3750.45048150251,26.4923054425892,14.114730263413,14.5370432363032,21.71866135714,26346.5296767777,24588.9364230819,-136.898073674987,0
1650,6685,5.87056590035214,5019.4137158686,25.0369558770066,11.4954721210073,11.7609441795308,17.6667082167839,34516.9664663302,21595.2956550377,375.541641602742,0
1650,6686,5.6701465343145,4628.70813919395,26.6858825900885,12.2573756931861,12.5740803436204,18.8469147411828,32370.0447637576,32139.9872950384,187.995856981335,0
1650,6687,5.5262274730226,2041.26230521185,25.5296500894495,21.5629491330292,22.4859273303321,33.2559655354385,34425.7409972348,25454.5490350392,-191.280612451265,0
1650,6688,5.94076910339712,2961.41028990288,26.843810708373,16.6764903943941,17.2652007379467,25.6852220795003,26329.3949250103,24581.208806421,-139.544089127459,0
1651,6689,5.8328656930359,4465.95802519395,26.6858825900885,12.5549540729426,12.8881301516346,19.3068926624493,32338.2441812736,32130.1437365287,163.433616224925,0
1651,6690,5.83512150983889,5322.96860185338,25.0852275341759,11.0644392161584,11.3084618746552,17.0011048317089,34484.9905830986,21586.7778186146,446.339485339911,0
1651,6691,5.53838025090851,2030.73387721185,25.5296500894495,21.6451142794441,22.5743148633809,33.3834333694792,34372.2185691943,25467.0268718249,-191.318557231513,0
1651,6692,5.6850830126894,3019.20651390288,26.843810708373,16.4507898687586,17.0244375290176,25.3356426225674,26329.9987079654,24589.0088101296,-131.528077821384,0
1652,6693,6.49216883066463,5736.68295985338,25.0852275341759,10.5379871477533,10.7563024617858,16.1882880402481,34418.6103287877,21650.6176257382,738.679394058177,0
1652,6694,5.87419512961078,6650.91519919395,26.6858825900885,9.66503226979359,9.85082772390198,14.8432777047882,32356.7615179149,32150.1143225668,174.590730391919,0
1652,6695,5.37508991398841,2883.22818121185,25.5296500894495,16.820134451677,17.4051233569295,25.9040416820076,34396.2277106158,25487.8575265602,-165.231616599422,0
1652,6696,5.83975265263462,5660.34710438943,26.5145188700454,10.7196730662136,10.9549205098646,16.4710295322234,34021.3301290482,30344.8076585595,209.578585010879,0
1653,6697,5.92398718213216,6886.81365919395,26.6858825900885,9.45128421587372,9.62737535408234,14.5134618679391,32379.9147214552,32161.1618294704,162.273843497929,0
1653,6698,6.29131916050736,4701.39158340149,25.1303358439915,12.010565750175,12.3034721691939,18.4626141555501,34387.1864779878,21663.6328088934,752.541973172489,0
1653,6699,5.82137239536625,5912.74303838943,26.5145188700454,10.4190802053065,10.6395801458931,16.0069096041607,33958.7040897196,30343.8805896427,207.183488938236,0
1653,6700,5.63787236358985,2113.50758521185,25.5296500894495,21.0197424593111,21.9018685113224,32.4133353538783,34387.0751339385,25490.6255140712,-237.52938867322,0
1654,6701,5.76655310572215,7575.23628919395,26.6858825900885,8.89443982539821,9.04610084675668,13.6544776943371,32402.4504788502,32155.1057549889,180.681281264698,0
1654,6702,6.05972936476329,6428.74614038944,26.5145188700454,9.8696009824132,10.0639972752408,15.1587394315257,33974.2488929599,30354.0028735043,190.065280366658,0
1654,6703,5.37930759512471,2125.95227521185,25.5296500894495,20.9296448549028,21.8050437241415,32.2735882146514,34416.0378530741,25462.976014135,-174.163727263558,0
1655,6704,5.79803698778384,10312.2062973676,26.6318812218605,7.33385170646006,7.42388375444292,11.2490049262749,32465.1075947538,32155.4348646701,163.845688848353,0
1655,6705,5.81139607059781,8386.70335838944,26.5145188700454,8.33437325475658,8.46208075072744,12.7906910930029,33942.0896334508,30321.4399694728,242.279933166262,0
1655,6706,5.6711142018171,2302.44661321185,25.5296500894495,19.7496018796866,20.5382241046776,30.4436375165254,34394.8043859728,25462.8095477765,-208.215595218699,0
1655,6707,5.77179742140722,3290.54574992238,25.9285265226999,15.383874761205,15.879689730569,23.6813105063444,34789.2562187293,27856.2337331927,298.41739256897,0
1656,6708,5.83652815586315,9603.89418936755,26.6318812218605,7.66328343435742,7.76536846760467,11.7565237417097,32470.7862071559,32158.6286820585,160.030565211369,0
1656,6709,5.81949099317858,8655.35448038944,26.5145188700454,8.17135749503748,8.29255872736977,12.5394015464849,33971.3169360849,30346.1782456328,191.894248729745,0
1656,6710,5.9906817461221,5652.21752192238,25.9285265226999,10.6931641914745,10.9238037695592,16.4291857825434,34669.323516404,27917.0130301203,147.826370248582,0
1657,6711,5.88439131115452,6195.68903438943,26.5145188700454,10.1078349189224,10.3134109665174,15.5264369940625,33963.6972862841,30351.2082074756,209.127358193262,0
1657,6712,5.78410624113595,5239.55241936756,26.6318812218605,11.2850701801832,11.5496233282984,17.3444417259306,32476.8681100281,32182.3887795438,152.750290073636,0
1657,6713,5.73504806811556,4810.56564746146,26.0568063937841,11.899254586693,12.1924369062504,18.2923320865673,34517.1044678341,27979.9782656693,79.3688119149,0
1657,6714,6.23757457969062,1966.47300173351,24.3360358248166,21.9148012288232,22.8472575051277,33.7970770181231,36302.7440795776,23576.7444287803,703.839974892272,0
1657,6715,5.65443366036418,3055.27326721185,25.5296500894495,16.1501782411589,16.691231168434,24.866584302429,34396.2036618155,25476.3775872199,-196.292369201624,0
1658,6716,5.71411569449218,4563.58446038943,26.5145188700454,12.3606627953674,12.6818939663252,19.0062411525044,33958.8234909997,30351.3230257347,207.059955675759,0
1658,6717,5.33182087975429,1723.82359321185,25.5296500894495,24.4496503535124,25.5975346381508,37.7360477228341,34405.108576538,25462.1134299952,-174.647057385063,0
1659,6718,5.93552631476561,5469.22750238943,26.5145188700454,10.9634753806143,11.2109201776058,16.8475286335567,33962.5072642619,30345.3875257996,190.328949473986,0
1659,6719,5.68001322241439,4397.01358490944,26.8993894835603,12.7044372481599,13.0474802977306,19.5383933084484,33098.4912526222,28502.9436638582,-221.242260632121,0
1659,6720,5.2755976438386,2040.07290121185,25.5296500894495,21.5721917749093,22.4958693612579,33.2703040568145,34422.9417507269,25465.0594993315,-221.22968755712,0
1660,6721,5.83748132752782,5422.76116834609,26.2151739930007,11.0055054925683,11.2533310889369,16.9119593287493,33957.120450576,30341.9578290505,201.183686701469,0
1660,6722,5.66963960956912,4092.44032307376,26.6823728896769,13.3169985540626,13.6935672370473,20.4851449913469,33099.9098046025,28478.9358263604,-189.130012577007,0
1660,6723,5.35947455220729,1972.00646222256,25.5894940610738,22.1307829965071,23.0978422018226,34.1371797595043,34399.1831182848,25462.9114663164,-253.880264139822,0
1661,6724,6.2178926799045,6585.05116234609,26.2151739930007,9.70239262616445,9.88760721498578,14.9002953630485,33962.4227333526,30379.0844979343,202.149737172915,0
1661,6725,5.63274832795787,3880.90261907376,26.6823728896769,13.8067249888215,14.212101191708,21.2425991106391,33065.4553545903,28453.2857307367,-189.63545910368,0
1661,6726,2.74325728753049,2049.52592649672,25.8904563870825,21.5701843636972,22.4986850484042,33.2685630350689,33311.0677341332,24915.3364675042,289.267457034217,0
1662,6727,5.58993812631747,3241.80500144662,25.7864370827857,15.5274977820502,16.0310913110005,23.9032654645581,33030.3493455744,24532.4290526292,-608.982550863351,0
1662,6728,5.92661465924812,5561.76725434609,26.2151739930007,10.8245941483945,11.0633613155439,16.6325794601894,33968.2081587643,30346.0480550232,206.812795171134,0
1662,6729,5.59265221485973,4555.36076507376,26.6823728896769,12.3888611043065,12.7127856799133,19.0501406835482,33110.0487528447,28469.7419488534,-222.534304152212,0
1662,6730,6.47184556014571,1034.1865467028,25.8125305437275,36.4860110467165,38.681300623535,56.4472430518513,29983.113800869,22041.2943946986,346.760971500741,0
1663,6731,7.13655501608986,6058.96975857552,25.5635196281968,10.199950097837,10.4048696140715,15.6672338078491,35305.4286354497,28448.9605038977,1083.06684445375,0
1663,6732,6.5366401092549,3049.1711429546,24.4216116680103,16.0319517565419,16.5542849324363,24.6804848166798,36322.2301388749,23353.2281237747,841.19846791645,0
1664,6733,7.05658346799433,5698.66845057552,25.5635196281968,10.6135368930547,10.8382184616407,16.3056731718692,35308.5321882207,28451.3256921735,1062.60434227143,0
1664,6734,8.91006228821269,6168.05823204538,26.3342461044358,10.1269439617759,10.3324919651925,15.5556748132407,34054.4281443396,28523.9582460913,-1504.49142177621,0
1664,6735,6.51202884949516,3601.2968849546,24.4216116680103,14.2968282201125,14.7125522906032,21.9955429905239,36300.6114036172,23346.0233152271,886.990070134437,0
1665,6736,7.14805809270309,5932.27620657552,25.5635196281968,10.3403518968778,10.5519104602097,15.8839480386458,35300.5229118866,28445.1629751425,1054.1262937069,0
1665,6737,9.00229767351973,6550.54989837179,26.3225342515156,9.74087479748008,9.92837740099556,14.9598233907646,34038.3107157297,28520.0685962309,-1495.86853231476,0
1665,6738,6.74826951897655,3464.9559449546,24.4216116680103,14.6787203217311,15.117234436164,22.5863003363759,36307.4282504279,23358.3108664286,817.865423803129,0
1665,6739,5.85576386379168,2604.17675439748,26.8550400284844,18.2754375513447,18.9742460208936,28.1627105347133,28086.7764634825,29758.2730013718,381.197142040456,0
1666,6740,6.62011007649299,3761.2937489546,24.4216116680103,13.8805695514086,14.2719076856937,21.3517479999097,36321.0162753645,23346.5455495867,830.703213110988,0
1666,6741,6.86161572561359,4416.42486057553,25.5635196281968,12.5569423197217,12.8823583383354,19.3077956089949,35303.2305078666,28461.0794047185,1102.87150469135,0
1666,6742,6.38055723287896,3096.83068280837,26.8098387026008,16.1556653129324,16.7094759383806,24.8784959738318,27769.1320461539,26671.7084174562,731.704996280615,0
1666,6743,5.59066501712654,1530.95990439748,26.8550400284844,27.1105542562996,28.4985630973991,41.8748433535683,28100.8705622063,29743.8472002819,321.862069968292,0
1667,6744,9.0895240748704,5979.42424748814,26.3917742161362,10.3362303870054,10.5520693131329,15.8788232957978,26635.8239762315,32086.4390699324,-1152.20596613307,0
1667,6745,6.42426358637075,2783.86324880837,26.8098387026008,17.4186251823568,18.0573309971098,26.8348173676756,27747.9643930932,26688.2672331633,738.073507547984,0
1667,6746,5.42672963627321,2300.96574542759,26.5884961959222,19.9410317818435,20.756773218723,30.7440932736548,33180.383530105,28160.6248445574,-201.726779122052,0
1667,6747,4.51097836018657,3468.45325043853,26.5856080121753,14.9045902043666,15.3761477248169,22.9410926254322,27603.7313843947,32127.4377879954,821.216821885105,0
1668,6748,8.32308772687627,4824.49410798203,23.7081111442836,11.697860401287,11.9647880607824,17.9768581331529,36657.7715084107,17298.6186841291,-1415.23736191793,0
1668,6749,6.45259139022993,3081.45653480837,26.8098387026008,16.2122122414781,16.7697446035017,24.9660651240296,27727.3196731492,26679.167987568,740.490676586747,0
1669,6750,6.40140498704942,3188.78923280837,26.8098387026008,15.8278395974136,16.3602258469087,24.3708636369952,27726.6150976819,26674.4882192094,726.038625926267,0
1669,6751,8.13897988847298,4645.57690998203,23.7081111442836,11.9925258414104,12.2745629599711,18.4320047396353,36648.245131148,17271.7064563543,-1476.85638921061,0
1669,6752,9.23881254435331,2359.36000486567,26.287861093087,19.531163160694,20.3132941389048,30.1075335309182,29484.2961395775,23676.1345889797,390.826745615964,0
1670,6753,9.83182456054104,2912.48110463078,26.6131376227785,16.8438536807733,17.4415017687655,25.9438304071141,28356.9614332292,24040.8415945667,-1074.51318901862,0
1670,6754,9.16267928884298,2027.1697412119,23.6584433036473,21.2932512247822,22.1693393570105,32.8302655402025,36687.8763470533,17229.5376868426,-1453.8830074841,0
1671,6755,5.49144679554122,5020.63222854847,26.8610629880842,11.6241597421341,11.9078418166007,17.8686866650892,30709.3326691166,30761.2989821678,-473.80627633145,0
1671,6756,10.1296097331538,2525.33010263078,26.6131376227785,18.6466598130535,19.3690511661392,28.7373566634343,28316.8207601258,24030.6287472412,-1048.2021972867,0
1671,6757,3.00651433526076,1684.89980734603,26.5732156274482,25.1296778010729,26.3489371617464,38.7965312839255,29100.7583304741,24488.5881749815,-177.721669946319,0
1672,6758,5.39150847114772,6434.02049024807,26.8891524303138,9.88448598157667,10.0814353486198,15.182226191662,30695.4291291523,30765.173177547,-442.650851834969,0
1672,6759,9.89134026499651,2690.90958553352,26.4683487323754,17.796554631479,18.4576987124092,27.4194125140296,28710.247174264,23703.8611670852,-1048.22168286657,0
1672,6760,6.44570329530958,2940.72272211053,24.6613104704025,16.4735469503519,17.026733528053,25.3648363562905,32062.0254773018,17890.7374603662,187.316217760666,0
1673,6761,5.4268470248119,3283.47353428237,26.9105311411396,15.5192761344363,16.0326445638575,23.8933746760558,30494.4181574197,30504.8127269456,-484.269284082513,0
1673,6762,9.72378474817153,2298.69260353352,26.4683487323754,19.9348162550578,20.7486265965067,30.7340480354536,28707.9032229601,23658.7201738171,-1032.2143948384,0
1674,6763,5.51810422145204,2755.72378082237,25.697704340265,17.3894543841573,18.0144073967878,26.7863834449166,33480.4076293612,24566.3588377875,-227.251674333855,0
1674,6764,5.26319132163991,3310.08094228237,26.9105311411396,15.4322450554721,15.9400302960858,23.75863737881,30473.9759415999,30498.8554733383,-484.987225546712,0
1675,6765,5.38112020212376,2925.17659228237,26.9105311411396,16.8307903936291,17.4305297714246,25.9244133386177,30491.9982874006,30498.5787552925,-448.129933406182,0
1675,6766,5.50760699192521,1981.64203682237,25.697704340265,22.0734640659641,23.0376671431144,34.0486671167829,33512.6496812902,24569.1391779126,-237.92314190694,0
1676,6767,5.41077821574499,3336.07162228237,26.9105311411396,15.3484507392282,15.850878496259,23.6289160513595,30512.5969914791,30495.1701020237,-463.88781104705,0
1677,6768,7.95870788557295,2901.20493477947,26.314981248347,16.850864886283,17.4459732508513,25.9538613659873,28696.7858890855,23090.6323679954,-1516.16462591657,0
1677,6769,7.01062416114976,3523.67704302939,26.8801078363676,14.7738197644169,15.2397365575078,22.7393971237261,29939.7466421977,30700.4231862389,348.791877980219,0
1677,6770,11.0595845078334,3611.4949333948,23.5626280291473,14.1777259490637,14.5788283564367,21.8092301411848,36647.3363791395,16799.7933408575,-962.67076037682,0
1678,6771,5.45052063727494,4816.91827192042,26.8456385991417,11.9475161780886,12.2483951377088,18.3683184640768,29571.5022739091,30857.2825261053,-194.706703171102,0
1679,6772,5.46062781628444,4521.13111792042,26.8456385991417,12.4646339201705,12.7938684127632,19.1675732065789,29574.2106837703,30861.1999940817,-144.869950199076,0
1679,6773,6.6306878662005,4443.7618548793,24.7595425398324,12.4385042570791,12.7516860263902,19.1231549612438,36382.8060625582,26682.0548903864,892.004229931365,0
1679,6774,8.00635029123049,2824.81876677947,26.314981248347,17.1717901061691,17.7885228479585,26.4509879913755,28709.1187814906,23116.8393814105,-1455.8087745681,0
1679,6775,5.60573172957331,1240.35391756319,26.785202107235,31.9160571171925,33.7188763118466,49.3443144783392,28628.1003632764,26272.6435232285,145.214355953169,0
1680,6776,5.83197250981276,4466.62465626471,26.6866868381227,12.5537606426906,12.886875649109,19.305049309037,23966.8213164059,23356.0159239561,315.952008276037,0
1680,6777,6.1145768967002,4892.62435101897,24.5923898138535,11.657610829747,11.9284812592788,17.9163462181601,36283.5574235051,25564.3975681831,757.110928024611,0
1680,6778,5.37433463209779,2856.23226699266,26.8641208428614,17.111321055625,17.7295873843395,26.3588637102618,29574.438219003,30852.617983029,-197.859999597827,0
1680,6779,7.91961067386153,2563.00052911032,26.3857995537467,18.414894960693,19.1183159972944,28.3774179981638,28718.9194671139,23165.9206083283,-1418.89818791146,0
1680,6780,5.58502903348553,996.190903175911,26.7850030039974,38.0359050569779,40.3959134938675,58.865063901183,28676.3014718917,26269.4271420196,136.26148533501,0
1680,6781,10.2237323980785,4205.61277901701,23.3592980912199,12.7791749177037,13.1001655317567,19.6466954065932,36761.0862274894,16570.3150976423,-1014.94722808994,0
1680,6782,7.4532800361283,3094.38980914846,24.8085371836475,15.9174847709461,16.4364316959555,24.5043624453271,36086.3914447402,26390.9730462132,-273.252187426849,0
1681,6783,6.17159488031348,6393.65219901897,24.5923898138535,9.79885026120705,9.98019573955554,15.0468489663319,36295.4794926827,25574.9496300418,788.060503657459,0
1681,6784,6.03143573074152,4475.94165426471,26.6866868381227,12.536208936814,12.8683448034593,19.2779168994141,23955.6229000598,23370.4039268252,315.905518311494,0
1681,6785,6.01079612904327,3439.03836263972,25.6917520518646,14.8951652661686,15.3583064171625,22.9243495786409,34507.8580111116,30726.5132981747,545.144828751454,0
1681,6786,8.07425792479502,3057.39612511032,26.3857995537467,16.2492667653676,16.8051641435919,25.0223260968315,28693.7596635123,23149.5246191586,-1452.76584074289,0
1681,6787,5.8667048757066,1626.75123117591,26.7850030039974,25.8625893658515,27.1453761341572,39.9357850798407,28676.5412613466,26270.4374276304,34.6320095527043,0
1682,6788,6.27487028065007,6620.99327217593,24.6964086186835,9.58813127291332,9.76064711399543,14.7219104974311,36285.9607268833,25570.9702666635,777.070030269161,0
1682,6789,5.83026793751277,3486.04184663972,25.6917520518646,14.7565352178107,15.2111406203796,22.7098275707173,34535.5286597978,30733.6758181582,568.259394470087,0
1682,6790,8.0345104080473,3883.28302111032,26.3857995537467,13.7728881769861,14.1739336304246,21.189619256693,28729.8843331336,23172.8161345487,-1349.7655464483,0
1682,6791,5.79402053544943,1522.89864117591,26.7850030039974,27.2016832556981,28.596194900231,42.0161104148188,28658.6137338559,26250.758283089,49.7037652371463,0
1682,6792,9.6633328265642,3698.71043728624,23.513675358163,13.9452579330642,14.3324911642077,21.449620602681,34742.871653209,14084.9154497914,-1119.85205607013,0
1683,6793,5.96231002194857,3468.68535863972,25.6917520518646,14.8073299906937,15.2650570487965,22.7884279366684,34514.2773762486,30724.9384471538,574.284025809402,0
1683,6794,8.13750428601315,4451.92826311032,26.3857995537467,12.5571606154008,12.8883828001676,19.3097309266126,28709.5987548149,23160.4472938723,-1389.0169991268,0
1683,6795,6.04880598395865,1419.35441517591,26.7850030039974,28.7213460214326,30.2450813490545,44.377648002318,28671.3634742565,26245.2627304178,97.8278759835566,0
1683,6796,4.35591213443133,4087.33482537845,26.9279248125497,13.3501303324482,13.7304531337298,20.536887064355,24801.1261542664,23275.5934797584,-312.112526304469,0
1684,6797,5.77550734702905,5629.27084042291,26.8634319942316,10.7800542718593,11.0202582427579,16.564809723953,24907.681134465,23032.2746528577,148.405515103361,0
1684,6798,8.2491064070903,3513.84092311032,26.3857995537467,14.7501295524712,15.2103642577251,22.7015745204018,28732.3975343373,23167.4925494445,-1418.04787229366,0
1684,6799,5.70601136036676,1669.12925517591,26.7850030039974,25.3615750099881,26.6031160521181,39.1576008590186,28655.2704838529,26259.1457622037,49.7131322682243,0
1685,6800,5.64017465752633,5531.49742642291,26.8634319942316,10.9045719153287,11.1510369222492,16.7571084747449,24966.4353071751,23009.2493250702,176.949518207747,0
1685,6801,7.96592243107009,2798.25694982264,26.4319691016862,17.3031970671551,17.9300745574301,26.6548983996179,28620.7535012613,23144.6056843953,-1418.72438008117,0
1685,6802,5.93405387717425,900.201595175911,26.7850030039974,41.3157916195851,43.9839655762089,63.9704153234175,28682.184068846,26214.9460529897,74.6865697791924,0
1685,6803,9.81958227713783,4949.40402823651,26.5102984018997,11.7096906278773,11.9957137760422,18.0002349687804,28674.6850895082,32735.7972046855,-914.424048450967,0
1685,6804,5.0126847759157,3794.02329520186,26.1476421392643,13.9700253482127,14.3808858203848,21.4940380071562,29718.1428562314,32959.0900375136,956.659778393867,0
1685,6805,4.51102138485323,3890.15867337379,26.634529803503,13.7797863603266,14.18318731986,21.2008258426886,27761.5708202963,32253.9360241241,-576.480236667993,0
1686,6806,8.30887622064176,4232.57575130564,26.4776176940839,12.9993019372572,13.3560758409732,19.9934616994296,28478.4739485338,23197.0708736612,-1398.11524650631,0
1686,6807,5.87532181239978,5633.25754642291,26.8634319942316,10.7750580465192,11.0150119374041,16.5570941188116,24943.8526259011,23033.6599719018,192.322996056458,0
1686,6808,5.84757632356536,1235.30515917591,26.7850030039974,32.0189118690198,33.8308632082828,49.5042601532846,28668.8304863123,26247.99913253,39.6872339105776,0
1686,6809,11.3366707314656,4732.93226726034,26.4701383123304,12.0600807601544,12.364606246981,18.5416011449298,28575.4125160567,32671.1337414726,-932.017101590709,0
1686,6810,4.04258295068599,4004.8990076025,26.6106098554028,13.5074733486002,13.8946192051335,20.7795773731994,27809.0843181115,32362.4384094956,-657.793881549153,0
1687,6811,5.92369749719359,6067.80850042291,26.8634319942316,10.2653378826901,10.4802489427963,15.7700688192881,24944.6277697242,23023.0063763169,109.873757600917,0
1687,6812,8.14081113889826,3846.96656930564,26.4776176940839,13.8702234143931,14.2777723109554,21.3403807780022,28502.5915671506,23185.6229562073,-1444.42267918579,0
1687,6813,10.9839154872224,6333.62805676791,26.4654736371015,9.96229041069933,10.1607631544627,15.3017236517483,28552.8776248715,32678.3367818407,-947.862842644993,0
1687,6814,5.64436747500287,1283.63020317591,26.7850030039974,31.0656204984985,32.7932398804656,48.0219204009992,28680.5251004768,26267.3736708101,65.8282354670158,0
1687,6815,6.00891159180879,1114.97231253626,25.593730756182,34.2689385138611,36.2579646118169,52.996880980121,34453.8528465709,30998.1688894563,703.001341168697,0
1687,6816,5.01675440669936,4668.89128164506,26.4528775067744,12.1688369086934,12.4791498187149,18.7096456895604,29661.1437060915,32909.394588907,911.683782448704,0
1688,6817,5.94568800148635,6633.67949087471,25.9737069232597,9.64403426945919,9.82541248323998,14.8099194168156,31923.1885672392,33037.2446214751,557.082494130324,0
1688,6818,6.11803831684054,5689.17781053626,25.593730756182,10.6269415647121,10.8524457537313,16.3264157895297,34477.4520079084,30979.4604497866,643.226602234109,0
1688,6819,8.3548687433333,4245.28475330564,26.4776176940839,12.9730222899491,13.328298775931,19.9528285548152,28449.9332448884,23189.4093553611,-1396.00584765092,0
1688,6820,5.64680277138279,6830.45875042291,26.8634319942316,9.5100785795929,9.68965485457016,14.6044080046437,24936.3842602654,23012.8454098414,33.5709078369537,0
1688,6821,5.96278851584912,1830.86617317591,26.7850030039974,23.6513914496876,24.7546081653258,36.502011420543,28639.1647175321,26266.1046089291,73.4223144585029,0
1688,6822,3.81168059462266,5096.9140935302,26.2167165211883,11.4636501207095,11.7349299083458,17.6196090595044,29359.5392795873,32875.465225817,-272.51334265917,0
1689,6823,5.87925024629938,6462.27315887471,25.9737069232597,9.80749936569019,9.99632254541123,15.0621544936926,31882.8801296524,33023.2006482668,536.037067673205,0
1689,6824,8.33841482844983,5737.32599330564,26.4776176940839,10.6232724478017,10.8535511806177,16.3221195318236,28503.2530369449,23179.3793685024,-1433.78377652113,0
1689,6825,5.72911953756224,3559.79704317591,26.7850030039974,14.6602384738006,15.1182962585722,22.5633982471573,28673.1538889528,26241.3299769637,48.4078170782742,0
1689,6826,5.66265898933339,6932.06468842291,26.8634319942316,9.42049436833677,9.5960248990409,14.4661843614384,24937.7359375585,23053.1122632247,103.369646051975,0
1689,6827,6.82690113029973,3701.79526469114,26.7611637931535,14.2684159009583,14.7022142132129,21.9570384000607,26633.1372572501,27567.7307448929,929.573804187322,0
1690,6828,6.01119402568732,5694.55362891661,25.8547977435964,10.636695656054,10.864153722707,16.341883914221,31869.6937536179,33021.7348434757,524.707014352199,0
1690,6829,8.3143549620236,4520.62260523001,26.5318048397845,12.4405927947773,12.7663550944799,19.1298214093512,28475.3052363607,23188.4877406036,-1424.84460607427,0
1690,6830,5.83748642749428,5859.81621246043,26.8622676123081,10.500936324436,10.7272995310128,16.1338071623085,24903.5417285723,23028.7407428803,79.4766219407299,0
1690,6831,6.08117389778328,2530.46288670272,26.8765914699202,18.6597650682879,19.386062618217,28.7584905399393,28645.0668442364,26246.1306150579,60.0916060832804,0
1690,6832,9.29271224473037,2994.71723880198,26.8222192339897,16.5427237344461,17.1222819075347,25.4779737329013,27779.9817686474,29047.4415010872,-1377.10586630048,0
1691,6833,5.93132774386363,6103.26808491661,25.8547977435964,10.1688851164988,10.3738971414667,15.619715774808,31880.4553005585,33034.2666729829,523.512620663484,0
1691,6834,8.1197367578099,4779.91267723001,26.5318048397845,11.9856171990971,12.2865248886316,18.4266388541823,28485.2390791381,23189.149426017,-1406.32615917234,0
1691,6835,5.87563129977325,5469.31725846042,26.8622676123081,10.9857267715028,11.2362950673002,16.882446110337,24948.9890001941,23022.5070600312,109.036513204065,0
1691,6836,8.77395916868669,3557.31316770411,26.8131082590087,14.6702246718232,15.1291374589598,22.5789174563451,27791.4051499931,29045.6861752522,-1352.26225017002,0
1691,6837,5.78836924797793,2797.66029270272,26.8765914699202,17.3666116759764,18.0024401266697,26.7544190428174,28639.6967078813,26254.5884392497,53.7386246533262,0
1692,6838,6.01329388257366,4316.91543291661,25.8547977435964,12.774896977661,13.1144887361375,19.6452784790152,31882.8609417909,33023.7827696403,516.881018450784,0
1692,6839,5.73967264122234,6107.01401046042,26.8622676123081,10.2224328890401,10.4352731168912,15.7038321957492,24921.0086430206,23018.2938815968,90.7946687753474,0
1692,6840,7.75096959321924,3731.13999725741,23.9959000432634,13.912957016622,14.3025308191482,21.400829968478,30185.4100454958,16246.669456382,1203.12766291039,0
1692,6841,8.59972059974213,3451.30435723001,26.5318048397845,14.9499668732799,15.423893900639,23.0111934653948,28469.8001585847,23171.2933737029,-1452.134640879,0
1692,6842,5.49986763263282,1990.20915870272,26.8765914699202,22.2418041872142,23.2353735505786,34.3144138247523,28675.8888891043,26268.9385993429,57.4356472003223,0
1693,6843,7.45474733353837,3600.17576370411,26.8131082590087,14.5495538802394,15.0010051512896,22.39217769537,27727.5167132512,29057.3558603505,1253.21505974722,0
1693,6844,5.77170087283906,5801.75567646042,26.8622676123081,10.5693693837735,10.7990985843363,16.2394711897158,24908.2792802697,23022.3078560333,80.8210582051954,0
1693,6845,7.67149887179164,3106.04211725741,23.9959000432634,15.7739389769427,16.2756501080886,24.2799207932028,30176.0393714989,16227.0092017213,1202.90105806738,0
1693,6846,5.65944596848706,1610.61307470272,26.8765914699202,26.0833489380644,27.3858780851656,40.2791079832339,28685.7017390999,26282.5560464508,71.3676224465487,0
1694,6847,5.68577096480238,1902.74391270272,26.8765914699202,22.9988336926399,24.0516387917872,35.4893743850841,28662.2119316749,26277.7760806571,63.7471842893331,0
1695,6848,5.81970640186065,1703.71697670272,26.8765914699202,24.9920990496276,26.2048371169451,38.5841724958389,28654.9172409705,26277.2510302537,54.9239475716975,0
1695,6849,5.56952546950697,2036.63567353591,26.1789119229873,21.7276981006319,22.6721394000161,33.5140315541879,32455.2134696907,25647.4083475372,-544.177394535446,0
1696,6850,5.67223816598859,2890.95904703033,26.1517578342182,16.8713778219824,17.4661976253565,25.9851765570793,32484.9211302268,25655.7481899908,-470.642829417313,0
1696,6851,5.64535504443355,2267.56055070272,26.8765914699202,20.2045536632603,21.0433061777044,31.1537517992174,28634.1053726069,26256.4676651769,84.1062664894101,0
1696,6852,5.55268852814493,2188.44298258335,25.6410562333266,20.512075605016,21.3579414906232,31.626365961742,34583.9688826142,25830.6106423525,-161.243053821318,0
1697,6853,5.77374310588367,3435.53307658335,25.6410562333266,14.9000666602472,15.3630593608359,22.9318101768133,34592.4813669549,25824.0409080337,-139.016427949012,0
1697,6854,5.4948446789612,1848.93439470272,26.8765914699202,23.4978781310883,24.5902009335665,36.2640566287471,28678.3384612441,26267.3274511019,115.40728930821,0
1698,6855,5.16935492771793,2489.03329338184,24.2064862856627,18.459625083379,19.1406204956849,28.4396974521514,32683.4562025858,16646.2950581365,-317.589108183887,0
1698,6856,5.90102666990805,2014.32762870272,26.8765914699202,22.043900557124,23.0221305004193,34.007295137596,28651.9031399375,26261.4847253735,71.7814505152974,0
1698,6857,5.12698759053221,3517.29954039802,26.6075367602773,14.7635871116467,15.2265524867783,22.7229232544564,32018.0852694741,28140.012441092,-400.242120056114,0
1699,6858,5.21856457825418,2871.05223738184,24.2064862856627,16.6900552180463,17.2524721753559,25.6987407437472,32699.7738139947,16651.9662411312,-332.33499341363,0
1699,6859,5.5315557806934,1789.33203870272,26.8765914699202,24.0835146406252,25.2226675544405,37.1732867701217,28661.349548735,26263.9003953266,71.2419704756799,0
1700,6860,5.69797139276964,1526.70962678276,27.1193148578967,27.2401948035756,28.6435138432367,42.0774915349197,28640.3605447241,26256.9687622441,80.8358240264344,0
1700,6861,9.22931855935287,1685.65965858307,24.7811589749286,24.6791596139099,25.8333016371134,38.0890271754115,24387.5085422747,19276.7306501038,-1111.80056746664,0
1701,6862,9.68349984037475,2068.31282404271,24.7467781033354,21.2013304472363,22.086234842725,32.6920158137451,24331.1034726731,19233.9955646439,-1189.24751237338,0
1702,6863,5.680493376462,1291.56990820246,27.1028406958187,31.0198936596614,32.7494216818016,47.9524740341086,28681.9993788018,26270.6598586399,45.0858231499695,0
1702,6864,8.59043162702274,3035.36888658307,24.7811589749286,16.1287915945187,16.6609680508553,24.8314076052442,24448.6367544494,19256.8839716801,-1114.73289426253,0
1702,6865,5.22763106900671,2469.60861181739,26.1986634913652,18.8832614009134,19.617727897301,29.1027976680361,23340.8178578257,22928.1865692658,367.725733312182,0
1703,6866,5.91487520750406,1093.12781678276,27.1193148578967,35.4237065233944,37.5496569923252,54.8022440593287,28647.3378633456,26246.4568447062,48.2310037856631,0
1703,6867,9.57091301954972,3842.29139658307,24.7811589749286,13.717161969323,14.1020401768163,21.0998760286777,24411.6413109706,19248.7871278957,-1179.50813932104,0
1704,6868,5.56825843458722,832.724276202456,27.1028406958187,44.2314741809703,47.1857169072669,68.5123229968996,28671.0432942968,26278.9737491876,103.621223337172,0
1704,6869,8.98609210881705,2832.79576458307,24.7811589749286,16.9274775710304,17.5116508288275,26.0681037584809,24405.4217441816,19232.5412778268,-1141.80759516502,0
1705,6870,5.83874649765622,2512.41717878276,27.1193148578967,18.7935308630368,19.5321229105838,28.9666044937035,28651.0442636656,26264.2604450669,66.7666473281081,0
1705,6871,8.89459316972764,2559.05663658307,24.7811589749286,18.1888124073695,18.858042691541,28.0219828323506,24426.0563201081,19239.1830147836,-1157.19178282231,0
1706,6872,5.39863014301458,2648.34948220246,27.1028406958187,18.0923872207016,18.7810023210362,27.8797471996515,28661.1435831112,26257.3838539239,120.100586413004,0
1706,6873,5.67011463523411,3350.68050034112,25.1178698809883,15.1001160738924,15.5707277206901,23.2400807966621,34757.0332041716,22081.7861886726,-278.925837982296,0
1706,6874,8.83368078198261,2809.38212658307,24.7811589749286,17.0265456231212,17.6172718039982,26.221530539116,24417.6225523292,19253.478732848,-1165.86149001071,0
1706,6875,9.38553645176697,4163.45908768817,24.9065422146755,13.0055805562828,13.351004960649,19.9999418429696,36131.5131702879,25500.4180186688,-1085.0563119689,0
1706,6876,6.00088909071221,2078.21043496397,25.9717008918705,21.3665289566865,22.2807012647705,32.9529219573194,32552.396597821,32005.0617605504,14.4509549691152,0
1707,6877,5.99229159939549,3552.89518696397,25.9717008918705,14.5946504250025,15.0417656716893,22.4600026275643,32511.6179010496,31998.1659022645,74.4398511335395,0
1707,6878,5.64871776858192,2842.95917434112,25.1178698809883,16.9312646321368,17.5192923801229,26.0749614414161,34737.916227156,22074.0894473518,-267.607230324278,0
1707,6879,5.83991851310802,1486.34582620246,27.1028406958187,27.8040692231886,29.2548994320265,42.9536228669075,28686.9600398506,26232.1220375424,71.9588721792307,0
1707,6880,10.003956646699,4510.7961322002,25.101237796032,12.3431379083993,12.6536184923971,18.976454449449,35966.8148516913,25498.7506629463,-1025.54068139133,0
1707,6881,9.05173324295293,2806.23240858307,24.7811589749286,17.039987934259,17.6316049863909,26.2423491329118,24456.1076415498,19239.9823625719,-1157.85355666897,0
1708,6882,5.8236812487714,2724.29513020246,27.1028406958187,17.7301332353273,18.3934219294496,27.3183468418121,28679.4886502786,26254.8289940444,68.3213330915085,0
1708,6883,5.97164751154722,3927.95391496397,25.9717008918705,13.6271232758031,14.0163390137372,20.9632693351747,32501.9967219259,31994.8839115194,61.2149954352018,0
1708,6884,5.52094462193812,2832.47479834112,25.1178698809883,16.9753460387699,17.5662987030393,26.1432328712878,34736.6295888451,22077.5263444202,-174.639747546595,0
1708,6885,9.40906189492247,4311.7912222002,25.101237796032,12.7207180852566,13.0517970661623,19.560011635231,35959.322836053,25530.6803258454,-1083.07475431726,0
1708,6886,9.68753188740809,2889.51271458307,24.7811589749286,16.6935796398372,17.2623708587034,25.7058904462715,24399.9955440854,19233.9866057291,-1202.73609581209,0
1709,6887,5.86196600231731,3716.90078296397,25.9717008918705,14.1499311063188,14.5701109729143,21.7719478153033,32495.1163501761,31996.5924971337,54.1109745351048,0
1709,6888,5.52152756815343,2881.08618034112,25.1178698809883,16.7734328922648,17.3510245679306,25.8305283369674,34734.3998131285,22080.0537142705,-261.911637854368,0
1709,6889,5.79428116024215,1465.17884020246,27.1028406958187,28.1139960592714,29.5912364234779,43.4352612942585,28661.6784668246,26252.0163718817,89.5177407010515,0
1709,6890,9.37867547353711,4926.98224574154,25.4738081569267,11.6693263973558,11.9465994688149,17.9360439478401,35248.4752151178,27385.3292276083,-1153.11398333138,0
1709,6891,9.68285133433922,5088.36855871751,25.006092609387,11.3905976814611,11.650524720212,17.5046705946437,35988.2606581408,25520.1903858158,-1114.17895174153,0
1710,6892,5.98512748382058,3434.42803993036,25.7909868913411,14.9198511005497,15.3853999278264,22.9627940134299,32482.4620704607,31988.63809164,75.6979798801906,0
1710,6893,6.22378687702961,3862.57121075466,23.7721233418854,13.569023188981,13.9370273390764,20.8685017585721,36873.959653235,17679.7783759414,367.904151371721,0
1710,6894,5.49118255716979,2815.50149235067,25.2416403119721,17.0645043147597,17.6627131771481,26.2816866436286,34741.1245281994,22070.0340807987,-291.30575996394,0
1710,6895,9.10923546299678,5115.56155480042,25.0337487854455,11.3527604454265,11.6109431556473,17.4462804114971,35956.4450856838,25523.4960149021,-1057.96492785657,0
1710,6896,8.96945966897524,5049.37453216337,25.2900755625565,11.468765917424,11.7344923610608,17.6259055512125,35225.4074728379,27386.5534006031,-1188.92067448646,0
1711,6897,6.14676019555602,3798.21123875466,23.7721233418854,13.7236754071919,14.1004656490303,21.1076152682952,36888.4973283921,17683.3385284269,377.281122852899,0
1711,6898,5.74270519348344,3282.36525384261,25.7269707843495,15.3871931166586,15.8813594754417,23.6859350996224,32499.8362046157,31984.1997400125,75.0594156887263,0
1711,6899,5.62239931273639,2946.33593235067,25.2416403119721,16.5282873483649,17.0910596726665,25.4512557357673,34744.5778972837,22078.3542277948,-255.121675941551,0
1711,6900,5.63857035852931,1302.92452236051,27.1370034970322,30.8183421119162,32.5307463316418,47.6392646554088,28666.2614012062,26245.9434048805,103.774499669446,0
1711,6901,9.20271221743101,5448.35349616337,25.2900755625565,10.9109974247195,11.1486503695884,16.7645085482118,35220.2263011609,27399.5038442713,-1186.10673044037,0
1712,6902,6.13226659720849,4105.18760075466,23.7721233418854,13.0251918863303,13.3628507279941,20.027814927609,36869.014213222,17686.6692190873,380.687950389733,0
1712,6903,5.94649849084191,2918.16534384261,25.7269707843495,16.7043584155962,17.2837083396136,25.725295355234,32494.8240981538,31992.4909672512,46.3279331360626,0
1712,6904,5.51544717723846,3231.72681435067,25.2416403119721,15.4968013489879,15.9933259499221,23.8543380792824,34751.6561145334,22090.5105494444,-291.762272976544,0
1712,6905,5.87454099099286,1237.92579636051,27.1370034970322,32.0866566017648,33.9113843402769,49.6114915193309,28662.3385229671,26246.6608068791,52.7673860707912,0
1713,6906,6.05539957806086,4279.85671584261,25.7269707843495,12.8381696173294,13.1803698139565,19.7428348167348,32499.1062762525,31979.7399804608,60.3789164021378,0
1713,6907,6.14079582763753,4337.69405675466,23.7721233418854,12.5552332806631,12.8673784399799,19.3015191884081,36891.5449771249,17694.2249565591,362.069554921394,0
1713,6908,5.76126568039338,858.19755636051,27.1370034970322,43.1583449812069,46.0103751351332,66.8415127101023,28667.6602752494,26266.921647177,62.872726995011,0
1713,6909,5.10075893457245,1652.36682631132,25.3683668422664,25.2014446758581,26.4072268328609,38.9026343968516,34469.1236467317,22386.0865787969,-320.981568196533,0
1713,6910,10.71938424762,3730.25839059301,25.5020232450806,14.0682383701766,14.479656185933,21.6445045283147,35292.8340864811,25936.815524775,-320.479040299879,0
1714,6911,5.84003773275597,3967.06077193036,25.7909868913411,13.5189065376591,13.9004019050873,20.7955183420869,32495.7175399371,31996.0690667314,66.0103304052621,0
1714,6912,5.73815399616657,1123.17033636051,27.1370034970322,34.6687262743848,36.7260994129228,53.6277519837271,28671.1271678376,26242.7604735179,78.2601411918669,0
1714,6913,5.85584312484307,1310.24505485197,23.7186620141347,29.5552070819344,31.0919608714944,45.6573868990577,36924.8944968237,17723.9373619228,386.761285858609,0
1715,6914,5.77088681452198,3460.84193184261,25.7269707843495,14.8342735779107,15.2939704693617,22.8302072172208,32518.9549478064,31997.7659309584,67.5871081530776,0
1715,6915,5.88951652428924,1283.56366836051,27.1370034970322,31.1832563167044,32.9278364425085,48.2066649438989,28682.0474107644,26257.8710496573,55.669078211231,0
1718,6916,8.98811811565955,3538.76949895367,24.4523423369613,14.4720064603474,14.8984104026739,22.2665923714757,25327.7442093092,18665.9782430151,-1196.80473610354,0
1719,6917,8.9966311736536,4551.09303370062,24.4742193694351,12.2193168482732,12.5187116004758,18.7838914846569,25334.8295733497,18692.4785183903,-1195.3962535188,0
1719,6918,5.62838755774992,2762.8699721507,25.9843226196238,17.3977942247832,18.0263859107841,26.8001497474233,33693.9789774243,28431.9773518392,-34.9244963949967,0
1719,6919,5.42864424709821,2356.39457787191,26.1678558303226,19.5289128945887,20.3094268813087,30.1036437457348,26105.1395785843,21816.7154620643,-96.4300828898516,0
1719,6920,5.39015954053172,1214.71039236051,27.1370034970322,32.5711609318322,34.4391509098098,50.364996880952,28662.0376099273,26256.9826248177,103.331676760095,0
1720,6921,5.55970831252111,2995.57080774058,25.9216661440286,16.4249761577081,16.9878571133685,25.2931696980163,33704.4982500882,28437.9918975329,-35.4825291775609,0
1720,6922,9.0945190823435,3584.99010008666,24.4311638639794,14.3421452760447,14.7606374870306,22.0656625461828,25319.9965762688,18665.2184017157,-1258.21827233034,0
1720,6923,5.90698654148896,2520.85240446316,26.3983589021283,18.6373632494107,19.3566522621259,28.7222734822584,26045.8136736186,23027.6128945559,-139.032747346007,0
1721,6924,5.46421658600709,2593.03160646316,26.3983589021283,18.2636800705499,18.9566106290321,28.1430962282659,26007.464133909,23072.5940020454,-185.352546665328,0
1721,6925,9.1106472318627,3759.61222808666,24.4311638639794,13.885745505024,14.2774648464272,21.3597747430208,25366.0983305297,18675.400299881,-1202.03211819539,0
1722,6926,8.75472293678292,3594.26304608666,24.4311638639794,14.3169081649169,14.7339049341664,22.0266256143349,25331.9991247473,18663.5539444007,-1222.45985967736,0
1722,6927,5.66596718487108,1176.1325901525,26.4489935502587,33.1650263702777,35.0726447897948,51.2848476199459,28306.2689400834,23712.6485332436,-162.331417030067,0
1723,6928,5.51139006775537,2213.65467635739,26.4288463109682,20.4833300058322,21.3372117510879,31.5845829436577,28331.9158551063,23723.4925467181,-101.099703955044,0
1723,6929,8.72635590546136,2986.91812208666,24.4311638639794,16.26505487686,16.8023868428794,25.041376128708,25317.7086422398,18632.9935702749,-1296.40555240878,0
1724,6930,6.24752783220095,1408.72207463397,24.5880188443977,28.2245977780278,29.6660848337664,43.5946030309299,26947.2819980792,18668.8752899162,387.724642529721,0
1725,6931,5.8161534317242,2236.35703142698,25.8980576769634,20.2370361172751,21.0659303605923,31.2007459847316,33371.0173274395,29841.961228264,23.3410721777536,0
1726,6932,5.68457227010053,3852.25125309522,25.9350450911862,13.8051897851206,14.2045723035116,21.2385979252724,33516.5127648082,29409.3942236936,16.4543465935875,0
1727,6933,5.72343878981646,2866.58775309522,25.9350450911862,16.9434490285302,17.5408645893009,26.0961952141947,33548.7983779273,29379.8580339832,42.4098742516956,0
1728,6934,5.85468079856074,2532.01421086148,25.8386091706192,18.4919508069975,19.1945579185416,28.4951259340057,33827.0679516909,28693.7984183365,75.8971773149044,0
1731,6935,5.46772844583588,4575.77376119099,25.621125214341,12.2678269113401,12.5778739206364,18.8610736158116,33824.6309030324,23610.2533084233,-687.659141156652,0
1731,6936,8.7146548173674,3800.03590345108,26.0396537338534,13.9443957168519,14.3528597655089,21.4541520804944,32461.120146013,25425.4643013029,-1453.83972134553,0
1732,6937,5.54972495798195,4801.38607919099,25.621125214341,11.8815382627552,12.1709147966245,18.2641676401844,33794.8992074942,23630.4799112565,-651.551830602563,0
1732,6938,8.60429458963891,4230.63323179686,26.0104232669633,12.9630156936912,13.314318041084,19.9364180973002,32538.8642268952,25361.3254265891,-1413.41739732801,0
1733,6939,5.63338812810615,5356.7267326981,25.6336036940538,11.0556254852732,11.3025261686254,16.9884106709182,33809.1790122156,23629.599055777,-683.027014405935,0
1734,6940,5.50235014324614,5386.44069119099,25.621125214341,11.0148213786264,11.2596049162067,16.9253767812454,33825.5155203478,23620.6721298036,-612.075419086348,0
1734,6941,6.06824147669901,1558.84947983142,25.7740485302905,26.4487059016012,27.7633360515859,40.8416065017658,24423.0974551029,22398.0076073566,215.022724221496,0
1735,6942,5.89909770497148,2080.05071783142,25.7740485302905,21.3143794176783,22.2219353830538,32.8712831555415,24409.9261486298,22393.7119344944,242.4565700277,0
1735,6943,5.44264033449802,4307.49708119099,25.621125214341,12.7737474791847,13.1115776895041,19.643033461413,33827.9644232377,23625.5909666072,-678.39648323764,0
1735,6944,5.51236026864305,2470.51254009778,27.0586949528537,19.0137443645362,19.7674901453557,29.3078127574949,29197.9677372829,28708.3463443193,-245.728438209088,0
1736,6945,5.96520056214241,2960.73830183142,25.7740485302905,16.541304134157,17.1103598107315,25.4729083095126,24398.3826656682,22384.6590682133,234.352974012471,0
1736,6946,5.86484071176064,4425.20514144466,27.0667166696858,12.6634879265029,13.0053776291312,19.4754034407623,29152.6273302244,28682.7304457517,-281.347410795657,0
1736,6947,7.06481889394725,4136.73642683058,26.9286378204493,13.241780439259,13.6157992115188,20.3693226217517,29517.8014354779,27446.2297143702,961.882014435547,0
1737,6948,5.70183395588707,6056.85193809778,27.0586949528537,10.2885620159524,10.5056111087716,15.8062032437907,29172.7771047867,28699.7587124693,-295.821062412386,0
1737,6949,5.97621725297878,4247.38709183142,25.7740485302905,12.9081404593094,13.2546111180174,19.8511008310504,24434.6959450921,22414.067379193,273.825537588454,0
1737,6950,7.36429213926883,6466.11808283058,26.9286378204493,9.85489136097256,10.0506515240631,15.1366041218874,29520.9620296452,27396.5157331021,1003.18872905072,0
1737,6951,6.07857955526231,4419.97863137587,26.1121621989648,12.5955302467731,12.9269691337095,19.3685143613199,25469.6744177856,23103.9289468756,-88.4469093702241,0
1738,6952,5.78707253883684,6254.71149609778,27.0586949528537,10.076127854719,10.2829729766597,15.4782614801173,29187.0111681981,28670.3088233653,-290.528992769531,0
1738,6953,5.73536634749254,3207.04568716007,26.097757017174,15.6811269010697,16.1974259097883,24.141891587713,25472.6045999191,23142.1558320972,-67.3654299934991,0
1738,6954,6.94832627905482,6395.06738413709,26.9229518347486,9.92514525183905,10.1241683402787,15.2450267666098,29477.8554356674,27389.301300012,914.736485441967,0
1739,6955,5.72344712525163,3319.77475516007,26.097757017174,15.3090662774215,15.8017015248562,23.5659416486537,25479.7987109208,23137.2093301264,-92.4540804385708,0
1739,6956,6.57311763763161,8912.66690657968,26.9375759203583,8.03898446880147,8.15655244738567,12.3358050397505,28837.9727549328,27086.2911529144,-190.186019373925,0
1739,6957,5.96478912857049,7020.62159409778,27.0586949528537,9.35373430466373,9.52716108742137,14.3634292145323,29163.6118816413,28662.2111369088,-231.941766791351,0
1739,6958,5.48671274707111,7169.87014614002,26.6841220463903,9.21098930945155,9.37637744778867,14.1427405513305,30439.6548059751,27225.56418628,-1231.44432151737,0
1740,6959,5.96174744476285,5495.5138473917,25.1563538372879,10.8410607991218,11.0744787235976,16.6563032892664,35564.0527869542,25307.3801542459,155.969356814399,0
1740,6960,5.54965573447134,2522.01217248775,25.7677632691408,18.5334459283036,19.2381484376569,28.5592106935264,25492.940862,23139.8397828015,-109.540159693058,0
1740,6961,5.58477201575108,9581.33601651041,27.0082844152117,7.68740494018298,7.79169274568249,11.7940510750224,29237.9200854549,28658.3775298306,-275.241890737771,0
1740,6962,5.5187646459755,2195.33284317832,26.1177682458942,20.5518897181169,21.4068943231719,31.6898209641947,32768.9755710275,30377.3413752428,-143.930644062367,0
1740,6963,6.45777246621291,11115.2292549005,26.8196191215451,7.00968654969141,7.08892903064047,10.7498960601328,28838.8242819053,27109.4267594782,-258.459408227967,0
1741,6964,5.92204148634606,13084.9750314045,26.9306057669607,6.35132522462868,6.4093194109231,9.73641666505971,29494.348488789,28082.0915614603,611.406450854668,0
1741,6965,5.84454670557892,5005.6996593917,25.1563538372879,11.5248704130199,11.7926192098505,17.7123298478153,35580.9947540102,25320.2877468837,174.248768503814,0
1741,6966,4.96414620294813,8966.28238694208,26.9434092778334,8.00914564093707,8.12556559814094,12.2898201969763,29283.9844925855,28716.9391667865,-293.231155707692,0
1741,6967,9.24437492377002,9098.16077740372,26.6199035003056,7.92472345135378,8.03668652601322,12.1593814248339,27983.1137656833,26446.8838101774,-1218.73743451733,0
1741,6968,5.49630034579759,2413.57817448775,25.7677632691408,19.1279791292127,19.8748035077254,29.4807381842765,25463.5645844124,23145.0081415898,-81.6935420162646,0
1741,6969,10.2726057424325,3844.40175108325,24.3269199047309,13.6673059842083,14.0455512040504,21.0217443279031,36556.4713711476,19119.9744482455,-973.032665697476,0
1742,6970,6.00049481367563,16716.37951833,26.9510518458127,5.48797782271706,5.52121199510952,8.4082418081008,29511.8424808849,28123.3734519148,646.654619972214,0
1742,6971,5.17523541198947,13681.4744985517,26.9634796843137,6.18395012941372,6.23689759020177,9.47885827065897,29174.7162664591,28810.0259745888,-29.2867585601638,0
1742,6972,5.90082611066683,4685.3314893917,25.1563538372879,12.0398897256017,12.334527697939,18.5079713829555,35574.1131752723,25300.5458407858,162.535491447598,0
1742,6973,5.52633514742225,2469.6608247085,25.7533369812108,18.8121692776505,19.5363608021041,28.9911610576923,25452.0881416294,23144.6592510953,-107.252274540603,0
1743,6974,5.92462457639142,14981.8761774045,26.9306057669607,5.85620303487896,5.89946605430791,8.97457260435298,29506.2113923412,28106.7556946457,667.154437080807,0
1743,6975,8.21780767459625,14271.2699118758,26.9803080174754,6.02977041025213,6.07816419896196,9.24163139566405,28669.2929679775,29472.269769873,793.150033821294,0
1743,6976,5.4543072280191,12741.6250785517,26.9634796843137,6.45492630729793,6.51625632725729,9.89589780685275,29171.1642411002,28809.0305922314,-46.6460448161551,0
1743,6977,5.78255186541195,4338.7083273917,25.1563538372879,12.6725447575847,13.0013753186785,19.4856636084042,35588.7468120432,25322.905807654,151.369153430455,0
1743,6978,5.61992691829461,2517.80520648775,25.7677632691408,18.5556308673724,19.2618923842826,28.5935938465245,25479.0734014961,23144.3769959588,-45.2458523215479,0
1744,6979,6.07664302190891,15800.60451633,26.9510518458127,5.67417126803898,5.71240327069508,8.69458721556744,29507.5779565311,28114.7204237018,643.716145202627,0
1744,6980,5.67075403021245,4487.1855933917,25.1563538372879,12.3909004995423,12.7043543509872,19.0503738922499,35582.985483832,25312.8708567678,195.316464778899,0
1745,6981,5.94570884833858,16223.01914433,26.9510518458127,5.5861023403769,5.62194541421997,8.55913978750615,29508.192333893,28104.6735586811,657.166873987443,0
1745,6982,5.96400087424753,4619.2534893917,25.1563538372879,12.153969408026,12.4546797258188,18.6842422866016,35571.7281257948,25316.4154121242,111.20932281784,0
1745,6983,5.60546533760926,3121.97399341357,25.7290416053208,15.9330306093437,16.462005825691,24.5309171513611,25471.5108491339,23140.5766348661,-64.6392422137885,0
1745,6984,5.34817428574467,2328.30697322156,25.650851300337,19.6113791626929,20.3915134497791,30.2297513986966,32425.4115509131,23282.1180340943,-300.111118779669,0
1746,6985,6.07224575715841,16192.88757633,26.9510518458127,5.5922569229927,5.6282654934595,8.5686049525489,29508.9913668442,28110.1899501471,612.76212185453,0
1746,6986,5.28555502604786,3181.35192722156,25.650851300337,15.715848556993,16.2301488918725,24.1944819771023,32455.2273240494,23305.454896501,-343.65851692361,0
1746,6987,6.06124454143508,3929.7295593917,25.1563538372879,13.5457443336556,13.9237734109485,20.8356375647924,35553.1288769654,25286.3385269166,125.93801507898,0
1746,6988,5.73457445260343,1867.23573504526,25.7154274635158,23.0724764363099,24.1142596929663,35.5990344806868,25457.3541687553,23156.7902397686,-92.9409357723712,0
1747,6989,5.9028565342542,13675.93250433,26.9510518458127,6.18516817082009,6.23812156631605,9.48072405645684,29509.2606216922,28116.643816834,627.289076741112,0
1747,6990,5.50836309628653,3241.25864780638,25.6517001855133,15.5135080678247,16.0149544560393,23.8812630597287,32448.9862712508,23291.7544594591,-353.414135130779,0
1747,6991,5.9748707870902,1661.53928020875,24.875035581878,24.9717277184151,26.1508459701953,38.5436913826932,28502.8367148357,20401.8213535136,1.96376420737868,0
1747,6992,5.56509289949588,1494.54332448775,25.7677632691408,27.3125552836442,28.6989853867789,42.1835471854772,25477.3619536878,23150.9307601455,-148.871158454412,0
1747,6993,4.71890764195958,11274.0035271473,27.0021907263197,6.95441824991694,7.03231119357799,10.6649367674405,29247.0527111493,28753.974670065,-169.647896743457,0
1748,6994,5.42778529394434,2881.68819722156,25.650851300337,16.8427296072617,17.4304789747044,25.9393834944815,32449.4640216905,23276.6445742428,-295.068846611703,0
1748,6995,6.93290115741613,9407.2304889568,26.8770006323584,7.77085910386506,7.87785091814378,11.9225226056173,27613.3401969402,28601.2862840713,942.024777531378,0
1748,6996,5.36355052990456,1684.98012048775,25.7677632691408,24.9314193562116,26.1218396115879,38.4851293808202,25502.8647215688,23140.6403613732,-55.3921519415383,0
1748,6997,5.1105183538334,9320.37275645277,27.01543811757,7.82069550971876,7.93007583194093,11.9994565531726,29273.883875875,28702.4886083289,-182.703678476392,0
1748,6998,5.63649810177022,1133.06789752281,24.8766151254625,33.5535175829091,35.4629790419575,51.8798774516299,28547.7568700416,20430.3617975039,51.4662613159964,0
1749,6999,8.14513854890843,3972.04218690227,24.8026183820016,13.414581487069,13.7822656622097,20.6320444046694,36417.8334345625,23052.6459922805,-1507.23435636405,0
1749,7000,5.58382810408899,10671.5577264528,27.01543811757,7.19281087163996,7.27904050154363,11.0320954439385,29259.5404465142,28734.4741073803,-177.499470258116,0
1749,7001,5.70629941936935,1652.31556248775,25.7677632691408,25.3029439375046,26.5234821940384,39.0620555037957,25459.6639948983,23169.9625236205,-94.1976760419004,0
1749,7002,5.23082592976677,2916.26901722156,25.650851300337,16.7019320416654,17.2803404117426,25.7213224977587,32462.9403383021,23292.7652988998,-303.076404779814,0
1749,7003,5.64022904475388,1540.94536552281,24.8766151254625,26.4364653386637,27.7346039953451,40.8183047838831,28533.0136822968,20451.2879021297,78.7026872534966,0
1749,7004,6.05532657818475,2586.93109881646,23.2326211407043,17.8087385166441,18.4337246243661,27.4280991880104,36437.9208608044,14631.776743922,313.654640718533,0
1750,7005,6.1726924697908,3841.85330766342,25.4318352695741,13.7818418754801,14.1758012089193,21.2013699560295,32049.4800707361,22112.439744999,480.749851878169,0
1750,7006,6.14138210709873,4069.3883562195,23.2526952514736,13.0529797556449,13.387980675724,20.069610381669,36386.7878545771,14609.8136865759,336.108941761822,0
1750,7007,5.95876575607294,2397.36193538967,25.4143992636552,19.1627245963129,19.9077474866541,29.5334187226522,25463.8097626523,23153.3031792144,-88.7213157398536,0
1750,7008,5.97123450303655,9675.59268290633,27.0385341583005,7.64189690678569,7.74457629192344,11.7239576724474,29200.9081308327,28769.6896296466,-256.629244166263,0
1750,7009,5.57828853592133,1483.92096484561,24.848790347468,27.1989273268956,28.5595515833045,42.0024968030562,28665.711565226,20836.2731713782,245.844399627212,0
1751,7010,6.24743529598241,5161.8999822195,23.2526952514736,11.1587515128325,11.3958060951237,17.1435210217433,36394.601996665,14619.7371310466,313.991393837097,0
1751,7011,5.98611916412191,3927.79875966342,25.4318352695741,13.5764518615863,13.9584526552166,20.8837294256028,32052.4733057742,22099.4152530414,491.943840553302,0
1751,7012,5.67107737782671,2687.38037742503,25.3968130101021,17.6583119483586,18.2982464004893,27.2019917413429,25443.768808259,23153.8484869911,-106.551391628964,0
1751,7013,5.70073359352416,7772.98680290633,27.0385341583005,8.76572520506535,8.91338991266452,13.4563800754594,29174.9176157739,28733.7282926452,-248.749452320171,0
1751,7014,6.27432215222979,5752.31631963189,26.2536664571873,10.5915234101188,10.81900399309,16.2727558163995,26069.6493494631,27528.8887602531,538.738228135356,0
1751,7015,5.78793764279681,1677.61760884561,24.848790347468,24.7849315969303,25.9486424020088,38.2535506962298,28669.2201514536,20820.739646162,169.216483422386,0
1751,7016,6.16097971046788,5081.78770760246,25.688462278672,11.448886921352,11.7161115653072,17.5958950658871,24476.7787934465,26298.3076850864,14.2635979138649,0
1752,7017,6.1852019508815,7496.29195024398,26.3947467138513,8.9405588929273,9.0929343878049,13.7252583968206,26437.0169338365,27533.5669319335,685.687442072179,0
1752,7018,6.33071015266039,3849.1063302195,23.2526952514736,13.5490434899348,13.9115169584723,20.8363984772039,36399.2914608457,14609.9252024177,339.036594948542,0
1752,7019,5.78584174214676,6155.13305090633,27.0385341583005,10.1804116066276,10.3921416640666,15.6392135472159,29175.4270544986,28744.0464864559,-217.291182959882,0
1752,7020,6.26896406364613,3414.06433566342,25.4318352695741,14.9413999002567,15.4050695469471,22.9952563970387,32079.3976573088,22110.9772622985,502.744767219111,0
1752,7021,5.57420207129378,2618.54020464727,25.3601013886538,17.9814727247596,18.6431214262112,27.7025649111729,25447.9695267416,23143.5600965966,-75.8662160899984,0
1753,7022,6.20558368787506,3642.92192989127,23.3297834903768,14.0698794826277,14.4626505032882,21.641877339423,36267.8704474432,14668.7678405462,558.160190540471,0
1753,7023,6.55605535114116,3243.2957177307,25.421731236995,15.47971061204,15.9768610758153,23.8283534017881,33529.9292495585,21433.3021678901,760.93573522852,0
1753,7024,5.71299404196872,5527.08368690633,27.0385341583005,10.921375179595,11.1696802550616,16.7833333843659,29185.4476984121,28748.3066483992,-220.172630719601,0
1753,7025,5.38675550419329,1766.08375535453,25.37690138237,23.9735202253173,25.0810834675501,36.9962110530024,25486.374422185,23152.9443134197,-96.9697410214766,0
1754,7026,5.7186343307486,5231.14235090633,27.0385341583005,11.3244660582328,11.5934833529634,17.4059680539046,29203.6175083593,28730.1632795001,-197.400821631539,0
1754,7027,5.55175159055154,909.351453389675,25.4143992636552,40.2959260097723,42.8352889676594,62.3736738844828,25480.2907690345,23160.3695272751,-62.3862245487956,0
1755,7028,5.7033744592572,5444.77252490633,27.0385341583005,11.0295944209814,11.2834049921291,16.9504792218407,29191.3231771483,28751.496122919,-272.539274868441,0
1755,7029,5.6866709338438,1102.32123938968,25.4143992636552,34.5096706772507,36.5165154930805,53.3702459703764,25465.6428371866,23154.2611143121,-10.4843743348599,0
1755,7030,7.83839744504072,4603.82694310818,24.984581630693,12.1673012504645,12.4675291619324,18.7045131493742,33082.5248244108,18820.5118865784,251.736246330622,0
1756,7031,5.53725240703272,5044.51063857253,24.7888653415256,11.4398838650269,11.7009212219434,17.5804079045627,33056.1111416985,17895.8768065205,-439.811803508644,0
1756,7032,5.19056085859475,2757.13797890633,27.0385341583005,17.5702828067828,18.221815712764,27.0704601649052,29202.813893225,28739.7413511739,-273.711571180463,0
1756,7033,5.98436098578551,3044.78366252417,25.1061458777439,16.1354144372654,16.6712942702224,24.8425637578177,35759.148108839,24314.4959861919,216.341035902049,0
1756,7034,5.38516855259964,1216.10965542503,25.3968130101021,31.9238296001368,33.6998402588797,49.3487439286453,25458.1532969732,23159.091034504,-62.3950924621862,0
1757,7035,5.55804132908116,2112.01846490633,27.0385341583005,21.3159652202683,22.2404212009341,32.8783748817747,29180.8504062468,28727.7907060685,-208.251177498718,0
1758,7036,5.21770094538979,1819.84357490633,27.0385341583005,23.8151662656693,24.9351666054529,36.7572998659728,29195.2977652493,28732.8885868461,-239.076816823939,0
1758,7037,5.43442062284168,4398.6293371448,24.79626061354,12.5265330458154,12.8447485118233,19.2592690006364,33043.4087277206,17899.1153603651,-438.034600521493,0
1759,7038,5.6151506852803,3967.81368057253,24.7888653415256,13.4229263756294,13.7909760101952,20.6449167965721,33054.3099859339,17888.449254044,-411.206823416382,0
1759,7039,5.3194748750315,2542.31840090633,27.0385341583005,18.6216692710672,19.3470628245167,28.6999367074067,29202.9544624145,28740.6154871411,-299.390160181641,0
1760,7040,5.53651249008059,3790.11225048915,24.9552488228333,13.8622677138662,14.2570165721323,21.3246774722534,33065.280089987,17895.2639019746,-431.195797800749,0
1760,7041,5.28031254165375,2555.41583042519,27.25689405335,18.5857752105356,19.3110299555074,28.6449634856071,29193.7350688429,28716.099224205,-251.937233062233,0
1760,7042,6.0997351247387,2269.16924605861,27.0981594708969,20.2323437659581,21.075879327944,31.1976030506475,29188.2412455673,30723.0398239572,261.420644016903,0
1761,7043,5.61066726960547,3550.77077042519,27.25689405335,14.7349890190403,15.2016455043809,22.68017112978,29210.4968256678,28726.2399262485,-195.112500213667,0
1761,7044,5.50791888691935,3512.03400048915,24.9552488228333,14.6019165072669,15.0406002152929,22.4688003773563,33067.8793102074,17899.073996016,-406.009682583357,0
1761,7045,5.1939827527226,3066.38919211603,26.2223935958653,16.1955841810661,16.7463795087211,24.9387606026789,31763.6474920548,31923.5335202716,-38.9395540414701,0
1762,7046,5.45383315958218,4111.80925666628,26.4859559845822,13.2570102164823,13.6286397483606,20.3919729204103,31546.6702873855,31422.2071541335,-219.483504119318,0
1762,7047,5.40689869302076,1770.7578531314,27.2430007543024,24.3574145571061,25.5240877480995,37.6000857535044,29191.2251160956,28713.103775424,-235.563515576394,0
1762,7048,5.47598061727393,3223.49340048915,24.9552488228333,15.4901098628651,15.9834833176218,23.8432289206199,33078.4574876032,17889.8693694436,-429.968914913359,0
1763,7049,5.40568057289892,3837.70019405913,26.4387134269873,13.889347038718,14.2977271621452,21.3698781186777,31530.6540681554,31432.5378955706,-287.180151089593,0
1763,7050,5.61374632413708,2220.59860442519,27.25689405335,20.5833029815787,21.4550458586624,31.7425159537708,29177.8122299117,28714.0825144737,-280.154394721774,0
1763,7051,5.50317130195757,3741.80298564224,24.9209416759874,13.9801887727759,14.3815524987574,21.5069759846758,33059.3999760553,17891.2845960975,-441.795615471209,0
1764,7052,5.33587085174536,4277.56662567929,26.4956456355449,12.9084300426347,13.2601645245701,19.8529952771815,31432.9490112399,31477.2948977587,-277.198950210107,0
1764,7053,5.44169215416676,3352.58153964224,24.9209416759874,15.0717393253565,15.538779045257,23.1956667712773,33051.2744742541,17883.6856833091,-409.047645167409,0
1764,7054,5.21697053127773,1847.08169642519,27.25689405335,23.5984504718001,24.7042632761324,36.4217066994116,29198.1808768961,28722.7219290606,-232.456269966879,0
1764,7055,5.986489871171,2019.62061084249,24.227725270392,21.4684138717043,22.365815984208,33.1042254428692,28449.5417226646,18107.6580547461,396.610508564429,0
1765,7056,5.32576830794036,4862.15869167929,26.4956456355449,11.8476933122261,12.1409658897099,18.2134440730086,31444.6652946775,31484.8940238223,-304.650151878422,0
1765,7057,6.02884153341704,3514.50320484249,24.227725270392,14.5156487757595,14.9426361164665,22.3335467666345,28443.8492980614,18109.1419007957,395.42583138543,0
1765,7058,5.45352448384306,2280.81768842519,27.25689405335,20.1839703865439,21.0258372087149,31.1231089249899,29205.607345827,28731.0962552207,-256.170201095405,0
1765,7059,5.24686878428499,3982.46530848915,24.9552488228333,13.4052607431542,13.7736299652892,20.6179680837926,33082.2937969439,17903.5473488298,-416.266565248462,0
1766,7060,5.45981651166295,4835.88167367929,26.4956456355449,11.890448393813,12.18600822456,18.2795104753734,31437.4980382819,31489.3709124356,-287.276359694031,0
1766,7061,6.16906754494464,3077.96991084249,24.227725270392,15.902963625128,16.4151454661346,24.4802747549891,28396.0998144652,18100.1007233343,393.727644338054,0
1766,7062,5.45557806527374,2360.13331442519,27.25689405335,19.6869712690901,20.4920570445121,30.3523229504547,29200.4454965215,28731.2148303379,-277.668936742233,0
1767,7063,5.48406114556526,5810.60721884744,25.0696050625573,10.4499217642144,10.6639444212827,16.0523211869394,33776.4765932009,18456.2720746758,-275.461082187554,0
1767,7064,5.65578315949148,5447.92645171505,26.2465989648132,10.974194286897,11.2206269428537,16.8636540043833,32126.046131953,31507.3562015936,-112.423492846727,0
1767,7065,7.16848028557835,4493.93215998999,24.4722931235634,12.3221422184853,12.6269984273195,18.942769450927,22919.2845939537,21969.8851307134,1169.43993716316,0
1767,7066,5.97843120911845,2664.94430410995,24.2548580480414,17.5943612660715,18.2170748424356,27.0993727518171,28092.3337745253,18403.2569213108,419.943373675746,0
1767,7067,5.25586094349947,2754.70707842519,27.25689405335,17.6115159101427,18.2681739015873,27.1349786116636,29195.324721271,28736.0712876994,-271.444367666705,0
1768,7068,5.46748901763323,6086.19653084744,25.0696050625573,10.141666886548,10.341197816918,15.5765440178898,33768.0147023018,18445.0635054604,-281.311379433977,0
1768,7069,5.60121117027825,5846.39881771505,26.2465989648132,10.4798091949747,10.7018047174559,16.1002661288272,32105.1099141175,31500.191835778,-107.037594277062,0
1768,7070,7.04797562180639,4100.56982598999,24.4722931235634,13.0996093959424,13.4469211270606,20.144370885304,22885.3537203313,21972.6150807219,1152.41254285953,0
1768,7071,6.14871974030594,2565.60704410995,24.2548580480414,18.073901034623,18.7290456598721,27.8422328432891,28099.6979815329,18417.2692461823,403.670799186695,0
1768,7072,5.75780154121712,5037.68729900783,25.4476068458912,11.4976028559422,11.7658142667029,17.6707255224432,33177.1990657978,21142.3714889033,-152.662539104003,0
1769,7073,5.34510540768527,5976.41894684744,25.0696050625573,10.2614710106517,10.4665929605342,15.7614448531039,33760.5401148062,18440.5043235164,-256.293576631073,0
1769,7074,5.78383473507923,4491.50757752238,26.2927258085761,12.4753522798434,12.801393457145,19.1830967484233,32114.2676378051,31404.7656596035,-111.873535790048,0
1769,7075,6.17785485454266,1960.31053810995,24.2548580480414,21.9481785720445,22.8819478298127,33.8485220816665,28073.037932383,18379.5161882519,419.170943282337,0
1769,7076,5.69631125155722,1942.47076814949,25.4922963186773,22.3586922249492,23.3418551409004,34.4904310601193,33523.9541802331,21608.5967606674,-346.913642127002,0
1770,7077,5.42396584800048,5084.83902059839,25.2362999136897,11.4122325388139,11.6747247187144,17.5384902484153,33754.4673235251,18463.8597109325,-246.081608622364,0
1770,7078,6.32287993489448,2466.13794381267,24.4744928954842,18.6252729751805,19.3210025119578,28.6972775596659,28075.9754555865,18384.5737717341,398.11519585576,0
1771,7079,6.40863804794116,3967.14859944839,25.0748080916187,13.4514851262412,13.8234476468889,20.6897039010069,22420.1037623444,24839.2595523492,793.977736337027,0
1771,7080,6.27696466459157,2858.72936781267,24.4744928954842,16.7773461844677,17.3483480928108,25.8347025530242,28070.587808468,18376.0441160213,392.031236917419,0
1771,7081,5.59528451420247,1843.69109459839,25.2362999136897,23.1846732164384,24.2280375512528,35.7711824921359,33759.5712112191,18484.568210776,-283.124053797741,0
1772,7082,6.7029103998079,2112.47129544839,25.0748080916187,20.9400971570062,21.8101120476672,32.2880998185449,22413.3652419213,24856.2320301124,770.430697169712,0
1772,7083,6.16192977881282,1997.86518381267,24.4744928954842,21.6903521485581,22.6079485789672,33.4494656884211,28097.0232902885,18388.442727918,386.375750733629,0
1780,7084,8.37323265022875,4728.31125582628,24.5580854356484,11.9206774705105,12.2049382640153,18.322657047884,36481.8794187969,25820.128974888,-1374.64547157324,0
1781,7085,8.56859537532275,5348.56341582628,24.5580854356484,10.9940491400443,11.2313594071336,16.8915212683649,36467.4226972461,25798.2280695911,-1396.78022001379,0
1781,7086,10.0853767524893,3940.36504548301,26.2791888766038,13.6267369720149,14.0183319070402,20.9633337767166,30232.1309265444,32375.1350867206,-985.41386707064,0
1781,7087,5.96474501753238,919.587822414053,25.3890837009135,39.9176577506754,42.4209867486398,61.7847386441606,28897.7945933429,21205.5072185325,381.762479408641,0
1781,7088,4.23605749408892,3171.46586212319,26.7285085189185,15.878635710486,16.4135686547943,24.449307621525,29549.6463487704,32370.1670698572,-295.733945805509,0
1782,7089,10.4976981893679,4272.67836793228,26.3096487899502,12.9025503633473,13.252610956088,19.8435351020699,30222.7408563661,32361.9734026666,-1024.2664721924,0
1782,7090,6.13813588116991,1605.98331604465,24.7153260434636,25.5783973375231,26.8037438396395,39.4849468054411,35263.6144995444,16327.7459732964,608.093179438329,0
1782,7091,4.12014722696278,3173.91988797866,26.037366576367,15.7877975385835,16.3103743946799,24.3068782111808,31215.0266034335,32535.85186414,790.070314296255,0
1782,7092,5.88470229920712,976.169827993645,25.0601790521565,37.8787026159874,40.1847702306305,58.6094098292131,28842.9073993677,19932.0418512376,281.136796273834,0
1783,7093,6.35560353537599,5687.88568804465,24.7153260434636,10.5731797316867,10.7910484441704,16.2420253765317,35270.7164645154,16313.2223877455,603.025142703495,0
1783,7094,10.6206625899443,4912.83013965899,26.3678004697527,11.7570887818157,12.0447213169842,18.0732204361437,30220.0375141404,32399.4388456296,-1004.24819268008,0
1783,7095,5.89778723360175,1186.87054399365,25.0601790521565,32.4165468580249,34.2290523149771,50.1129287531674,28883.4097280839,19957.5309321188,207.457251757544,0
1783,7096,5.40780883389744,2471.64440257754,26.6662952807868,18.9458762679122,19.6902409014296,29.2013563984811,31535.9920047258,29266.6803944595,-324.975828612639,0
1784,7097,6.36565918022244,5232.29417428261,24.6657570040821,11.1604460358603,11.4066503966513,17.148642225822,35275.7158594285,16307.5209442181,658.570990371914,0
1784,7098,5.27184617829972,4550.21599657754,26.6662952807868,12.3969742455465,12.7212386239995,19.0626513321951,31542.6822799396,29239.741304038,-357.732732682398,0
1784,7099,5.99296841485589,925.069507993645,25.0601790521565,39.5634458800103,42.0257033763468,61.2312057299576,28945.0919240571,19950.791672925,126.5056405915,0
1784,7100,3.84152938656017,2362.71332306946,26.1843150656005,19.4938313430273,20.2720024644676,30.049306480645,31107.6849353879,32704.1945325642,241.80514904483,0
1785,7101,6.34559507248022,6741.47164228261,24.6657570040821,9.47694949649694,9.64443543114623,14.5503601847777,35282.6417648296,16309.0564936492,646.004300197305,0
1785,7102,7.306245004664,2976.64566509059,26.1100858673099,16.5224570538856,17.0936433755914,25.4446500330736,30820.3430046434,32632.4539178259,1182.88440256047,0
1785,7103,5.432764760546,1649.76623857754,26.6662952807868,25.557904802668,26.8136952731098,39.4620135136842,31534.9556606835,29256.4837130216,-317.899677363164,0
1786,7104,7.32071482038378,7671.61972109059,26.1100858673099,8.79793158077742,8.94303847101873,13.5049620282076,30819.1118125208,32597.5240348206,1206.5177371272,0
1786,7105,6.49260638283405,5257.66812628261,24.6657570040821,11.1252026442146,11.3696554970293,17.0942197571364,35270.4336925649,16315.009334773,643.466304226244,0
1787,7106,7.25498572519876,7153.30388909059,26.1100858673099,9.19709660871814,9.35927356146316,14.1205897353451,30815.7597973966,32611.7525280235,1197.13362403441,0
1788,7107,7.35936182088536,7778.57797709059,26.1100858673099,8.72132651997287,8.86323218953638,13.3868354420782,30821.2305459232,32596.8303300292,1191.62999280534,0
1788,7108,11.0599379437699,7916.18030394301,25.7444510310197,8.60965944283549,8.74541402973189,13.2142311623415,32260.5882727326,32342.1145626138,1144.21812383864,0
1788,7109,6.03250668158387,5161.21796694366,25.4939222309162,11.3190002620143,11.5783566124738,17.3949357480368,33245.1552095496,31710.7676643586,234.854874034259,0
1788,7110,6.00315204330134,1644.68904857548,25.2690767878884,25.2649401805681,26.4742245487816,39.0007787735759,22796.8363687108,23011.151479651,446.512453258806,0
1789,7111,7.47411840625991,10325.3782790906,26.1100858673099,7.31146670075428,7.39900223886137,11.2140534934069,30806.4941223123,32588.1213464199,1163.0085286577,0
1789,7112,11.2127953343748,10892.906099943,25.7444510310197,7.06459737702935,7.14240526566258,10.833535779255,32260.429433262,32297.8873151756,1119.41903695207,0
1789,7113,6.16474103109757,3273.93024257548,25.2690767878884,15.3613857082382,15.8496655590241,23.6448159327357,22788.691427519,22990.969193862,515.816048547677,0
1789,7114,5.61491835827855,6402.25091094365,25.4939222309162,9.84028738278404,10.0281769541118,15.1120768362387,33239.6938629851,31681.2900296301,231.944738358643,0
1789,7115,9.56178047432967,2225.40976534294,26.800109145033,20.4700830318232,21.3276558510475,31.5653272170595,27985.9118106818,26452.1142568567,-1141.17817556841,0
1790,7116,7.54515447165645,8608.74794895699,26.0235034743677,8.17983184396903,8.29948139451857,12.5519410641962,30826.9074401231,32618.2462548785,1176.44041781178,0
1790,7117,10.9256166697015,8501.04968628033,25.6711452383216,8.23041260253574,8.35066991987105,12.6295205618605,32266.5887414063,32338.5025796191,1117.56360740189,0
1790,7118,5.66523071208814,7033.73688801569,26.2532887857805,9.30340826333506,9.47090350201081,14.2847663802448,30172.6068305513,33144.2743155947,66.5588460545814,0
1790,7119,6.07471052759825,4788.34016837893,25.8010611301436,11.9166148933723,12.2090403630378,18.3186926488028,33228.2943087769,29977.0243578601,37.5373194642751,0
1790,7120,6.23890479968613,5607.51350984224,25.3519916851262,10.7120682281129,10.9403276967481,16.4574600427371,33218.0257033844,31664.8024450201,201.938547611456,0
1790,7121,6.55837360861105,2082.78265963519,26.7814476521327,21.4874328178523,22.4216129262534,33.1434831538218,29648.8697774636,26765.0095444138,766.810864845361,0
1790,7122,6.28152756179329,2836.35370160616,25.2762118936906,16.98076592547,17.5737647362241,26.1520914948578,22818.8611133037,22996.4121575475,497.803577381163,0
1791,7123,6.05330191947457,7468.04535437893,25.8010611301436,8.93476983391096,9.0842942167973,13.7156091501042,33239.2252193972,29943.7847103983,-14.0253717545249,0
1791,7124,6.07042941150113,5484.9687761884,25.4307348901889,10.8726043770411,11.1091955948212,16.7054561797572,33225.0292065237,31663.3481226081,253.694423979681,0
1791,7125,5.43271506604009,7133.64103018693,26.4049039480904,9.22742076591669,9.39226798109102,14.1677383991279,31878.2530074336,28279.6776492965,-505.958769825571,0
1791,7126,6.23451287934596,3339.14569963519,26.7814476521327,15.3242054560155,15.8239415916106,23.5910677201721,29646.885814264,26761.5022632273,794.597379491847,0
1792,7127,6.07762495508472,7556.01719837893,25.8010611301436,8.86881849258811,9.01556248274754,13.6139041219849,33241.9723340576,29938.0221221217,-19.2990659435483,0
1792,7128,5.49571512158397,7441.80679618693,26.4049039480904,8.98249973153951,9.13671555071403,13.7899562151389,31866.796171121,28276.8889065385,-492.389337842356,0
1792,7129,6.33572911618122,5113.5443381884,25.4307348901889,11.3838281653678,11.6460967013832,17.4949566191367,33224.8102064987,31659.5572994518,239.187515481695,0
1793,7130,5.98688828512901,7577.62470437893,25.8010611301436,8.85282275263283,8.99889507942619,13.5892374748986,33226.1878859579,29955.8314768684,15.8090293380407,0
1793,7131,5.65264446940016,7231.81091218693,26.4049039480904,9.14743041221693,9.30877884316143,14.0443487546674,31859.8719973517,28289.650839613,-509.757064522474,0
1793,7132,6.36949472705125,5353.5836861884,25.4307348901889,11.0462826658848,11.2914964519054,16.9736459258712,33225.474669678,31671.8265695776,252.391477296867,0
1794,7133,5.82274952743749,6479.34226637893,25.8010611301436,9.78158082369738,9.96835048610568,15.0219193848539,33232.9885872854,29922.4396500825,-10.5630943772549,0
1794,7134,5.52747861032287,6867.95687225644,26.3978126723334,9.45349215584565,9.62833209727615,14.5164948605157,31861.5768896302,28272.6821050788,-503.842434505541,0
1796,7135,5.21313213669009,2906.83390444009,25.1676646854099,16.6756490643268,17.2473235323051,25.6792421431725,31771.4943688323,17402.8907509857,-194.56726014748,0
1797,7136,5.41066506493641,2711.10562712071,26.9344127185009,17.7679583203478,18.4320995423071,27.3764722273917,29056.0780758018,27225.9281119927,-450.692711284025,0
1797,7137,5.55646514718338,1649.37919027045,25.6252596897816,25.3010095627278,26.5190704206848,39.0584093335374,33013.2978543526,19346.3671635692,-428.694568248947,0
1798,7138,5.84066784313646,3980.63457117501,25.7956683916646,13.4880705322331,13.8678141071927,20.7478417310604,33341.1571933153,29307.0822891893,210.794307936647,0
1798,7139,5.41109169735067,1498.09044599126,26.9604224652171,27.5962592617317,29.0270476019191,42.6300308981075,29045.1572265203,27287.2656546391,-444.33404420049,0
1798,7140,5.32890574103291,1536.47391427045,25.6252596897816,26.7013498521931,28.034368514072,41.2333504272462,33043.446666509,19324.8234983712,-372.529975123444,0
1799,7141,5.33548649429477,1706.34558512071,26.9344127185009,24.976751217431,26.1891246281301,38.5605829070233,29039.740238008,27262.0617858547,-415.820699036849,0
1800,7142,5.41394305105235,2906.03807916241,26.4387430904025,16.8473518762668,17.4434780464988,25.948765120049,30675.605963128,29733.9856356916,-688.999899873826,0
1800,7143,5.63605947041862,2368.59115554004,26.5488607496239,19.5192521342932,20.3036572314965,30.0899310585208,29017.5707706474,27310.8242802516,-409.847499619192,0
1801,7144,5.49005422873238,2988.82128954004,26.5488607496239,16.5310501203586,17.1071531374207,25.4591557942947,29072.0286758927,27270.2715910659,-424.68116313174,0
1801,7145,10.2817594100413,4533.1793449807,26.5914779285044,12.4222366099746,12.7473902657392,19.10155992559,29432.3457929557,28429.7902922382,-125.525964074883,0
1802,7146,5.31456239008298,4613.29593432219,26.5689038084523,12.2756418538987,12.5925662390477,18.8749311852626,29850.0464359972,29543.0548503755,-595.115321485069,0
1802,7147,5.62476238638339,2939.78134005912,26.5326534464056,16.7228318922316,17.3115595591477,25.7561516696973,29035.0245072931,27273.5368101914,-416.383687726774,0
1803,7148,5.38974738658158,4578.95740032219,26.5689038084523,12.3371510895464,12.657455596876,18.9700015779308,29817.5789609379,29557.4319782267,-578.995463928684,0
1803,7149,6.08095998515689,2796.50982857046,25.0752993662984,17.1228995261443,17.7232152475287,26.3716397744227,33523.3504511183,32125.3109156852,535.854317322417,0
1804,7150,5.56799274606175,4448.82779232219,26.5689038084523,12.5779156480342,12.9115650467571,19.3421652538944,29826.854881311,29557.0148359286,-543.287387178601,0
1804,7151,5.71992547542596,2206.34416170007,25.4840229894073,20.362122661651,21.1948794785945,31.3932522502148,32836.1387183089,18030.4887284141,563.68421684682,0
1804,7152,5.38893233784316,2976.87312405912,26.5326534464056,16.5756801703228,17.1545910997694,25.528234688523,29037.7439949431,27279.1621868779,-461.216939161808,0
1805,7153,5.42626342635468,4509.94994232219,26.5689038084523,12.463283932222,12.7905570495842,19.1649662132251,29827.2988598342,29556.2119640243,-597.189188433271,0
1805,7154,5.38545132005394,3597.02389385591,26.2850060628636,14.5038898125926,14.9481171220326,22.3202996894675,26252.1114092574,25473.8855417247,298.982742585073,0
1805,7155,5.48312933238199,3292.21936605912,26.5326534464056,15.4475825438645,15.9529514274658,23.7814455994724,29029.955040582,27287.2261698895,-377.234536106587,0
1806,7156,6.32327041323037,4110.20875340254,24.6073733800868,13.091327818851,13.439232588578,20.1318596800282,24016.8846288492,20211.0636806547,724.163877919143,0
1806,7157,5.45168802611677,4594.28749632219,26.5689038084523,12.309589624018,12.6283780668777,18.9274014026261,29815.2645117464,29577.1477628411,-603.070378181415,0
1806,7158,5.46161668465711,4858.87390332292,26.2926379612269,11.8380466924386,12.1294999035751,18.1981782201628,26240.7243048282,25526.7356902799,279.148467220694,0
1806,7159,5.50004477771857,2684.37739620232,25.3928286693901,17.6717452867772,18.3125509725439,27.2227912096496,34638.4820003622,21182.1353381423,-200.819575948067,0
1806,7160,10.4591851308766,3788.90109052399,25.0979503582201,13.8794656859076,14.2764029037515,21.3516016748651,34536.8704218073,16497.1653068872,-994.786094497478,0
1807,7161,6.32600337318551,5467.12048340254,24.6073733800868,10.8414470550995,11.071602024505,16.6559928750471,24017.0515776625,20218.6350888418,730.729012348365,0
1807,7162,5.57781418155154,3588.28038420232,25.3928286693901,14.4350020652947,14.8674419700072,22.2116209611313,34655.7625988329,21187.2833814049,-188.564381015112,0
1807,7163,5.33221813172243,4758.82171632219,26.5689038084523,12.0237668045856,12.3269753476543,18.4856604218413,29826.2558542623,29556.8196047753,-609.880088733224,0
1807,7164,5.70905784940342,4228.44902858647,26.2391640614668,12.9873108179978,13.3416656310049,19.9744427044455,25891.3337778668,26241.1282155817,4.95219758710224,0
1808,7165,5.60741592371949,3485.37491220232,25.3928286693901,14.7260799418513,15.1761853557059,22.6619766983474,34662.3668715743,21184.4375966655,-176.992153307303,0
1808,7166,5.80668039861615,3491.24640898789,26.2110610645742,14.7972386459566,15.2588826186235,22.7740623062891,25792.3268712343,26407.9850130908,245.074950606139,0
1808,7167,5.55917032231073,4274.93252232219,26.5689038084523,12.9200154689933,13.2729343756979,19.8710530069022,29834.1743390637,29546.9606422651,-624.557450765705,0
1808,7168,5.61618122097779,2268.20203700653,26.2944907543502,20.0992947099473,20.9230500966771,30.988519865048,31035.6813676947,27469.2740435492,362.487891638593,0
1809,7169,6.05969540856289,3709.89637345822,24.827220905917,14.0523184461308,14.4571275003055,21.6183183073343,34451.9835228812,31271.539581983,655.618753302513,0
1809,7170,5.54498681427591,3041.11049220232,25.3928286693901,16.185400745131,16.7273763045947,24.9207458434957,34663.5592448354,21176.6395037931,-153.656378073356,0
1809,7171,5.61741292961562,4577.65786632219,26.5689038084523,12.3394950446319,12.6599285956064,18.9736245250155,29833.2965530344,29555.7234602766,-621.891875550272,0
1809,7172,6.18779221774559,4217.37904505685,26.3097705331532,13.0164080596423,13.372933880696,20.0195738058475,31000.9961751956,27478.8842167877,317.31230145428,0
1809,7173,5.65662591116504,2193.85135237506,26.1457567576352,20.5671074656364,21.4236041732136,31.7135228170664,25345.3883006201,26556.8879953238,108.805747894973,0
1810,7174,5.45315339438208,4053.35844543475,26.4012172581449,13.3786653827481,13.7567078205883,20.5799308307658,29831.3864522598,29562.6430650382,-612.863188032869,0
1810,7175,5.29479848500078,3582.84782617691,26.059610110253,14.5198635084322,14.9631597402701,22.3444906231512,30964.3056703395,24064.0446262914,-514.155785286461,0
1810,7176,5.98089071057959,1911.94331595778,24.9278438652751,22.5011555103515,23.4869920306045,34.7092028085304,34464.0363552827,31288.794564054,624.153555684156,0
1811,7177,6.66387615122999,4858.18630342354,24.8697932592171,11.732961552606,12.009569310063,18.0332517436159,23464.3250873141,21107.1286056097,929.680828933103,0
1811,7178,5.34592774138909,3070.34685817691,26.059610110253,16.160772818782,16.7077134870946,24.884420750335,30963.3439717302,24078.2485373249,-521.722490791393,0
1811,7179,5.63778866215423,3009.83398098761,25.9253760989968,16.3708001058108,16.9301599919881,25.2092844041263,26963.27930898,22534.7436275985,-121.753653523803,0
1811,7180,5.60428943830196,3275.70431655283,26.4303968165832,15.4900146441531,15.9971629601716,23.8468772874086,29755.2031691427,29552.1174434287,-614.828286054855,0
1812,7181,6.90065931288594,5520.00152542354,24.8697932592171,10.7909888156272,11.0202613836975,16.5785247542355,23486.3569582469,21113.7910859542,882.378537488182,0
1812,7182,5.56794791660092,4633.76690898761,25.9253760989968,12.189214906215,12.4970901362411,18.7401611735105,26921.4791538078,22568.3802036098,-193.921590830008,0
1812,7183,6.28673684297249,4363.92091083607,25.8343996596119,12.6806513884766,13.014844367161,19.4995494252961,28577.8870154753,22052.6652391254,538.283861973901,0
1812,7184,5.43868329596619,2621.80544996848,26.4288822986047,18.1245129495177,18.8080374976595,27.9275121968378,29316.188268653,29430.5280335302,-436.32654212061,0
1812,7185,5.36791943423919,2991.07528417691,26.059610110253,16.4599502661873,17.0265073421069,25.3477094644667,30948.9895561509,24077.1544699125,-524.796790210374,0
1813,7186,5.31411284490767,3337.52223817691,26.059610110253,15.2482649960062,15.7367216708656,23.4717354379313,30953.213168407,24068.1863041991,-517.27230107982,0
1813,7187,5.64614394105229,5369.78772498761,25.9253760989968,11.0574199224566,11.3061520325799,16.9916627881717,26970.4243978193,22560.101884404,-164.19144545394,0
1813,7188,6.1770168910907,5197.01557174326,25.793475346989,11.2884254630101,11.5480734970003,17.3482226519963,28485.9054422533,21981.4835129794,461.973325455465,0
1814,7189,6.01995662570589,4438.88065174326,25.793475346989,12.5333745814833,12.8591272318538,19.2718186911198,28462.7260425214,21917.2229279888,321.937136860937,0
1814,7190,5.16031320795956,3398.73249217691,26.059610110253,15.0576194562783,15.5341221293381,23.1766632327333,30978.0122285981,24064.9201580264,-474.171103263018,0
1814,7191,5.60374839791861,4115.03258298761,25.9253760989968,13.2000465307612,13.5641997504551,20.3027305764487,26957.1173605421,22567.9907999293,-105.202489342725,0
1815,7192,8.29950599001844,6239.99528904753,24.6046852336308,9.95349781338223,10.1418836044448,15.2854774359926,36179.9852607214,28831.2414115719,-1446.52677651055,0
1815,7193,6.14418661639957,2737.90077574326,25.793475346989,17.4831864990857,18.1155379394322,26.9318766917098,28459.7089332604,21924.2171881567,322.591564100797,0
1815,7194,5.41052009047751,3023.0880165008,25.0285945081349,16.2062130078731,16.7458769254262,24.9519619620554,32112.4325924536,16279.8951830705,-20.7509523853447,0
1815,7195,5.31141275849121,3145.47754417691,26.059610110253,15.8899376800598,16.4193055611933,24.4650723292122,30969.1654181249,24086.9782286381,-487.906132463038,0
1816,7196,5.50577516674831,3259.51698869323,25.0766745848147,15.385766223012,15.8737601845052,23.6820511184894,32371.4565886981,16305.787504456,-89.8773371394549,0
1816,7197,5.5489665081282,3170.60921017691,26.059610110253,15.8019531209855,16.3256507118726,24.3288517612832,30957.7230203009,24070.025482158,-555.820454004451,0
1816,7198,6.11366769491603,3371.39056174326,25.793475346989,15.1122240096913,15.5897504455834,23.2605164959898,28462.091739061,21946.0721391016,259.242163612198,0
1816,7199,8.59711919890447,3710.83781304752,24.6046852336308,14.0271356733401,14.4285726669796,21.5788473584814,36161.5662622807,28850.4910290776,-1424.98738428521,0
1817,7200,5.62987025200059,4740.42267900035,24.8211036246663,11.9209917420378,12.2070709960039,18.3236399321379,35694.9544070479,17332.0391267009,-20.0622898398994,0
1817,7201,8.69680497585512,4165.27824504752,24.6046852336308,12.9746661412208,13.3160530178704,19.9515148027119,36149.9772279408,28843.7839389768,-1403.38429410424,0
1817,7202,5.41094690267724,3441.93884999166,25.1129843629244,14.822758767158,15.2762728191791,22.8108807917954,32369.8826466998,16315.4638833602,-108.906228414192,0
1817,7203,5.81474503650655,3610.94533774326,25.793475346989,14.4146035941954,14.8492398071256,22.1810066102298,28432.41764281,21896.3667617346,233.012777951241,0
1817,7204,5.21211030400852,2943.34494217691,26.059610110253,16.6471702770781,17.2261103356602,25.6376570389398,30981.8555878695,24073.8032440449,-530.648105504958,0
1818,7205,5.60339671457149,4538.33412900035,24.8211036246663,12.2704413929892,12.5750292193401,18.8635688934766,35690.2458850394,17330.7456150384,-25.3439216902432,0
1818,7206,8.33286628141574,5003.05654532014,24.7018540337642,11.4957293048914,11.7590423554368,17.6665057078145,36140.9064428895,28847.5195311587,-1396.55566580099,0
1818,7207,5.4312803405048,3590.25940469323,25.0766745848147,14.3962592810973,14.8236335537183,22.1509302457115,32347.1880431352,16307.1434353314,-90.4240557334022,0
1818,7208,5.19768960172155,5793.42842515532,25.5438154019183,10.4991829111976,10.7182282459302,16.1291015312318,26828.4879944391,21301.0271814744,-240.733424375371,0
1818,7209,5.47162475192767,2537.42778817691,26.059610110253,18.4977711231729,19.2033262120692,28.5048461529355,30955.5942115873,24057.9225431169,-509.072050730191,0
1818,7210,5.54871149956567,1899.36164828482,25.0666065768537,22.6414389928351,23.6401290677598,34.9274495801807,35759.3159443425,26234.9087994318,411.394063267695,0
1819,7211,5.9087926275165,4228.27316926584,25.1370067779203,12.8917296950987,13.2325504534601,19.8244267112494,35698.9597545903,26216.4703960378,440.08184675896,0
1819,7212,8.24420370249362,5352.61180104752,24.6046852336308,10.9917954419577,11.2292817838246,16.8881207176998,36151.7885733196,28851.74650479,-1395.22053782253,0
1819,7213,5.46956151711654,3020.18247269323,25.0766745848147,16.2232635756618,16.7645146653218,24.9784947046107,32362.8061126658,16306.8808493949,-133.719173133241,0
1819,7214,5.1859152219511,2944.38016417691,26.059610110253,16.6430508730892,17.2217175893112,25.6312770766512,30960.7654932714,24068.9487959315,-505.028551186058,0
1819,7215,5.53697107951132,2669.80247100036,24.8211036246663,17.6559097153092,18.2892323027528,27.1964938129601,35685.8471580591,17334.2047686725,13.0873677449842,0
1819,7216,4.8719777517651,4700.45425315532,25.5438154019183,12.0442907369119,12.3417962752694,18.5154982465922,26808.3755839319,21316.9876451329,-232.399279718068,0
1820,7217,8.35199672771944,7301.98758703364,24.7031403981183,9.0107173647047,9.15846348388525,13.8313505115034,36153.9707004766,28837.1151909061,-1419.32337664898,0
1820,7218,5.4780480455059,3165.59464632723,24.9585568463762,15.6863296603221,16.1920899325447,24.14695161531,32345.5464391283,16309.6353672602,-107.152280809798,0
1820,7219,6.3627727616242,4597.42331622794,24.9012826808498,12.1718799122276,12.4717698744126,18.7114273987874,24003.1577269668,20929.890359176,754.095214405005,0
1820,7220,5.31689524003079,2491.68348532792,26.1160315208945,18.7497691174158,19.4737823009767,28.8956099481478,30969.6599770919,24074.2046384794,-544.775872495338,0
1820,7221,6.1232015543152,2577.64312231575,24.560754349656,18.0613984474471,18.7193029585288,27.8238581640141,27129.915994486,18575.0160947528,393.834480888846,0
1820,7222,4.29774379859907,4229.40800616462,24.7049420044631,12.8513737372166,13.1866996914795,19.7611477280609,24610.0116802187,20530.7478638654,867.116082035134,0
1821,7223,8.12963585482866,7851.24994903364,24.7031403981183,8.60863937759107,8.73990504812661,13.2114264188265,36142.4596246524,28841.7370939061,-1373.53045833064,0
1821,7224,5.32752365375661,3023.83890107897,24.9878695933832,16.1981824594403,16.736916313879,24.9394151853533,32336.6000830425,16300.5951489739,-128.829333866817,0
1822,7225,8.25265176345844,8633.77921327595,24.7991997956624,8.11672817610282,8.22913506432006,12.4533569156176,36133.0149438648,28853.8270209986,-1381.61513060823,0
1822,7226,5.51185338842577,3224.51419632723,24.9585568463762,15.4871094973801,15.9803264694666,23.838593813405,32361.5325365679,16314.8400196087,-126.623141190762,0
1823,7227,8.27604712153486,7785.17194903364,24.7031403981183,8.6544105696601,8.78751867473414,13.2819872203182,36148.3378520547,28847.5180068705,-1414.02713242893,0
1823,7228,5.42164564563132,3142.60309307897,24.9878695933832,15.7695061429173,16.2808196912194,24.2757813045727,32348.9080344593,16313.2468393996,-129.377532140837,0
1824,7229,5.24252377731032,5091.80756934773,24.8435168061246,11.373915152379,11.6319585042552,17.4786184356999,35000.2329002481,16055.9742450742,-160.588132988628,0
1824,7230,5.3714962415962,4157.8408147408,25.0580870189089,13.030966869911,13.3789687832159,20.0395056351474,32536.829690187,16683.8564517724,-326.86782027313,0
1825,7231,5.3882628450946,5207.06962734773,24.8435168061246,11.2082147874557,11.4579170485238,17.2227166291055,35012.6043156124,16059.8624623247,-137.624562478102,0
1825,7232,5.2892977780882,3710.6909887408,25.0580870189089,14.0737997705119,14.4818288844874,21.6520823532351,32568.548812902,16707.5663732373,-321.19897319174,0
1826,7233,5.88132077115816,5114.26077994419,25.2761558331677,11.3718488061016,11.6325336089768,17.4761853535337,35110.1203421376,28843.4552207151,362.521532918385,0
1826,7234,5.37716338633926,5366.00924334773,24.8435168061246,10.9900531107376,11.2289162022123,16.8858344987379,35007.3460588388,16064.8935787578,-150.448042201174,0
1826,7235,5.27404551464955,3982.2054907408,25.0580870189089,13.4155238425401,13.7852954452318,20.6340620910439,32555.7240790546,16706.8896478171,-322.142283679824,0
1827,7236,5.81497404460157,5969.17794394419,25.2761558331677,10.2818345862805,10.489048559953,15.7931887963108,35122.5216107629,28854.1888691785,396.662761451774,0
1827,7237,5.27368377160951,4797.40805334773,24.8435168061246,11.8289012105112,12.1103194540429,18.1814119753838,34939.6904341627,16034.6575618815,-202.241474844699,0
1827,7238,5.28644651328699,4002.6896707408,25.0580870189089,13.3691192470585,13.7362408316579,20.5623104828946,32544.5409833328,16709.7829167493,-367.717265112576,0
1828,7239,5.91926830039783,5707.15664794419,25.2761558331677,10.5853068835365,10.8069864568776,16.2616387167328,35127.9066684974,28855.4449823644,363.688284708376,0
1828,7240,5.30537169513833,4927.25346775073,24.8142030760201,11.6201237920893,11.8905380310901,17.8588476769043,34925.6822497995,15995.1353025293,-209.567952205338,0
1828,7241,5.0464112046725,3629.6353087408,25.0580870189089,14.2874021299907,14.7081068810928,21.9824889781221,32542.2261197186,16718.9970328735,-321.455414539873,0
1829,7242,5.27223667285871,4918.31091175073,24.8142030760201,11.63403815133,11.9051681340763,17.8803407160146,34910.9406466496,15919.5982749649,-240.142160410263,0
1829,7243,6.01401018957907,4057.63968681084,25.5780939477523,13.294378273792,13.6612826682781,20.4478613887185,25278.7815553874,22118.8875551824,27.8668827712026,0
1829,7244,5.68366557363909,3229.09949194419,25.2761558331677,15.5096336511696,16.0072940472253,23.8742905302067,35138.1868772988,28884.4202841893,377.855468960125,0
1829,7245,5.14048639545959,3688.2244687408,25.0580870189089,14.1321581272358,14.5436378420376,21.7423494025064,32522.9944112764,16725.1153724019,-358.00240007319,0
1830,7246,5.35890801643442,5800.06010610181,24.80499304133,10.4458644110345,10.6581944080586,16.0456436872338,34906.3188827091,15905.511423812,-228.011944733645,0
1830,7247,6.194435475327,5643.93400142008,25.9538219807657,10.7049837751551,10.9363473722179,16.4474752181253,25428.7477911907,23112.5969908111,-165.99351298358,0
1830,7248,5.21938070123898,3441.55717931613,25.0509635206568,14.8170237089161,15.2696282924471,22.8018528514986,32544.4604836554,16724.1599832512,-344.857516257475,0
1831,7249,5.36457790920904,5359.0995861018,24.80499304133,10.9966935835572,11.2356488834465,16.8960229560342,34908.3421836522,15904.1668667607,-203.923089950861,0
1831,7250,8.13345222159182,3600.02289541539,25.7872542534468,14.4439346153128,14.8802949773478,22.2263721595772,23153.7806247402,30904.3358041797,-1433.70333959348,0
1831,7251,5.05823176312862,3081.34397531613,25.0509635206568,15.9947863795663,16.5210820530686,24.6246952535669,32551.625184384,16728.0930579049,-353.072342669043,0
1832,7252,5.24965361147495,5303.3958321018,24.80499304133,11.0719838075358,11.314660863265,17.0122798449793,34883.7579695358,15906.7033827184,-222.942939737492,0
1832,7253,5.24992396620746,3622.78710731613,25.0509635206568,14.3050981719349,14.7267972595393,22.0098463756582,32533.4690516373,16726.8664203617,-371.12507389933,0
1832,7254,8.73953290902568,3103.41112759506,25.8006770000518,16.0083003650184,16.5428262291386,24.6476449824066,23130.4928535897,30925.7176679481,-1403.69871416679,0
1833,7255,5.8301099581451,5699.76742381607,24.8079228402927,10.5647427398284,10.782744894322,16.2291497983302,34842.0468382733,15823.8811061564,195.346730561147,0
1833,7256,8.41823780907325,3305.38109341539,25.7872542534468,15.3197692870043,15.8102443189917,23.5817274034114,23128.0838144776,30897.1927488567,-1412.73922450331,0
1834,7257,5.81960247711084,5808.04723981607,24.8079228402927,10.4367478295764,10.6486628883682,16.0315764459241,34831.9861265507,15809.3471244943,273.666218706467,0
1834,7258,5.52292212228994,1488.82975168919,25.9757178066652,27.4518023178227,28.8535401564399,42.4008956388177,33749.7156076178,25561.8113029558,-449.754275268861,0
1835,7259,5.99943360744437,5821.32891781607,24.8079228402927,10.421335654398,10.6325217251107,16.0077872517567,34847.4635328668,15829.3405201642,236.813099773639,0
1836,7260,6.00665900578576,5613.16119181607,24.8079228402927,10.6702304822899,10.8932933559951,16.391993069051,34844.0779139546,15820.8965109857,234.011470460551,0
1836,7261,9.1507623836325,3318.97196803564,24.4269942605425,15.1194847035554,15.5848358447706,23.268275004189,19035.9469514799,25384.3681605904,-1213.07859827313,0
1836,7262,5.51407837314208,4273.01699069489,25.8293844403525,12.8607751621107,13.2049910833648,19.777987802273,33077.9150350594,23069.452299687,322.498243656375,0
1836,7263,5.63792297876289,2691.45022329202,25.2888633337922,17.6236536172013,18.2600316037787,27.1479681236284,35241.0681469098,28599.3288843788,411.379743799999,0
1837,7264,5.83109522365871,6073.61472181607,24.8079228402927,10.1398333509603,10.3378564135501,15.5733209075245,34817.6705525242,15812.7856711809,240.582601502403,0
1837,7265,6.2864499807776,3260.44966321186,25.9997712090337,15.4905892660528,15.9938218708917,23.8466782270889,29855.19066015,22424.4033578969,730.78165982195,0
1838,7266,5.92097422888554,5970.37885981607,24.8079228402927,10.2525061392807,10.455763029699,15.7472088443211,34837.47179158,15816.9285366124,226.686488155732,0
1838,7267,5.99737293195724,4690.72426848964,25.2353339386606,12.0368713736668,12.3318884296501,18.5034564966593,35914.5582678827,24833.5820142306,273.121727563881,0
1838,7268,6.4910470519347,3719.07503521186,25.9997712090337,14.1470832981002,14.5673236745727,21.7676059754883,29856.0181835586,22454.891654969,702.336484502006,0
1838,7269,5.76997771619019,2971.7912498693,26.5056600717429,16.5921888869463,17.1719316183078,25.5537300925102,29505.4200123651,26360.6987050578,-583.874187551008,0
1839,7270,5.98291904893274,5706.85979581607,24.8079228402927,10.5562287078183,10.7738241350002,16.2160070119833,34823.5227433906,15814.1793892955,272.471106602326,0
1839,7271,5.92840032231075,5220.91211448964,25.2353339386606,11.2159535706958,11.4684852615965,17.2353419770866,35898.0271535674,24825.8521770606,271.950525078808,0
1839,7272,6.3411123968663,3503.92506721186,25.9997712090337,14.7377142294824,15.1938516813558,22.6814444458432,29835.1988381525,22435.1137892941,728.992898819067,0
1839,7273,5.49237353594363,3335.6607698693,26.5056600717429,15.3044198880203,15.8004386023171,23.5597623611263,29473.8749330311,26317.2009901042,-459.364833273267,0
1840,7274,5.93181732819267,5981.07508111612,24.6473446412378,10.2310470549224,10.432413475689,15.7138439365165,34831.915249789,15819.8303072381,249.334442731739,0
1840,7275,5.98763688029557,5155.29968610779,25.2313310622558,11.3091399911151,11.5663563433223,17.3792540468168,35926.1604800262,24838.7347620428,270.719284218691,0
1840,7276,6.31930892310192,3637.35782743251,26.1321368078605,14.3775518389384,14.8127973883308,22.1244675077609,29850.5768120705,22433.0346838288,722.828663344382,0
1840,7277,5.48940430045817,3089.66914763317,25.9902817566528,16.0814251474199,16.6225280625231,24.7613726653791,32503.5599839964,22569.2419817508,44.5318902983217,0
1840,7278,5.40912599582551,3183.084082968,26.663219559269,15.8303695263006,16.3615611394536,24.3744066159661,29519.4074125221,26278.0905834103,-452.351034858924,0
1841,7279,5.98320139879138,5495.95243111611,24.6473446412378,10.8070529579918,11.0357779593259,16.6029589671839,34822.6896110556,15811.9654099899,269.065860247225,0
1841,7280,5.87227859088288,4346.70320010779,25.2313310622558,12.6633176944846,12.9921886235405,19.471552981262,35915.5577700029,24839.3009865715,267.904602884784,0
1841,7281,6.43247651480356,4542.47224543251,26.1321368078605,12.3686648450972,12.6877256086356,19.0178894584516,29845.926241657,22445.8578723479,705.04203407375,0
1841,7282,5.40641748524843,2758.4259610831,25.9784806663694,17.4168471458387,18.0466724472476,26.829649703578,32366.0558889058,22466.7556958896,-303.531517507618,0
1842,7283,6.08602572351222,6750.97188511612,24.6473446412378,9.46749086190824,9.63447260275785,14.5357446625462,34839.4652296433,15813.2356600758,249.04611703785,0
1842,7284,5.89496210059717,4280.77938210779,25.2313310622558,12.7936257611597,13.1296974928642,19.6729717126296,35915.2353804719,24826.4129179896,252.793059754718,0
1842,7285,5.68954649194467,4801.92844796122,25.8540583304308,11.8982199054005,12.1900174409047,18.2903664318762,30549.6754953377,21528.3559702137,301.141454925822,0
1842,7286,6.43106201030963,4735.82693486229,25.3534505843772,11.969829883117,12.2620921618425,18.4000914644486,22421.439350803,24232.7621305427,685.154432253631,0
1842,7287,5.33378988357852,4344.15354430707,26.0014650168835,12.7334002284384,13.07173028123,19.5814209070455,32238.0473901111,22369.1253846722,-368.092030471981,0
1842,7288,8.48927053984801,4078.4071776271,26.1797165644642,13.3029950588559,13.6749828181629,20.4624503735859,27074.5873235003,23084.6887439294,-1388.96566909733,0
1842,7289,5.96212066001911,2010.1625578193,24.1418389748258,21.5245504505678,22.4248885035637,33.1909504663427,29503.6852963288,15883.7779797886,450.652557379278,0
1843,7290,6.02184523026043,6089.94959911611,24.6473446412378,10.1128761600526,10.308778234905,15.5314775894912,34833.8436424512,15807.6356429908,231.707020436749,0
1843,7291,5.85109103537958,4436.50320210779,25.2313310622558,12.4913810766306,12.8108306432785,19.2058103571752,35894.8868727821,24842.0704969447,302.845458479033,0
1843,7292,5.92338986885267,3473.3277118193,24.1418389748258,14.623469073529,15.0561126222129,22.5001219604215,29496.0799283248,15877.6789155868,428.811762194941,0
1843,7293,5.88637822707634,3565.02102090713,26.3740064228731,14.6026293950108,15.0536638765741,22.4732939502132,26424.1079033876,26984.9833298715,195.650141351498,0
1843,7294,8.18233531817603,3614.3413836271,26.1797165644642,14.4452422954386,14.8850035260618,22.2293104613773,27048.6040323332,23069.0767872528,-1359.96361357282,0
1843,7295,5.32188032965274,2693.01850630707,26.0014650168835,17.7195691867205,18.3703423649142,27.2987306370249,32251.7290533669,22370.7535383367,-350.202922540203,0
1844,7296,5.85935583905638,5667.79928311611,24.6473446412378,10.5931288425722,10.8115546313945,16.2727106266137,34839.330100661,15823.3464988219,256.586966615724,0
1844,7297,5.91466227682807,4104.32909610779,25.2313310622558,13.1607304061762,13.5173643912806,20.2404853415535,35897.0480898156,24830.5424130603,278.094035817793,0
1844,7298,5.82477306904498,2795.5656658193,24.1418389748258,16.9954100137618,17.5770770418061,26.1713828709795,29482.6290797322,15865.3295722596,450.761713088878,0
1844,7299,8.09754459555436,2655.23333564869,26.191357489871,17.9265146216155,18.5936459251183,27.619963150514,27079.7657039962,23065.6480032699,-1415.38218436487,0
1844,7300,5.31660974287774,1361.34857230707,26.0014650168835,29.4245129835311,30.9945604096618,45.4666208367299,32233.9589394459,22353.9259452685,-319.716242842266,0
1844,7301,5.50896299444783,1669.19914890713,26.3740064228731,25.2595475545376,26.4862708708198,38.9973530624442,26422.8700694901,27006.3295193379,203.007481513885,0
1845,7302,5.8849287368824,5558.66045311611,24.6473446412378,10.7276449548368,10.9525280639609,16.4803665890841,34834.3125771288,15805.876944286,243.675310084418,0
1845,7303,5.90709884770573,5017.04248410779,25.2313310622558,11.5131360118351,11.7807642020592,17.6943374615741,35900.9562863257,24834.4339715094,279.286730240674,0
1845,7304,5.77122938470488,4885.20460273489,26.0404057469934,11.7771060821269,12.0636998517791,18.1035696231144,24980.7714086763,23542.4486004367,117.883140020447,0
1845,7305,6.19842282317501,3169.6993018193,24.1418389748258,15.5722513279417,16.0628273998355,23.9681743930225,29481.2133984938,15873.6727704898,429.662012617365,0
1845,7306,5.78899921361445,4263.20073098687,26.0617724042449,12.9006501775595,13.2488050740581,19.8401015145632,32679.0056539821,22949.3655544311,-877.155542460584,0
1845,7307,8.36894961712454,2616.15921164869,26.191357489871,18.1172767796863,18.7976657972785,27.9155734356925,27057.8827799974,23102.2460323435,-1368.30043717474,0
1846,7308,5.92589189601205,4852.83865410779,25.2313310622558,11.7687256475862,12.0495945371389,18.0891636652149,35923.8798603296,24835.412902047,286.236731898484,0
1846,7309,5.97459100701112,5234.2541904935,26.0089677329827,11.2502918435951,11.5093076672595,17.2896859516236,24975.73517764,23550.9111125818,101.712522335526,0
1846,7310,6.03318067742107,3297.1637638193,24.1418389748258,15.1547301673774,15.6195253934158,23.3220643654197,29495.8042457569,15879.0706174895,433.398322341002,0
1846,7311,9.17673631901199,4811.32207871874,24.7516402702786,11.7992758281284,12.0785327742045,18.1354747564906,35877.7951012498,29645.7193737159,-1156.67054459323,0
1846,7312,5.85255918732001,4213.67602592766,26.0880577235234,13.0048961747432,13.3591417560915,20.0013265372772,32558.1151148117,22649.3905584744,-890.705407751752,0
1846,7313,5.8315064323859,977.975818382511,26.5397909277188,38.4994322726277,40.8971626356438,59.5849364719728,27905.2348939569,28452.2306476088,82.9355435566396,0
1847,7314,5.6577953395251,3992.39296410779,25.2313310622558,13.4086061840078,13.7793506808349,20.6237429692718,35901.0877962163,24836.1768625759,295.984000220422,0
1847,7315,9.30341445873773,5689.89516671874,24.7516402702786,10.5730604783448,10.7911341845079,16.2418995242039,35860.8018012376,29652.347857269,-1144.85236985325,0
1847,7316,5.95010666268623,4560.05679073489,26.0404057469934,12.3294665308058,12.6457520964505,18.9571321120145,24985.6739089321,23527.8662870971,122.416359512275,0
1847,7317,5.98030500086238,2688.47092638251,26.5397909277188,17.8183055446348,18.4817261717613,27.4533290582759,27879.1774201863,28451.0332830295,102.180442237388,0
1847,7318,5.88579345260264,2713.1884258193,24.1418389748258,17.3565105063858,17.9620426864253,26.7306139899023,29495.8401550521,15881.0704650078,450.096499467777,0
1847,7319,5.76015537196675,3429.02264611883,26.0264542127057,14.9619279255895,15.4321730210355,23.0284854404953,32539.2822650004,22661.0901656509,-809.073893417981,0
1848,7320,5.89583413345439,3908.65011210779,25.2313310622558,13.6023466885022,13.9842447478653,20.9233325365388,35896.1312573627,24835.146144227,255.855409111293,0
1848,7321,6.09954365171765,2737.3289218193,24.1418389748258,17.2486353390112,17.8470073262344,26.5635408040813,29508.8892142926,15882.1456226304,457.269056952379,0
1848,7322,5.87854086652459,2912.76168438251,26.5397909277188,16.8331152022022,17.4293046266953,25.9269935747196,27878.903544061,28453.1464179057,92.9260362119677,0
1848,7323,9.34211112498539,4798.87738871874,24.7516402702786,11.8194731021536,12.0997800759817,18.1666758381732,35872.9452192663,29663.5628757651,-1205.85136678698,0
1848,7324,5.71668501007807,1727.18280073489,26.0404057469934,24.536223849638,25.6990783030861,37.8726837061995,25009.978802894,23521.9663138627,191.440105882161,0
1849,7325,6.14743895419275,5586.97338554296,25.3463728013128,10.7373349762324,10.9667939366399,16.4964612148139,35693.6955084586,25335.1238379395,185.135121954143,0
1849,7326,5.68916383868776,2650.93862238251,26.5397909277188,17.9980736147947,18.6739897879359,27.7319031304305,27901.6554226649,28447.0707854638,116.87496045874,0
1849,7327,5.95173712053817,2928.3383938193,24.1418389748258,16.4525411295343,16.9988917101419,25.3308045089289,29497.9733791956,15877.6428077867,435.239345991312,0
1849,7328,5.91644987017631,3082.33029926924,25.9960266874739,16.1089080584014,16.6518531789817,24.8039421686821,30396.0347703537,21949.4352916159,372.973683450715,0
1850,7329,5.96019459546404,4772.34207857853,25.2693020469923,11.9026039769454,12.1907487940924,18.2960681237273,35687.8647279419,25336.7136220472,190.660441290764,0
1850,7330,5.65971241671926,2416.12308005776,26.409793166518,19.2179480674554,19.978881153172,29.6223223880352,27887.0088959385,28453.2788315877,132.406742078248,0
1850,7331,6.05262965240812,3082.74348972061,24.1160186423091,15.8716855682323,16.3807583944953,24.4315479079601,29485.7089490506,15881.1307383493,428.057419440857,0
1850,7332,6.06861473012783,4068.90182660736,25.9714514486495,13.3052118070977,13.6757482858012,20.4654430295474,30545.1092556918,22008.6255690608,295.295322809487,0
1851,7333,5.89680693963122,4083.12651257853,25.2693020469923,13.2102075399206,13.5699366327169,20.3170621369791,35701.2323444679,25323.7394019451,197.470168829007,0
1851,7334,6.12084436153655,3358.07808615082,26.3851274626237,15.219971275745,15.7095693590926,23.4287467971867,30564.4207414389,24298.8466040285,571.181166292653,0
1851,7335,5.83140965491811,3022.12793772061,24.1160186423091,16.0919570622775,16.6149662007226,24.7725080534016,29498.3369191315,15884.8707075214,461.431362886996,0
1851,7336,5.73683812002642,2676.99902405776,26.409793166518,17.8540280598074,18.5185196257709,27.508296685313,27873.21804481,28460.9534896765,75.3660179917215,0
1851,7337,6.23152462656706,3768.60367773193,25.9262322258045,14.0124996129395,14.4240950732274,21.5592464927268,30607.5211820363,21697.2032042517,408.836634251123,0
1852,7338,5.77589402606383,3193.05585257853,25.2693020469923,15.6300564658494,16.1352578897141,24.0606725706962,35703.3647516456,25335.2201679191,195.722990809227,0
1852,7339,6.13644985320678,3116.25463215082,26.3851274626237,16.0335061498822,16.5752852062688,24.6882197062074,30563.8464963731,24279.8069742586,580.978395823499,0
1852,7340,5.9915435098143,2631.93734772061,24.1160186423091,17.7289348541557,18.3590833041082,27.3073830893601,29498.1989058651,15898.2844687105,406.375976594743,0
1853,7341,5.88411980420663,4219.22516657853,25.2693020469923,12.9219070672058,13.2654026232686,19.8713499372421,35691.5617271359,25320.9907529074,216.869316633442,0
1853,7342,6.10250297351768,2844.27758415081,26.3851274626237,17.0979924034382,17.7104557652476,26.3368659449253,30569.2392149787,24295.1356852226,573.009397155501,0
1854,7343,6.07832754635576,3174.55836021598,26.3921575123858,15.827895766174,16.3563976556252,24.3698797518698,30553.7712570235,24293.809394515,584.831787374608,0
1854,7344,5.60732768937191,2427.69640457853,25.2693020469923,18.9664618509526,19.6957850819678,29.2287164468734,35649.6378561445,25313.8947349777,214.531424588101,0
1855,7345,6.17366368581757,3543.91144815081,26.3851274626237,14.6636564468648,15.1185432602121,22.5677558996802,30562.5540718816,24286.4854372251,611.56336883257,0
1855,7346,6.63639989481761,878.688465664394,25.0669083228513,41.2600106511644,43.8813186094722,63.8719112097672,29101.2861984947,19219.1072208427,323.307885946861,0
1856,7347,5.20660708244675,3388.19663754034,26.4716641345466,15.1356169393904,15.620665889614,23.2983909927135,29049.2176882276,25594.0967286343,-266.590107260221,0
1856,7348,6.10092217536106,5529.88364288456,25.5153597278608,10.8203754451946,11.0548892668456,16.6249479409141,35176.9827316324,24612.7846733502,-57.2535289375392,0
1856,7349,5.97071009922811,1463.05263423775,26.0536037613045,27.8452523979147,29.2815054227473,43.0126035853447,24500.6560460125,26837.1118543242,405.838194444143,0
1856,7350,6.19408870313794,887.582940258313,25.0472491457089,40.9118623264986,43.4999502181283,63.3298533037763,29077.8339611833,19189.6768809893,262.313228156591,0
1856,7351,6.26435415102111,4161.91695615082,26.3851274626237,13.139920859658,13.5040603374565,20.210705911277,30556.4810982705,24300.67791497,571.575597872523,0
1857,7352,5.79313273112921,8183.70827888456,25.5153597278608,8.42221269191705,8.54943751062002,12.9249908634638,35150.7849806794,24632.1052823148,-100.780554006154,0
1857,7353,5.51575917596961,2898.29434554034,26.4716641345466,16.8834682184395,17.4823526119731,26.0048002686684,29043.8003759991,25573.9227992513,-241.368003441655,0
1857,7354,6.25112401179956,1222.40678420438,26.2436679179197,32.0952146821558,33.9033686545657,49.6199709344347,25628.2718695068,27299.4483113599,506.998981392916,0
1858,7355,5.77881805440172,9152.47783688456,25.5153597278608,7.85498898636026,7.96025009882179,12.0507987953963,35155.1927678457,24630.7206989741,-56.0290583610956,0
1858,7356,5.47407513250561,2637.50650554034,26.4716641345466,18.0535730075122,18.7326145833903,27.817704916071,29027.907145009,25598.173730323,-297.615656828392,0
1858,7357,6.21376891996605,10164.3168710406,24.3302808247049,7.32373781674114,7.40570758401401,11.2312896117745,35447.9995688263,15216.3796584735,601.721121639012,0
1858,7358,5.55561783885634,5357.65332383913,26.2319001517229,11.0941924054494,11.3465991618575,17.0489564839005,32840.6958678951,24250.9240376122,-685.659360912934,0
1859,7359,5.73876893571587,8653.91932688456,25.5153597278608,8.13326108521504,8.24912131315602,12.4796168647073,35144.1736194553,24616.6741065196,-68.4399901407099,0
1859,7360,5.29258914749756,2077.60558554034,26.4716641345466,21.4675215074323,22.3960717347526,33.1114555288604,29025.4327044187,25587.425220428,-307.982304984262,0
1859,7361,5.46712285924009,4633.24389149965,26.2421190600191,12.2148747967866,12.5262827255792,18.7804073807167,32989.0782935649,24266.1363673138,-691.079624194951,0
1860,7362,5.75083062178371,8513.10891054442,25.5677773693356,8.21900116944372,8.33840318732243,12.611818954357,35140.9574822649,24634.4683871162,-65.8136937609593,0
1860,7363,8.98942693836362,5765.23323082932,24.0658471936553,10.4402906949052,10.6481017112286,16.035864032118,35276.1167358859,14678.5026658962,-1328.5239855047,0
1860,7364,5.70286714564462,4105.08181373334,25.4265958139967,13.1767690713725,13.5358085356783,20.2656952823264,32732.4175599555,31573.4872446844,50.2360772495191,0
1860,7365,5.51269237334261,2506.96733136345,26.3053488759018,18.697059610622,19.4195187680089,28.8145110227961,29063.1760449164,25571.6064165301,-284.074080676963,0
1861,7366,5.74779091336972,3893.85192352918,25.3803885565322,13.6516716155828,14.0376255334465,20.9999410515082,32760.6681701785,31576.7498254672,40.5391279039769,0
1861,7367,8.74053412308845,5846.26688482931,24.0658471936553,10.3467195159214,10.5501700306972,15.8914517831276,35290.4426937227,14681.4448110136,-1349.81758163629,0
1861,7368,5.79100664104798,2168.89025736345,26.3053488759018,20.7692266370609,21.6428657424435,32.0275883985037,29081.9916726803,25667.6041771283,-242.312761785831,0
1861,7369,6.56386126493159,4555.69714736724,26.1537067689898,12.3463657881975,12.6643525246809,18.9834651575801,32684.0615485114,24493.1814964606,-1256.50506346611,0
1861,7370,6.26966347703002,3385.21053013033,25.5057183367834,15.0373757654223,15.5076466534762,23.1439640621717,35171.3998805156,24636.8344996001,-27.6428720866941,0
1862,7371,5.80937013628813,3985.01808773334,25.4265958139967,13.4436375003252,13.8179287783913,20.6783352142176,32759.2423495149,31570.4301478348,50.8385444219081,0
1862,7372,5.34894667012235,4213.82886235975,26.2027765294356,13.0145359066206,13.3701716640443,20.0164631524701,32435.0563234311,24735.9400005234,-610.564022126143,0
1862,7373,11.3922683160329,5266.36502605708,23.0549925703753,11.0003499173304,11.2284659473154,16.8986237083124,36988.0896784108,14165.5366432929,-921.210217005081,0
1862,7374,5.71852753541655,2110.42712417388,26.2749834448239,21.1840251623355,22.0884588754282,32.6709194314792,28002.9565889072,24111.2806136619,-88.0744432012228,0
1863,7375,5.87201913398129,4718.54996573334,25.4265958139967,12.0045409529248,12.2991382795431,18.4538599936351,32745.879008344,31579.7166489577,23.0875728477704,0
1863,7376,6.62571645719028,6785.52118742496,21.3431523397224,9.25965412190155,9.40080058572518,14.2105069215294,37393.4633663994,12430.5468035534,904.636470004061,0
1863,7377,11.1935448573908,6662.19130106571,22.9804735457158,9.45772573616591,9.61575925407513,14.5183224525179,36982.7186717332,14125.699536626,-962.988776195577,0
1863,7378,5.44107036754694,910.133677139432,25.263004510711,40.1920293614008,42.7179622964063,62.210924582473,28734.4187376929,19791.4142786199,209.906065422217,0
1864,7379,6.93590430850458,8218.39658687999,21.5288817982748,8.2286902416244,8.33140949154418,12.6220222006089,37372.8743604585,12418.5232292137,914.68738744944,0
1864,7380,5.64325013207148,3115.54173773334,25.4265958139967,15.9187947154579,16.4439184883537,24.5080685760756,32767.6885954985,31565.0257088082,45.5231264907519,0
1864,7381,10.8072019552732,7536.84376106571,22.9804735457158,8.75159985650045,8.88077560695205,13.429640541946,36970.3335423664,14145.7197689097,-904.732162787396,0
1864,7382,8.53628041099126,6562.36431846242,22.7622518763171,9.53643915141875,9.69664554908491,14.6393909461751,36519.8222014308,13209.6764808312,406.849975324807,0
1864,7383,5.99423338352977,750.011469424856,25.2047727966177,47.1043716603658,50.287228320843,72.9726331587211,28752.730310749,19731.3817014652,238.919146034725,0
1865,7384,6.93515171865536,6151.23446087999,21.5288817982748,9.86181163689161,10.0289229713492,15.1392687422388,37370.0499835355,12425.5675144476,931.597899005732,0
1865,7385,5.8509286462752,5351.91334858351,23.8326735147657,10.9399190277171,11.1700846484264,16.80670316395,36142.8451861631,15005.7578417266,324.079732944571,0
1865,7386,5.58754488117005,3310.89530318723,25.6001441250804,15.2806450724964,15.7669423330412,23.5206977628468,34699.4985320387,27539.1268713835,53.8306361622814,0
1865,7387,5.92423226624197,1082.09747142486,25.2047727966177,34.936443813342,36.9772026700008,54.0328012577381,28748.1162447187,19773.3013083708,216.047440672091,0
1865,7388,5.42475873268403,1536.39820604476,26.2853602796991,26.8825821769868,28.2419336775518,41.5180082904298,31519.273027729,25084.3995339996,-455.10480075988,0
1866,7389,5.6350428111098,3312.63535718723,25.6001441250804,15.2750885458931,15.7610375437636,23.5120976725408,34710.217658304,27535.9397227011,77.8704228838225,0
1866,7390,7.15830945361664,3438.20327098107,23.6142764795913,14.6659223411273,15.0962133703326,22.5644475892728,36567.516509797,14929.9405387606,985.383848226979,0
1866,7391,5.79395805875346,1145.09183142486,25.2047727966177,33.4016562689119,35.30464516461,51.6456766639489,28736.63235857,19755.1787749212,196.027611185594,0
1867,7392,6.00295685788523,3726.03118963847,25.620471006669,14.0910299006583,14.5047861996533,21.680030840985,34820.9166359968,27294.110323591,579.088164940501,0
1867,7393,5.65494550646951,4127.81747847883,24.8780354931943,13.0783514274137,13.4276280105325,20.1123779152195,31329.2603697511,17679.401013456,32.2447747542334,0
1868,7394,5.55884356414336,4514.52129608964,24.9285256038494,12.3222406795848,12.6303700065617,18.9438232050708,31470.8441867431,17743.928489806,-96.0407680902563,0
1868,7395,6.11693460714088,3873.07676563847,25.620471006669,13.7244414939136,14.1165634032296,21.1130135887535,34849.792688029,27302.6116934664,570.708517989708,0
1868,7396,5.61374117333,1667.38009611537,26.044151706885,25.198681389636,26.4151948494662,38.9013756438681,24696.5171688856,24511.5518757862,38.8473916015543,0
1869,7397,5.87497390684032,4338.25285611537,26.044151706885,12.7486239043257,13.0881111270656,19.6050394148731,24680.0739714914,24472.9867876876,87.3510516941069,0
1869,7398,5.34248964794624,4069.53001808964,24.9285256038494,13.2087174204306,13.5657192116994,20.3140296435906,31482.427352092,17747.9638704182,-85.8139052109783,0
1870,7399,5.72969473284904,4705.98083916647,25.8704761699264,12.0601087790149,12.3606578335497,18.5405470039417,24686.1944306669,24473.7333635357,69.8515072351774,0
1870,7400,5.50007048288245,4200.29691697566,24.8568381814113,12.9244903195176,13.2650188057321,19.8744853626994,31441.9611242336,17726.6830145043,-74.9131263740764,0
1871,7401,5.78184014290898,4844.01778116647,25.8704761699264,11.8307686660642,12.1190979135385,18.1861773991942,24681.2536224366,24481.5074758709,76.7530723594916,0
1871,7402,5.75797663292613,2253.99625622344,24.8426086467962,19.9339067050471,20.7270679654277,30.7269623334903,31301.3044866606,17660.7212166589,21.4214935952706,0
1871,7403,5.21832089893248,2228.70018996506,24.2745224044785,19.9938557863488,20.7838401116424,30.8178369736791,35696.7815824569,16468.5734204467,-66.4466821862731,0
1872,7404,5.79157096056627,5201.52178716647,25.8704761699264,11.2872979890327,11.5473604015146,17.3466115055609,24682.8326115282,24477.77534212,53.3566418586556,0
1873,7405,5.94388913528778,4831.17662316647,25.8704761699264,11.8516120836917,12.1410448719275,18.2183821066471,24682.7002439674,24478.0581909087,78.7124217473722,0
1873,7406,6.29570131506973,4628.39239609927,25.7230372857323,12.1827627749357,12.4889133008948,18.7298105855347,33897.6272010904,28914.7093036755,709.299356919676,0
1874,7407,5.94942836824689,4706.57554116646,25.8704761699264,12.0590951094109,12.3595897796505,18.5389806092236,24693.1586620695,24481.2519265068,72.2751093218933,0
1874,7408,5.38408541125106,2297.86108638837,26.0875540427033,19.87462943547,20.6793241862702,30.6394201766809,32967.0347293612,27223.8258018614,-386.234952670926,0
1875,7409,5.76234767796245,4155.10558220096,25.8354851435729,13.1059901972874,13.4641034750357,20.1571146583017,24666.0619091941,24478.5775164942,67.664011658853,0
1875,7410,5.43183449943637,2232.85131516262,26.0639340929965,20.2897348918382,21.1246280126204,31.2830542837698,32965.3290307189,27236.6173722941,-373.265438352735,0
1876,7411,5.80908740806772,4588.71441516647,25.8704761699264,12.2645467584663,12.5761311665597,18.856477539726,24680.1156506168,24481.082114135,61.222194366204,0
1877,7412,5.72710649388287,5303.03962116647,25.8704761699264,11.1448419324338,11.3976592786823,17.1265871173304,24665.8871721295,24468.2899271543,73.267503576623,0
1877,7413,5.47739806733541,3103.3953776818,26.0813448223143,16.0428311526361,16.5823068847813,24.7018570657276,33076.1094062605,26349.3656514957,-494.502007836258,0
1877,7414,5.15196077072447,2139.75529745969,26.0227597770491,20.9233873472612,21.8048796562686,32.2656925184201,31039.8923902556,22625.3976573313,-592.570080474836,0
1878,7415,5.81785534247722,5225.24378916646,25.8704761699264,11.2535720741182,11.5119129910523,17.2945198791033,24663.0856977382,24483.6014374637,64.482833420203,0
1878,7416,5.43989581511457,3336.73725019161,26.100660198193,15.2553879507203,15.7446643059565,23.4828627648463,33052.9227689542,26357.7167382108,-488.569888869351,0
1878,7417,4.9926059081629,2709.13201836505,26.0310070007138,17.6487809040505,18.2950155261351,27.1891402449865,30997.9895362543,22641.7213934829,-521.602947340691,0
1879,7418,5.33097318559959,3185.20891264049,26.1051687386247,15.7568436828013,16.2780705737425,24.2591320626489,33052.8829688558,26337.183682351,-516.311309598437,0
1879,7419,6.42844674881626,2494.87880316646,25.8704761699264,18.6939210067341,19.4111234531175,28.8082587567709,24682.1719697099,24526.2873366415,171.472964253351,0
1879,7420,5.11608658322808,2115.55610552131,26.0593952020945,21.1055210191085,22.0011751655687,32.5483490142057,31034.9728399099,22620.6994757754,-542.900113898311,0
1880,7421,7.63025566731624,5260.20280793025,26.5875654345411,11.2528633731622,11.5154908085577,17.2946187068438,29191.7558229617,32002.8151834929,1256.81131909979,0
1880,7422,5.5793091349439,3194.4849844311,26.2776334642809,15.7453679270995,16.2674743639637,24.2418108703391,33052.0577766667,26367.08886448,-523.940031898658,0
1880,7423,8.48648377358755,2326.92454394454,25.5147544710501,19.5965261559016,20.3738931739341,30.2062563863734,23900.2949717923,25034.3245777501,-1406.05746738601,0
1880,7424,5.36957176685469,2310.00385821725,26.1072766531671,19.8021144313717,20.6017577228037,30.527045202386,31027.0808434351,22639.2701255698,-545.272673725584,0
1881,7425,7.72221059062618,7025.05808393025,26.5875654345411,9.32707063336616,9.497153675962,14.3216965829172,29177.8167376494,31994.4848560951,1240.56264520572,0
1881,7426,5.60357399285991,3153.3624424311,26.2776334642809,15.8884114986687,16.4197495368912,24.4632791665053,33056.9989443429,26349.3059462808,-517.851374193276,0
1881,7427,5.48452424594118,1953.6654292753,26.1384631609716,22.3982868482224,23.3937387307316,34.554422673995,31049.8004911231,22622.1074722015,-597.797454556972,0
1882,7428,5.40893485340808,2951.61086853193,26.2521409770921,16.6393023516056,17.219655087469,25.6260044223029,33077.2331212462,26358.3115915435,-497.98927223549,0
1882,7429,5.2583167093203,2304.0770632753,26.1384631609716,19.8444281637012,20.6475468999546,30.5927634481241,31055.049996436,22637.5527534048,-545.445951274673,0
1882,7430,8.33631003210935,2438.08805778957,25.5626074922879,18.9560838437956,19.6882072427669,29.2136048636685,23944.005827224,25015.5329929008,-1345.41629321925,0
1883,7431,5.3828068632737,3078.01808253193,26.2521409770921,16.1563631095163,16.7048821249932,24.8781064853967,33063.7667262078,26356.9771928506,-514.45445792234,0
1883,7432,9.24859056173849,4208.00602783032,26.6484392261029,13.0652719195982,13.4270589821958,20.0958090717709,29112.4824621635,31388.9219341186,-1108.56060768665,0
1883,7433,5.28896903026531,2566.6930612753,26.1384631609716,18.3584006512163,19.0550585451316,28.2890910543495,31034.1815407318,22635.8953588714,-528.700543776872,0
1883,7434,8.44438240399599,2183.04900378957,25.5626074922879,20.5345957079255,21.3810983523645,31.6610078710015,23939.2478701273,25041.7409327846,-1366.43532189083,0
1884,7435,6.23538991463726,5599.75279653193,26.2521409770921,10.7788686349657,11.0155744855547,16.5620289284823,33105.7967104657,26388.284720526,-550.743085677586,0
1884,7436,9.27829779467102,4871.18686183032,26.6484392261029,11.8443039528702,12.1383722848385,18.2084763213467,29108.268042923,31393.9977587493,-1107.12252233251,0
1884,7437,7.70130022815233,5691.84041091992,26.1143729775045,10.6561331257743,10.8860038796847,16.3722987909979,33536.1286479178,27348.2938206657,-134.577780082944,0
1884,7438,5.32628438629417,2543.3455012753,26.1384631609716,18.4790127746598,19.1841479824712,28.4760212219555,31025.8152350914,22626.9167158206,-556.509773130612,0
1885,7439,5.75367671929163,8322.76109853193,26.2521409770921,8.36388612889475,8.49174603416557,12.8359011809172,33128.1698256382,26366.6250891838,-488.087203856837,0
1885,7440,9.31910673207327,4771.27692583032,26.6484392261029,12.0088123850661,12.3117303952851,18.4626929820234,29126.6652858263,31383.4436295183,-1109.34632344763,0
1885,7441,5.99252022829073,5796.80479165433,26.1234016507225,10.5305922792491,10.7543789972827,16.1784825316711,33364.6569602532,28602.7159606917,-91.5287662123521,0
1885,7442,5.18639389644316,2691.2280652753,26.1384631609716,17.7476893321997,18.4018882463631,27.3427117340545,31015.9140686953,22654.2252691616,-547.474739011949,0
1886,7443,5.53206994327035,5732.9440631026,26.2531038933525,10.6148026864146,10.8434207310457,16.3086980899969,33070.5148545346,26331.2739817463,-480.336115073708,0
1886,7444,9.08027097865841,4589.18798383032,26.6484392261029,12.3249720778323,12.6451421165484,18.9513248569579,29115.0553451989,31389.9068715276,-1124.41937625681,0
1886,7445,5.66297862268079,3870.23462365433,26.1234016507225,13.7795097358023,14.1788764170834,21.1992908060158,33271.1309187571,28653.8345780845,-214.904194701418,0
1886,7446,8.78448859610182,3342.10329581782,26.5162833050845,15.2851168242767,15.7800067110817,23.5299084483976,29139.0043764851,31399.5030447595,-1136.94268930626,0
1886,7447,9.10461780799477,3521.31453356867,26.2348934427547,14.7125409101703,15.169157476255,22.6430491387329,31362.9685089418,23617.4020747413,-2.83793066818545,0
1887,7448,5.86279315315637,6317.73371362223,26.3381037980149,9.97146034389139,10.1697160820605,15.3156978324254,30999.7884766524,32259.7737927965,186.306507577124,0
1887,7449,5.38557807896733,4998.1060204311,26.2776334642809,11.617308560545,11.8969938778568,17.8570981715635,33053.0541658116,26353.9010698574,-501.157378909916,0
1887,7450,5.44707459387087,4290.02815765433,26.1234016507225,12.8515446386886,13.1973791036156,19.7643069902997,33285.098601337,28651.8511191827,-216.018096434235,0
1887,7451,9.69465059948207,6503.00509783032,26.6484392261029,9.80395374083484,9.99596704565214,15.0576103045662,29076.6178573718,31365.1841270027,-1197.22422715175,0
1887,7452,6.43514118814506,2987.36152660441,26.3405291668746,16.5102118133384,17.0828771494961,25.4263162796565,30902.1977052322,24269.5227549979,682.831477880675,0
1888,7453,5.77087192595377,7979.61743962223,26.3381037980149,8.59185804581225,8.72935104168021,13.1874685896846,30993.1213007919,32277.3965132247,195.840566239346,0
1888,7454,5.46379256632884,3916.15396698948,26.1650065138847,13.6732514347724,14.0666875044085,21.0350305070328,33264.5730532764,28678.1230757876,-241.066880537294,0
1888,7455,7.52967872453492,10286.334285718,26.5612593022393,7.34294746711846,7.43307593757909,11.2629522027118,29296.6479615854,32092.0885400638,794.723062971966,0
1888,7456,5.44558467286176,3800.01153239178,26.2247336168329,13.9625027039169,14.373535291667,21.4825721829308,33072.0354970318,26347.1959421292,-533.271674509171,0
1888,7457,10.3321949903055,5227.94601558003,26.2342115261341,11.2745834098005,11.5362068709042,17.3275832883612,33230.8415955522,27457.4770065015,94.7445520123616,0
1888,7458,7.81059639546262,5885.86121341454,26.5679972478018,10.4531909329828,10.67563652301,16.0596523187264,28561.8515681275,31819.6010133517,-273.237714325656,0
1889,7459,8.60573660973994,10920.9507550799,26.4494003731131,7.07471040239859,7.15506074810917,10.8497185931793,30343.9287256165,32284.1738407534,-693.45337369278,0
1889,7460,7.70799663645733,9342.74613881441,26.5975923971886,7.79425529934984,7.90115024693141,11.9583023081846,28598.112837041,31819.0722554164,-231.463236214051,0
1890,7461,5.88810122019905,6931.34643299951,26.5091253417252,9.40361770111326,9.57674797082215,14.4396913527107,30993.7371528046,32276.1740584818,204.438685012815,0
1890,7462,9.08496345945824,4877.47175766583,25.6292378825149,11.7590450511188,12.0420204455853,18.0749292271242,34506.677428409,30817.7346709345,-1231.01023568235,0
1890,7463,9.6535794844553,8035.13330535421,26.7923754798052,8.57348902252883,8.71207719892922,13.1596590937156,29188.9545495589,31199.849995115,-1112.53521146798,0
1890,7464,6.08873847617868,2282.1237881208,26.3866178663877,20.0259230699387,20.8454231628049,30.8750533115529,33371.8570058249,26327.0166738242,342.696298073009,0
1891,7465,5.87042678352878,7005.90444299951,26.5091253417252,9.3395205419224,9.50979554426064,14.3408036865157,30990.2099530312,32257.8323223637,195.8146637034,0
1891,7466,5.82946996269364,3583.49372848581,26.3777979515302,14.5511651672914,14.9990705657329,22.3936669488873,33381.1736644851,26338.959782038,403.819130655811,0
1891,7467,8.87117239979427,4712.21659199302,25.5354582142914,12.0236669771916,12.320016462818,18.4836152467159,34529.1897766634,30809.1756794504,-1208.74463350864,0
1891,7468,9.80414903048018,7693.92853935421,26.7923754798052,8.81191286824976,8.96050964268946,13.5273260044327,29169.5282904665,31189.4573237733,-1175.26442219527,0
1892,7469,6.01893949783639,5369.76911099951,26.5091253417252,11.0960365809546,11.3501689852576,17.0522554278432,30994.0339776905,32269.4684872502,197.780686802227,0
1892,7470,9.14797127203174,4500.14435166583,25.6292378825149,12.4056628536681,12.7232572252195,19.0741093842541,34503.392321442,30805.5877405023,-1240.99030190603,0
1893,7471,5.72763287409503,4340.20779299951,26.5091253417252,12.7837368217543,13.128513033414,19.6602371080949,31004.2509753843,32283.6186601795,192.009091280438,0
1893,7472,9.07651261548696,4448.88984966583,25.6292378825149,12.5009948265537,12.8238052618447,19.2214509237564,34481.4314074086,30810.5839034887,-1260.37094511028,0
1894,7473,5.76953716997228,4409.17119899951,26.5091253417252,12.648902147956,12.9861027768798,19.4517874167164,31015.645685606,32297.5283722882,217.815235837046,0
1894,7474,8.76323105845258,4180.66022894566,25.673794297033,13.0376704741993,13.3906999673614,20.0511515044619,34498.3826495164,30792.9302495347,-1210.37973025846,0
1895,7475,5.83351656157636,4522.31876099951,26.5091253417252,12.4356568370375,12.7609909492627,19.1221489780952,30998.8251980866,32267.249228039,194.614623600675,0
1895,7476,7.09202247310038,3224.86395975444,25.7266764736381,15.5770821746166,16.083264032756,23.979866406969,24461.8869457789,26051.2155723696,1078.93547969134,0
1896,7477,5.72721936495816,3723.65600099951,26.5091253417252,14.1859004021229,14.6126450874991,21.828806799536,30977.3407904632,32278.0711336404,210.189282527929,0
1896,7478,7.40202400948432,3389.2407400689,25.7162308367423,15.0485577300476,15.5214226977714,23.1617924114634,24465.0054683773,26009.7299907682,1065.73051357203,0
1896,7479,6.48200337396993,2442.6319408243,24.053723873156,18.6836746571204,19.3782639360475,28.7863459496836,25576.3523417683,18889.9699529376,733.077029943044,0
1897,7480,6.75284983697634,4806.3080788243,24.053723873156,11.7537262582055,12.0258839526529,18.0638028915712,25582.0100986655,18890.0329899566,812.048036186384,0
1897,7481,6.80818741701848,2985.3279520689,25.7162308367423,16.4381048900088,16.9997917897162,25.3129341147795,24455.4860434755,25987.9094392859,1093.29469777078,0
1898,7482,7.31113982449282,3019.0938100689,25.7162308367423,16.3090263530402,16.8622636278776,25.1130544306126,24463.4336784014,25977.0619317475,1088.29627232232,0
1898,7483,5.76103832857755,1818.1375880006,26.011452651946,23.6023283067338,24.6902026314595,36.4226811984094,29167.1957090976,22203.1332299432,155.508288818299,0
1898,7484,6.4289769588277,2199.4208488243,24.053723873156,20.1448088779678,20.9426892164347,31.0510433404158,25580.85677202,18895.869415904,747.433233015984,0
1899,7485,7.16203689114632,2716.19551575444,25.7266764736381,17.5726437450786,18.2103643727438,27.0702683557797,24461.2127571552,26023.0966419383,1111.31949248824,0
1899,7486,5.43299540872769,1437.34251144245,25.9721522551373,28.2043313822644,29.6695436314738,43.5701699501421,29192.5510698644,22184.215309046,129.419933961161,0
1900,7487,7.32993068175094,3137.86594717184,25.7064320059304,15.873960016351,16.3989171075712,24.4394039490645,24457.0547361589,26010.1738595263,1099.2594983393,0
1900,7488,5.90194410859795,1613.68769300629,26.0230780148842,25.8265519617815,27.0940469959582,39.8763969265593,29157.5962346623,22201.6586638024,125.331419236979,0
1901,7489,5.57475133599649,1530.66485824901,25.9832311420814,26.8770350352451,28.2307971573868,41.5079693711483,29160.4208658035,22183.7669165614,174.256560260234,0
1901,7490,7.03902561161382,2758.16042058027,25.6926895843579,17.3778656364578,18.0019794469677,26.7684159157388,24463.2947195793,25998.8217122205,1130.84939489422,0
1902,7491,5.64533456476575,1723.39919900629,26.0230780148842,24.5726489599486,25.7381648678284,37.9291661090667,29170.4540270064,22198.9048300575,126.398885644623,0
1902,7492,7.15035480468924,2607.65676258027,25.6926895843579,18.0849024460706,18.7574553410456,27.8638661570138,24465.9111058957,25997.0462090994,1081.27409114972,0
1903,7493,5.60069679629824,1627.44710224901,25.9832311420814,25.6503704520426,26.9027652873878,39.6025839929431,29205.3335975766,22206.035950818,155.412483427874,0
1903,7494,7.31158893656537,2351.84611117184,25.7064320059304,19.4786649501326,20.2499073671043,30.0241845832564,24447.2792029535,26024.4073420087,1119.69628990124,0
1904,7495,5.50825188425643,1374.63951500629,26.0230780148842,29.2101154318179,30.7621223197512,45.1335009954833,29177.6351363199,22220.0137193025,183.491510763789,0
1904,7496,7.35108028505977,2500.83066258027,25.6926895843579,18.6340339130612,19.3449362964979,28.7148667953014,24477.4075439006,26003.4005110057,1101.09332404119,0
1905,7497,5.97983702386007,1541.14923424901,25.9832311420814,26.7371145151011,28.0792231588468,41.2906041960307,29172.3135665923,22197.4613691491,200.888175940717,0
1905,7498,6.8295294626291,2728.22708658027,25.6926895843579,17.5127787225951,18.1460517877084,26.9774209040253,24459.960154791,26013.1685951721,1097.09234170824,0
1906,7499,7.20672564606587,2388.82845258027,25.6926895843579,19.2582128333224,20.0134464778463,29.6823754605159,24460.2654526013,25994.520125416,1078.22207796956,0
1906,7500,10.8441495842202,2984.33726568575,25.1785286013178,16.3724098454693,16.9243640077496,25.2097083518213,36334.8157847095,25397.989399012,-949.011165198228,0
1907,7501,8.51357197075438,2292.29814721354,25.2050811700225,19.7562326288845,20.5412259917751,30.4527852449669,30263.4864840133,19148.0594276024,-1356.73436255195,0
1907,7502,10.1955724517082,3606.74543597226,25.161096091752,14.3600978292717,14.7860359678696,22.0951901982255,36331.5383928166,25330.7510357398,-949.232022935876,0
1908,7503,8.58515961995415,2968.64053447881,25.1929396126202,16.4348287547798,16.9909952631783,25.3063995851189,30237.1809399578,19124.8071284798,-1400.42243267548,0
1908,7504,10.9173259289001,2949.21372194373,25.2639576273265,16.5199143224094,17.0823679035496,25.4383531763653,36254.3089330081,25344.8690593117,-927.502625163983,0
1908,7505,10.1351787336716,3600.89699022708,26.4316371049358,14.508303187512,14.9540331390247,22.3274682240258,29837.734295842,33227.2081571241,-921.556035968772,0
1909,7506,9.12131222916749,4582.88657323473,26.594024931922,12.3320435955216,12.6522364665276,18.9621539130805,30229.0612432073,32546.7979593472,-1201.89295064148,0
1909,7507,8.84708971785829,3501.14933284226,25.2432103208504,14.664271264185,15.1092864898143,22.5659774314317,30188.5112603771,19207.3125124815,-1329.80194373555,0
1909,7508,5.21742313568946,2724.09648848746,24.7431034969257,17.395029882077,18.0099002669416,26.7921393297862,37492.4132020616,25549.9379531222,865.196948230431,0
1910,7509,8.87736658924616,5251.51981530815,26.638819959372,11.2685757104624,11.5323187625424,17.3189738762295,30249.67931717,32553.4380828915,-1180.02644472073,0
1910,7510,8.40146856064977,3210.36303592907,25.3633730446939,15.5827563678618,16.0858626243192,23.9877035321993,30235.6518452179,19176.4769959248,-1368.68724319041,0
1911,7511,5.48289616183488,1858.5912232346,26.6736768373313,23.3622267887774,24.440845465309,36.0526616190063,29435.4754768626,25487.1822350288,-348.210921298289,0
1911,7512,9.08303263509865,5929.26296512806,26.5817138685082,10.4041500786646,10.6242861079637,15.9839590924443,30277.165254271,32569.7454765899,-1187.94810644418,0
1912,7513,8.48886580908674,5050.66921917203,26.8728007429795,11.5791074915527,11.8604792963158,17.7990981091812,28948.2403934832,30690.9719516323,-1446.37211585986,0
1912,7514,5.98321032234378,1627.42273161045,26.6475962136948,25.8196891879813,27.0967383068977,39.8685405559694,29507.6059504959,25259.8601777719,12.9158755428815,0
1913,7515,8.29792681782342,5547.35551917203,26.8728007429795,10.884704730243,11.1302200214763,16.7264402093134,28951.6113847803,30676.354921094,-1381.1447612815,0
1913,7516,5.87564792999587,2492.16349161045,26.6475962136948,18.8303519089667,19.5662301341842,29.0222101218127,29492.187287381,25162.7028971722,144.495059230164,0
1913,7517,4.6942707183073,1823.44127162648,25.5414027895739,23.4451301651831,24.5135174087036,36.1767121643113,31119.6740246844,19867.3712316912,390.630617776277,0
1914,7518,6.36444825588171,4196.26232184051,23.7120242599229,12.8301472921238,13.1566664750456,19.7262322260558,35754.9207933281,14339.9220052745,551.203003639287,0
1914,7519,8.21883407464431,6292.38496917203,26.8728007429795,10.0268244135791,10.2303908226097,15.4018983494351,28953.5071441893,30676.6650773719,-1376.62071088128,0
1914,7520,5.73903899096715,2821.87068561045,26.6475962136948,17.2296419361515,17.853745991921,26.541559678791,29498.8932064447,25160.4611703692,191.819319632361,0
1914,7521,7.36794647758269,4008.22509579592,25.5812216386917,13.4052693113778,13.7785613747948,20.6193381954342,28407.9641385247,35957.5317017169,1238.77211719014,0
1914,7522,5.58958770897498,4135.70951128447,25.8397699929968,13.1478168705421,13.5083432279295,20.2217945671716,31972.6159880655,21106.744618408,-428.041006402469,0
1915,7523,8.48335257607379,5561.27595117203,26.8728007429795,10.866828945139,11.1114431741571,16.6988331414533,28965.2152341522,30658.9745804939,-1421.19327034896,0
1915,7524,5.41806048809594,2420.67788876322,26.4235885604446,19.1940428049224,19.9534162629376,29.5853060790272,34047.440957873,27909.134193214,-109.927416783246,0
1915,7525,7.34114716422185,3248.08580979592,25.5812216386917,15.4826063753704,15.9814379014709,23.8332483443527,28420.5698244707,35942.5862778586,1258.42955966747,0
1915,7526,5.39782701623108,3599.48654128447,25.8397699929968,14.4508783846393,14.8881069603497,22.2372386529471,31969.5264137381,21116.8845266294,-404.803157756161,0
1915,7527,5.82251577023344,1337.05397361045,26.6475962136948,30.0451328914355,31.6808430087652,46.4346466722067,29519.6750989992,25181.3362624463,194.075930307667,0
1915,7528,5.52094428466536,1899.97014655236,26.7497514449549,22.99704367374,24.0479103927937,35.4860990969826,28066.4504069687,27668.1670020902,-153.376436409039,0
1916,7529,8.4907299745244,5560.04249517203,26.8728007429795,10.8684096852112,11.113103549107,16.7012743979728,28961.4945911644,30669.0017845374,-1444.79207481261,0
1916,7530,5.58863333838869,3004.65145091029,26.4608759650055,16.4585810398307,17.0290125449628,25.3466810286228,27478.2414761296,24420.2651684983,-81.8220744234882,0
1916,7531,7.22331530586098,3579.7863309639,24.8540135489834,14.4014343689025,14.8271765355449,22.1584009185285,36595.1099039088,24515.0980010701,1118.4086455997,0
1916,7532,5.67090929499631,6127.43258728447,25.8397699929968,10.1420841266042,10.3457550219195,15.5783272514638,31958.9951181277,21094.325462548,-418.546021421778,0
1916,7533,5.47733179519671,1916.37059276322,26.4235885604446,22.7814109228773,23.8107193905967,35.1501275230493,34041.9345452112,27900.6153398371,-97.3038910651684,0
1916,7534,10.2916683536503,4118.86629645338,24.1077805760193,13.0271427781234,13.3675674560589,20.0315635039097,33752.0196577154,14233.9734623908,-1009.45111459976,0
1916,7535,5.82162616710647,6042.56930953081,26.0283843728323,10.2449426183027,10.4544772784922,15.7373687463446,30598.3718114525,21502.4728725928,373.553672038722,0
1917,7536,6.77023485622803,3978.9503064997,24.7684785127166,13.395634424304,13.7619670981251,20.6026738214108,36649.315384735,24673.4049542118,804.341890563251,0
1917,7537,8.45988308106485,6829.20264117203,26.8728007429795,9.51166988639987,9.69136218600431,14.6068755203806,28945.9183615997,30656.6884084909,-1433.14981696345,0
1917,7538,5.70008933530243,8064.46327932604,26.0264434051059,8.52171124003085,8.65504747691489,13.0789612070641,30637.4506345371,21442.7945438157,277.306960916141,0
1917,7539,6.12344224399493,7975.63424728447,25.8397699929968,8.57331764338792,8.70798606272763,13.1583110929844,31916.2526842078,21077.9195919012,-452.631934447007,0
1917,7540,8.24396073471425,7171.96062532364,26.9068189415907,9.21985075734258,9.38662941688675,14.1566873643987,30259.4852291806,30785.2569772107,-1303.99704056765,0
1917,7541,5.68394984301183,2729.79965995566,26.4324184887515,17.6104872208029,18.2584060221153,27.130996505807,27444.8432885558,24398.4286378862,-60.1015809660112,0
1917,7542,7.8102356324895,3888.18339579592,25.5812216386917,13.6844358745465,14.0739062197843,21.0510551391392,28404.182687692,35951.5423305732,1232.73222115447,0
1917,7543,6.29118540195512,5547.61046530057,25.9706627668627,10.8270372619655,11.0645220994639,16.6359643372244,33465.5125384921,31872.05061862,337.703040585771,0
1917,7544,5.66109614045499,2483.36388476322,26.4235885604446,18.8433034686154,19.5775311985927,29.0415772354711,34044.7403133092,27911.4680288347,-108.074817233841,0
1917,7545,5.00415742300198,6737.40435036869,26.6056750720305,9.58105608709046,9.76263575650652,14.7135899588217,31457.6307394864,31914.1683659316,-349.529803673019,0
1918,7546,6.7931405692373,4540.4591244997,24.7684785127166,12.2623364579455,12.5661173235491,18.8509418928748,36653.4944618383,24694.4275646838,803.687693979102,0
1918,7547,8.51371309948558,6576.54239517203,26.8728007429795,9.74496801580277,9.9353461270435,14.9668831085442,28956.5024866614,30680.3467690068,-1409.27558341776,0
1918,7548,5.63936479855454,2647.62065395566,26.4324184887515,17.9985268514739,18.6733021141766,27.7322824414865,27481.2453547633,24409.4734211257,-112.795775782935,0
1918,7549,5.95565450659991,6644.88757932604,26.0264434051059,9.63636021849814,9.81764964424417,14.7981500781014,30675.5452903499,21461.5808856511,350.917708796061,0
1918,7550,5.90256579285898,6874.59855928447,25.8397699929968,9.41959486701175,9.59028231557295,14.4634677183567,31929.597571086,21092.5576406615,-436.799279111182,0
1918,7551,8.31983482063251,7108.86642431469,26.8954195977246,9.27148109738674,9.44049661872804,14.2363240790168,30279.7063772065,30799.861554145,-1346.42751340224,0
1918,7552,7.56483109415648,3538.91711379592,25.5812216386917,14.5928116213681,15.0364431163348,22.4562286451576,28427.9558422488,35957.1194723158,1258.4424926671,0
1918,7553,5.54858348104561,2383.63015676322,26.4235885604446,19.4093400470091,20.184267534006,29.9191006406496,34030.1731670772,27892.5473877897,-63.4215556581138,0
1918,7554,5.9393295463453,5646.64162927675,25.8014107035606,10.6920619789375,10.9219250050623,16.4272843412394,33084.109652405,32780.510269461,707.215499271269,0
1919,7555,8.45747626571643,5728.03479717203,26.8728007429795,10.6586601147913,10.8928643447475,16.3773633914683,28973.2683856664,30672.1991212901,-1453.88712586944,0
1919,7556,8.24556364271144,6411.53500132364,26.9068189415907,9.90780398205614,10.1059331377051,15.2182395606621,30287.1514957253,30788.1315748415,-1317.67782216063,0
1919,7557,6.47130284191288,3074.4966684997,24.7684785127166,15.9839932220501,16.5067781904746,24.6072095666975,36651.6607415185,24683.505319438,821.316553567739,0
1919,7558,6.31420326726578,5166.72271932604,26.0264434051059,11.3480744066644,11.6122082300884,17.4407517414169,30721.512041369,21435.4183967626,484.133476139103,0
1919,7559,5.58009186474684,1982.12708995566,26.4324184887515,22.2192880808943,23.2050025653392,34.2777843658836,27446.0627452178,24408.766062794,-86.7915241205426,0
1919,7560,5.60054093296024,5214.60475210902,25.8146739123308,11.2648312859527,11.5234055217326,17.3118161215072,31985.8484033007,21115.6658439597,-423.035138904543,0
1919,7561,6.03130439880836,5159.40448327675,25.8014107035606,11.3430505995508,11.6055411979741,17.432609313167,33093.9460671905,32739.2515921219,753.19179192324,0
1919,7562,5.63806994145298,1966.34758676322,26.4235885604446,22.3495975480856,23.3452802002199,34.4799698719728,34022.8325803219,27906.70398422,-114.58273715456,0
1920,7563,5.65609844120093,6244.00226094512,26.8717944331166,10.0769932534125,10.2829334505365,15.4793358012765,26985.0948508031,25346.7507863864,-97.3891102232246,0
1920,7564,8.306639239554,6565.86924133629,26.9069668863363,9.75695551763755,9.94805408801032,14.9854286737324,28961.5150990794,30673.6500430536,-1451.55770398661,0
1920,7565,6.69009697638106,3107.59877508681,24.7971599176461,15.8690067562866,16.3847573029871,24.4292873197101,36639.7710972448,24669.158259066,799.70093218119,0
1920,7566,6.44245707867877,5463.11887747194,26.3247990662373,10.9592487713471,11.2053838696735,16.8406982715948,30740.8069666287,21448.3300850733,494.518406712293,0
1920,7567,8.37800483083559,6337.17344289188,26.8873778081914,9.98172416512343,10.1832330911339,15.3323055782789,30274.1347967404,30792.8749480181,-1313.08243389788,0
1920,7568,6.13436229616339,4913.98693865511,25.6585005570021,11.7033198538841,11.9835645903786,17.9888900086563,33136.9584731049,32763.9173372286,730.213474618816,0
1920,7569,5.44499019082565,2021.81261248117,26.193634041799,21.8481058760834,22.8019580670457,33.7009085918045,34059.7350459023,27897.9995231437,-78.3445852463398,0
1921,7570,6.62161644492034,3480.92811146385,24.6895201252608,14.6621010845181,15.1020411961897,22.5612578110623,36644.2579184,24687.4891096277,834.692144530198,0
1921,7571,6.39991455826699,3405.42793147194,26.3247990662373,15.0663708400337,15.5457721876125,23.1908554989242,30731.8712882805,21446.1167898464,455.990395775899,0
1921,7572,5.64904297261199,2398.55277566396,26.8030674911933,19.3837005038707,20.1612674142086,29.8805877558431,27470.8964762472,24417.8116507354,-104.911588634517,0
1921,7573,5.79772414296631,4316.30449142885,25.7363940265245,12.7660559108032,13.1042960293519,19.6313747554676,33109.2697842115,32756.6409808799,743.57716105875,0
1921,7574,5.61320608377174,1873.60569320034,26.2506517543253,23.1305652803842,24.184760896805,35.6913663100273,34009.1009583277,27909.7263198835,-117.128975540974,0
1922,7575,7.13859565572997,4145.60671346385,24.6895201252608,13.0236037713419,13.3683666332239,20.0273434721874,36644.7619866094,24674.0362607251,770.389736391049,0
1922,7576,6.14258828994869,2096.40362828982,26.3299449836243,21.2985830061051,22.2124131297933,32.8488389857438,30707.3733804328,21460.5300866527,488.809561087474,0
1922,7577,6.4198707761827,4691.38524542885,25.7363940265245,12.0746871782419,12.3751174061685,18.5628260112978,33115.1299647434,32749.4748011769,758.099144146165,0
1922,7578,5.52956843875095,3704.10438272811,25.0473752176587,14.0897508840155,14.4986316554677,21.6767298710005,35587.017206979,21747.3165037702,26.7186353794693,0
1922,7579,5.61517676281469,3092.87694920034,26.2506517543253,16.101781140724,16.6467228486915,24.7935844571133,34024.9878917742,27895.7846298296,-90.9761228132122,0
1922,7580,5.52646693800592,1500.86111966396,26.8030674911933,27.5134155544981,28.9345370581494,42.5005653591637,27453.761004403,24400.7909422723,-97.3213467903556,0
1923,7581,5.74261173265344,3756.76854872811,25.0473752176587,13.9550011424351,14.3559458173664,21.4683113943445,35603.2118842392,21719.2647853615,-36.1288024507024,0
1923,7582,6.11376161128453,2707.07157547194,26.3247990662373,17.7003064186413,18.353256553673,27.269849103769,30700.7949505379,21448.6799758112,497.371034357121,0
1923,7583,6.67346561764894,3696.08944308681,24.7971599176461,14.0849389881235,14.491411692592,21.6687017857577,36639.6225312142,24702.6360842874,833.176898255491,0
1923,7584,5.62700276924768,2001.77641166396,26.8030674911933,22.1316639944982,23.1156889894098,34.1432133792238,27473.660847706,24431.1402542827,-111.296802410558,0
1923,7585,6.65277296212388,8091.92280008324,26.2337179114203,8.51221111413517,8.64600782977767,13.0645493300195,32409.5904102616,32326.7093231558,-109.80444461377,0
1923,7586,5.912778732831,2021.66446520034,26.2506517543253,21.8606313204553,22.8162255918725,33.7205592235065,34043.4626812512,27896.2501271159,-88.6525972467052,0
1923,7587,6.93478470661766,7404.76229975712,25.4416075952577,8.96629132713413,9.1155433416253,13.7637757606903,32958.4721402643,32663.5603987896,1045.15236939154,0
1924,7588,5.93846773477693,9302.26245239598,26.2833762562365,7.8040797119645,7.91022552011092,11.973130326203,32247.4673465607,32202.9552769464,129.892613332212,0
1924,7589,5.77479235193159,3917.38214072811,25.0473752176587,13.5642097492307,13.9424282706641,20.8639506611644,35598.4223790679,21733.5144987951,-41.3556851525864,0
1924,7590,6.14398426134099,2177.85577628982,26.3299449836243,20.7110845583221,21.5806918505628,31.9374916575983,30709.6485052043,21457.9466831152,498.028554590863,0
1924,7591,6.65942168605155,3522.16078346385,24.6895201252608,14.5443701652541,14.9772226630499,22.3791202858995,36656.7590586454,24702.0692372411,767.269333723986,0
1924,7592,5.75658746772529,2651.23504766396,26.8030674911933,18.0348871199224,18.7162342050813,27.7897418369544,27453.2635214168,24415.8750842737,-90.6957812399344,0
1924,7593,5.52486522132845,2217.73991720034,26.2506517543253,20.4238965667136,21.2710964269071,31.491778850004,34051.2761534736,27913.0375625795,-66.7348940158872,0
1925,7594,5.72956429981108,9571.46422439598,26.2833762562365,7.66729725453188,7.76832025673933,11.7623721853979,32264.95105471,32196.1794767685,168.949731246012,0
1925,7595,5.73854247252932,4817.97453054968,25.0273603332868,11.8095055063506,12.0911469357853,18.1517891038558,35602.0625259309,21724.1626264996,0.412782257653895,0
1925,7596,6.63576041319683,4437.00003108681,24.7971599176461,12.4542757232192,12.7685821421537,19.1476029732507,36623.7548813168,24696.2196453588,801.459069258147,0
1925,7597,6.20542705790781,2337.30199028982,26.3299449836243,19.6716863628623,20.4645488179632,30.3255591503509,30704.0239657477,21442.0535733164,469.826319934766,0
1925,7598,5.41166920604188,2427.95606120034,26.2506517543253,19.1245697321558,19.8769058916641,29.4770394629179,34033.9077135457,27895.6138696384,-91.9038024723279,0
1926,7599,5.67840195963749,8623.70747039598,26.2833762562365,8.18111260958406,8.30181481083107,12.5541929246221,32252.2640743871,32209.057820633,156.838701046513,0
1926,7600,5.57598647254387,4163.74049252821,24.9686461741691,13.0105524601811,13.3567291747143,20.0077586518484,35599.6593773445,21722.6041693197,-8.26829439449228,0
1926,7601,7.0455389691514,6721.78403552982,26.347355422176,9.58209571183589,9.76248588166134,14.7148520193745,33638.7544864916,28771.3543970308,917.737220340895,0
1926,7602,6.00450506033345,2127.74372347194,26.3247990662373,21.0666111152624,21.962841850186,32.4889580262468,30708.4259127674,21444.7625961662,449.399279622499,0
1926,7603,5.7386059967236,2561.56484815795,26.9297717061713,18.5044917597873,19.2203341253779,28.5179669603365,27342.82833982,25515.5847016149,-96.3967706059965,0
1926,7604,6.58179096611142,2667.47524308681,24.7971599176461,17.6632679791298,18.2968174812585,27.2078180036272,36626.0079333143,24706.8995630723,839.530218798677,0
1927,7605,5.70826439345319,5152.10150639598,26.2833762562365,11.3870872518714,11.6548074164427,17.5014496034936,32228.9649593322,32190.9224690174,154.645857734628,0
1927,7606,7.25727067540005,6337.34223152982,26.347355422176,9.95204765418833,10.1494436866555,15.2857498614354,33655.0770748018,28772.6042976017,938.22092860873,0
1927,7607,5.66486616435546,4152.32678454968,25.0273603332868,13.0398408776152,13.3881055126776,20.0531595101358,35580.7528570331,21716.1275761834,0.261203446928647,0
1927,7608,5.99229617479263,2197.58816947194,26.3247990662373,20.5739365341744,21.4332403867215,31.7247488813066,30696.8022174814,21435.8729026597,468.383015349745,0
1927,7609,5.5613190538706,2987.26135015795,26.9297717061713,16.5854305026273,17.1688890203828,25.5444099857968,27329.5474234308,25502.2133046462,-90.6890331405075,0
1927,7610,6.91569850398467,2955.57532308681,24.7971599176461,16.4335932934753,16.9856020594253,25.3033635857604,36618.218046157,24703.6618379416,778.150275959663,0
1927,7611,11.1118971237844,4682.15685922354,26.6663328896003,12.162184156801,12.4735496718344,18.699754192217,33540.524090782,28212.2825605537,386.308752622422,0
1928,7612,8.41045263006615,8179.31053352982,26.347355422176,8.45961931990533,8.59173249361274,12.9835940228402,33787.8865486148,28827.6887638887,1093.24321544508,0
1928,7613,5.80712375071064,3989.56922639598,26.2833762562365,13.5126728623893,13.8976214736576,20.78692957383,32228.3661922896,32177.6695756337,121.009840954387,0
1928,7614,5.8051529582281,4430.20680054968,25.0273603332868,12.4862415159263,12.8039447527946,19.197462703232,35578.069003893,21716.8020276252,-3.78240697216798,0
1928,7615,6.46504213265831,4226.70644546385,24.6895201252608,12.8555118500917,13.1909494212956,19.7675117769312,36644.0263118351,24712.2441103883,810.325493624918,0
1928,7616,6.1591686626992,2036.88647347194,26.3247990662373,21.7544880127594,22.7029660873609,33.5561468392729,30709.0133149872,21456.3601189283,466.484027877634,0
1928,7617,5.8708634642312,2514.86972815795,26.9297717061713,18.7512076929925,19.4846339504262,28.900406056426,27346.7648669842,25506.8296474391,-112.147926293321,0
1929,7618,5.84217851729751,5275.33927325545,25.9205271224344,11.1866231183459,11.4418606122501,17.1911999941047,34556.8680420876,29150.9673506368,166.078020219512,0
1929,7619,5.80049484068022,2673.72140454968,25.0273603332868,17.6680130961141,18.3044824787947,27.2158846379967,35602.6664753133,21724.064273112,-16.4150456894205,0
1929,7620,5.74717368252283,3900.58418639598,26.2833762562365,13.7215586841725,14.1187667561664,21.1100031471786,32236.0082721427,32200.4527052403,153.402673291699,0
1929,7621,5.96604986489677,2723.08150615795,26.9297717061713,17.7114958011879,18.3716678140864,27.2889639239128,27356.7790990171,25495.2271841352,-117.695289669436,0
1929,7622,6.17906020456862,5795.56442357095,25.8786254606612,10.5171506000637,10.7389297716378,16.1573558444656,33919.9501227733,31013.4034641217,373.18322043747,0
1929,7623,6.24013016269791,1591.18966455791,26.2856359399116,26.1725092177368,27.4728314863348,40.4149480640665,30751.1721988247,21322.5841271249,458.862493868926,0
1930,7624,6.4747933575069,5020.563072201,25.1062292021245,11.4987624096544,11.7648490962449,17.6719135824534,35964.5848353627,27278.7099344311,612.761226318703,0
1930,7625,5.64457232888031,2382.45619728373,26.8864979913778,19.492212307072,20.2786624586971,30.0491112739805,27324.517778976,25499.1653572643,-128.289641508852,0
1930,7626,6.14096830851791,1253.78630250129,26.3738833027972,31.5057094831966,33.2642727490319,48.7040206540352,30843.2554654399,21128.0212275993,566.127955783632,0
1930,7627,9.56574632192799,7053.72519167367,25.5441779696769,9.2518283803189,9.41376634751208,14.2042878574962,35310.1179502366,28326.9899020713,291.174673359061,0
1930,7628,8.60957487144532,6697.41534215302,25.7717224920497,9.57462641519426,9.75189069161477,14.7025558460156,34461.5141321912,30141.1104803154,-117.07793026387,0
1931,7629,6.3298918697072,7779.08849200446,25.2123705215751,8.68136488491112,8.81778150650241,13.3241559181364,35969.2399457127,27249.0989034913,667.219311346523,0
1931,7630,6.76723185914113,7559.05659620121,25.7200477570181,8.86287975801338,9.00901942567249,13.604647849453,34711.6709852673,29275.3036235557,912.5452980789,0
1931,7631,5.54363820613235,2678.24335128373,26.8864979913778,17.9166023841636,18.5905836549632,27.6066800320506,27307.0909012491,25509.8339906736,-107.031296295389,0
1932,7632,6.13397753302259,7779.41888200446,25.2123705215751,8.68113297855944,8.81754013178229,13.3237983749607,35967.2720300194,27246.9112547189,668.96220132411,0
1932,7633,5.88537176697494,3536.71030644912,26.8358209030906,14.7315466572601,15.1944578736846,22.673871014828,28734.396183498,23934.6666486098,-14.5530818755256,0
1932,7634,6.68963791939524,7474.80577583282,25.8056095861158,8.92986322471073,9.07920025166744,13.7080479592571,34674.9287651689,29288.0063102127,892.96539814532,0
1932,7635,5.83072848656409,4532.39203128373,26.8864979913778,12.4470818930566,12.7756167169539,19.1405173662489,27343.1123075624,25525.8946436452,-69.4161461716585,0
1932,7636,9.91028097063307,6940.1613709741,25.0107772637663,9.32104400128624,9.48344655204864,14.3103475225762,35370.0464882333,28300.0102430843,219.253532041933,0
1933,7637,6.28918608315452,10432.9571800045,25.2123705215751,7.23650930466234,7.31847395877075,11.0977901237152,35957.1853003417,27238.1367745364,690.421106854828,0
1933,7638,5.66454197718852,4024.27784244912,26.8358209030906,13.4836469821835,13.8710991585042,20.7431960664157,28728.4024589906,23931.8611240568,-6.99032746469956,0
1933,7639,5.85366302587914,4631.79536928373,26.8864979913778,12.2674305900347,12.5860227724739,18.8628240613059,27331.1952296631,25495.6061202672,-126.824730590615,0
1933,7640,6.82778923149843,9003.47762420121,25.7200477570181,7.94305925855328,8.05240613515275,12.186718117231,34699.0603591205,29266.8978981061,897.904051489415,0
1933,7641,5.44747714274623,794.676944722785,25.434618783345,45.028615993738,48.0176257148539,69.7418596113841,28524.4599005184,19440.0452577657,184.688172192777,0
1934,7642,6.54931822727357,10551.6332680045,25.2123705215751,7.18664096030669,7.26689604384582,11.0209952495485,35926.2702966613,27242.3612892379,726.623994049169,0
1934,7643,6.93348054900171,7638.15839603331,24.4068639964478,8.74512404664066,8.8805877696807,13.4214719328801,35857.4742492792,26686.7137311246,-916.421866287652,0
1934,7644,6.09195882081636,4446.63939191037,26.7688878308507,12.5982929650772,12.9344645477213,19.3740476593551,31179.2698536822,30873.0504396552,681.044178896423,0
1934,7645,5.70884693025718,3764.49067769721,26.8591743539399,14.114541045108,14.5397892930024,21.7191804565703,28785.5729293876,23971.3739934912,15.0842364395551,0
1934,7646,5.9051248415471,4376.86644528373,26.8864979913778,12.7427343050625,13.0878508406869,19.5975776369704,27345.0295404275,25479.5496465856,-79.1371698810404,0
1934,7647,6.76620245489663,8590.03576023432,25.7859459280694,8.1816089358285,8.30040508174429,12.5544242918353,34696.5372643071,29291.1934847497,890.416398030048,0
1934,7648,5.87716482610606,1564.32203530717,25.3871658382298,26.2741297175743,27.5677689799171,40.5686177904511,28510.5349487045,19430.0425541454,153.389695438411,0
1935,7649,6.48908556176054,10702.8637840045,25.2123705215751,7.12445936052835,7.20259943797805,10.9252431584453,35926.2122211753,27240.4729502297,730.284643914995,0
1935,7650,5.99151861107263,6817.45958066131,25.412865362265,9.44812631220275,9.61802187037954,14.5069145797821,34918.413205308,30350.928162767,617.335343288171,0
1935,7651,5.81156787956517,3120.79334844912,26.8358209030906,16.0716758636,16.6202174110393,24.7485003503297,28790.7640075749,23958.5215462519,13.7862148201599,0
1935,7652,5.50750351966313,3068.83040928373,26.8864979913778,16.2684536487885,16.8304273965821,25.0533648956528,27348.3376860341,25476.7599074568,-92.4028711454382,0
1935,7653,6.03971088510176,2754.71220191037,26.7688878308507,17.5439164346085,18.1908108317953,27.0288290370757,31161.3965455239,30864.796225061,644.971169977403,0
1935,7654,5.73759431302675,1140.87218530717,25.3871658382298,33.5699390212157,35.491839355906,51.9084743169705,28492.6437710163,19425.3093100593,143.603379150054,0
1936,7655,6.41452548472666,9187.95955600447,25.2123705215751,7.82501709374823,7.92803583702473,12.0043067696252,35926.5412383366,27233.719136739,727.662936496636,0
1936,7656,6.74406527753539,6900.59576003331,24.4068639964478,9.32410667843634,9.48370326591681,14.3142580425289,35865.590951382,26691.9507030899,-907.844935472077,0
1936,7657,5.82973088521597,3412.73545769721,26.8591743539399,15.1024586911582,15.588815422241,23.2480031038422,28796.3858231357,23973.2866068543,-19.2905585914425,0
1936,7658,5.67690188545825,3621.83719128373,26.8864979913778,14.4970308949602,14.9458533191108,22.3110680941374,27340.3483146809,25482.2043004052,-76.1465780021137,0
1936,7659,5.99922654562845,1932.95859872278,25.434618783345,22.4278616405084,23.4155119172721,34.5975307949451,28492.6856262184,19413.0200251769,102.511263636483,0
1937,7660,5.29177020697535,3090.92981460332,25.6209587838828,16.0311791705838,16.5654335243611,24.6825858123041,31810.9395624033,18517.4148832132,-302.758743976624,0
1937,7661,5.72714935923622,2941.26077725868,25.6722788285919,16.6048685047105,17.1770824907761,25.571062347482,35173.2678268042,26928.0168213413,153.092332958381,0
1937,7662,5.44815404542106,2179.70686728373,26.8864979913778,20.7993022468058,21.682649412149,32.0762967798662,27350.5186439891,25469.7573182929,-96.640160243111,0
1937,7663,7.96643926589577,1543.09556957465,26.9155188972279,26.962914301883,28.3395118000373,41.6457307866776,28978.6485613325,30642.8353286816,-1382.8068454216,0
1938,7664,5.66925234103792,2211.07472651134,25.5911319549686,20.3498427942113,21.1830901579376,31.3745935902062,35196.8707345428,26935.844190635,185.446096280329,0
1938,7665,5.68089625595292,2439.21719928373,26.8864979913778,19.1625218062242,19.9250312573217,29.5379285741216,27329.2553170236,25471.3267959208,-157.397919045554,0
1938,7666,5.20452646136898,2720.60667660332,25.6209587838828,17.5372929603287,18.1714529913349,27.0151838089146,31820.3953360695,18528.7892828921,-294.276621792955,0
1938,7667,10.0910904901225,2230.22015083965,26.7636918135099,20.4313443315899,21.2855710456713,31.5051158652206,29367.7331586794,23280.0981162876,-926.370638596023,0
1939,7668,5.7229004739123,2926.47637128373,26.8864979913778,16.8223916373118,17.4213262917024,25.9113375333718,27343.2099002478,25471.8026774316,-152.667343931252,0
1939,7669,5.24218027010889,2789.36030455857,25.2089970917111,17.1725710081703,17.7776490284652,26.4489728165006,32798.4019695363,16891.4379209804,-403.204359689215,0
1939,7670,6.12513486471475,3715.43062525868,25.6722788285919,14.1236823524738,14.539814585028,21.7306593950708,35184.1375342278,26926.5109896048,154.723679176949,0
1939,7671,6.5240276028293,2508.23970549868,24.6760029962875,18.4339155422968,19.1188134019493,28.4014246784937,28751.1562147623,17393.1152907138,853.706256120809,0
1940,7672,5.88040265936863,5843.83770588593,25.4727717574629,10.4360010548668,10.6516194742202,16.0314572033567,35134.8580928421,26939.6325265833,124.166034062432,0
1940,7673,5.51238786264714,5263.33540951407,25.8656253696451,11.1996495126435,11.4552166910477,17.2112274542425,34047.3207546219,25489.209611164,-401.400377389542,0
1940,7674,5.17265577087577,3225.7596114227,25.4190438187503,15.537711617754,16.0384979781217,23.918124364317,32803.3783561915,16901.6844304708,-376.621138222427,0
1940,7675,5.59288108221373,3268.25759129581,26.7831060518464,15.5550492340946,16.0695666911431,23.9484412491012,27359.9205285199,25464.7329455982,-75.1774569820101,0
1940,7676,6.69081592010588,2958.61600511572,24.8031507703117,16.4225737911019,16.9739296584048,25.2863186058327,28774.7796996273,17367.0794851879,890.185369577732,0
1941,7677,5.74970172243636,6281.14190988593,25.4727717574629,9.96067217039797,10.1539724928952,15.2978167345434,35128.8396464383,26923.6274772607,157.521789660159,0
1941,7678,5.63824787356948,5409.03739951406,25.8656253696451,11.000830130468,11.2463654259751,16.9041713342925,34022.8517349983,25505.7849919016,-379.794050069297,0
1941,7679,5.61099645503463,2807.51772329581,26.7831060518464,17.3105460100684,17.941569662218,26.6672879912291,27322.2092808757,25477.312790398,-102.74714632744,0
1941,7680,5.43859712346896,2632.07007775957,26.0861320780313,18.0234413602059,18.6961345257527,27.7698398965196,31195.1297333245,19904.5944203072,-213.459404811156,0
1941,7681,6.52971404532576,2522.09420410681,24.750283221981,18.3734187076768,19.0550175813681,28.3079266118923,28775.28947545,17373.41763534,851.378128542031,0
1941,7682,5.0782984219735,2371.34426507388,25.4205258090734,19.3149716189326,20.0709398251774,29.7694458066813,32796.140412613,16913.7404941343,-375.624507665395,0
1942,7683,5.89455756371453,5299.83955788594,25.4727717574629,11.1223631654692,11.371642556417,17.0912071495873,35150.4367811265,26948.2305563608,142.688207118804,0
1942,7684,9.27033962623998,8518.44501106576,24.8760509573111,8.18801666624497,8.30346139503983,12.5633020560228,35753.2118008189,29576.3618563272,-1189.9132111951,0
1942,7685,5.9359682741061,6741.85417428466,25.8203787874698,9.53671157394668,9.71251562008773,14.644124975196,33846.064009619,30439.3098958867,171.697290935855,0
1942,7686,6.50439937122322,2703.19197610681,24.750283221981,17.4909907367513,18.1123865164281,26.9408030706901,28777.7038186325,17381.4831886372,850.248518927968,0
1942,7687,5.27564625201181,2824.79757775957,26.0861320780313,17.1407332287896,17.7529825908776,26.4022210307684,31169.3183945135,19902.7386561976,-186.765648733339,0
1942,7688,5.51762967176583,2641.83815129581,26.7831060518464,18.0778684238314,18.7620077734385,27.8562931808236,27375.0119372148,25486.7308569317,-105.060068810863,0
1943,7689,5.89553876810851,8396.55742428466,25.8203787874698,8.30032054223905,8.42392634299847,12.7374387622737,33832.0424999708,30459.920496724,161.131765838591,0
1943,7690,5.76231589819085,5032.35565500855,25.4719547552073,11.5073788189227,11.7762488241046,17.6858691104494,35136.1285740199,27093.3214467236,113.546735883586,0
1943,7691,9.40613027320947,8541.77054506576,24.8760509573111,8.17408979364989,8.28899888845353,12.5418392819509,35758.2487522601,29558.8488074231,-1197.50126243392,0
1943,7692,6.3145741631746,3627.5013254709,24.1794087490802,14.2008241845364,14.6087585474612,21.8464643144222,35603.7325913577,14296.7605285604,680.555130105811,0
1943,7693,5.63216169296402,2365.85320833864,26.0911066103331,19.4595757999298,20.2341383522822,29.995884457057,31212.0030047098,19903.975828263,-223.832919364425,0
1943,7694,5.31283492864574,4231.99914122072,23.5781190783078,12.745769679018,13.0666719826383,19.5955453327635,36787.96481535,29489.6335445496,677.727280206279,0
1943,7695,6.68253001730655,2687.28920410681,24.750283221981,17.5641053006578,18.1904255587612,27.0540600216146,28766.8970599557,17371.2832771196,849.806720640712,0
1943,7696,5.86278394660796,2263.43147129581,26.7831060518464,20.2152434996295,21.0536371609301,31.1700132406191,27330.2987430743,25485.4150669883,-86.99700919997,0
1943,7697,8.70778036435872,2572.71729679427,26.6652433163704,18.4070931778285,19.1130934169297,28.3661883187992,29793.2473243465,23427.757293193,-1406.44007883666,0
1944,7698,6.47907548082185,6258.8814674709,24.1794087490802,9.90985105654111,10.0939800781164,15.2175005420292,35617.8793257689,14296.6066158417,669.00758030674,0
1944,7699,5.90939865330101,8293.80613428466,25.8203787874698,8.36455782108775,8.49071901594277,12.8364585034204,33843.8856714694,30464.6749112378,151.90046985826,0
1944,7700,9.06795973319549,8196.57907306576,24.8760509573111,8.38712534968398,8.51031946918481,12.870174676707,35752.1390252656,29543.0067099224,-1148.43464166965,0
1944,7701,5.50625636962511,2086.45256129581,26.7831060518464,21.4598581443428,22.3919543152253,33.1007059915548,27346.461693869,25478.5060099481,-154.238784847538,0
1944,7702,5.67740845973288,4412.59455591232,23.7487268289493,12.4112504818311,12.7155394108201,19.0789903165548,36801.4762610702,29501.7192890223,756.194009804497,0
1944,7703,6.56797169555626,3253.93008010681,24.750283221981,15.3654588054799,15.8490837530357,23.6497675389979,28767.5673969584,17395.8047724039,868.046918350251,0
1944,7704,5.35035681544506,1883.43975633864,26.0911066103331,23.0059961278431,24.0480945896357,35.4973770958227,31200.6113053161,19904.7034705304,-191.512090580046,0
1945,7705,6.53407008976328,6554.0518934709,24.1794087490802,9.62240340962867,9.79377867118209,14.7740466854779,35618.3717060388,14289.5850218807,676.462638882765,0
1945,7706,6.53095773195604,5235.40220557379,26.6338958011092,11.2911046606974,11.5559816003333,17.3537666746596,30509.0557666297,23689.3212799571,895.400848378156,0
1945,7707,6.23634104588812,3367.27036896515,26.2238936514663,15.1731777774289,15.6583876891681,23.3559215127165,24892.5349338894,27488.8714012562,750.831814708238,0
1945,7708,9.1947344010954,8865.02412106576,24.8760509573111,7.98758967785094,8.09540757409839,12.2544455087279,35749.2783382959,29549.820979013,-1186.5497032315,0
1945,7709,7.74901827708964,9764.93315976428,25.6391835368548,7.5510265446785,7.64553997371712,11.5826213434918,34440.484541058,29638.7984446402,997.795227930443,0
1945,7710,5.60254566529033,2118.63254729581,26.7831060518464,21.219155681532,22.1329234391008,32.7272615232426,27342.5802743489,25491.6573891242,-116.09984855637,0
1945,7711,6.14617995774829,4125.2284375763,25.585955438163,13.1476530170429,13.506252972113,20.2210127275318,29790.9233260716,18808.5234486058,511.578961523598,0
1945,7712,6.33603530832848,4660.35625810681,24.750283221981,12.0506192016093,12.3430278143151,18.5237772970632,28790.3388199481,17372.7709018641,843.664854732032,0
1945,7713,4.46079765016682,4160.14665314345,25.1527856695503,13.0345798023674,13.3835056329213,20.0452898825971,35575.1243974066,26925.3206825098,-74.6690844483371,0
1946,7714,6.38204519026246,6027.4763114709,24.1794087490802,10.1522757655451,10.3474017700098,15.5915622619309,35615.4916169555,14288.2138450271,679.969409493194,0
1946,7715,6.57010016815367,5066.85925357379,26.6338958011092,11.5378553318105,11.8155853596948,17.7349579837149,30510.9310994506,23682.7964934661,889.439224432752,0
1946,7716,6.73005426096382,12654.3120730357,25.3974846061515,6.44189687250376,6.49858448675696,9.87466837398922,35117.2026790085,28776.0896336643,257.188850249554,0
1946,7717,5.68880172560096,9775.14684766593,25.9818257942335,7.55786257779305,7.65381230359206,11.5934818390568,33741.6728842461,29239.6281821014,-1.91687369942866,0
1946,7718,6.99988769918236,9482.31246014383,25.2102932387723,7.67391942752434,7.7713728867018,11.77151717407,35453.8006280445,27750.809040001,218.563478562361,0
1946,7719,6.27078759542915,3835.5865375763,25.585955438163,13.8121475026185,14.2091318123655,21.2485856763927,29772.2799457484,18792.8256060691,518.296331919557,0
1946,7720,5.7637628074763,2696.08153545978,26.2790434648306,17.7451092598324,18.4006544868702,27.3391338969501,25015.9337712586,27367.1929339931,560.823064902279,0
1946,7721,6.57255595125032,3993.69531610681,24.750283221981,13.3605401541183,13.724733223715,20.5483730717922,28782.9853179683,17379.0112062437,861.448888954364,0
1946,7722,5.54341596562862,1684.01551529581,26.7831060518464,25.1907812895461,26.4183045953846,38.8923333812883,27353.0795399169,25490.3238915418,-125.326664350752,0
1947,7723,6.45983750037307,6549.1400954709,24.1794087490802,9.62700178826484,9.79857860280151,14.7811400597337,35611.407671722,14295.4547097057,668.447128614724,0
1947,7724,5.72509341078621,5827.15256546486,25.9274699354511,10.4830217732827,10.7034205196747,16.1047416004691,33746.6859915671,29243.1651255703,-17.4911472754842,0
1947,7725,5.96448168913542,5363.69441033292,25.2986331917109,11.0237953956895,11.2670912774798,16.9387002691313,35452.7800016049,27652.1421255796,319.162399834534,0
1947,7726,5.82557900785863,2875.54938345979,26.2790434648306,16.9521239936726,17.5536624982847,26.1106077448205,25090.9563474421,27295.3971542076,385.872521613129,0
1947,7727,6.80991041597492,6057.25834357379,26.6338958011092,10.2637850325858,10.4774214572794,15.767339981025,30532.4072681812,23686.7941961619,897.568429724539,0
1947,7728,5.08803844753749,2077.35582329581,26.7831060518464,21.5291617095309,22.4665528705226,33.2082339097846,27337.232560277,25489.1965682796,-101.092471609241,0
1947,7729,6.29882477461915,3541.1649955763,25.585955438163,14.5869541720792,15.030270293513,22.4471770510819,29792.3476543936,18783.3688889496,472.839012176302,0
1948,7730,6.53532263194052,5665.7433134709,24.1794087490802,10.5656736770187,10.7800485377798,16.2295719103172,35617.1704184975,14283.699769947,696.084285867297,0
1948,7731,5.67572635653285,5537.91712366593,25.9818257942335,10.840134192784,11.0783331678478,16.6562059530965,33733.3477955795,29226.3006974002,-18.1020489917343,0
1948,7732,5.7336991459701,5238.21228833292,25.2986331917109,11.1960169099642,11.4479354660852,17.2046603296788,35430.3791304103,27638.7010969972,366.605368493157,0
1948,7733,5.85284812414381,2714.44456505769,26.2800311845082,17.6596995771745,18.3093722807128,27.2067982231669,25071.825919661,27282.5268164463,361.241414192829,0
1948,7734,5.039717736162,4943.59613702271,26.4159207236869,11.7119947827,11.9975437307188,18.0036305475282,31653.3506628388,24419.5181069198,-51.4964190947861,0
1948,7735,5.53470972673842,1803.88100729581,26.7831060518464,23.916199547594,25.0405460514962,36.9131266452674,27331.8715750356,25461.7638304403,-138.965118001383,0
1949,7736,6.51935594600187,6680.3049254709,24.1794087490802,9.50622793068044,9.67253802628013,14.5948439287667,35617.2602216897,14291.584996097,684.540775553368,0
1949,7737,6.13712455381239,4068.75691774669,25.9863941528196,13.3068847678364,13.6776312095668,20.4680613300092,33464.5760193545,21641.2596484565,697.390374827386,0
1949,7738,5.85339224472584,4673.00310233292,25.2986331917109,12.0721058890984,12.3694286291243,18.5580180261674,35450.889486093,27656.0212926866,350.999310225994,0
1949,7739,5.57305186914939,4904.07492166593,25.9818257942335,11.7427541142232,12.0271571928574,18.0503904933326,33738.060502125,29236.9132602294,13.8422984886394,0
1949,7740,5.11845189819064,5191.89129113474,26.4524285979838,11.3410480678574,11.6074150953738,17.4306146818337,31642.0674866372,24405.5822609907,-14.8482748584435,0
1949,7741,5.71453034635565,2902.37039705769,26.2800311845082,16.8414811557183,17.4356060408316,25.939228842261,25097.7720676351,27272.7952300799,399.250114463242,0
1949,7742,5.6061688442089,1552.60839929581,26.7831060518464,26.8007619431831,28.1615725987344,41.3931952157253,27347.751334212,25475.2808554476,-113.249630969192,0
1949,7743,6.7802661352406,2735.08562410681,24.750283221981,17.3467041166679,17.9584163409331,26.7173077251031,28774.5695763392,17384.034915894,871.163531180864,0
1950,7744,6.54110945016531,5564.30880850645,24.2467865240603,10.6944270004484,10.9153261725029,16.4284268341329,35610.5897119546,14289.8092432408,679.77307415461,0
1950,7745,6.29630723920793,4089.39194054969,26.1186397392033,13.2733098472131,13.6431254829738,20.4164191498845,33462.8576986747,21674.5060144644,668.193930465779,0
1950,7746,5.72588413318999,2713.58717391667,26.2143664872323,17.6543231976318,18.3029195058868,27.1982732400157,25084.6596619496,27289.4296458652,332.235699849287,0
1950,7747,5.33941045866168,4106.83344835724,25.9816372749683,13.2228887936112,13.5887743198246,20.3381676237587,33738.1053871606,29241.8212974011,1.93805477944336,0
1950,7748,5.42319073395434,4697.15103764438,26.5236549259429,12.1253512201021,12.4337683553502,18.642569181897,31640.7593306124,24401.4194899303,76.3915950192708,0
1950,7749,5.37619372243689,1263.80097090214,26.7612097198874,31.4403087403736,33.2005294950312,48.6043968587257,27348.4952150078,25486.3599661791,-93.6833498165696,0
1950,7750,6.46877706465744,2284.3132344046,24.7909404539322,19.7332042839841,20.5112265546366,30.4156192470658,28756.0398309811,17372.5194728853,870.054977639127,0
1950,7751,6.14083174547129,4153.66253465788,25.3535326391117,13.0662028901374,13.4184317782126,20.0945989041525,35394.6706789994,27600.1018768585,251.192226396808,0
1951,7752,6.39566180679328,6248.63460250645,24.2467865240603,9.92413259651925,10.1092672971923,15.2396359906421,35607.5080735101,14288.044841338,680.630757533047,0
1951,7753,6.21439153856665,3237.09587054969,26.1186397392033,15.5820865127902,16.0922461897719,23.9886210729491,33461.0635477781,21655.3031945586,676.625473581598,0
1951,7754,9.55576433736124,6928.09462855528,26.6530594057549,9.41356516757104,9.5878099941919,14.4552238456447,30851.5989239861,24562.5561933985,-1092.52210706097,0
1951,7755,5.54544887516277,3974.34255690214,26.7612097198874,13.5918741487207,13.9851290227004,20.9104344287566,27334.340665328,25487.7259786282,-111.098730993439,0
1951,7756,6.49733965220635,2322.0878244046,24.7909404539322,19.5011505478416,20.2625438279044,30.0558832814098,28781.2013808937,17369.2337669365,870.07171432417,0
1952,7757,6.36262801766946,6025.81958650645,24.2467865240603,10.1581086562507,10.3538779464112,15.600667150584,35612.6294256758,14294.8020000888,653.968876653217,0
1952,7758,5.83331648170057,3791.73240566989,25.1375463878915,13.8763501307484,14.2734324273883,21.3468733695434,25983.0369802134,20939.296461292,176.36320803238,0
1952,7759,6.5972779363648,6837.55161046235,26.8220181482058,9.50167722918358,9.68067894646872,14.5913911932411,29178.453100604,24781.4297243566,633.311104120092,0
1952,7760,5.71377236403724,5189.96935571377,26.2410128539459,11.3293268802374,11.5938065385386,17.4121547822258,32525.8154171018,26348.3130536857,-39.4574783193094,0
1952,7761,6.01596227594477,6258.14391508606,26.7536475216198,10.0557152992923,10.2600463386789,15.4463259839641,29700.1258011886,23981.187814275,237.863556092735,0
1952,7762,6.46659840757974,2322.1979544046,24.7909404539322,19.5004842086918,20.2618298869267,30.0548503456084,28761.6622597993,17391.2696025744,860.417279223591,0
1952,7763,5.4933203254167,4527.15110490214,26.7612097198874,12.4468109510817,12.7744813261234,19.1398643162576,27324.0745245617,25460.8796160177,-113.167657554552,0
1953,7764,6.36173492365997,6173.06339650645,24.2467865240603,10.0018361022031,10.1904800145993,15.3595283454939,35615.6172648584,14296.4633986019,668.154251756326,0
1953,7765,5.73950971926867,4214.12500766989,25.1375463878915,12.9208145706,13.2632601966142,19.869388388277,25992.2312150177,20946.9636981483,173.736230446906,0
1953,7766,5.60602971288567,3782.31988890214,26.7612097198874,14.0593948223175,14.4805304348443,21.6336472077703,27336.5479428345,25471.9950473295,-152.156136117235,0
1953,7767,6.94397872505829,2604.1748064046,24.7909404539322,17.9657128084949,18.6197603691242,27.6763506437146,28787.1394990451,17395.5388385271,831.165330751076,0
1953,7768,5.75440343541426,3032.50091706882,26.8241084408266,16.3975341955678,16.967454978428,25.2531092520392,29222.2060772798,24963.6741527916,368.29094801351,0
1953,7769,6.18064316684094,1923.02777833934,26.2036977381071,22.6764270003694,23.6944063535503,34.986325046471,28357.9136269409,21602.8619735757,254.398993934066,0
1953,7770,6.04628700451098,2321.25847772133,26.2436781563584,19.7556150942783,20.5535445543491,30.4554067679791,32495.5788895555,26362.556162545,-70.9087732680143,0
1954,7771,6.35930976631061,6797.89696450645,24.2467865240603,9.40493451974811,9.56720810530906,14.4387020710449,35622.8709671611,14289.9046236356,663.951284098525,0
1954,7772,5.68948348988241,2898.96715890214,26.7612097198874,16.9187486930795,17.5229289104722,26.0602551348537,27309.1675978768,25487.1087691051,-86.1565349734656,0
1954,7773,6.243605641839,4208.79152108845,25.5234663596613,12.9657544437505,13.3136071930479,19.9396586000736,35087.2756372387,25961.8301682003,123.059643646178,0
1954,7774,6.47541949051089,2943.3972324046,24.7909404539322,16.4802877426996,17.0352646552259,25.3756461240464,28773.0200683875,17353.37417049,814.276631424225,0
1954,7775,5.88518624701858,1597.35738960493,26.1586519143974,26.0624167940672,27.3515552317102,40.2433628780002,28289.7953443529,21574.0765151037,260.061059369057,0
1954,7776,5.81563134525319,3493.20584997541,24.7964480754696,14.6384812801305,15.0779564275711,22.5249800745021,35868.4986386974,16715.3696017862,-93.152604940233,0
1954,7777,6.31498398286405,994.809579068822,26.8241084408266,38.0960598938044,40.462528466182,58.9589243703033,29282.8102940774,25060.2590380655,156.755851313636,0
1955,7778,5.73773750112338,7647.1552679754,24.7964480754696,8.75646479474455,8.8941266883685,13.4394372880498,35816.2031249474,16717.3721284959,-68.9487453423629,0
1955,7779,6.52768577215437,6791.13498250645,24.2467865240603,9.41088077156738,9.57341031142398,14.4478733656118,35621.1379589758,14328.1451833221,574.592711178083,0
1955,7780,5.8492482688682,3499.62135296415,24.6537203722541,14.6045037760176,15.0406505558585,22.4720611851713,24379.0627987104,21237.6678797136,290.895980945419,0
1955,7781,5.77882186437633,3411.82476308845,25.5234663596613,14.9583407197544,15.4238803734963,23.0216991264358,35083.0960328293,25927.8829925814,120.205491923472,0
1955,7782,5.686983691811,2496.83847690214,26.7612097198874,18.8226025664482,19.5592243879309,29.0105549104067,27330.9884749664,25472.5832141166,-113.884447446723,0
1956,7783,5.30911793338582,10931.7168774872,24.7886041466126,7.02021186052996,7.09349861070653,10.7643518121685,35573.8667422655,15963.4466749719,-430.336458723421,0
1956,7784,5.83195941649563,4466.09396621628,24.5402570469368,12.3788084208768,12.6871891799815,19.030467770148,24361.3081892887,21226.0241353047,294.037934322986,0
1956,7785,5.87268384830381,9507.98117156098,24.4785958334758,7.63497850433593,7.72836315721737,11.7107918569839,35819.0575243553,16713.3949625668,-88.5202859977335,0
1956,7786,6.26067980539478,4272.59244307732,24.4480277680925,12.741799694622,13.0691599246583,19.5912507862307,36878.8026196513,19086.1037993195,682.143423967008,0
1956,7787,5.584352656984,2752.09779090214,26.7612097198874,17.5547137175585,18.2022714456043,27.045536808295,27326.546655618,25488.6458783648,-95.8344460360982,0
1956,7788,6.25029578456562,1990.20064508845,25.5234663596613,21.9677370377127,22.9213896099055,33.8839436851587,35066.2088837209,25923.4850600441,75.9707445484987,0
1957,7789,5.82532431980206,8714.45871781692,24.6905452965082,8.06566893064498,8.1757064483388,12.3745567633881,35318.8510219099,15203.0608271902,-71.2615656397447,0
1957,7790,6.43397026633156,6436.58086507732,24.4480277680925,9.74898729822841,9.92735049327141,14.9697109347363,36864.896062454,19043.8150453507,662.219854902051,0
1957,7791,5.95474652621908,10020.1043519754,24.7964480754696,7.40380659883802,7.49015870144571,11.3550459880709,35810.3002866298,16700.4023217186,-93.8823367557851,0
1957,7792,5.80872218084501,4148.46326096415,24.6537203722541,13.0143508113677,13.3583219808108,20.0129637555253,24373.5463592403,21244.1838449832,292.666780019937,0
1957,7793,5.64512973603465,3339.92767890214,26.7612097198874,15.3194493122081,15.8187027818528,23.5836555850886,27336.2790619449,25478.0487039224,-85.1618578245239,0
1958,7794,5.92423084770267,9525.78296179686,24.7425556037944,7.63564663106857,7.73001935152753,11.7120884444422,35328.8749548353,15233.3336124446,-93.9506794347728,0
1958,7795,6.47310352320107,6148.92130507732,24.4480277680925,10.0387793359289,10.2301992700845,15.4168361277637,36864.3938246257,19035.8571105735,691.431997450085,0
1958,7796,9.75627694994209,10174.2422999754,24.7964480754696,7.33489281416739,7.41885076131216,11.248913293709,35624.2397478845,16421.0499355749,-239.715614666598,0
1958,7797,6.09927430596275,4254.25538876079,24.5982092286823,12.7916955371254,13.1229260903141,19.6686824318058,24376.630046638,21227.674588611,288.423153502446,0
1958,7798,5.6860917253011,4998.65956137502,26.7852703368224,11.6526474560546,11.9373691323257,17.9125730780104,27337.2430925899,25473.9637404627,-93.5584086118914,0
1959,7799,6.2797759833803,6698.77836907731,24.4480277680925,9.50383722253999,9.67140378859584,14.5915328415555,36870.3601583222,19065.9854743408,684.681392520922,0
1959,7800,5.95558879046516,9566.86145179686,24.7425556037944,7.61544568598764,7.70909339444919,11.6809709807124,35346.9554626452,15260.9984773495,-112.099404217756,0
1959,7801,6.23443155049596,10292.7421799754,24.7964480754696,7.28311016061888,7.36528380752007,11.1691679595679,35811.3997566098,16695.8229243227,-110.687678760667,0
1959,7802,5.92501385766602,4636.69282676079,24.5982092286823,12.0792234839712,12.3720815051629,18.5676792459942,24379.3015926035,21233.0704406926,304.664491177563,0
1959,7803,5.71599578751033,5674.15505490214,26.7612097198874,10.7178622318646,10.954393411575,16.4686127209684,27332.198683001,25482.9999212348,-121.396560205403,0
1960,7804,5.93374168916822,9018.17459476522,24.9034774582966,7.90428719016859,8.00909177755654,12.1261203053985,35351.1541678817,15239.1662033319,-107.683156553742,0
1960,7805,6.52106424723092,6206.69008421714,24.5700762082819,9.98574951080615,10.1754151688554,15.3351911904301,36857.3591560766,19051.483520911,663.828520737424,0
1960,7806,6.0378225866964,9975.6557019985,24.966036128356,7.42975891898595,7.51760833008884,11.3951798640423,35796.6951154978,16688.6729386307,-90.8239093475857,0
1960,7807,5.89932210177857,4272.64616806584,24.7362378122266,12.7669028894451,13.0978097855448,19.6306487200364,24377.2244392932,21219.3250466147,269.470504675181,0
1960,7808,6.65995376671876,2563.25519349917,25.6375195345862,18.2995814795795,18.9864203851162,28.196364028287,35036.2384484016,27708.6557708397,952.808140746268,0
1960,7809,5.64175964119116,5822.24077118868,26.8000061541283,10.5413600713438,10.7693727056417,16.1961298085585,27347.5903961144,25495.5865490752,-114.421348970658,0
1961,7810,9.2070405915588,9445.5119079985,24.966036128356,7.68359863665759,7.78051757211937,11.7861824015103,35635.3286121325,16454.3903857334,-190.115959551398,0
1961,7811,6.37520547634964,5901.29959421714,24.5700762082819,10.3153403452219,10.5202009345587,15.8438172457267,36873.6210213217,19084.2661133872,698.533782810891,0
1961,7812,5.97620273895943,8511.28649974406,24.8398787666643,8.19084218682151,8.30625033010443,12.5676162160272,35387.7965634881,15289.721007008,-114.291496765894,0
1961,7813,5.97727149429604,4230.92548992843,24.6799018074054,12.8460752736305,13.1809189660391,19.7529055761984,24364.2597229433,21214.3838983738,302.145735433588,0
1961,7814,5.76311480386274,5945.05774718868,26.8000061541283,10.3989591242884,10.6200072945078,15.9762665936278,27338.133731309,25463.2096976281,-90.0351440547693,0
1962,7815,6.52884594526299,5584.94015621715,24.5700762082819,10.6898234085882,10.9124274118763,16.4218524147041,36874.2540695209,19077.4517959106,680.690996295181,0
1962,7816,5.68836441229622,8763.28596574407,24.8398787666643,8.04359758812793,8.15338744399646,12.3407091606034,35351.5264645044,15257.4126498901,-82.0512427685831,0
1962,7817,6.13146460570357,2694.87630192843,24.6799018074054,17.5188010462429,18.1412765212151,26.9836636400677,24352.3410505083,21222.4518541032,297.376316965042,0
1962,7818,5.67281077417043,5752.37429918868,26.8000061541283,10.6247509572999,10.8568760117476,16.3248923898585,27337.5459264585,25485.0329158911,-81.5135680301903,0
1963,7819,5.67367714785654,8425.56130774406,24.8398787666643,8.24265275523069,8.36006023565201,12.647463585436,35348.7920158556,15256.2612543546,-70.883813211605,0
1963,7820,6.18884477873112,6093.53383370675,24.4203918416717,10.0956810825942,10.2895498039087,15.5045989460563,37048.3477251713,18180.1363070731,713.120178549115,0
1963,7821,5.73076082697475,5509.44954518868,26.8000061541283,10.9291505827862,11.1764972954021,16.7949687073371,27328.4830931857,25452.2381212924,-115.831871684397,0
1964,7822,5.50018002382034,6528.43838318868,26.8000061541283,9.7873348770129,9.97932088340148,15.0321683268082,27334.7315654389,25473.0724032503,-106.871810361178,0
1964,7823,6.60812910243498,2991.71844693361,26.2734583861123,16.4847542002504,17.0550708656557,25.3867069542412,31343.3706198231,19766.1504591885,690.010719946264,0
1964,7824,5.89277683524738,4981.13918476522,24.9034774582966,11.5437659593409,11.8108460024874,17.7410641813459,35328.9050243317,15277.3682005336,-83.6387600917901,0
1965,7825,6.43716169696586,3481.73086893361,26.2734583861123,14.831829355966,15.2961572533483,22.8277420585372,31306.8555350219,19702.9904802254,732.22515665157,0
1965,7826,5.71485661711086,4293.74650118868,26.8000061541283,12.9012995803922,13.2548053052415,19.8425705782908,27331.7088477686,25460.0717392222,-130.296972654265,0
1966,7827,6.30907395613873,3379.99277493361,26.2734583861123,15.139099264202,15.6226093427267,23.3032967584905,31289.8404190147,19708.1538791491,740.596260963644,0
1966,7828,5.64006576186472,3902.25637718868,26.8000061541283,13.7661620010863,14.1700388409345,21.1801051768858,27321.5215074895,25456.9534347457,-124.037854974999,0
1967,7829,6.73066352828376,4079.89095093361,26.2734583861123,13.308146454668,13.681139050905,20.4706114254984,31263.8279859148,19652.1066532215,726.430151035882,0
1967,7830,5.52565172566768,4355.00080718868,26.8000061541283,12.7786484899955,13.1251907776278,19.6529364572423,27345.1363085981,25462.8711604207,-107.182749017528,0
1967,7831,9.20860171606427,4089.28774063567,25.736469534531,13.2391212811229,13.604077695656,20.3627549341101,34739.8729934291,21192.0160265479,-1104.31651266833,0
1968,7832,9.13586097607882,2929.75006021394,26.8003708753909,16.797951872747,17.3943852855789,25.8732439522771,26894.8869933312,28404.1836127859,-1116.91520953379,0
1969,7833,5.37180081100676,2404.66774359616,25.4520047622468,19.1270161805286,19.8699537814168,29.478193131291,31923.1959545446,16393.4317220291,-30.6098662816969,0
1969,7834,9.26418660984283,2910.77407871231,26.7737380243521,16.8718177731935,17.4729582975011,25.9875909339493,26921.8543726459,28389.9907218176,-1117.18580668885,0
1970,7835,9.1527588573028,2838.40230879911,26.6191360009387,17.1545851424258,17.7732911293568,26.425199681741,26921.0650701542,28410.8769409375,-1128.74076618909,0
1970,7836,6.08760403249037,2190.81740281302,25.2441645025659,20.4230152521265,21.2571005837156,31.4868128335996,32879.6423705949,15508.3700879426,335.981366318891,0
1970,7837,5.1881224705452,2020.55596499176,25.4474253758657,21.7087660070866,22.6416434630819,33.4818646015828,31942.424485645,16384.1899735077,-27.2318212224573,0
1971,7838,5.93480527608476,2897.98415881302,25.2441645025659,16.7216408757853,17.2971410475101,25.750685509112,32930.710429111,15490.242310772,282.758234589324,0
1971,7839,9.45090092338833,2788.84622927034,26.6008873389872,17.3678343406776,18.000885658689,26.7555252469463,26899.2567950862,28393.8760587018,-1134.16654990923,0
1972,7840,6.22888482873306,3116.54815681302,25.2441645025659,15.8927152628344,16.4143856174098,24.4672032653414,32916.8943405835,15473.631989954,253.597038468056,0
1972,7841,9.1327573201843,3072.62679279911,26.6191360009387,16.2214893995473,16.7778100721627,24.9799299157213,26942.0932115579,28388.1785025528,-1195.93277237036,0
1973,7842,6.02967059783694,3156.87776281302,25.2441645025659,15.7512098836598,16.2638566709806,24.2481464230243,32922.5007230595,15462.4976869965,221.442378797066,0
1973,7843,5.93030455112071,2349.36929287692,26.6001675810821,19.64352222265,20.4376003546442,30.2827899738594,26590.6133191664,27564.5705979599,537.237621730909,0
1973,7844,9.11975340098786,3881.07896021759,24.2959806645369,13.5768824984321,13.9497005847552,20.8818573509029,36455.9309723664,15652.7652710985,-1111.59843545204,0
1973,7845,7.61188629552945,1830.50621513255,24.9440176366295,23.2426811824774,24.2861044139429,35.8599768959767,29070.5648741774,17145.8554998458,1197.91886690615,0
1973,7846,5.54736145998297,1101.48815066162,25.6807663120383,34.6373139451565,36.6614347842441,53.5703992225392,34764.9829807355,25326.9427409809,-158.699856911321,0
1974,7847,5.95012142685345,3332.35890481302,25.2441645025659,15.1718176490718,15.6480397375077,23.3513641736953,32927.6262838735,15469.1448045624,233.132176327039,0
1974,7848,9.72686755289747,4127.79218621759,24.2959806645369,13.0254813340635,13.3672910860953,20.0294026795683,36539.1015666536,15627.9344071681,-1032.90430645483,0
1974,7849,9.1797579812438,2478.02474801931,26.1776494887305,18.8337608252794,19.5644575095323,29.0259992350877,33440.5281550115,22001.8253504687,-1241.5565877029,0
1974,7850,5.50756365391592,1666.58693664688,26.3247618734056,25.2773625232582,26.5047592628875,39.0248038924608,30019.6841924867,31063.9808209284,-305.45184175556,0
1975,7851,6.10781911424699,4015.56137281302,25.2441645025659,13.3574778299288,13.7253975977661,20.544713612396,32951.7160382536,15491.8553980147,277.014345112784,0
1975,7852,5.42388633903048,2599.23385464688,26.3247618734056,18.2214804902175,18.9106335270338,28.0774697999665,30009.8357379632,31031.5906765206,-305.209367638485,0
1975,7853,8.7953230644909,3143.32007801931,26.1776494887305,15.9118052139297,16.4437092532467,24.4992387285945,33465.6523838939,22018.4814640988,-1204.86929937344,0
1976,7854,8.10536429232531,5130.60390625866,25.2697225335974,11.3475741711167,11.6069829430063,17.4386815607462,34328.9742679514,15830.5520474915,1266.77168537462,0
1976,7855,5.46645583299929,2815.19878464688,26.3247618734056,17.2146711351372,17.8344126694899,26.5174454109116,30017.5877347678,31070.535860466,-332.196112584558,0
1976,7856,9.33704208686943,3406.79509001931,26.1776494887305,15.0459882825654,15.5228123445462,23.1589504606276,33491.3183146634,21982.2272587767,-1228.56270209563,0
1976,7857,8.63695417251622,4729.55774002368,25.0824204978736,11.9593931694247,12.2492699035195,18.3834600958479,32437.6861312639,15189.4198520058,-1402.34725265062,0
1977,7858,5.91825745030048,1984.93933359041,26.6284291623433,22.2355972351036,23.2252823377583,34.3038414428488,29530.8872509757,23304.5762632957,62.0918805403062,0
1977,7859,8.90785184348301,5754.77072770093,25.1421946535061,10.5200374459561,10.7378177375705,16.1606688993287,32450.8514317298,15226.6218192425,-1409.3867527676,0
1977,7860,5.31251492808652,2540.95305864688,26.3247618734056,18.5200642090167,19.2302139560993,28.5402313804012,30011.890137312,31072.3982870434,-374.420766786554,0
1977,7861,4.82392700198243,3334.9447453531,25.8923657210192,15.2375010234268,15.7237647651575,23.4546573463672,34198.1142446177,22279.333121265,-253.008093695135,0
1978,7862,8.58042511795026,5025.98364802368,25.0824204978736,11.4888753236556,11.7543025069584,17.6565996625722,32441.9823552405,15236.5555852817,-1372.01325720318,0
1978,7863,5.96507081278537,1898.87215580745,25.4918215386775,22.7378184115857,23.7502500505257,35.0787489100117,35062.6985695808,18689.2184411603,153.191411275379,0
1979,7864,5.85486123432258,4550.53580539037,25.5004349596874,12.3034578738002,12.6145968788035,18.9159069818882,35070.1606588542,18716.6498597468,182.495525268295,0
1979,7865,5.74550225945732,6427.28126025626,25.3060008658258,9.80536944568436,9.99070732034894,15.0579307350459,33426.1120888928,15581.343894278,-606.584168386086,0
1979,7866,8.59870507843798,5591.01662602368,25.0824204978736,10.715345090944,10.9421956602397,16.4620858415232,32447.8510847833,15187.5552647873,-1390.93835645698,0
1980,7867,5.98381087301772,4113.29466945145,25.391351575829,13.1558471242969,13.5134306503281,20.2332733856472,35058.612140082,18711.0555576537,194.340402629189,0
1980,7868,6.63025636365749,4291.98259406529,24.4233210778549,12.7011600353385,13.0261143180552,19.5283893376877,31918.4044517457,13931.9586387588,569.023943818876,0
1980,7869,8.76357294011395,4740.12092061918,25.0217312566723,11.937039087266,12.2253262760488,18.3488092279306,32430.772752838,15128.8326154862,-1296.46826293537,0
1981,7870,5.88760865697668,4019.92645545145,25.391351575829,13.3613137215251,13.7306032040951,20.5509619246293,35053.7713388823,18715.4479830458,198.573127097777,0
1981,7871,6.94267075395703,4063.68310406529,24.4233210778549,13.1748290392007,13.525958314134,20.260545196123,31894.6999336498,13942.5273805479,586.207072078155,0
1981,7872,5.62837799756061,2097.72960713498,25.8422567458017,21.1954780806592,22.0949980969661,32.6870916456837,24961.7754316403,24868.1978779876,60.2175456340084,0
1982,7873,5.84351707561689,4261.70585745145,25.391351575829,12.8458824294264,13.1860439167519,19.7540769117534,35066.1767373952,18707.540294696,189.412614830002,0
1982,7874,6.87906378105834,3658.00823606529,24.4233210778549,14.1457204721093,14.5525514096443,21.761825224936,31907.55196341,13934.6077278105,570.90123151008,0
1983,7875,6.00646028717277,4362.12239145145,25.391351575829,12.6468738102144,12.9760028049744,19.4464572502424,35072.4100545981,18712.7669235012,192.225534830707,0
1983,7876,6.82481234328751,4493.57167868604,24.4940563471139,12.3246013053881,12.6297459242801,18.9466125836487,31883.3098265493,13943.0861567202,551.048427060598,0
1984,7877,5.81417003004041,4615.15894388274,25.3872360413707,12.1794680441754,12.483138779398,18.7240839591053,35096.1997755131,18710.40282001,202.014271772865,0
1984,7878,6.75945410065567,4238.56954406529,24.4233210778549,12.8078976802156,13.1386912575553,19.6933588316411,31895.5552510226,13900.1049597404,581.123901496127,0
1985,7879,5.67984535381826,4329.98722714572,25.1949046556325,12.6929147743547,13.0231497726212,19.517226683189,35592.4365541442,19172.5236803274,-28.6007549206717,0
1986,7880,5.24913411191459,2052.97127291651,26.3233137115619,21.62828556596,22.5670991565383,33.360331331334,31225.4828462999,24190.0580802787,-636.754138932097,0
1987,7881,5.26374012411189,2210.71501668843,25.5126212519287,20.3380118240347,21.1693681623629,31.355965136688,34749.3951644903,19035.6924999653,-206.178586505526,0
1988,7882,5.53650206600638,3173.47147668843,25.5126212519287,15.7263530339621,16.2400030219818,24.2103797681016,34778.3906245093,19038.0658791555,-187.358607812655,0
1988,7883,5.48222241600498,1963.00530511889,26.341830341399,22.3610506103991,23.3564784966199,34.4974278375466,31204.4979221957,24178.0379859898,-593.847163905722,0
1988,7884,5.79309551962819,1190.22181748381,26.4142079005622,32.8408279226333,34.7187371465553,50.7804386230383,27937.122276412,28437.4148896267,67.5333425922016,0
1989,7885,5.57786047072534,3603.41899668843,25.5126212519287,14.4059707692303,14.8376895958969,22.1669904842379,34759.2383803216,19021.5365187991,-182.893172580953,0
1989,7886,5.57997321395462,2854.0785019428,26.4080208491549,17.0594893962067,17.6695857276101,26.2772857927896,27949.2539940054,28461.9922175543,31.9125265890872,0
1990,7887,5.42943690506568,3220.21483571484,25.4993727547144,15.5658008875282,16.0691242987707,23.9618132847301,34762.1589290898,19016.0565647626,-167.647736560782,0
1990,7888,5.5433602735848,3496.9411006517,25.314594296998,14.6841216863134,15.1309760577031,22.5968647834923,32693.8547247686,16128.4202790217,-75.8323180318701,0
1990,7889,5.68438717859256,2317.32360819322,26.2841152229727,19.7868417513603,20.5875475618898,30.5039638031624,27950.7027160991,28453.6653027018,46.8100450641142,0
1990,7890,8.95459527182528,2924.12722351262,26.1303716585542,16.7334018127374,17.3187902505348,25.7714089802307,30923.1606192481,21670.4579998,-1226.33993410929,0
1991,7891,5.79176486616639,2027.81386419322,26.2841152229727,21.8182746945295,22.7710816098194,33.6549647019817,27952.0566727243,28474.8307740369,28.7847789293539,0
1991,7892,5.07406082082133,2996.0384701285,25.548988031315,16.3754035146755,16.9313033348177,25.215376845368,32863.3302402254,16923.8036461325,-425.583276890891,0
1991,7893,8.71578384924659,3055.06627480878,26.1378725944123,16.2271036543392,16.7791391454795,24.9873421765043,30842.114437896,21774.2055271042,-1365.04814767348,0
1991,7894,10.7417095286849,3462.06311137109,24.7407811856441,14.7224760940996,15.1665293174706,22.6547937395964,36377.0988953017,20241.4872968821,-1008.29071945672,0
1992,7895,5.23519923973281,3216.16796598708,25.5167178980844,15.5814559060094,16.08593526574,23.9860913996633,32840.9153741209,16919.5736600888,-452.528512970948,0
1992,7896,8.42155128525857,3058.63210260386,26.1439107765976,16.2145959725647,16.7658721051659,24.9679902418894,30668.9682058166,21871.8127622058,-1528.45859045219,0
1992,7897,5.80285465792016,1700.11103619322,26.2841152229727,24.8893658253826,26.0845546618887,38.4220893037469,27945.2526130796,28460.4405592404,55.3218222317998,0
1992,7898,6.39609167695791,2824.63411525886,24.6489921973088,16.9434592897427,17.5272602057083,26.0924609411884,35071.5622783785,30198.0213368111,616.50789137973,0
1992,7899,11.0364878412147,3785.66910337109,24.7407811856441,13.8519130592836,14.2442719660151,21.3081712365014,36323.3374128776,20262.7769232557,-953.587680978993,0
1993,7900,6.20267002007566,5563.39100725886,24.6489921973088,10.7218256325604,10.9464378389232,16.4713854904731,35064.5268034154,30163.480725453,577.046010249675,0
1993,7901,5.73849022066167,3431.74055331128,25.0953759006986,14.8510760855918,15.3061628553052,22.8546531566737,34585.2331764772,26930.3160639594,-81.2152081982195,0
1993,7902,5.89999297898007,1308.07026219322,26.2841152229727,30.4462078067921,32.1100989747681,47.0562713412194,27950.0605046381,28434.8426819259,37.6036193089818,0
1993,7903,5.16016243503248,1396.84239198708,25.5167178980844,28.6950898456918,30.1937260688989,44.3304965363729,32869.4896048215,16880.0886845144,-459.24465027785,0
1994,7904,6.21782241217718,5340.17952325886,24.6489921973088,11.011498552498,11.2502264896844,16.9186185688512,35064.5723434913,30168.5330548062,605.201407672517,0
1994,7905,5.67298286526654,1969.58859531128,25.0953759006986,22.0483304325287,23.0020028631688,34.0072938869755,34578.161691675,26917.8476783578,-124.955019028256,0
1994,7906,5.43295411893104,1184.41629819322,26.2841152229727,32.9207576083283,34.8031974160435,50.9040195100969,27952.8073641583,28453.9688865303,89.2845597557239,0
1995,7907,5.9277306330991,4138.61717125886,24.6489921973088,13.0346961792569,13.3797640942134,20.0444042223993,35073.6022338555,30179.5884699654,623.638733566916,0
1995,7908,5.62340837003534,3210.87812913334,25.0967358939576,15.5491779165318,16.0476189070335,23.9350273229947,35265.1290109356,16363.4183982223,234.906422281308,0
1995,7909,5.82829041788359,1286.70504219322,26.2841152229727,30.8412012404857,32.5396208448488,47.6703553515099,27978.276851418,28440.763685274,33.4866852964183,0
1995,7910,6.81712735374196,2416.93487797517,26.110428651705,19.1646988740302,19.918251904619,29.5387915037443,31313.4303333892,21310.2441906493,58.8889025233038,0
1996,7911,6.06266199939801,4723.05505525886,24.6489921973088,11.93655198096,12.2222675431509,18.3473539830339,35056.9269789939,30184.3875349115,621.004981602143,0
1996,7912,6.3160195426618,4176.35349091089,24.3475542015556,12.9284696000242,13.2653158652135,19.8795600789567,36987.7712407834,17670.9031933202,421.200238353229,0
1996,7913,6.7230798460439,2703.70013078804,26.031808295901,17.6741013485113,18.3220819560621,27.2283736845691,30833.7566493116,20894.7002970658,1088.89386298883,0
1996,7914,6.54741862500412,1370.94323991485,26.2932845365018,29.354989701192,30.924417325796,45.3600523003994,27853.404375567,28620.8936934978,179.622822104201,0
1997,7915,5.9233689501915,4880.76121525886,24.6489921973088,11.6805307306103,11.9529574312989,17.9518539733483,35040.7355531932,30165.9125161588,621.8356785405,0
1997,7916,6.07507448205152,3879.70732291089,24.3475542015556,13.585170571954,13.9588876828282,20.894789874329,36974.1992866506,17689.6317584792,438.949308238184,0
1997,7917,5.99920127279326,2030.88625191485,26.2932845365018,21.7957051968158,22.7469088753531,33.6199804374387,27799.5697599055,28713.0828174177,245.931321606239,0
1998,7918,6.12325035371304,4958.35881325886,24.6489921973088,11.5598620240667,11.826099848963,17.7654661016322,35071.3465918273,30165.0634012226,601.182544842137,0
1998,7919,6.02061055809038,3968.56020691089,24.3475542015556,13.3792739564703,13.7412948490984,20.57644582774,36970.1921413011,17698.4775707188,431.223318383814,0
1998,7920,6.16491487827227,1981.23964791485,26.2932845365018,22.1983977661762,23.1805655686657,34.244833192854,27793.6125312543,28693.5367824939,272.885819748371,0
1999,7921,6.04381109559878,5268.90338725886,24.6489921973088,11.1085339261517,11.3520554599546,17.0684516655142,35074.077249052,30168.676757985,605.257650537405,0
1999,7922,6.21859056881673,4231.44051691089,24.3475542015556,12.8156041672973,13.1462425103542,19.7051105753853,36968.363688305,17693.9694956361,415.48368755068,0
1999,7923,6.14528055533693,2327.66457591485,26.2932845365018,19.7245482889493,20.5208182812114,30.4074023576891,27811.9520985078,28712.9402374588,210.810557926081,0
2000,7924,6.14629545255399,5077.76602685864,24.3878781829425,11.3617075751612,11.6162023469995,17.4589552081995,35056.6297825228,30168.3430795713,589.533712678582,0
2000,7925,6.17991160733431,3637.69792895728,24.2862828593129,14.1850044622001,14.5929481371417,21.8222551467846,36987.9965570498,17692.8344467278,446.283095871403,0
2000,7926,6.05245816680503,2048.59934316957,26.3477378838464,21.6671045832449,22.6092126136237,33.4206516614543,27805.6233678834,28722.9814060522,246.655977328689,0
2000,7927,5.98955794119333,1481.72927288521,24.9666696513095,27.263688695915,28.6318229553076,42.1036894360945,26617.6665350219,19582.5667290321,49.760100462733,0
2001,7928,5.93748431313748,5148.40340885864,24.3878781829425,11.2593907952354,11.5087645081558,17.3009488271131,35062.0098395152,30168.2522497312,604.162132460839,0
2001,7929,5.9308059965357,4066.41199295728,24.2862828593129,13.1561705833435,13.5051720031001,20.2314021914993,36984.6121175455,17680.0053363905,428.873848111716,0
2001,7930,5.99977696819127,5667.89485749163,24.4319551418881,10.5792617543761,10.7957669047736,16.2509567551935,24296.6926562741,19574.8218909374,630.316633557405,0
2001,7931,5.85555143150937,1861.46453946149,26.3486136959335,23.264469820273,24.3306369674976,35.899608330909,27808.3804707015,28730.704573373,247.152675194309,0
2002,7932,6.00731195710369,4771.97906885864,24.3878781829425,11.8353190883737,12.113972920672,18.1904712532512,35067.3584646106,30186.783354313,581.646428805333,0
2002,7933,6.14681432135331,3857.89185095728,24.2862828593129,13.6309847323498,14.0068123378101,20.9654891065659,36974.4175858055,17681.3194075214,416.844402995968,0
2002,7934,6.33050741227459,6015.53121549163,24.4319551418881,10.1803755846478,10.378199734144,15.635313965838,24323.3862232132,19624.5615022933,706.375653173141,0
2002,7935,5.76583937617249,2476.76275716957,26.3477378838464,18.8675126646965,19.6025899757178,29.0788629717881,27817.8190758747,28734.6913703662,254.715177120862,0
2003,7936,6.1293983427697,5237.56465685864,24.3878781829425,11.1337227789175,11.3768552155859,17.1068947443525,35059.5390182681,30170.6275468081,565.404464956958,0
2003,7937,6.03688577423691,4836.47900943803,24.6947577827445,11.7544057371941,12.0309527982139,18.0660545782039,32561.0625387747,14653.9320834855,378.910800634979,0
2003,7938,7.04126648593944,4820.12890926583,24.3932014162449,11.7576328251554,12.0323093920041,18.0704771614784,24995.9300021096,18847.4854552092,1048.751353239,0
2003,7939,5.27731580573882,4151.36627495728,24.2862828593129,12.9749857390297,13.3139252321992,19.951329015857,37031.2149885371,17655.8129831838,348.52703312339,0
2003,7940,6.08387236146264,3199.19353116957,26.3477378838464,15.7374794770634,16.2597324348656,24.2297780917679,27817.8396136536,28722.2383161138,262.034171680427,0
2004,7941,6.03411039081623,5340.35999885864,24.3878781829425,10.9934351502545,11.2296640074956,16.8902828057286,35066.1158517143,30174.8687272109,601.189556434504,0
2004,7942,7.34097557112555,2779.45474922984,24.3546172187678,17.0948446614243,17.6854177185771,26.3260188267512,24957.822240029,18828.2213715739,1009.7301469699,0
2004,7943,5.80111908258289,3031.35541116957,26.3477378838464,16.3423526273676,16.9040012424941,25.1663764216921,27858.3030677543,28696.6929265201,227.70012269116,0
2005,7944,6.14082254432004,5465.00513285864,24.3878781829425,10.8295731789139,11.057824454727,16.6372943408506,35066.6630067029,30171.4402361394,607.842200247991,0
2005,7945,5.68148481803115,2944.8792045073,25.0091291466047,16.5033558792256,17.0620999945094,25.4119890858473,25094.282909615,20719.5266034254,52.6904678561195,0
2005,7946,6.85111810572534,3568.50542102241,24.2929647842375,14.3724532195147,14.791515901852,22.1122053986178,24966.3446122945,18844.3619967501,1057.72234362457,0
2005,7947,6.217932381062,2738.28998713541,26.267171561408,17.5483690768661,18.1902595175504,27.0342651579543,28573.9354250825,29618.7302419105,277.354511027906,0
2005,7948,9.73350595276249,5765.90350813242,24.47510322419,10.4652505657022,10.6766067028731,16.075044147014,36213.8957614693,16152.956619413,-987.128706033925,0
2006,7949,6.0912603699259,6114.03784125285,24.4113727703705,10.0733808467229,10.2661800076954,15.4701736335248,35059.1981640564,30143.2486422104,581.962254889433,0
2006,7950,5.87622050459996,3075.86461864727,24.6012547100846,15.9579142108169,16.4773573338886,24.5663756544306,36339.1216548969,17040.5766450366,222.690825554962,0
2006,7951,7.34145890192676,3193.73303102241,24.2929647842375,15.5096585169423,15.9978296793361,23.871714809067,24954.2448384579,18838.7020503396,1049.08399457357,0
2006,7952,6.25691072970492,5115.55550597813,24.7711661520909,11.3340790775187,11.5896477544061,17.4169673990331,33302.1561588546,32469.2688759273,508.36950083395,0
2007,7953,6.05684922163773,5615.24091311367,24.4923732379566,10.6473424456705,10.8674502249469,16.3561471628579,34971.3287402147,30005.5152397046,512.187382504259,0
2007,7954,5.8625894810468,5169.80554397813,24.7711661520909,11.2559751126855,11.5076154482521,17.2963472868754,33325.868977482,32452.0768249293,521.321180302681,0
2007,7955,5.88267167273252,3168.23672531352,25.3110994105239,15.7200550120418,16.2313677229451,24.2000969977202,30833.1643959854,17633.1016882964,187.804691830666,0
2007,7956,7.45126689912195,3530.42246702241,24.2929647842375,14.4780423259388,14.9033775403019,22.2755356601158,24975.6150709505,18832.6199688798,1050.73656042491,0
2008,7957,5.94293730741915,5936.79479531352,25.3110994105239,10.3201605381542,10.5293754982532,15.852398184751,30858.3696989508,17658.7283719881,160.935268578452,0
2008,7958,6.23090022465361,4140.55258997813,24.7711661520909,13.041655387854,13.3880550643449,20.0554223330852,33322.2880074022,32465.2687117797,522.055752032341,0
2008,7959,6.16931990743212,3057.91198157626,24.5124957650581,16.0116853749355,16.533652832371,24.6493667486944,34960.2641003675,29987.3937472819,469.961132369424,0
2009,7960,6.20681303292371,5271.21312731352,25.3110994105239,11.1508762009334,11.4006012558211,17.1349683686031,30850.9062661335,17636.4061282179,169.529202768743,0
2009,7961,6.0735736515015,4835.97258322464,25.9845402993722,11.8523287234313,12.1425442990821,18.2196949083472,32141.8201055939,22623.9090614831,-926.287449723068,0
2009,7962,9.81846734264531,4809.74800928861,26.0463921925049,11.899817334159,12.1929615301891,18.2931828345533,29324.3058700283,31715.9217113176,-1107.6616276504,0
2010,7963,5.95435349128497,4653.68303149618,25.3098259772863,12.1062512314988,12.4054711075101,18.6107998669328,30859.1933592925,17667.6403291489,172.382513991128,0
2010,7964,5.70373753664378,4082.66707784042,25.4215639183726,13.2250655696537,13.5868110513827,20.3403578609294,32524.184399051,25327.472142872,-639.069423479819,0
2011,7965,5.95363713339664,2754.8035064293,25.4187142114087,17.3541439054416,17.9736931477754,26.7308528960167,30910.3337524033,17964.8258152477,164.016824521565,0
2011,7966,5.67640696117641,2622.67545635751,25.8215170495936,18.0301969980567,18.7004097130774,27.7794958498957,32113.8028648457,22644.2113395773,-760.892834641038,0
2011,7967,9.69933950806967,2489.96096850474,24.4109682609541,18.4877306967746,19.1731554021201,28.4839328140599,25356.2492410936,18782.1491369341,-1020.56368629689,0
2012,7968,6.3848972795546,4487.5924041988,24.601391981078,12.3444055125645,12.6513835905101,18.977428176885,32385.7023396036,14495.0862418763,554.023383090746,0
2012,7969,8.82954454612415,3431.66757861203,25.6741960527526,14.9152833318555,15.3795110432899,22.9554392095764,32901.3599536942,23430.4045724385,-530.910115750165,0
2012,7970,9.36658474218813,2412.91402050474,24.4109682609541,18.9074420393783,19.6220614388772,29.1343360664118,25356.0938081479,18773.9305898613,-1096.10229759992,0
2013,7971,6.24509724790221,3072.9945801988,24.601391981078,15.9682900825232,16.488394617885,24.5824379159285,32415.5200231862,14506.2075198208,562.077730030856,0
2013,7972,9.37126639868043,2424.49487461949,24.3772141263017,18.8371814229045,19.5464695237697,29.0253347211854,25310.8809979313,18797.2799823904,-1100.87504789973,0
2014,7973,5.417684068825,2190.26102435751,25.8215170495936,20.5326594616369,21.3824024171456,31.6589382857576,32100.5298917704,22622.7957091894,-767.979302701324,0
2015,7974,5.85121226588523,2661.37569404731,25.3227615353278,17.7697213895313,18.4164316045495,27.3743683013231,24751.9828574084,22218.3891937291,158.141235452165,0
2015,7975,5.81820608704199,2295.56467771958,24.4558742748456,19.6043241114608,20.3687758518957,30.21463083086,29416.5726635886,16020.8672152352,459.473018788195,0
2015,7976,5.64161940012027,1949.08778628901,25.825973082912,22.3722711714739,23.3612733002203,34.5128255645833,32084.7156010143,22628.63197132,-794.330293117805,0
2016,7977,5.84549359337135,3567.12886604731,25.3227615353278,14.4861742793577,14.921095592615,22.2906226556456,24735.5262189382,22256.8767883048,176.13370618434,0
2016,7978,6.08487026411659,2735.18161171958,24.4558742748456,17.3037396512972,17.9093003042617,26.6498569875031,29428.2427253226,16044.2182479969,389.876525382106,0
2016,7979,5.3671325705938,2296.00785035751,25.8215170495936,19.8403144040961,20.6391888971723,30.585297155144,32082.1685427337,22633.4399395342,-792.047957817919,0
2017,7980,5.77337051342747,4440.25867230498,25.6810541695462,12.5215134315381,12.8458177184738,19.2532660795283,25154.3691340136,24310.981634103,29.2994293592664,0
2017,7981,6.13189494447069,3069.42492499229,24.4031623844474,15.9560175658482,16.4733385459841,24.5628883650713,29407.9771880426,16000.1949837387,397.11230579733,0
2017,7982,6.41285308762638,2639.89713622108,24.935048360005,17.8144626317193,18.4598453899598,27.4424782222975,28431.1973650268,18409.8422435719,340.191119535313,0
2017,7983,6.26294433339408,4185.46476404731,25.3227615353278,12.9965927773858,13.344673007212,19.9869185844033,24751.6582620802,22270.3355858716,168.76664197413,0
2017,7984,10.22050385778,3723.11069665118,24.6217567791614,13.9974393390214,14.397283808153,21.532958904616,28910.1903302445,17184.6208325413,247.445197649212,0
2018,7985,6.24710360138804,2627.5050246751,24.5040655121183,17.808998973109,18.4490630758103,27.4326510729782,29447.139685501,16048.786481571,381.301956505594,0
2018,7986,8.77911252661832,2812.60193269205,25.418049416025,17.1013343507442,17.7038873695545,26.3392509109791,26992.9950078317,21100.8568943779,-1242.82434941882,0
2018,7987,6.30893881503683,2363.64704422108,24.935048360005,19.2782428843472,20.0255669230304,29.71085085798,28454.7815124776,18447.3941222376,373.796425414406,0
2018,7988,8.11966471899792,2494.05484136565,25.4061226999658,18.6249928809366,19.3318922710903,28.6999266225973,21678.9647194319,30496.0755886959,-1303.8743657474,0
2018,7989,5.61689317581348,1768.38648228901,25.825973082912,24.0551093020867,25.1761191890693,37.1247960566132,32151.1553858513,22635.3584854886,-786.494691374622,0
2018,7990,5.57608429710289,1749.06969009999,25.6092016701232,24.2030456834046,25.3324835040412,37.3535338017061,24833.3112006649,24176.7442955647,43.8615661552126,0
2019,7991,5.87546777885892,2747.78048371958,24.4558742748456,17.2478115289009,17.8496493483892,26.5632345909319,29437.568076401,16039.6642353796,442.504262101773,0
2019,7992,9.25842164714349,2364.58601336566,25.4061226999658,19.3523325716794,20.1107974732467,29.8273139788444,21739.2917448565,30553.4890539097,-1324.54062681026,0
2019,7993,6.75516528526922,1639.27798222108,24.935048360005,25.2421773084653,26.4440647910107,38.9638949496646,28437.3583430746,18401.0382117446,352.25325557589,0
2020,7994,6.0282511669225,3113.21073368412,24.5172115414533,15.8142102465736,16.3237012338095,24.3436981385083,29427.1812674513,16038.3674391333,396.82638144217,0
2020,7995,8.81325518570426,2687.89911243508,25.424080660137,17.6598644954635,18.3002069528419,27.2044802798868,21736.6651195735,30547.3706644186,-1278.29612039931,0
2020,7996,6.08986153525777,888.58137594708,25.725620240539,41.2224716070943,43.8565592500006,63.8180522108828,30995.5742121638,21947.3287604375,219.817477610475,0
2020,7997,8.47136387657398,2811.56828018724,24.6893256523026,17.0043964328814,17.5926597614845,26.1869532465053,32064.1866495251,14797.432488386,-1289.5843885984,0
2020,7998,9.87849177908491,3068.28727155878,23.1542603732167,15.7996240792599,16.2942598424237,24.3172824431039,36200.6745397096,32020.3616864704,-1004.23173726479,0
2021,7999,6.22594054488861,2997.10875456231,24.5642169679081,16.2438612329247,16.7812079975739,25.0089437052388,29457.7296160167,16040.8413642404,420.801584988914,0
2021,8000,5.618856887528,2630.96524138582,25.6127549453554,17.9586641802379,18.6215936468868,27.6680097443945,25333.3471000751,24891.6517656996,51.2514871173611,0
2021,8001,8.69180281219153,2348.47845243508,25.424080660137,19.4510396074663,20.216805302479,29.9803949940363,21722.6870724539,30549.3281947314,-1238.31411586155,0
2022,8002,5.63804355905425,2676.05246338582,25.6127549453554,17.7428870690179,18.3909905567853,27.3336827217239,25361.0340865982,24898.1162616849,-4.43636765606311,0
2023,8003,5.54429341431133,2173.32090357451,25.6195357302817,20.6121064059196,21.4650936755698,31.7814240753995,25330.541968182,24893.8163488008,-21.7057765700876,0
2023,8004,9.00431905208292,1991.88928029765,24.8523038203767,21.8162134002828,22.748764924099,33.6462185223859,23154.6882267531,21642.7205957006,-1122.7689102988,0
2023,8005,5.84032061137135,1700.69673465202,25.2710586451836,24.6359414912483,25.7946089220003,38.024136378836,27652.6168472124,20337.7221454562,32.6479052756649,0
2024,8006,6.14742137434093,3156.68759398424,25.3130712698825,15.7602521778325,16.2741412220602,24.2623276506759,23733.8857154721,24090.3638690131,389.038329430329,0
2024,8007,8.96753890133896,3444.50896017631,24.6182587808425,14.7602689045116,15.2054985666606,22.712958993834,22551.1818261848,21434.0319370499,-1239.70445002777,0
2024,8008,5.61499942781518,731.57476065202,25.2710586451836,48.1355651971763,51.4201662963717,74.5791568920373,27685.798993243,20342.5401151285,102.442656426131,0
2025,8009,5.94533519182859,3445.28441699004,25.2660854150607,14.8297622515877,15.2850807637471,22.8220965857276,23693.8232599338,24070.6649002286,374.32822764246,0
2025,8010,8.72274350444764,3584.44013817631,24.6182587808425,14.3635964503696,14.7850125557253,22.0992987855581,22575.9195910756,21464.876941186,-1203.20630431653,0
2026,8011,5.78315235807647,3601.47078299004,25.2660854150607,14.3854970052799,14.8138646830241,22.1347325098917,23703.0574765136,24076.6934274487,342.599962869541,0
2027,8012,6.06003147317901,4565.15233499005,25.2660854150607,12.2583818890435,12.5654536668441,18.8457975056503,23702.7558227438,24061.6283865677,351.2301108568,0
2028,8013,5.73291494315629,3830.01255899004,25.2660854150607,13.794583231487,14.1879387906458,21.2207039191347,23683.9097662064,24072.9032329416,366.909815979705,0
2029,8014,5.98533172449157,3159.73935299004,25.2660854150607,15.7439588757021,16.2563567329693,24.2369803207704,23695.5362635906,24071.4503499622,328.189385437463,0
2032,8015,9.7232917741282,2147.31930485166,25.9035771257665,20.8471633380506,21.7213813710495,32.1470274191026,27873.5958487387,26786.3049338299,-1144.43553456245,0
2033,8016,9.28211124869611,3104.01861485166,25.9035771257665,16.0187646594266,16.5549640743561,24.6641213396395,27877.4959994388,26769.0903351072,-1084.89573464272,0
2034,8017,9.53183360425374,3059.30583485166,25.9035771257665,16.1821283088175,16.7289380291298,24.9170688867894,27876.0718541963,26768.0280935354,-1096.12884182422,0
2035,8018,9.09252675473333,2440.52941685166,25.9035771257665,18.9975879294179,19.7367302368304,29.2790603360568,27884.4589628402,26770.3051171204,-1126.01162381854,0
2035,8019,5.63332805678073,1354.86167170935,25.563466870027,29.3955628604873,30.9549361101631,45.4193510415186,24418.3615601351,23316.6993410075,116.282958724249,0
2036,8020,5.83935068854538,3086.08324570935,25.563466870027,16.0416103295187,16.5759753863841,24.698581008553,24479.3970510083,23339.2814877838,122.476319556812,0
2036,8021,9.0576013699019,2741.29444685166,25.9035771257665,17.4834151430803,18.1169694362493,26.9325579804615,27934.1480942298,26789.8875152153,-1120.85972702701,0
2037,8022,5.78647645052914,1885.39110617485,25.6640385444725,22.8958259325221,23.9230678763265,35.3246626346619,24740.1441162003,24350.6798569996,44.2185534225267,0
2038,8023,5.57097715937239,4779.66502254867,25.4688176473842,11.9057348685414,12.1953791421107,18.301273651286,35106.5962876354,19067.6429236959,-56.9527482636001,0
2038,8024,5.98090493950559,4138.27646417486,25.6640385444725,13.1266555419355,13.4846538286711,20.1887107493647,24729.7928681372,24327.705921615,70.1099348322986,0
2039,8025,5.51962549864152,5040.84933054867,25.4688176473842,11.4943719431541,11.7625518639821,17.6657720296243,35109.2697051223,19059.0574254116,-48.3746647593203,0
2039,8026,5.95834820190355,3312.32349017486,25.6640385444725,15.2834084680937,15.7704669128665,23.5251367539317,24715.5392796816,24339.0533827065,93.3421239673234,0
2040,8027,5.48755657149938,4780.31681852711,25.5421574772926,11.910238426556,12.2006093811065,18.308366734733,35108.220950802,19078.5832352147,-56.1874467402257,0
2040,8028,5.97420477930691,3164.49788991886,25.6806273200037,15.7776485696851,16.296182435367,24.2902318427059,24724.6781376644,24329.9248273423,93.6543343757017,0
2041,8029,5.64194203331952,7898.16319652711,25.5421574772926,8.61323686578288,8.74828433535914,13.2195103391333,35090.9243367467,19062.7618592897,-69.2459572253093,0
2041,8030,5.78736917942136,8133.99316426174,25.6115315896494,8.45848349288186,8.58755645196729,12.9810134291335,33946.5296019334,17856.3360358644,-480.931560938492,0
2043,8031,4.71531785924667,2371.58510690909,25.9032918985755,19.3942857174074,20.1618553434738,29.894031943441,29051.8158430581,27297.4047933856,-205.385961192626,0
2045,8032,5.44920826699502,2942.32035292512,25.9856741062726,16.6416160485347,17.2194410906737,25.6288492769847,29486.4147023068,27893.0116308125,-566.598417853696,0
2045,8033,5.49338621204698,3678.48963830073,25.8760063852981,14.2411693340796,14.6660344444541,21.9128769361202,26475.3085709893,24612.9439212422,-169.147061033828,0
2046,8034,5.52932303671955,2282.67999230073,25.8760063852981,19.9337859477354,20.7401616612952,30.7304209747482,26522.4935516706,24575.0766645165,-134.751911289633,0
2046,8035,5.59310779291083,3644.73212123217,26.0065269985984,14.3447403848366,14.7769450261487,22.0734124576292,29457.9645148917,27908.8873800588,-584.198020815479,0
2047,8036,5.37282794120251,3591.52825328373,25.7530290124706,14.4637874655386,14.9010597218351,22.257007779124,26265.1068175725,22193.6504750157,-175.908044402797,0
2048,8037,5.8037303123786,3108.33235110901,26.0215764096539,16.0176936310913,16.5549625256181,24.6627767110873,30111.7265997479,32371.6816319767,287.768655090139,0
2048,8038,5.25401728264028,2078.43745796724,26.1229035703929,21.3940301673198,22.3123240967165,32.996149029052,28769.3044633283,29478.9629830459,-379.51419233337,0
2049,8039,5.94026380184002,3252.82291110901,26.0215764096539,15.5183571788636,16.0235564775878,23.8897182155236,30110.5920717609,32375.7434899635,283.426310763668,0
2049,8040,5.4014044562526,1763.7240037044,26.0558012171053,24.1564270054047,25.2890545003636,37.2830691298758,31651.8255127511,21841.8767346156,-581.724438296812,0
2050,8041,5.78428336268001,2635.99102088778,26.2361619752895,18.0264006320189,18.7009590963256,27.7748829351794,30121.0249589722,32380.8707339315,277.133650059583,0
2050,8042,5.61004771036911,2386.52988164533,25.9700503617059,19.3175283194084,20.0803800009143,29.7752562047413,32802.2160600405,19888.5221163109,-358.896602815416,0
2051,8043,6.0053831144841,2891.82301088778,26.2361619752895,16.879009082126,17.475201790774,25.9972342223099,30108.5249529972,32369.4195758046,257.904126913595,0
2051,8044,5.55568376308943,4142.53070564533,25.9700503617059,13.1447686392502,13.5060988920249,20.2173509338167,32824.9748966856,19861.7444782409,-370.011201061544,0
2052,8045,5.80080888523022,2940.13181345403,26.2515606251496,16.6849583319438,17.2683430241516,25.6967151955107,30118.2324998641,32364.1758592619,263.655504234707,0
2052,8046,5.34750895580483,4379.69088083643,25.6383429923584,12.6336159303246,12.9637950153365,19.4264560339676,34404.0359041095,18230.0296879111,-284.728853141788,0
2052,8047,5.23799061866852,3339.87142202568,25.3368912115959,15.158830974833,15.6351007343757,23.3315014407751,33014.1030250963,17162.576695433,-519.451096868709,0
2053,8048,5.36011245419596,6142.26401636694,25.6685789315678,10.1164459383505,10.3180085119981,15.5385062231891,34370.1243970817,18245.3742826419,-292.542286904432,0
2053,8049,5.18564162494256,6160.59058997563,25.5678285551031,10.0912455147099,10.291097467606,15.4994651079246,33058.2702583805,17174.2543881019,-460.736824925794,0
2054,8050,8.16172343995401,9877.1576619333,25.4781100485387,7.49259910563385,7.58445129552029,11.4924634241416,34871.7899398141,17662.6460932906,1037.1302933581,0
2054,8051,5.90219579424325,7287.69177266627,24.9423692011293,9.03337389484195,9.18317685767853,13.8665947372155,35503.7041178425,17918.2939125922,-40.2417873256147,0
2054,8052,5.37165323290599,6499.63680797563,25.5678285551031,9.7493951544407,9.93352586054263,14.9719307552049,33041.3858833955,17166.0707844673,-478.829262669354,0
2055,8053,6.1822469520398,11278.9518328611,25.2645850588468,6.90218014541446,6.97307381451987,10.5830472245091,35521.1488698759,17921.9825283064,-22.8809243349957,0
2055,8054,5.55307062392683,10530.5700743669,25.6685789315678,7.20984425497068,7.29238555311596,11.0571408284192,34428.1680421287,18255.5485416154,-315.349109729488,0
2055,8055,7.60979034793858,7095.15514314994,24.1602590370654,9.14896610343097,9.29993675789527,14.043825993975,37236.5026935572,17026.942111203,-1461.95523813038,0
2055,8056,5.38963620237116,5607.80406797562,25.5678285551031,10.725455285,10.9556151333475,16.4784734764294,33056.681125076,17170.7248709456,-491.174346081747,0
2056,8057,7.77955469317352,12132.7079845654,25.2856573673766,6.60441567643822,6.66581944519339,10.1247027118476,35630.6940113547,18058.2514706351,-136.77459809,0
2056,8058,11.0388348139149,13224.5209787466,24.8993570701576,6.26133737776277,6.31126252664789,9.59645566475877,36569.9724883615,18958.2450000892,-958.205715088928,0
2056,8059,7.76365149431729,9142.173028064,24.2768201795696,7.81427383734524,7.91337233390256,11.9867777087481,37250.7814214321,17030.8633345892,-1462.86728888787,0
2056,8060,4.37090005655544,8620.70144745007,24.4754358155228,8.1114369529164,8.22235063613615,12.444845039648,37464.7706722622,19581.3602751827,-320.139352445807,0
2057,8061,5.99142543992758,11089.1990938828,25.2252802071359,6.97256965637108,7.04566243431771,10.6913844417802,35842.299744755,19199.7564289214,-35.6056625231605,0
2057,8062,8.39837578591006,11702.2538665654,25.2856573673766,6.75024845116532,6.81627625739833,10.3491744407155,35686.6372621444,18114.7097407037,-162.875408460959,0
2057,8063,5.75228105394074,1705.27536717295,25.8394893866974,24.724768926816,25.8996521447287,38.164566647563,31635.8073405295,18808.200104401,352.757486825285,0
2057,8064,9.62956743322885,9011.64092145007,24.4754358155228,7.89155923074158,7.99425245302064,12.1060554317987,36585.4692369049,19030.5587897391,-962.353950087913,0
2058,8065,6.14643573936715,8687.68740256541,25.2856573673766,8.10455179295434,8.21840875840303,12.435123617677,35560.7392428256,17961.1989345065,-75.6306590485423,0
2058,8066,6.77910589759675,3477.87612899088,25.029786388429,14.70826148966,15.1540519125179,22.6335171668017,24652.4970842547,19706.8908557608,789.612239874203,0
2058,8067,5.96861229152667,1551.77617317295,25.8394893866974,26.5582938481478,27.8831100550332,41.0121433872314,31646.9573832975,18808.3894832677,297.074171246783,0
2058,8068,8.35705190203903,7057.46865714994,24.1602590370654,9.17982493831554,9.33209229616066,14.0914129207261,37250.226335267,17003.3249130182,-1483.05780047531,0
2058,8069,7.26060277057106,7705.25081194284,25.2951054499159,8.73733495789059,8.87640388810192,13.4105498347021,35729.2789322468,18986.8843397357,-166.728049125936,0
2059,8070,6.55056321208945,4338.49802699088,25.029786388429,12.662155893677,12.989486848717,19.469350151292,24676.3094312218,19718.0837760039,754.357896301233,0
2059,8071,5.75479219699588,7833.97530286106,25.2645850588468,8.64537092365659,8.78054489679381,13.2687248450749,35528.250410933,17887.3429498646,-32.3389104477434,0
2059,8072,5.75541196501851,2258.75614333751,25.8503557434276,20.0824302788816,20.8993599473259,30.960826963391,31658.8352218051,18795.9027114842,300.26315583793,0
2059,8073,8.06274862021426,6953.79227514994,24.1602590370654,9.26621149930326,9.42212894178586,14.2246338017414,37265.0661076031,17047.6516275598,-1482.71186908252,0
2059,8074,3.73565691802027,3389.33897278771,25.4094582352059,15.0139545859438,15.4819033085717,23.1074787168113,23476.2903207776,22508.0729531731,170.611134335531,0
2059,8075,8.5927990782944,5269.83111791895,24.5711396764175,11.1018710974053,11.344577253213,17.0580292239955,36538.8233185775,19614.9126958436,1226.57593060821,0
2060,8076,5.74582700691946,6049.10161344708,25.3688797836369,10.1993077072036,10.4031478593261,15.665952243683,35545.4719683838,17886.1066956914,-25.1089824072729,0
2060,8077,6.6379029635882,3029.78632206623,25.0092041935796,16.1787190080525,16.7164137425062,24.9093405141465,24645.8376289568,19713.8252630803,754.660411880741,0
2060,8078,5.94323519728178,2023.47544070499,25.8407149112115,21.764507836095,22.7071050620341,33.5698581640542,31671.8807258242,18800.7250620866,280.926626068388,0
2061,8079,6.10788467003508,3404.0221708856,25.0098299520713,14.9245725908091,15.3833839526399,22.9681641932396,35529.2522210086,25471.2920651014,125.17197771241,0
2061,8080,6.85928073086108,3268.10764206623,25.0092041935796,15.3498592230117,15.8349719305411,23.6263024727134,24658.1488237122,19699.7812918262,770.93101164901,0
2061,8081,5.65934775261881,5262.70069289897,25.4228722613412,11.1703462723199,11.4217351415676,17.1652260885577,35529.9503619652,17878.8359888915,-43.6186545826107,0
2061,8082,8.51035270142277,2618.43758373498,25.2589318099208,17.9667771638163,18.6262662449725,27.6794786849458,30707.3004428667,17041.0318148105,-1467.44734298901,0
2062,8083,6.07127484174092,5646.27109949689,25.6566347131182,10.6834043246302,10.9120179844774,16.4136889538103,31702.3376616944,17803.1894121264,-68.0520216670815,0
2062,8084,6.69401416621387,3358.41424206623,25.0092041935796,15.0637624327984,15.5311264692578,23.1835476273322,24673.6776549144,19705.074641808,754.585043233076,0
2062,8085,10.4462526395874,6532.21655693687,25.2895564507333,9.70322196056868,9.88386281199864,14.9002994223102,30878.7496940759,17146.0650111408,-1211.28349714823,0
2062,8086,5.92237085823463,3307.1297968856,25.0098299520713,15.2245718999855,15.7018920890083,23.4324060553511,35529.4693265578,25465.2514768371,116.37207754278,0
2062,8087,5.46071995736973,4443.56039544708,25.3688797836369,12.4895225838119,12.8098542979102,19.2032093101112,35529.3523832813,17894.2395911751,-70.2788619349939,0
2063,8088,5.93694178461635,8818.83006149689,25.6566347131182,8.04365452995592,8.15660503983931,12.3416724990165,31779.2745945131,17809.397427067,8.53407091160775,0
2063,8089,5.66158549662003,5568.19572941809,25.9182644509826,10.7975296570437,11.0332518008035,16.5903171621485,33817.1226668568,20780.0967358495,-131.603172237717,0
2063,8090,5.84230041824901,4162.64282138498,25.4475209029369,13.0555848299002,13.4079258722232,20.0783791585167,33462.3292036837,31170.9592598655,203.127419002766,0
2063,8091,5.72570785419158,4171.42916544708,25.3688797836369,13.0300865513234,13.3803972509541,20.0387949151914,35514.6478602021,17879.1719329569,-49.52769469144,0
2063,8092,6.6142229946807,3427.68601206623,25.0092041935796,14.8535679253335,15.3080272375819,22.8582940151595,24680.4727580254,19726.9807186457,755.766148461559,0
2063,8093,6.09280839726787,3316.0283008856,25.0098299520713,15.196359244553,15.6719289010688,23.3887449115635,35512.5346289095,25460.9314337335,116.063460404965,0
2064,8094,5.94409665994043,8927.19798149689,25.6566347131182,7.98277764665811,8.09339822518811,12.2478579711931,31767.7344839918,17803.4388902972,-9.55556815914969,0
2064,8095,5.64595070021547,5127.27926141809,25.9182644509826,11.3979728577459,11.6640078448306,17.5176444376823,33827.1646081461,20791.5098774103,-132.073915988739,0
2064,8096,5.94688071225729,3097.17912338498,25.4475209029369,15.9871165737082,16.5168337698786,24.6138991306699,33452.836208935,31192.3592482641,210.687287225633,0
2064,8097,5.6730030545483,4058.47500029823,25.3897234472767,13.2753086650772,13.6396705164444,20.4179749337671,35527.2234574653,17899.6949793076,-57.2173862651192,0
2064,8098,6.59760309068179,2879.81128806623,25.0092041935796,16.7639388825216,17.339760132837,25.8155102949603,24671.2130747125,19699.0458109092,746.95178253129,0
2064,8099,5.4390667700571,1680.73085206464,26.3333246318026,25.1181808126935,26.3327360955654,38.7776337306686,26331.9946741208,23598.6627536804,-273.150148448529,0
2065,8100,5.98597117376132,8350.09475549689,25.6566347131182,8.32253070612003,8.44636248457401,12.7714928237068,31742.2622950369,17814.3324437531,-60.4599531174765,0
2065,8101,5.96823625797422,3110.17446338498,25.4475209029369,15.9405158932655,16.4672379521774,24.5417526678518,33465.1079939707,31173.9869634523,217.257819606436,0
2065,8102,5.57437261175847,4909.75048541809,25.9182644509826,11.7290982800786,12.0123730112741,18.0291792885346,33805.9032155141,20781.1284693761,-101.894953319924,0
2065,8103,6.38502112876817,2923.22605471876,25.0538660387597,16.5948511797496,17.1600389120761,25.5537957773529,24699.1897752237,19726.224508438,733.247747765107,0
2065,8104,5.59454437411991,3746.49873629823,25.3897234472767,14.015384354339,14.4227373741956,21.5624925206502,35513.7313360244,17897.8636699732,-34.6450872551405,0
2065,8105,10.68765080363,8773.44910173498,25.2589318099208,8.05413591101371,8.16595817476416,12.3574009074561,30891.383227047,17158.0779287788,-1218.67896659299,0
2065,8106,7.98034737593158,3056.01392066897,25.7028209944351,16.1691874206174,16.7131833552588,24.8964880965558,33817.2289031489,25919.5336731644,1256.05576671995,0
2065,8107,5.49559193248055,2114.66507806464,26.3333246318026,21.1638400777407,22.0675202310521,32.6398189898411,26323.3765745245,23596.202947584,-194.795925913474,0
2066,8108,5.74281153431909,3703.08368489897,25.4228722613412,14.13058619573,14.5450488376614,21.7407655415057,35503.3318263486,17894.9284065374,-61.2257975033811,0
2066,8109,6.52443172706276,4304.12257806623,25.0092041935796,12.7279615664963,13.0587596176745,19.5710201021331,24660.7901659623,19701.8201361725,748.939166083958,0
2066,8110,5.90353128112774,6018.81789338498,25.4475209029369,10.2370615597123,10.443101190895,15.7243409604445,33485.5503432566,31182.0922577713,217.503561749264,0
2066,8111,7.01809958910423,4510.07715843393,25.6379236282601,12.388115445286,12.7048135727179,19.0470063724442,31614.8173803978,17728.0642652996,-167.329675106398,0
2066,8112,5.68522052180204,3808.23022541809,25.9182644509826,13.9120852104596,14.3176515139301,21.4039030660817,33788.5301796681,20763.3858561881,-150.729982035223,0
2066,8113,7.8379709933705,2998.15161866897,25.7028209944351,16.3870526747827,16.9452586443532,25.2338408548334,33849.1260785512,25930.1057119085,1268.37071937694,0
2066,8114,5.30236430051814,2333.60351806464,26.3333246318026,19.6948708021631,20.489464687799,30.3615196713659,26353.6787501513,23598.0876886251,-227.062877925169,0
2067,8115,5.76829562727354,4088.84885429823,25.3897234472767,13.2086827544865,13.5692520737758,20.3149601283473,35508.8242941774,17894.8641276639,-39.7126873054891,0
2067,8116,6.48609725968835,3471.93624606623,25.0092041935796,14.7232702405418,15.1697883509201,22.6566882384645,24648.2821378899,19691.9909628443,748.000849697958,0
2067,8117,5.98516060726992,6155.02667738498,25.4475209029369,10.0902266382298,10.2893930970303,15.4977162197972,33479.5385850016,31212.4478167931,193.553480434661,0
2067,8118,7.49951091556242,2318.01076466897,25.7028209944351,19.6832884289153,20.4692734143026,30.3414195443026,33832.7039649617,25921.6915493521,1226.02635142782,0
2067,8119,8.34208104674964,2741.87128773498,25.2589318099208,17.3892509386828,18.0094279629439,26.7847564834407,30711.3183225646,17008.8284478487,-1498.38034141624,0
2067,8120,5.28877766303184,1749.47399806464,26.3333246318026,24.3693004982054,25.5232497148748,37.6147555062119,26377.819612511,23578.8018650929,-207.497819069348,0
2068,8121,5.66530085410921,4352.34589229823,25.3897234472767,12.6657510999439,12.9959095744998,19.4756323338953,35525.3861657432,17902.7490524568,-13.7765578243516,0
2068,8122,5.90952246047667,5941.22029538498,25.4475209029369,10.3233446829974,10.5334601090809,15.8575203036643,33488.3181191823,31209.91360071,226.455028738545,0
2068,8123,6.44602745396738,2995.38323071876,25.0538660387597,16.3140266057659,16.8609198469583,25.1189599218593,24685.5364435526,19686.0761078307,754.521459818556,0
2068,8124,7.8748578185182,2218.23298466897,25.7028209944351,20.3221826335358,21.1548399002183,31.3320978471501,33803.3133827194,25917.1041122348,1256.37939118274,0
2068,8125,8.5927742703213,2610.70645773498,25.2589318099208,18.0046148936566,18.6667046341284,27.7381050408305,30707.277057062,17008.5980072764,-1429.75491870109,0
2068,8126,5.88126495132162,917.985573939084,26.2606091471676,40.4027276772514,42.9723662938705,62.5455915036264,25704.4941635242,23444.4573312867,-67.3235678958408,0
2069,8127,6.49615158101642,3218.32888206623,25.0092041935796,15.5137673962898,16.00914266433,23.8799877337326,24663.0260961725,19693.0370436508,762.964624247909,0
2069,8128,5.90624870529095,6186.21549338498,25.4475209029369,10.0574021749114,10.2550430762016,15.4470579970402,33464.6656201666,31209.9007668469,211.456276943919,0
2069,8129,6.25946673419082,3703.20144102005,25.1763222224091,14.1052293566098,14.5161144716369,21.7009716534149,36037.9487239192,17821.1446240657,132.045108012795,0
2069,8130,5.45523367103101,2617.6022586971,26.2936667830121,18.1253096943935,18.8073946843141,27.9283349405653,25775.4236440501,23443.6431001743,78.5012388701746,0
2069,8131,8.85649260055337,1849.90316983616,22.249336405381,22.4450590106262,23.3846794339456,34.6105935735341,18459.4158965719,16786.9375271523,-1098.89747923798,0
2070,8132,5.86331655439671,3673.61615182216,25.2892085309117,14.1941884167754,14.6113108877211,21.8388402924798,36106.2545448154,17826.9078344212,49.128899465525,0
2070,8133,6.42088056825941,3357.22537732197,24.9766013632285,15.0637223060157,15.530782825468,23.1834026046192,24667.6083313068,19703.0625136483,777.366913921713,0
2070,8134,5.03735870451862,4133.59670099921,26.3390874049206,13.1966754619701,13.5637336111968,20.2983719828278,25857.9795458621,22668.0223139025,-110.060123085953,0
2070,8135,5.89703954683695,5981.48311268088,25.6134458948161,10.288155421276,10.4975087300038,15.803453969462,33463.6677131722,31197.3183905859,232.762422935002,0
2070,8136,7.82329821390053,2920.36560473872,25.7949452287077,16.7044709240786,17.2845239768262,25.7256612130893,33852.3361945318,25954.0582102179,1258.81271378398,0
2071,8137,5.80107855387631,3643.35242782216,25.2892085309117,14.2746145158529,14.6965360393571,21.9632530655827,36107.7988319006,17833.0381420499,86.5818618576149,0
2071,8138,6.35019727248548,3080.64489532197,24.9766013632285,15.987978979437,16.5130989761629,24.6139528330774,24675.5595774349,19697.9160595417,743.845938819436,0
2071,8139,5.96338297218562,5870.07560468088,25.6134458948161,10.4142406322323,10.6295979775586,15.9980816301178,33482.7602098583,31222.5550545154,194.668822131609,0
2071,8140,9.42236698928348,5016.50914456236,23.3180648940217,11.3733645718836,11.6213743295489,17.4750045425321,34178.0352195324,35303.5764790497,-1102.30228535662,0
2071,8141,6.6091402277393,1468.78085782439,26.3933075915852,27.8589187216772,29.3022649715486,43.0354866224333,28970.6353136328,22783.2149597838,716.89871003428,0
2071,8142,5.56458977668203,1410.68257878459,26.4294106465144,28.7521736924074,30.2722555973137,44.4238111540981,25701.0195990926,23429.0193561495,-21.4832568472156,0
2072,8143,6.59608069305511,3632.15390932197,24.9766013632285,14.272138696188,14.6912321797037,21.9586846452922,24675.861429634,19701.5133845883,749.022487901767,0
2072,8144,5.8801447780777,5638.14182468089,25.6134458948161,10.6907086533442,10.9194319933169,16.4248982413322,33489.9439654779,31201.3507325482,307.006260993826,0
2072,8145,5.37404986392025,2656.93858673412,26.4248977514134,17.9523262458061,18.6238050718137,27.6606651346455,28635.7871520171,22959.9362160302,-140.017714561026,0
2072,8146,5.77322445431829,3293.35928782216,25.2892085309117,15.3009665970246,15.7856545050195,23.5513561937763,36111.8367137767,17817.6590232831,76.5147094429687,0
2072,8147,9.71742522227747,4753.36452256235,23.3180648940217,11.7818506543795,12.0503190885326,18.1058276252893,34164.326891244,35273.8336943129,-1117.78656447367,0
2072,8148,5.62149204574047,1532.24407278459,26.4294106465144,26.9776184016646,28.3473469628061,41.666328987249,25667.280909457,23428.3273642127,-58.4495921601166,0
2073,8149,7.14377077213828,5567.02814454542,26.315514179387,10.8242709794917,11.0635949080029,16.6322386492809,24208.3871313973,30353.3422438328,1069.63614822859,0
2073,8150,5.24639508887331,3377.47512473412,26.4248977514134,15.1637247996551,15.6501299194507,23.3417831100455,28622.5363504397,22969.0459747101,-142.559434114499,0
2073,8151,5.61045450134427,3308.60127982216,25.2892085309117,15.2521920236266,15.7338347235938,23.475868800234,36123.8121246974,17827.9703140899,96.6611174435585,0
2073,8152,5.87412310309895,6043.75061468089,25.6134458948161,10.2194629849601,10.4255696816657,15.6974256440308,33470.9031421438,31204.0846231784,207.009991723042,0
2073,8153,6.29969397306706,3143.19873532197,24.9766013632285,15.766046945558,16.2770307849272,24.2703962516192,24660.7529160065,19683.8229974484,753.722092515818,0
2073,8154,9.59641286422336,5218.86200656236,23.3180648940217,11.084057807011,11.3179145635934,17.0283216872851,34111.3508318775,35278.9489615119,-1091.9501384017,0
2073,8155,5.62961611851652,1851.88538478459,26.4294106465144,23.3720688080919,24.4479137008962,36.0669574021254,25668.3350271985,23434.1129800453,-59.0431260587046,0
2074,8156,7.17135568800772,5694.33842454542,26.315514179387,10.6655394541129,10.8969990014198,16.3871337438717,24212.3749939308,30362.7312239651,1095.29294949339,0
2074,8157,6.16765582645962,5580.17596720487,24.7830173620492,10.7095507690739,10.9343633209765,16.4526546830858,36244.4371467521,16125.3046519043,135.065704284782,0
2074,8158,5.78725936890871,5944.01688668089,25.6134458948161,10.3300949449141,10.5414389375935,15.8681908980675,33449.502294492,31194.5717008672,231.708602583608,0
2074,8159,6.18127263522275,5862.29571982216,25.2892085309117,10.4035438109893,10.6165920370562,15.9810723489056,36108.770471257,17794.8194986486,69.4338290320707,0
2074,8160,9.41044776502186,4962.43531456236,23.3180648940217,11.4541825252407,11.7061962063095,17.5997993328287,34184.878059247,35290.5045576058,-1102.88447269066,0
2074,8161,5.40253458261725,4698.14073710928,26.4566426115413,12.1185233049521,12.4261265143163,18.6318947383362,28635.2045805438,23135.0781429705,-137.055070519591,0
2074,8162,5.55369883952781,2687.92626678459,26.4294106465144,17.8050512523728,18.4663632181402,27.4324626709778,25690.6822325599,23443.9576394667,-62.5235794391311,0
2075,8163,7.3711678236168,4761.47656305377,26.2862814372636,11.997992781388,12.2979624868304,18.445320531818,24199.0992514675,30368.2494927774,1095.43241670365,0
2075,8164,5.97447015466373,6065.10038320487,24.7830173620492,10.1475303809775,10.3457733216085,15.5851616711034,36243.613758546,16086.6949502015,145.893908129597,0
2075,8165,6.2494673712704,5604.08498661585,25.2133974607972,10.7074758423774,10.9347076684543,16.4501476266266,36119.9507149838,17774.6700206616,81.1667786585229,0
2075,8166,5.76856383079202,5534.77380668089,25.6134458948161,10.8204672909897,11.0555577532244,16.6252478119745,33455.2534306709,31190.0497017628,293.573019024424,0
2075,8167,10.033097258438,4630.67970256235,23.3180648940217,11.9862483136128,12.2651583216688,18.4215339217859,34138.7482297051,35237.4702205295,-1042.51281168377,0
2075,8168,5.42719478916753,2248.08910497872,26.4468086125966,20.2569369652796,21.0942382991057,31.2335223796915,28651.4305373498,23309.4004769096,-221.814308650365,0
2075,8169,5.76633380721695,1317.64475478459,26.4294106465144,30.3201748084553,31.9758030645762,46.8610980112031,25711.5454166811,23415.5598093545,-123.817298402818,0
2075,8170,6.23847358716339,1973.12235462812,26.5799354564032,22.3244931909585,23.3204021080287,34.4416114201165,27976.8001107649,26440.6842462375,123.406145843593,0
2076,8171,5.91909787953688,6362.07694120487,24.7830173620492,9.84063029283234,10.0248529045446,15.1115873061202,36183.0723281016,16111.8064855318,115.669594508894,0
2076,8172,7.0944827925475,4560.29107905377,26.2862814372636,12.3485719662648,12.6675858873018,18.9871249600434,24187.350306575,30362.120055241,1081.45035062952,0
2076,8173,6.24629906889377,5677.82803461585,25.2133974607972,10.6168461704949,10.8396879140529,16.3102294683535,36124.1607585655,17778.0744840004,61.6543124349903,0
2076,8174,5.48674085079896,1700.36612320136,26.4594148122898,24.9289350312484,26.1300738449663,38.4842938461844,28664.9744070196,23315.4639379356,-189.514268852562,0
2076,8175,5.63161100607882,5882.36611268088,25.6134458948161,10.4001253712179,10.6148076894469,15.9762922427257,33428.2643223917,31169.1447076211,232.063125117349,0
2076,8176,6.33369767548429,2536.06209118863,24.7116948449508,18.2951861064235,18.970923773294,28.1865784132472,32158.8792081107,14578.5334525616,742.663466466778,0
2076,8177,8.96146355337177,4969.63781656235,23.3180648940217,11.4433283509445,11.6948030236523,17.5830385470138,34165.0520717548,35317.7659238752,-1091.73387314566,0
2076,8178,5.43284612401749,1304.01066078459,26.4294106465144,30.5678724355291,32.2451271306374,47.2461783211458,25680.0888698665,23399.8256752453,-30.4072204954135,0
2076,8179,6.26118646543479,3387.82484567709,26.2774801877977,15.115296416423,15.5973474843243,23.2664650564499,31402.544254426,29337.1785491859,569.897916366089,0
2077,8180,5.89796862592717,3876.07920861585,25.2133974607972,13.6779923391925,14.0641296215107,21.0402748478357,36169.4358016546,17752.412605736,120.376533918162,0
2077,8181,6.00428106889506,6419.60227868089,25.6134458948161,9.82973748921998,10.0177559799611,15.0959663657518,33440.9329936709,31188.5909482464,243.700149508863,0
2077,8182,5.65152839314292,2579.35770520136,26.4594148122898,18.3421736088605,19.0413001884856,28.2649362069047,28660.0504044755,23312.0846419798,-197.112939365683,0
2077,8183,9.49875573498011,4720.98630256236,23.3180648940217,11.834881561853,12.1060460980344,18.187733975393,34166.7653357886,35268.6450801495,-1079.66200262853,0
2077,8184,6.32772654227502,2755.68333718863,24.7116948449508,17.249627857404,17.8544250692805,26.5668295808849,32149.4399707019,14571.7492991819,711.525426923146,0
2077,8185,7.79846321789508,2490.13174673872,25.7949452287077,18.7075776352202,19.4248621457452,28.8291825239586,33809.41167284,25917.6345309509,1256.9299665896,0
2077,8186,5.63696964393983,2172.27558078459,26.4294106465144,20.7682178071961,21.6433835079761,32.0264656334442,25672.5564349567,23417.2888764642,-70.9281728591707,0
2078,8187,5.72856688126313,3137.42209317926,25.1899340857041,15.8124126687305,16.3284278666172,24.3427439663341,36212.6410507424,17695.1318816122,177.548107400801,0
2078,8188,5.58661067025475,6230.42096468088,25.6134458948161,10.0207600496235,10.2175735110201,15.3907500515522,33451.7519220536,31195.6973212734,274.112420584466,0
2078,8189,5.26504043943943,2495.93720510928,26.4566426115413,18.780074202166,19.5101746121784,28.9436688351407,28668.3107251182,23314.8550182592,-197.805347435734,0
2078,8190,9.33903013451578,4947.43560856236,23.3180648940217,11.4768764576155,11.7300183641344,17.634843168529,34156.58206619,35302.5138416191,-1127.27752974729,0
2078,8191,5.51207961870621,2349.69501078459,26.4294106465144,19.613031042833,20.4028260437339,30.2349431003433,25673.3147318918,23430.9675915779,-110.467991720457,0
2079,8192,5.95166769399409,3621.95004117926,25.1899340857041,14.3218713870516,14.745769168177,22.036123244246,36246.0125060268,17717.0984173031,163.373802623944,0
2079,8193,5.89076701602158,2509.87353913215,26.1251925614057,18.6534645843952,19.3707607912684,28.7463669894935,32381.1915404653,19967.0717178162,277.886314398099,0
2079,8194,5.50021970889012,2408.14960720136,26.4594148122898,19.2719867996739,20.0374052095335,29.7062637112591,28657.9220681088,23308.6969353889,-207.25166143967,0
2079,8195,7.6088688249653,2407.99679273872,25.7949452287077,19.1643767834023,19.9141300411145,29.5372511700168,33819.2513122437,25936.6236197213,1270.23952589427,0
2079,8196,7.97886938236965,4892.39948084959,25.3740374893406,11.7163709991699,11.9954461224256,18.0085415277475,33862.5618493482,31609.8855113804,-1224.32854339173,0
2079,8197,5.67879726234068,1479.07330878459,26.4294106465144,27.7196951889671,29.1518819823433,42.8193238676085,25653.8957962876,23422.9671790509,-94.5957780318482,0
2080,8198,5.88660727862853,3098.56747659797,25.1998034894495,15.9513670614915,16.4763550895646,24.557882590232,36233.8254610043,17708.9786539597,152.614008064608,0
2080,8199,7.05857898922894,6624.66701668781,26.29765002593,9.66941018341723,9.85352454790104,14.849512933762,32563.1692163122,21281.0181647075,883.280057004142,0
2080,8200,4.35720797328958,5848.17353872711,26.4342496119325,10.4889984380945,10.7124636437834,16.1147359963362,31873.400268149,21627.6147403519,823.462029972527,0
2080,8201,5.26730848503996,5496.41715523043,26.3362596646643,10.9164321730899,11.1604826249672,16.7745933329285,32129.8478824557,21894.5172989666,-118.121453583527,0
2080,8202,9.28124834617516,4113.59600063095,26.0742932019874,13.2164692019847,13.5826843281049,20.3284334490581,32638.340514002,21640.4281587438,458.960596372387,0
2080,8203,5.64442205700607,1431.66515588172,26.628872429998,28.4839925968828,29.9846515111959,44.0079989703634,25667.5051695711,23414.8053883331,-47.5521070987744,0
2081,8204,5.79061073084408,3586.02488259797,25.1998034894495,14.4208853391811,14.85080637644,22.1893216119664,36198.8123549848,17686.9317759607,182.460317958663,0
2081,8205,6.19637255035016,3557.82123446031,25.4925170967287,14.5301475047476,14.969202281311,22.3590615847396,28633.9298201378,18457.3997668952,277.612691807606,0
2081,8206,8.0845682660302,6687.71412285024,26.301400020002,9.61100299302689,9.79248106983072,14.7593942088739,32606.8709286045,21370.175189758,899.585479490896,0
2081,8207,4.99976762446735,5657.77963123043,26.3362596646643,10.7117686826402,10.9456259707358,16.4585481620874,32124.9362444197,21945.4812993565,-200.473156699009,0
2081,8208,4.27785337965639,5273.38304272711,26.4342496119325,11.2240253486093,11.4842558941797,17.2498213924424,31844.2723475899,21672.5847405015,1008.32639358829,0
2082,8209,5.77509058482326,3334.11352059797,25.1998034894495,15.1612257008564,15.6363800943549,23.3348592889503,36219.6524528883,17692.0396453778,173.68346426706,0
2082,8210,7.329466463866,6937.27556720157,26.2798193442915,9.38711193764174,9.55843628003946,14.4139303893038,32653.2667706734,21326.903027204,926.946468317151,0
2082,8211,7.82143186354844,2299.25622813951,25.9101931882526,19.8352976302403,20.6349143200783,30.5778237768942,33832.6738519714,25929.6109333168,1233.28835505577,0
2082,8212,6.29480955032472,3989.78416478471,25.7794734293929,13.4655958421088,13.8439117816707,20.7130512580967,29661.5911283544,18566.8526191877,335.048932266395,0
2082,8213,5.21614473593084,6288.51616723043,26.3362596646643,10.0012419124751,10.2008818387465,15.3616599262184,32149.6773414149,21913.8082859516,-77.3310593057875,0
2083,8214,7.55365974271708,7022.62631720157,26.2798193442915,9.31409674109529,9.48218634270525,14.3012890545376,32657.9368287779,21331.7735007204,918.144976700714,0
2083,8215,7.54015741819362,5125.05250970276,25.8556010371678,11.3968507374006,11.6624394456573,17.5158038669727,29833.0756699272,18764.4035181129,152.645771228011,0
2083,8216,7.7781126191567,2151.50582013951,25.9101931882526,20.8187042687737,21.6908839962476,32.102909476974,33841.0084370396,25917.7015138774,1225.44662932831,0
2083,8217,5.11877012148372,6201.20510323043,26.3362596646643,10.092009587006,10.2959172890671,15.5017558029629,32149.6127883167,21908.5713530578,-85.0620996685095,0
2083,8218,4.49451392122973,6688.43259810462,26.3991283974108,9.61538852009445,9.79753742462262,14.7662916157125,31855.4675958609,21653.7648778365,945.829604519589,0
2083,8219,7.59437866305795,4540.8144131034,25.9988719349025,12.3610335191985,12.6787591926232,19.0058416931203,29846.467677042,18771.3452083294,135.273653023295,0
2084,8220,7.34719767751872,6438.60692720157,26.2798193442915,9.84721580463787,10.0394023043793,15.1238688502838,32656.9786737118,21323.9072115244,934.136959900592,0
2084,8221,7.05684567692361,5061.52527278471,25.7794734293929,11.4855494365545,11.7552378401643,17.6526859230843,29772.5559884915,18694.4705971728,224.567300635337,0
2084,8222,5.17151355641397,5748.61485523043,26.3362596646643,10.6010216694212,10.8294251469642,16.2875475084237,32150.6479280391,21893.6076387697,-73.3533253319689,0
2084,8223,4.65788343462321,5849.38496872711,26.4342496119325,10.4875842447493,10.7109805612798,16.1125525954359,31873.7604481909,21664.2492964062,851.130548444918,0
2084,8224,4.02903041064457,4884.78106289079,26.1508676533702,11.7859147931035,12.0736863652188,18.1173760926388,29576.106016376,19201.0425598303,-462.772277692766,0
2085,8225,7.22722300990043,7303.78820720157,26.2798193442915,9.08411317604622,9.24215277989218,13.9465290074383,32636.8330052497,21339.5064367404,909.003687414128,0
2085,8226,6.97779441441954,5845.23237878471,25.7794734293929,10.4529931414802,10.6711268105596,16.0581580472869,29785.0642502328,18697.251685736,262.624874621987,0
2085,8227,4.59866938598664,5863.00909204989,26.456104470393,10.4730206641157,10.6958265310903,16.0901004726136,31866.988693017,21673.7504189621,922.892021379266,0
2085,8228,5.32418932571311,6222.72450523043,26.3362596646643,10.0694310766058,10.2722742898584,15.4669060859774,31938.3630244692,22022.6806913335,-588.626485220129,0
2085,8229,3.69671518594375,5142.5844886014,26.1173734662224,11.3894653385643,11.6562904212677,17.5048420918987,29568.5108845102,19166.2910985421,-477.760821439136,0
2085,8230,5.54954362284428,884.875201655028,26.7505281983928,41.8858836789764,44.6073709018111,64.8577362473693,25827.2569645707,23729.2313574888,-107.613530484101,0
2086,8231,6.61704392542809,7658.61093278471,25.7794734293929,8.79259902853758,8.93605861097514,13.4963446465589,29789.3659893856,18715.9581985008,264.425410455544,0
2086,8232,7.49653784532137,8254.89291320156,26.2798193442915,8.40810660834895,8.53785969609796,12.9041027541698,32649.2115750025,21333.8689368768,895.779980779955,0
2086,8233,4.9799458993707,6304.92553723043,26.3362596646643,9.98442890360505,10.1832816921749,15.3357107216073,32152.8690717862,21910.8264069874,-106.880221567113,0
2086,8234,5.53203795376719,8874.46185068518,26.2172612810188,8.03351638834272,8.14819729341064,12.3266362801814,31059.155032356,19772.7739512672,-299.293418187712,0
2086,8235,10.7063048203815,8793.58573583168,26.404141958124,8.086635412902,8.20408626266745,12.4086997191738,31656.2558269081,20861.0280398919,-414.03105891037,0
2086,8236,3.58522896887025,7017.9662326014,26.1173734662224,9.3100724554143,9.47723134044917,14.2948725224564,29587.1296148062,19164.8550894597,-460.450145794694,0
2087,8237,7.14571320854185,7956.24237920157,26.2798193442915,8.60527441741326,8.74308043342077,13.2080883390881,32663.9151329026,21333.9322067594,928.757072430674,0
2087,8238,6.56964993842076,6706.42695278471,25.7794734293929,9.56679329916066,9.74374445636749,14.6904810028583,29730.0515475105,18630.2839189972,342.775193747594,0
2087,8239,4.65006212636585,7808.08917407543,26.4154882035892,8.71380624931102,8.85668490509087,13.3755955154631,31856.7353747629,21676.1456528025,908.349781953039,0
2087,8240,5.90879402657205,8465.98968068518,26.2172612810188,8.27352511804463,8.39763245065862,12.6965688020424,31101.1977417803,19787.9284969721,-265.406964481747,0
2087,8241,4.94477994462429,6161.30751066616,26.362153218305,10.1357017991551,10.3418094349626,15.5692330107865,32160.4081525349,21893.7795198297,-63.7769625915143,0
2088,8242,7.38601990557899,9201.17392520156,26.2798193442915,7.8570829576456,7.96522382058729,12.0548018981628,32650.7862154557,21321.04670433,899.710108110286,0
2088,8243,8.14157556650226,5742.48939891708,26.035798676573,10.5899545375279,10.8161469750315,16.269998807547,33239.3230104131,20424.3134337168,81.6481513790322,0
2088,8244,5.16851566286209,6895.63685971054,26.3624147141686,9.42742888537519,9.60093666023661,14.4762376859746,32146.8426199663,21927.3018579861,-67.908047303747,0
2088,8245,6.15637674063311,3152.13538478471,25.7794734293929,15.8326855181707,16.3556928263815,24.3756970328054,29670.5739918047,18550.8857731862,425.199482908896,0
2088,8246,4.54973405980491,8177.71674983168,26.404141958124,8.4630001054854,8.59547938057463,12.9888695523657,31858.0620035667,21677.0271292335,916.502545711042,0
2089,8247,6.68748183021755,4947.06452986264,26.3352302661226,11.7007169237704,11.9851586741432,17.9860646073871,30537.5171409,32943.2320462544,900.016661570689,0
2089,8248,5.50801009337676,3235.39259639765,26.9396198687712,15.6832067032516,16.2074079161833,24.1472511627458,27059.4230307515,25831.0102725584,-96.9053580198392,0
2089,8249,7.38061512219806,8144.47657520157,26.2798193442915,8.47954679437693,8.61219861520862,13.0142411756279,32645.0262656363,21342.6401153882,902.861662829289,0
2089,8250,6.71599560791352,4298.88274139009,24.9952710768656,12.7371420524723,13.068342668004,19.5851816029899,36682.5480511855,20254.5531315824,851.538157837164,0
2089,8251,5.84452082536112,3012.38041478471,25.7794734293929,16.3425356630017,16.8985930255748,25.165116567179,29642.0720649846,18542.6539630737,465.190010231938,0
2089,8252,4.96203584222354,6768.17033508697,26.4578019649454,9.54557275319825,9.72483971171945,14.6586446207489,32151.6381615528,21906.7944519992,-73.6693975586852,0
2090,8253,5.54888883487343,3420.30087526787,27.1236139805477,15.1079595019436,15.5969566047907,23.2571492500245,27036.4948487116,25829.7056166318,-122.042049358144,0
2090,8254,6.6792465631218,4930.33928880942,25.1993055694566,11.6438507456791,11.9180147235649,17.8961961147286,36665.1340084968,20276.3819444189,744.650190982924,0
2090,8255,7.0529583428786,7853.33343469731,26.5112030011994,8.68619846895202,8.82832325435153,13.3331344708319,32655.6816144954,21336.9580219133,912.94892499707,0
2090,8256,6.4812178231029,5549.57450175839,26.4729508508499,10.8565383430954,11.098370756864,16.6823154789721,30618.3206161201,32959.8618911973,866.037261359156,0
2090,8257,7.72777513545363,2121.52716934077,26.2149787927871,21.0912572698975,21.9878987396308,32.5267913567814,33826.5634803327,25929.8171345808,1215.85496452674,0
2090,8258,6.2204722089907,1895.72884827192,25.8414362706218,22.8412083279063,23.8667958473978,35.2406161764053,29622.7378572691,18529.9510810681,449.201193607775,0
2090,8259,5.14647192098614,6571.30539094328,26.6101530829765,9.73621214756028,9.92490965200231,14.9530178825524,32172.6803832492,21904.8493414628,-36.8953354713237,0
2091,8260,6.2031585400587,5577.17317158241,26.4081071458356,10.8172434067957,11.0567438369176,16.6215319686506,30863.1820384676,33055.2078163918,694.626096476115,0
2091,8261,5.66050054940009,6138.66169126787,27.1236139805477,10.2029184794769,10.4161667813249,15.674078978636,26991.447258776,25839.5510434591,-153.239881705363,0
2091,8262,5.93668996949141,2876.00176325078,25.6498414105644,16.8660425510143,17.4553324804352,25.9754878650905,35935.8384417695,19899.5820604923,144.446954037903,0
2091,8263,7.31245629080384,7296.56020669731,26.5112030011994,9.10067302791329,9.26046162258579,13.9723571532927,32642.1386462794,21302.6734853748,913.626456994308,0
2091,8264,7.57070348791601,2146.83504334077,26.2149787927871,20.9085908341741,21.7914980812522,32.2434374208313,33824.8988405033,25938.0006374667,1220.41970145293,0
2091,8265,5.94138107009808,2457.52400427192,25.8414362706218,18.893003946793,19.6239684518375,29.1167432060514,29615.9316729098,18545.2736263053,410.913800290699,0
2091,8266,5.48569501569361,6316.18782529316,26.9456654183543,10.0063422480539,10.2093060315395,15.3703846844912,25603.2639615641,24549.2647176132,62.09309672951,0
2091,8267,5.22329359493847,4967.49658482961,26.6564952018992,11.6918801227552,11.977878223744,17.9729696477246,32141.1163488582,21906.9808974103,-53.1719038992256,0
2092,8268,6.05545703897384,6024.87364758241,26.4081071458356,10.2865007616246,10.5000373023553,15.8020778533546,30864.0194323567,33047.5757424853,687.163096909994,0
2092,8269,5.24140867746581,6399.93410326787,27.1236139805477,9.93104938595513,10.1313435588413,15.2544141946061,26950.2480021177,25861.7403353888,-210.434644335571,0
2092,8270,6.04343321763446,4731.23178837314,24.4411261816107,11.9066725354353,12.1893974892017,18.3007990465591,36826.5950005053,15553.4392781027,520.87182449115,0
2092,8271,7.62783134174057,1880.07815734077,26.2149787927871,23.0634319536123,24.1118354290069,35.5870217962913,33823.3954945373,25948.8274398447,1255.44058798949,0
2092,8272,5.98876669005707,1689.10242533187,25.9239122865816,24.9238194919971,26.11611570142,38.4740174942949,29609.9703151581,18568.3237049142,416.462925480268,0
2092,8273,5.05594863659115,5860.63210405098,27.1441492878324,10.5166941942276,10.7453432204192,16.1585554645444,26688.5106857276,25321.4278076835,-226.248943721589,0
2093,8274,6.05921791034871,7011.47209669903,26.3798310940755,9.32845387652876,9.49764094469107,14.3235656473923,30882.6617574377,33041.4678130915,677.095261063447,0
2093,8275,5.52973992661483,5715.58628326787,27.1236139805477,10.6891215338888,10.9262157006307,16.4247816806809,26959.16680661,25834.3617885818,-170.273317530435,0
2093,8276,7.08547531419193,4695.4287549206,24.9547476620353,12.0069535600252,12.2984680948183,18.4567017114836,36251.5484609667,15862.2509506576,945.288362495457,0
2093,8277,6.25489372902863,1895.81400700884,25.8710274387707,22.8468116552536,23.8732672539039,35.249431605391,29689.0051043695,18479.9120321986,444.624933278909,0
2093,8278,5.96239320377742,3429.09089533036,26.9619754466436,15.0635954967219,15.5483898574465,23.1880933461705,25841.8527506717,23746.4361652746,-54.5741246840873,0
2094,8279,6.11236675502246,5507.85734958241,26.4081071458356,10.9061807485521,11.1501302112441,16.7588760200013,30856.4336867067,33043.0047089769,694.980450257368,0
2094,8280,7.03707048967518,5279.63820899658,24.896457014412,11.1108102526813,11.3559803752423,17.0723908814047,36255.5227295066,15839.8392694858,913.084473579602,0
2094,8281,5.9769758812489,4452.94583326787,27.1236139805477,12.6149136025458,12.9544553774439,19.4004143469547,27063.5790477556,25870.9965163099,-145.513882719032,0
2094,8282,6.0243954310399,1876.04582210505,25.5436677584132,22.9542767398508,23.984291898363,35.4148847005423,27138.4804484385,18982.5521322618,301.814462547892,0
2094,8283,5.36238568178901,2335.32993025275,26.6110739220357,19.7310387379945,20.5316462467337,30.418531862036,27865.2772440209,21353.1380628001,-7.26308647618139,0
2094,8284,5.65183558148528,2162.66197333036,26.9619754466436,20.9333212464577,21.8277390096818,32.2844627927744,25854.6816544674,23743.96120597,-107.483550733518,0
2095,8285,6.17322512045262,5789.15139558241,26.4081071458356,10.5569450121392,10.7835850808446,16.2196027281472,30857.7463593356,33041.6170341446,689.829137742305,0
2095,8286,6.01659322992971,5560.12677526787,27.1236139805477,10.8840716431616,11.1309658265816,16.725852077433,27048.9837046376,25873.722312573,-142.620952805988,0
2095,8287,6.97648830192462,4914.9398709206,24.9547476620353,11.6497587840664,11.9226254498382,17.9048800374743,36265.5880548301,15855.9108938712,908.697340275328,0
2095,8288,5.88214032388971,2592.77186210505,25.5436677584132,18.1363822762887,18.810811236428,27.9431718525128,27155.7996355855,18989.3069391353,320.741768444045,0
2095,8289,6.24833059423959,3489.94845008058,25.3307903609346,14.7060825545094,15.1544185380496,22.6308836315611,33180.558721942,15228.1682001901,836.893640721204,0
2095,8290,5.61765774819314,2327.61468733036,26.9619754466436,19.8375508789333,20.6502069327362,30.5848681027757,25830.0854858294,23722.1243698642,-35.7502641245282,0
2096,8291,6.20400917591911,10045.663726699,26.3798310940755,7.444887159829,7.53808669077991,11.4198167631332,30899.4602954287,33064.516208464,657.942294299691,0
2096,8292,6.90298042690227,4055.5514289206,24.9547476620353,13.2417854522325,13.6008612174684,20.3652112148598,36254.2643139783,15879.5698001506,905.453051666291,0
2096,8293,6.02082280842974,4458.98823828181,27.1108073016277,12.6023781310581,12.9411266967503,19.381010434241,27045.9363874964,25884.3179465305,-168.072476291672,0
2096,8294,5.96899050844436,2518.19182610505,25.5436677584132,18.5185788101675,19.2196319944934,28.5354513065285,27162.4319688664,18966.967667625,324.531074907821,0
2096,8295,4.72349535932387,7088.6327848094,25.972057211901,9.24373101596102,9.40730784069553,14.1923488464239,31618.4039145494,32793.9020998195,-1126.21416239071,0
2096,8296,6.51421981603702,1532.36567408058,25.3307903609346,26.6747980553757,28.0005235935256,41.1906943741832,33197.4397418204,15274.3108984299,784.393347816844,0
2096,8297,5.50486936512631,2664.06183733036,26.9619754466436,17.995626288857,18.6759397737961,27.7293691919942,25817.4358309469,23750.5005332224,-116.642282311551,0
2096,8298,5.5558530402482,2343.87601825275,26.6110739220357,19.6787594810042,20.4755432395892,30.3374656167215,27862.1744465701,21355.78476525,1.30918364798906,0
2097,8299,6.14511486936679,6413.14797558241,26.4081071458356,9.87932122317413,10.0736374736849,15.1735936949486,30853.4655929704,33047.3281814611,691.334972713786,0
2097,8300,6.8364633142809,4260.22899173601,24.8675540400339,12.8032800709168,13.1371762177109,19.6871473907481,36263.5625845814,15856.9222616622,886.759643153684,0
2097,8301,6.15207749914383,2632.24245410505,25.5436677584132,17.9421820211395,18.6031997155219,27.6422574389634,27159.2865219795,18982.8815895195,300.787247371095,0
2097,8302,10.8136639803862,5181.41313757749,26.4808398642505,11.3581189092216,11.625541337719,17.4570323603445,24163.5645110157,33987.2153410607,-1006.51839818855,0
2097,8303,5.63499867881002,1931.90363648084,26.601608410438,22.6821081693067,23.7061726298608,34.9967010458773,27857.3339674489,21344.4761179013,5.09476476121326,0
2097,8304,8.01661490400075,2099.72519877997,26.3239274481307,21.2726504168767,22.1844362200072,32.808585965003,33814.7551571059,25928.2125905235,1225.99509099179,0
2097,8305,5.9159548116232,1268.49447733036,26.9619754466436,31.4160817361657,33.1779627899937,48.5677836981456,25785.6922819244,23729.3337330069,-113.795854951801,0
2097,8306,6.13663668527079,1359.79251681345,27.0242905289855,29.769220145765,31.3877659398024,46.0076285481165,26948.5379050264,26842.1919631409,524.644456585172,0
2098,8307,6.22816486700114,5387.13284358241,26.4081071458356,11.0658899061658,11.3178981015017,17.0055304812294,30857.5445549619,33053.5291283621,678.908580465524,0
2098,8308,7.16931679985345,4500.92911973601,24.8675540400339,12.341989671189,12.6507466734105,18.9742216033232,36277.0611901175,15854.0269831825,940.787795410643,0
2098,8309,5.49016996080022,4122.48087407888,26.6163007735539,13.2452863168513,13.6172061495964,20.3741097816292,31533.9600301713,27671.8807772627,-510.442210982072,0
2098,8310,5.81948190616056,2429.71338410505,25.5436677584132,18.9999523434155,19.7349624067055,29.2815401173471,27161.9436997745,18969.2920802758,274.108573720413,0
2098,8311,10.1460175651952,4510.92590676325,26.4703250548709,12.4535910541194,12.779651711784,19.1497971665602,24133.6520978182,33971.1985468942,-1042.18039530538,0
2098,8312,5.86850796396447,2129.8457574567,27.0154698249149,21.1800398627611,22.0938463187654,32.6674070809375,26960.6250778343,26869.8662257308,480.276634346272,0
2098,8313,5.54661474596394,2632.36713720964,26.8486519687984,18.133993743477,18.8227814187247,27.9434726016511,28322.6628427266,28876.9526602617,-143.085398633609,0
2098,8314,5.68585398479902,1072.05264848084,26.601608410438,35.7723021576304,37.9193489246159,55.3415879288415,27834.9376760061,21352.4493353839,2.35172960022209,0
2099,8315,6.22009339198693,6045.79834758241,26.4081071458356,10.2633907859439,10.4758199787155,15.7664029475279,30859.7919608148,33055.3339053169,676.043156079429,0
2099,8316,5.44206889876683,4155.12340607888,26.6163007735539,13.1747249530215,13.5425699019258,20.2649941251035,31558.6436858387,27664.5837766187,-550.797073302537,0
2099,8317,7.04623031591701,3943.38498173601,24.8675540400339,13.4865202839331,13.8588326735761,20.7434207996469,36265.2992880185,15857.0546039038,920.134139456832,0
2099,8318,5.92472678945844,1923.15943610505,25.5436677584132,22.5356066621501,23.5331507592333,34.765161786048,27157.3116734408,18974.5591276608,300.000099482019,0
2099,8319,5.28424530465766,3468.10016177074,26.8462129150871,14.9335708236444,15.4091859005596,22.9865645777621,28360.5353590886,28987.7255633472,-216.285176096538,0
2099,8320,10.5095907131057,5256.08127757749,26.4808398642505,11.2514845943137,11.5134038590756,17.2923130274668,24138.5093964582,33977.8723386244,-997.887262507507,0
2099,8321,6.39697615432685,2585.2993854567,27.0154698249149,18.3950048112664,19.1040275152127,28.3485203143593,26942.1114721837,26882.9244416548,477.192065022538,0
2099,8322,5.71733426446058,937.311541330358,26.9619754466436,40.0542786700477,42.6072775341271,62.0077221922298,25824.9897402861,23712.1421757993,-90.9405874583091,0
2100,8323,6.20048096864301,5518.11823552907,26.4312634521746,10.8943716370688,11.1378615014141,16.7406756836268,30857.4861761149,33035.6547667881,688.823178788131,0
2100,8324,5.79115019974519,4221.78155245302,25.8045270461259,12.9634269238524,13.3132357755559,19.9366357146579,34966.3468120262,27578.6560297594,151.949737780019,0
2100,8325,7.15282684714311,4002.79462550568,25.2231486628196,13.3842869071268,13.7535747490747,20.5861213724914,36265.3754217234,15862.8848332079,940.829336320945,0
2100,8326,5.443615647483,3088.45202406237,26.9332911149139,16.201467439956,16.7594642694116,24.9497483238002,28392.1555058862,28993.7150850038,-228.528771185146,0
2100,8327,10.8573155583593,5039.80210709135,26.4679851241487,11.5671110941114,11.8453506723149,17.7798735946747,24127.9850408836,33979.2532263133,-1009.09516414072,0
2100,8328,5.94781614244261,2234.59242896609,27.1401065025909,20.4682613307003,21.3299272906933,31.5636684837796,26946.1805389816,26892.1848467222,499.698034923222,0
2101,8329,6.10355766091465,5924.76224752907,26.4312634521746,10.4004153859233,10.6195634095021,15.9779702761724,30861.0430670742,33037.62570278,699.159067126651,0
2101,8330,5.7994769124413,4511.73181645302,25.8045270461259,12.3985607671298,12.7169920845325,19.0634706979997,34947.9835050991,27579.1201226577,162.00925139902,0
2101,8331,5.20470592264185,2765.96935806237,26.9332911149139,17.5157728526307,18.1624461407846,26.9856949390682,28387.2302296369,28969.9928322779,-218.332485433107,0
2101,8332,10.3308347234117,5512.0399293327,26.4560657192009,10.9038279253759,11.1479344764611,16.7553184970161,24109.921180888,33968.1316757477,-979.33174398374,0
2101,8333,5.63598633488678,1827.64739568643,26.9352593557938,23.7158853676582,24.8264395033335,36.6027443678868,27568.9020105611,22403.9678838798,-106.730295811179,0
2101,8334,7.16644224996734,3955.15238750568,25.2231486628196,13.4930817044146,13.868611085625,20.7543496563391,36260.6229746018,15849.7782835724,885.947035460553,0
2101,8335,5.5519827320825,1718.27428954434,27.0620541078648,24.8755499447452,26.0816158694986,38.4039561368381,25817.0906733014,23726.3910650468,-104.394969420049,0
2102,8336,6.22558729432314,5280.78808552907,26.4312634521746,11.2134609537682,11.4731319481163,17.2334984733223,30860.4200163328,33035.658095649,733.37074611974,0
2102,8337,5.85279579944742,3691.21926445301,25.8045270461259,14.2003121440928,14.6221279175069,21.8495056878373,34940.7865067322,27572.4678178348,161.899252146528,0
2102,8338,5.90944964353438,2197.80720154354,25.3317740010388,20.3918079919718,21.224753968554,31.4387368831021,36818.5026016596,18564.1017200903,502.014444647713,0
2102,8339,10.6193684610155,5143.6991313327,26.4560657192009,11.4113070213623,11.6813377001834,17.5391549297304,24104.5578024993,33988.6129549341,-985.498051730693,0
2102,8340,9.49601446768078,4818.59324277409,24.9007488681236,11.7988776662133,12.0791167895267,18.1351364909966,35628.8718866052,14603.4953359257,-1047.60634338747,0
2102,8341,3.17464267758676,3671.6066837347,26.3799636762324,14.3105163944689,14.743752661466,22.0213175348725,24986.7992344256,34454.7352660568,-529.841473198981,0
2102,8342,6.08395719997607,2410.05127785498,26.2497682275859,19.2269001673274,19.9865811890071,29.6356781820486,26486.5906150583,20651.1551870276,-43.7794285159612,0
2102,8343,5.67190250356534,1603.18843954434,27.0620541078648,26.2231043769925,27.5402154495274,40.4970319791104,25851.6190642044,23746.5025883383,-83.6357063902688,0
2102,8344,5.86296305891473,1505.31664981048,27.1570411584007,27.5482549174644,28.9782690172169,42.5563508040551,26952.8503461699,26841.1037156995,521.774357367666,0
2103,8345,5.90268015006001,4949.75766754354,25.3317740010388,11.6234260967814,11.8973934698555,17.8648826176004,36807.6404609416,18547.1382942606,496.001081403458,0
2103,8346,5.83488928178952,3272.79134245301,25.8045270461259,15.4273890524997,15.9248107776071,23.7483509095768,34980.5295206624,27599.2737321598,123.174924322087,0
2103,8347,7.25926810139496,4561.26360761139,26.4729181142281,12.361584851981,12.6825844629673,19.0075884711828,30865.037145873,32993.3100785174,1064.11183493798,0
2103,8348,5.41212908215552,2443.69762498794,26.8686191059769,19.1342605266257,19.8945206793949,29.4940553581002,30177.8167971103,23931.7492186386,-238.903891010393,0
2103,8349,7.47131905749129,2884.84798414368,25.2564532647848,16.7767557445908,17.3560211570419,25.8360749024731,36574.2451450798,24207.7132589636,1039.3939037712,0
2103,8350,10.4266535340165,6145.8380793327,26.4560657192009,10.1575331800596,10.3651646719725,15.6030662430733,24092.2219454132,33992.0455853548,-997.012141234074,0
2103,8351,9.4991992240435,5946.61078077409,24.9007488681236,10.2845213439522,10.4897900476689,15.7967629550951,35612.6909671862,14600.6755401702,-1017.89840375681,0
2103,8352,5.48672021770668,1396.43678385498,26.2497682275859,28.9249331016176,30.4565964670211,44.691414566307,26513.2217646558,20675.1534371092,-52.7330815846928,0
2103,8353,3.48573010558028,4935.35730218811,24.8352322516149,11.6091128468658,11.8790994989946,17.841877763824,36423.345547173,15015.0211000221,-537.206883078162,0
2103,8354,6.21727434100733,851.325721962394,27.1514436270026,43.454127615961,46.3348494861578,67.3021773376106,26959.3263703953,26859.228866131,506.903404729711,0
2104,8355,6.06981539795384,3626.10519754354,25.3317740010388,14.3254173836751,14.7507439647306,22.0419439924081,36796.5995537705,18565.265713435,498.479049158807,0
2104,8356,5.51652505629126,3680.01700498794,26.8686191059769,14.3371227348367,14.7759864292657,22.063588320134,30194.7768289851,23925.4116443583,-284.708018434472,0
2104,8357,7.15620173331772,3897.47130814368,25.2564532647848,13.6311853765323,14.0149550171033,20.9679853206574,36549.912992796,24166.4777659136,985.265765363342,0
2104,8358,9.26481223426291,4008.47709857981,26.4859973037701,13.4879009188645,13.8729526364255,20.7490450897986,30986.2307489707,32760.0560829773,-1118.79293032739,0
2104,8359,5.79382562138598,1618.76722785498,26.2497682275859,25.823127498205,27.0940425803207,39.8721033634322,26503.4859129257,20675.3205412093,-36.4463270035055,0
2104,8360,10.4708355363575,4902.9549513327,26.4560657192009,11.7792358763943,12.0686067307251,18.1075955330296,24131.3481416682,34003.8904824714,-1026.75890513229,0
2104,8361,9.42983785228594,4235.05842477409,24.9007488681236,12.8571297264935,13.1942532226319,19.7704528339375,35638.0907103726,14582.2678898572,-1104.26249529669,0
2104,8362,5.92267031715208,2530.09664845302,25.8045270461259,18.4967066145461,19.1992543567887,28.5023882310722,34964.4601456879,27618.4372945104,156.015896708606,0
2104,8363,6.48282317652602,1151.92642496609,27.1401065025909,33.9764269477846,35.9709952660683,52.5507957920029,26964.5617599628,26861.4992138291,483.368033415227,0
2105,8364,5.4520678467202,5372.22105742401,26.082720583627,11.0645650872289,11.3145904079769,17.0029553336254,35014.5381992708,24751.3388858504,-127.845592384838,0
2105,8365,6.22057598154783,3668.68249293997,25.3227643081826,14.2106632253918,14.6290517093586,21.8644034770249,36838.0989723918,18481.9039917965,444.093607101059,0
2105,8366,5.41530390706405,2385.57101098794,26.8686191059769,19.4708234594371,20.2555031721164,30.0158880974375,30193.7781545305,23920.3634317214,-252.775065369853,0
2105,8367,7.12815285426601,2731.03516361139,26.4729181142281,17.6105241535156,18.2588769516121,27.1311725954857,30830.0214022563,32879.1094246398,1207.91871900829,0
2105,8368,9.81708673078422,5299.07015309135,26.4679851241487,11.1904398823612,11.4491498883928,17.1980002165018,24123.7588030069,33975.4068230766,-1026.72286531197,0
2105,8369,5.76446967987739,1607.26965585498,26.2497682275859,25.9635435674676,27.2460221545635,40.090201131388,26517.9757139405,20687.2239885422,-69.3407385166851,0
2105,8370,7.3555266739805,5791.35489214368,25.2564532647848,10.4839487959946,10.7006489173906,16.10513818433,36552.5088264735,24208.2882504271,1038.58347180315,0
2105,8371,10.2639783430665,3988.38925077409,24.9007488681236,13.3866913022675,13.7535687097365,20.5891367654433,35579.3261444581,14578.4627958349,-1039.46135299224,0
2105,8372,6.07138094532369,1526.25829496609,27.1401065025909,27.2520227225714,28.656684386867,42.0959653820828,26954.6083973076,26867.5087125166,495.252214623804,0
2105,8373,5.73070927442741,908.708659544341,27.0620541078648,41.1336388535979,43.7909526421231,63.6886365421905,25828.0171257848,23718.9366141662,-114.837996888468,0
2106,8374,7.48974658694812,5741.80818471001,26.6540710358271,10.6286312818327,10.8601472317702,16.3306628108993,29098.7122978642,32775.0741522022,1118.76286977405,0
2106,8375,5.52023708619705,4505.76226942401,26.082720583627,12.4320020140828,12.7541995607055,19.1156903423921,35014.9315933834,24762.08156758,-154.506920229745,0
2106,8376,5.97118082115075,2970.2090122813,25.3115618801418,16.4442159139962,17.002206621931,25.3212688992467,36887.2054415488,18375.1479294321,465.104635248627,0
2106,8377,5.36204662131481,1833.83582018056,26.873931046248,23.6422590910596,24.746043529834,36.4881919400627,30165.4903611729,23937.4078977721,-277.16605269441,0
2106,8378,5.6552276792879,1307.16540585498,26.2497682275859,30.4514594534953,32.1151600079093,47.0642552088328,26514.187270449,20683.6548481218,-44.9942754149837,0
2106,8379,7.27727913576917,5372.13403414368,25.2564532647848,11.0096406689705,11.2519781127099,16.9167722604858,36535.9581171059,24199.9418809989,1020.62713693041,0
2106,8380,11.0462781565293,5475.96993118289,26.6068587795577,10.9605619588896,11.2083912131165,16.8431759191137,30546.9704788231,32657.0969803838,-1378.06983656914,0
2106,8381,10.7524031397682,4579.72301909135,26.4679851241487,12.3278341248903,12.6469439417536,18.9554127308621,24101.5393169801,33964.38140708,-1021.0114049359,0
2106,8382,8.04474672856834,2610.54550716325,26.5022826384902,18.1912949637138,18.8803034936307,28.0312316999191,30778.2174493514,32718.9551754195,-1521.94200466991,0
2107,8383,7.21983365706111,4575.86187471001,26.6540710358271,12.349431660378,12.6709876125751,18.9891417868799,29115.0190564419,32770.4979321507,1070.05888233778,0
2107,8384,5.38599122978543,2654.39242418056,26.873931046248,18.0297941211067,18.7115510398872,27.7820600430269,30169.3504635941,23933.621566332,-282.002649496462,0
2107,8385,5.55581783880421,5593.25196742401,26.082720583627,10.7763456613473,11.0119620849395,16.5578666743102,34995.6145500893,24744.1453603986,-142.806014027522,0
2107,8386,6.07916842678228,3688.5429502813,25.3115618801418,14.1572394798285,14.5723517370733,21.7817368257556,36879.2307874516,18358.1128352612,429.620510124059,0
2107,8387,7.3194124333621,6118.85948614368,25.2564532647848,10.117595862603,10.3170153295584,15.5396735636975,36536.7902772076,24224.5228100986,1037.3858510799,0
2107,8388,5.4710497619684,1878.89428785498,26.2497682275859,23.0817892575818,24.1321394205725,35.6156546052224,26522.4968586607,20680.2458405414,-39.4053303074665,0
2107,8389,10.5085619704684,5191.86961109135,26.4679851241487,11.3421434068235,11.608661185651,17.4323326755684,24114.7576967164,33983.0112346506,-1012.00860538741,0
2107,8390,5.43146590828301,2898.5233096808,27.0421488827138,16.9573611446316,17.5669664821003,26.1208451735802,28439.2561133651,27168.6497454185,-321.761039837004,0
2107,8391,6.54992999930215,3212.89924496609,27.1401065025909,15.7831698703878,16.3156832427216,24.3025324156964,27032.8864644778,26893.2365061351,491.441575262096,0
2107,8392,5.60023090539803,2211.70074154434,27.0620541078648,20.6094709111029,21.4807555651411,31.7824385387832,25766.3622314201,23742.0484185714,-108.714336040248,0
2108,8393,5.4066288547554,5054.87044942401,26.082720583627,11.517058642369,11.7902821635044,17.7018855186254,34980.8097995465,24759.1029200281,-113.757240708471,0
2108,8394,5.6593371767563,2021.81162098794,26.8686191059769,21.9818173279317,22.9551404880085,33.9109245595777,30175.3150690816,23942.948282978,-285.387878090289,0
2108,8395,10.8711590861436,5447.08487309135,26.4679851241487,10.9896801925521,11.2381790456143,16.8879252169732,24156.099431485,33975.8183950512,-1054.96382207944,0
2108,8396,5.42541381203918,5544.6828976808,27.0421488827138,10.8988329446491,11.146016714285,16.7485236771277,28392.6945061302,27156.6271615963,-268.436366079492,0
2108,8397,5.78133800747933,5613.70838764456,26.9219428030121,10.8032625340371,11.0449561393106,16.600740516277,27863.3326476442,29294.1558357573,360.988722198307,0
2108,8398,7.23821717940675,5293.78755214368,25.2564532647848,11.1159796084504,11.3636205666817,17.0809848439494,36529.7985352838,24198.0491797209,1034.55648080672,0
2108,8399,5.69397380314566,1684.38268185498,26.2497682275859,25.056502755847,26.2647217923101,38.6814862549305,26526.0417768187,20674.4077559234,-88.0804813369109,0
2108,8400,5.03163536506199,3838.42916574297,26.5199477467415,13.8953388878152,14.3047194964544,21.3793241901684,25258.3302023915,34044.0827418205,705.646805636209,0
2108,8401,5.73929192048515,1824.6120880733,26.5427059738792,23.6583539287183,24.7585713737526,36.5118376536245,32553.1180431891,28811.4661070471,26.1792668909529,0
2108,8402,6.07342955379783,2509.59594713202,25.2081537320601,18.5111395871618,19.2077339273321,28.5228371269051,36890.5554492746,18382.0974594306,421.563053393154,0
2108,8403,5.40889366665211,2213.46282154434,27.0620541078648,20.597441602081,21.4678231710432,31.763778940858,25783.2460358824,23758.71079847,-31.1227387466672,0
2108,8404,6.35053770668293,5086.59513196239,27.1514436270026,11.5442113515798,11.8254397179599,17.7456511083445,26974.0082311788,26849.4054508047,484.83673764714,0
2109,8405,5.65193938103778,3569.8642240733,26.5427059738792,14.6065511285373,15.059252643137,22.4797553086405,32543.2759949162,28809.5132419792,5.8451389722057,0
2109,8406,9.00426766437141,5778.26784386547,25.312738531949,10.5028197096762,10.7207410155482,16.1343568474193,35706.9315395278,27720.9163786314,-1193.98798223957,0
2109,8407,5.60206234263676,2720.99904818056,26.873931046248,17.7133146407876,18.3730228697919,27.2916198387398,30167.4859494475,23956.620999169,-266.2468496105,0
2109,8408,7.49844755809509,4683.38101414368,25.2564532647848,12.0510432752026,12.3469573146527,18.525393654658,36538.4752212028,24201.6031586025,1031.43861965624,0
2109,8409,5.35418470428547,5558.8896676808,27.0421488827138,10.8805442924931,11.1268030977493,16.720278138088,28423.1844751034,27174.8764515803,-277.543719387306,0
2109,8410,6.04279314095901,4652.67697946459,26.9208019928335,12.2331985132613,12.5501343972617,18.8099760278346,27857.4973863625,29298.8309976888,341.54588983319,0
2109,8411,10.049760226188,6452.72595509135,26.4679851241487,9.843448606852,10.0363994245582,15.1183146812922,24131.4091693899,33969.9722045584,-995.371331101891,0
2109,8412,5.35087945294272,1751.32770942379,26.5829901810144,24.4081803727486,25.5690665409574,37.676177696808,27202.1459648696,21329.6965543257,-246.052298966905,0
2109,8413,6.35752998793941,5650.84705496609,27.1401065025909,10.7701724076005,11.0114156722416,16.5499729394243,26988.9377696114,26860.4493724901,491.038021449901,0
2109,8414,5.69314411976432,2381.16507951378,27.026545414827,19.5227783425431,20.3131116282592,30.0969624341414,25799.443363161,23735.4802176901,-135.167265565926,0
2110,8415,5.64626051611202,3946.55847723989,26.7552108941693,13.6564275661583,14.0534490939844,21.0102699817048,32537.2032405564,28820.2073607624,-21.6738921842526,0
2110,8416,9.12999843019712,4928.22116818782,25.5350752005268,11.6718933913939,11.9496973383821,17.9401191777617,35710.6891457539,27744.5976595481,-1169.75157285054,0
2110,8417,5.1969040829187,2774.37302608436,27.0664929934998,17.4962786912001,18.1429905973829,26.9558701607377,30158.1218301387,23947.1120734655,-250.83244828168,0
2110,8418,7.07373577388838,3013.11694149108,25.5729146384192,16.3134044441722,16.8654973446832,25.1194398320019,36565.3398410922,24195.4637437503,1008.4114040371,0
2110,8419,9.71223488001727,7677.81184613008,26.5097306599841,8.8111615369609,8.95853107918108,13.5258363325036,24197.8539605212,33930.8968325795,-882.883372554793,0
2110,8420,6.24281276317044,1849.06075760193,27.2597914125421,23.5801061494749,24.6844943855029,36.3932379274403,26950.4875367848,26874.1976737854,511.542710254434,0
2110,8421,5.42524019061269,1764.87185938157,26.6219342051714,24.2758947620022,25.4267135244937,37.4709385185845,27206.7060262827,21300.2963786385,-231.045537256464,0
2110,8422,5.82668912958901,1536.00695372532,27.1053607729291,27.1095267407111,28.5015919260165,41.8743960631337,25793.6860108938,23713.866117339,-110.429981851465,0
2111,8423,5.51874336091001,5229.63905523989,26.7552108941693,11.3075127640696,11.5739635872595,17.379313182673,32546.2365404845,28805.8635464215,-29.2079232076224,0
2111,8424,9.1636216420849,6258.63562018783,25.5350752005268,9.98722137437706,10.1820719195312,15.3388778030037,35709.1971101941,27757.12441846,-1184.17029960963,0
2111,8425,5.30435656298964,3141.06187408436,27.0664929934998,16.0264661526079,16.5742015702869,24.6790856534237,30190.7671985214,23946.2922117939,-271.142364442843,0
2111,8426,6.86858951639944,3852.94629549108,25.5729146384192,13.7685384357251,14.1628595866679,21.1811090522736,36572.2201214882,24196.5442615656,1040.12452489962,0
2111,8427,9.47340691740682,8461.10045813008,26.5097306599841,8.28814647657605,8.41397861878689,12.7194239127475,24225.435287067,33952.1320978295,-931.895162583637,0
2111,8428,6.14416817492899,2194.03196960193,27.2597914125421,20.7664717443084,21.6520484960495,32.026666271301,26950.0649383266,26865.6678021037,481.302123512874,0
2111,8429,5.52302440422934,1382.02318772532,27.1053607729291,29.4196674377982,31.0093026328876,45.4646490788929,25812.5555900516,23748.2704563872,-94.5510093484377,0
2112,8430,9.03013353544335,5187.02666818782,25.5350752005268,11.2848170661598,11.5426892341503,17.3422097841051,35732.7361848114,27744.3675050197,-1168.43145781471,0
2112,8431,5.42888941285329,2597.52627208436,27.0664929934998,18.3403150960585,19.0460244989045,28.263905880286,30169.856025646,23941.8371389766,-276.536811711146,0
2112,8432,5.66561839900568,4172.77225191214,26.7635558249427,13.149809976276,13.5172977196921,20.2267638869546,32531.0708377734,28611.1934442363,-233.35194613141,0
2112,8433,10.0521271532313,8539.15040129706,26.5107660916237,8.24063646739293,8.36457414338476,12.6461875024613,24173.9323597074,33951.425341122,-966.594897379778,0
2112,8434,6.10085015437873,1825.30444388677,26.2281407246758,23.5814778850725,24.670935571052,36.3912086417132,29642.4124251209,19447.4571239339,406.255672174935,0
2113,8435,5.50664004036293,3037.82601208436,27.0664929934998,16.4073771360938,16.980282771652,25.2689958330827,30193.6022060101,23949.9016016352,-264.812476492852,0
2113,8436,5.99423775738404,3511.90134188677,26.2281407246758,14.7389919530626,15.1971828180846,22.6839656284509,29672.0764824375,19473.2085395764,408.900262624334,0
2113,8437,10.599269199074,5549.25305729706,26.5107660916237,10.8593503435759,11.1015388608589,16.6867174928036,24154.922614037,33967.7224992257,-987.187274494075,0
2113,8438,5.7958812024795,3500.19009879151,26.5428678777096,14.8065154425213,15.271594755144,22.7892065674025,25299.8313513014,34043.5858139475,734.017166803397,0
2113,8439,6.40245714427869,2188.23913160193,27.2597914125421,20.8068486487535,21.6954747901375,32.0893031025535,26960.4249241866,26896.7091534551,472.08202799835,0
2113,8440,5.48436064432249,1024.34297372532,27.1053607729291,37.3239631857508,39.6247814454054,57.7590460779722,25809.4279204303,23729.2349791477,-106.862717536476,0
2113,8441,6.73667234819085,3011.6112721224,26.6896246456684,16.460631836261,17.0334358171342,25.3504731976433,30778.7920032388,21120.5960059874,18.8347634040742,0
2114,8442,5.22920968572429,3936.92141330059,25.9020935760197,13.5994873754536,13.9865422938342,20.9203777063859,33240.5133847391,15321.8331403592,-227.538680303638,0
2114,8443,5.51629353333938,2799.68090008436,27.0664929934998,17.3835326368863,18.0224791956766,26.78117525043,30146.456349686,23951.0537650742,-214.326505006026,0
2114,8444,5.57856345688907,2187.50654423277,26.6275177114766,20.6981045786926,21.5705547893138,31.918410670236,32580.2251489095,30547.621564864,-188.656991485242,0
2114,8445,5.86519026136908,3162.94342388677,26.2281407246758,15.8488581692344,16.3771716978416,24.4019104628298,29685.4897838077,19459.4912717993,396.45080333514,0
2114,8446,6.21046405729027,1777.67449160193,27.2597914125421,24.2896381831802,25.4510739883222,37.4949096192892,26967.5618226249,26898.026972774,484.357527909047,0
2115,8447,5.41872115413478,4468.12263623277,26.6275177114766,12.5461600699866,12.8784434409806,19.293187515409,32601.2957670685,30551.9601678977,-151.846760991938,0
2115,8448,5.17910873216702,4816.37554130059,25.9020935760197,11.87813098834,12.1691771839408,18.2594136573232,33262.9423243929,15322.6305082517,-235.900723029928,0
2115,8449,5.58010376533731,2830.34936969897,27.0561801443303,17.2480048275981,17.8775489307899,26.5711623458546,30170.2556960609,23939.6027507301,-230.823859650622,0
2115,8450,5.93396295606468,3424.31653885164,25.7407540363064,14.9446966937952,15.4113368846394,23.0011203583542,35582.3427577084,27273.7021386924,379.806008362733,0
2115,8451,6.10283786235675,2764.33890188677,26.2281407246758,17.4252919599574,18.0583498720544,26.84346483093,29654.4538016923,19470.5616334455,386.199051501946,0
2116,8452,5.37743176849479,4084.47358730059,25.9020935760197,13.2646206399409,13.6322973135184,20.4025309349973,33239.1752836679,15337.9607925026,-219.473805398272,0
2116,8453,5.45450902670737,2387.02379008436,27.0664929934998,19.4944837526686,20.2832191946689,30.0532178061661,30156.3717928162,23946.5760919276,-294.704765804413,0
2116,8454,5.56302307362409,3453.34838475448,26.2706654264821,14.9155974077353,15.3851059196075,22.957374543856,29713.5841436755,19500.5771502683,458.962747705977,0
2116,8455,5.42334848851542,2194.39375892888,26.693280464732,20.6623445354457,21.5329514195309,31.8631726346367,31001.334467651,32331.4248953152,-103.143517113454,0
2116,8456,6.27225163299402,2651.41958313549,25.6825359029157,17.8702235290219,18.5278421440215,27.5311899758482,33898.4930758738,32004.1487010625,474.499801734268,0
2116,8457,6.01338590731295,1184.58038960193,27.2597914125421,33.2714735002759,35.2047271108965,51.4548942234728,26963.2550227284,26887.0581735998,497.50038608986,0
2116,8458,5.53221035959071,897.714078851641,25.7407540363064,40.8866710080999,43.4894725620486,63.2954302238601,35617.0793112778,27290.5379655673,323.015234863636,0
2117,8459,5.49179417696467,4195.83030092888,26.693280464732,13.0947772834902,13.4585842519667,20.1415231016482,31012.0543962949,32333.8201841455,-101.09329244776,0
2117,8460,5.34547401075383,2501.07441808436,27.0664929934998,18.8468514007665,19.5886750947997,29.0491009992991,30167.3719323526,23953.4566825015,-253.007985707389,0
2117,8461,6.19624349000068,1709.79035960193,27.2597914125421,25.0160447587271,26.2365916805656,38.6229816529544,26943.2041935823,26850.7593954763,522.886835645078,0
2117,8462,6.30492484038222,2267.88084513549,25.6825359029157,19.9941984702718,20.8025446271382,30.8234238842293,33928.6108349337,31988.1067322463,488.39720796273,0
2117,8463,6.15228090372876,2381.03824814066,25.5681865765186,19.2829063314934,20.0383910852648,29.7202374433747,31170.2653728699,15749.6341059866,500.313164153582,0
2117,8464,8.40824635679441,3013.92024859968,26.6356175930434,16.4449677880858,17.0162062656879,25.3260684572418,30836.2279906217,20988.17672966,89.0202356207747,0
2118,8465,5.58785712297556,6018.76813892888,26.693280464732,10.3097890055924,10.5259523128298,15.8384454982467,30982.9723663574,32327.1928132709,-69.0040468591261,0
2118,8466,5.87702654839541,3107.45572814066,25.5681865765186,15.9651278896561,16.4946090908613,24.5801808367288,31196.9831778081,15755.1817124398,529.886817601526,0
2118,8467,5.48140301688144,2669.18512769897,27.0561801443303,17.984423898032,18.6649630407934,27.7122863596963,30172.3136535864,23929.7836851949,-263.056582350478,0
2118,8468,6.11644680155566,2776.13509760193,27.2597914125421,17.5148462920429,18.1648371863246,26.9851908804202,26961.1344105774,26868.5389826046,509.104955651525,0
2118,8469,7.97904903202446,2173.82658259968,26.6356175930434,20.7949711345234,21.6747931351,32.0686954130567,30915.4346830075,21022.5399679939,127.35557974493,0
2118,8470,5.98778612953627,1212.97363772532,27.1053607729291,32.5969892658579,34.4666797767245,50.4049965219729,25812.4587820362,23729.5824249794,-110.776640823649,0
2119,8471,6.02648494308036,2819.89160339252,25.621713447149,17.0981805373915,17.7026850288566,26.3349615820882,31196.027719158,15748.1634830184,534.172193969719,0
2119,8472,5.95046802329002,3219.0976616012,26.0282786288839,15.6320459709915,16.1445551869686,24.0657302731303,23725.5527148722,23118.5559944007,238.008805591178,0
2119,8473,5.29719894643073,2307.95872769897,27.0561801443303,19.976421027208,20.8004586017969,30.8005435079193,30175.3268395896,23940.3580042471,-292.176429103214,0
2119,8474,5.54038686180378,4142.90182292888,26.693280464732,13.2077877840843,13.5781077493413,20.3162781953837,30970.014285755,32314.290114985,-105.849713983737,0
2119,8475,5.92597329883725,1576.64318960193,27.2597914125421,26.6118732897472,27.9646268654947,41.1018861009468,26955.1119187906,26887.872672465,526.317546981325,0
2119,8476,5.936980359833,992.339195725323,27.1053607729291,38.2975919465644,40.6890118918003,59.2743047877208,25819.9359819183,23742.6384126588,-140.476300595455,0
2120,8477,6.00212939733542,3083.0114088854,25.4495495161606,16.0385812039367,16.5716322548423,24.6935830740537,31194.9574795493,15737.1734702747,525.334495909066,0
2120,8478,5.81560681188953,3398.17744059869,25.9947218930099,15.0521344600365,15.5277166333869,23.1680149945197,23736.4716283554,23099.7551597206,244.668663654745,0
2120,8479,5.52298005003391,3158.53124949914,26.6656285451279,15.916614955194,16.4534315228969,24.507952987173,32263.3886991522,30702.0206081549,-249.428060452991,0
2120,8480,5.43174255451776,2641.61596829729,27.0430088615358,18.1167491972752,18.806432054321,27.9173268893836,30171.6797999728,23933.0505426595,-222.696452858561,0
2120,8481,6.04310226300308,1684.54487033386,27.2305691843154,25.293211218588,26.5360454881099,39.0533340414536,26955.0457528125,26885.0293318519,511.624362540921,0
2120,8482,5.4173828472632,1139.2644803182,27.0465699165155,34.2422769847543,36.2590664016914,52.9638281205984,25834.2594561606,23726.5375865218,-112.710403579093,0
2121,8483,6.06277592611255,2815.2633528854,25.4495495161606,17.0942777088988,17.6966939541995,26.3284131755407,31189.1650764223,15756.9172619846,528.607907800236,0
2121,8484,5.85852424567843,3295.55830659869,25.9947218930099,15.3752333867764,15.8711093393288,23.6681018345695,23733.8324391357,23096.6310959054,210.398538643846,0
2121,8485,5.2409210458929,3251.78933349914,26.6656285451279,15.5964038551556,16.1125115227275,24.0121717560619,32258.7664659732,30706.7822756793,-232.783867981583,0
2121,8486,6.19224583712922,1128.38837033386,27.2305691843154,34.5760768889,36.6269046294685,53.4841436664486,26969.2415481813,26885.4170766699,523.874984398714,0
2121,8487,5.71659311927643,1472.73085797076,27.0072551807827,27.975464280034,29.4392636250588,43.2195231630918,25843.1207917895,23730.5624646285,-136.400395893387,0
2122,8488,5.82208428060702,7714.09450999979,26.2405887479034,8.77305639241326,8.91767741659094,13.4667572936717,24223.4958241289,23045.0089504482,199.273394081147,0
2122,8489,6.10829866241303,3490.7787468854,25.4495495161606,14.7165574054767,15.1665822812234,22.6473804543033,31193.3580812199,15741.2558909335,535.207003747078,0
2122,8490,5.60950178489544,4000.18876149914,26.6656285451279,13.5233125316718,13.9118057255326,20.8041901918726,32266.2234830057,30698.3755853487,-254.647476053551,0
2122,8491,6.22492922347095,2149.05118433386,27.2305691843154,21.0799703284517,21.9889250736698,32.5129156035677,26951.5386325487,26854.6115475387,478.232389462484,0
2122,8492,6.72558343605862,2222.71755831818,27.0464527770858,20.5317983210149,21.3970621255576,31.6619022149792,30686.1064977338,24825.1047295095,-82.2659948332596,0
2123,8493,6.01151569531801,7623.87601399979,26.2405887479034,8.83856851650494,8.98594569620837,13.5677834235454,24205.9062290598,23025.8575923857,158.371998974263,0
2123,8494,5.35645198839789,6096.84640304846,26.0310049244623,10.1859598823598,10.3927111755007,15.646328784356,35144.1192878043,16507.963271689,-172.703168272431,0
2123,8495,6.92869454693401,5211.04476157573,24.7191381310626,11.1939272649781,11.4421350618164,17.2004373458078,35342.4864192398,31320.3317800165,1030.02738235366,0
2123,8496,6.18537209808836,4539.38021204018,25.3956990228333,12.3151584849488,12.6261999298724,18.9337875051761,31197.8769463515,15758.2154996368,521.643237604266,0
2123,8497,6.28149254940604,2014.91284433386,27.2305691843154,22.109049860891,23.0970942795844,34.1097138703903,26954.9626512111,26873.7557121254,504.731763112712,0
2123,8498,6.213677034419,6760.08802472279,26.963423714999,9.57856090655513,9.76172339445745,14.7102090058904,25786.2720916718,23697.8068319319,-87.015557695134,0
2123,8499,7.2767231971695,2946.27165831818,27.0464527770858,16.7629736227496,17.3594879874018,25.8197326850931,30664.5027001863,24768.0576042896,-73.1926963766714,0
2124,8500,6.03763272881204,3739.2320268854,25.4495495161606,14.039942828562,14.4492463761599,21.6006162173835,31207.2814042111,15743.1694159807,518.580777428817,0
2124,8501,7.11379893541665,5664.24006962687,25.1924785120062,10.6320669334457,10.8555234598295,16.3336941162246,35146.0880340594,30705.6710378629,1025.40949975514,0
2124,8502,4.85846660684978,4312.11330052885,27.0236167548486,12.8829045927994,13.2369454760974,19.8145650325782,30718.2042639434,24037.1230250519,-332.050275653352,0
2124,8503,6.01849653373349,2859.52184033386,27.2305691843154,17.1459805097677,17.7703111628181,26.4135799088874,26966.9753837534,26866.5834626461,547.065986905963,0
2124,8504,5.95504427559758,2664.93215997076,27.0072551807827,17.997932819031,18.678893858392,27.7330777186837,25805.4092988383,23737.6782784195,-118.633701266098,0
2125,8505,6.91907399159168,6174.20804762687,25.1924785120062,10.0553805214973,10.2515736580017,15.4435635971503,35141.6903720929,30686.3110619651,1042.26230346285,0
2125,8506,6.25778310571359,4072.3091988854,25.4495495161606,13.2503062425622,13.6137043008379,20.3794436559682,31178.6739672051,15753.1538335071,493.745663427133,0
2125,8507,6.5105446534801,5082.8138829924,24.110218664918,11.3342031083742,11.5855158166496,17.4159817957458,35173.1678694976,30676.5412134849,1043.61608776365,0
2125,8508,6.29009422829014,3197.50892144246,27.1590873776045,15.8385202280983,16.3748133420474,24.3882862045886,28319.8547734854,23577.2953203265,716.8197713279,0
2125,8509,4.52265598896961,3783.1361511564,26.9840529442539,14.0789263105983,14.5030129170303,21.6643527806011,30767.1752883003,24178.6591986234,-379.427421737546,0
2125,8510,6.24334805482787,1203.76134233386,27.2305691843154,32.8390687865575,34.7328742468304,50.7821782884455,26967.1686157272,26893.7756420306,492.181419346333,0
2125,8511,5.37602844163686,1226.73833072279,26.963423714999,32.2575917070027,34.0942277834484,49.8763961651756,25808.3942763916,23740.5479860818,-103.344370115715,0
2126,8512,7.02309828575732,5881.39440362687,25.1924785120062,10.3757897404295,10.5869812879745,15.938082696246,35144.4400527473,30683.4867482107,1049.41434976859,0
2126,8513,6.553282217595,6950.27657906937,25.3280948508452,9.32840367055963,9.49264742098391,14.3221207608481,30369.3668595003,16369.8779552843,697.457391717392,0
2126,8514,6.04816898073402,6080.63229725063,25.5511082364527,10.1757362619753,10.379451627498,15.6298426749013,31109.6208385824,15712.4618330256,587.370251116213,0
2126,8515,5.87786972373307,3598.88523893532,26.1417923951454,14.4839045145995,14.9257029877025,22.2890434703324,24514.7532135998,22229.5820630589,156.620395420956,0
2126,8516,6.11696200623561,2889.27707744246,27.1590873776045,17.0111151313791,17.6255367580168,26.2044413579638,28291.950278447,23586.3426364071,704.449511827458,0
2126,8517,4.5663312270654,3461.71146652885,27.0236167548486,14.9716438693318,15.451172063136,23.0459125250521,30742.2950526075,24147.7661529392,-370.475652369903,0
2126,8518,5.97472513106123,3038.36096397076,27.0072551807827,16.3980033515799,16.9697176695783,25.2543212908274,25818.70807228,23734.3279907984,-130.88985164884,0
2127,8519,6.88341175759957,5830.00774562687,25.1924785120062,10.4349199055001,10.6489203383992,16.029355334845,35137.3212519865,30689.4410274461,1044.16519909639,0
2127,8520,5.87953097818959,3769.16824493532,26.1417923951454,14.0323082192695,14.4468381074734,21.5903716935971,24522.8010563055,22241.494553388,150.76330839487,0
2127,8521,6.1540958912838,2826.28271744246,27.1590873776045,17.2794603421956,17.9122068398435,26.6201866079718,28291.9029787643,23568.9671344712,716.312243631638,0
2127,8522,10.2859220633616,3582.14251160876,27.0039931516668,14.6196779145516,15.0770523611449,22.5011328354795,29513.9467331778,23247.218438316,-1473.44890909193,0
2127,8523,5.32582490434099,2219.14844335154,27.0089875406597,20.5493584191546,21.4154712984522,31.6890115730817,30519.3916031145,23691.6183531421,-390.769494780608,0
2127,8524,5.24785459327666,2599.47246297863,27.222785137056,18.3535241293626,19.0618761752074,28.2848502888897,28987.1681283999,25862.8868964472,-219.810241882961,0
2127,8525,6.29360856328118,822.271022333862,27.2305691843154,44.7679638781675,47.7769722480225,69.3486456075009,26985.3202476081,26872.6178160424,460.972383476645,0
2127,8526,5.68975955824133,2982.89949597076,27.0072551807827,16.6123460518351,17.1983609249903,25.5863078775911,25793.0956883056,23732.7556307559,-127.278182189185,0
2128,8527,7.05637893082721,8036.09724241831,25.0680953081479,8.49976891902259,8.62823373257488,13.0440300375451,35149.3103849089,30694.3885372671,1039.89846447049,0
2128,8528,6.49509358430266,3589.06512344246,27.1590873776045,14.6161259266605,15.0745660493365,22.495990133928,28306.0070669066,23575.9429390785,705.059718348269,0
2128,8529,10.1438977314467,4040.36438064114,27.0174805138543,13.4634669905438,13.8510964435644,20.7123598899795,29529.4677617065,23239.7749355439,-1460.46178516537,0
2128,8530,6.58929386941503,7066.83159537539,25.4314981875144,9.23536685482292,9.39606337029732,14.1787506772975,34184.5480256236,31933.1825620904,606.531224110402,0
2128,8531,5.82319071788127,3667.89824299648,27.2397465635358,14.4068479032324,14.8530045979132,22.1723104063563,28866.0486644164,25824.2145237126,-192.754419097751,0
2128,8532,7.31915843378855,2653.17716036138,25.2581461594136,17.7991388333276,18.447133693433,27.4197450203471,27364.8758890608,18491.9917505782,1097.40188358747,0
2128,8533,5.5594356998847,7506.09261530353,24.4558398556239,8.84382927672732,8.98353418125969,13.5737099121434,34586.5737287973,31264.7514326524,24.160466963372,0
2128,8534,5.81811523541691,2236.93143489654,26.0114817395935,20.253438419104,21.0849862425344,31.2265810413648,24494.7568380535,22205.7668021219,190.979269367016,0
2128,8535,6.23174034765962,2011.98338633386,27.2305691843154,22.1329534902632,23.1228553001145,34.1468102516253,26968.2447694706,26909.9395212066,538.569789914986,0
2128,8536,5.42994232172699,2595.52823397076,27.0072551807827,18.3416826859071,19.0468398426531,28.2658467512823,25821.3465093854,23755.8011717856,-141.636238771755,0
2129,8537,7.10220098957865,9103.95238562687,25.1924785120062,7.8689071574501,7.97348501722364,12.0719103181644,35131.4220208116,30691.2396089106,1024.33765875919,0
2129,8538,6.70226802239801,3742.73667476199,25.3421962314223,14.0202162673348,14.4274600572461,21.5698575594709,31442.6728869622,15184.7720948617,732.864185920962,0
2129,8539,6.50415780043757,8170.81876737539,25.4314981875144,8.42702321741125,8.55409566350894,12.9323108915486,34190.8810134073,32010.6523486466,653.837847716927,0
2129,8540,6.35332038607179,3402.74718944246,27.1590873776045,15.1659114777618,15.6588927856383,23.3469411011706,28310.6728397522,23574.1670818867,722.91057102204,0
2129,8541,10.1610815694,3615.68107464114,27.0174805138543,14.5273815515195,14.9791563741907,22.3583324923712,29537.4856099334,23271.0939933086,-1430.81905744559,0
2129,8542,5.43979417011895,3273.94120699648,27.2397465635358,15.5882361269224,16.1090025604463,24.0009543356575,28863.8408872534,25827.7547020898,-216.24483050136,0
2129,8543,6.29243344038396,2098.12707233386,27.2305691843154,21.456166892509,22.3938330969694,33.0965945432664,26958.1516367288,26866.5420089049,471.699686322593,0
2129,8544,5.52926403573336,1144.22893472279,26.963423714999,34.092280459361,36.0938001655279,52.7300265055015,25795.9587441466,23751.2205975775,-134.587312235913,0
2130,8545,7.01347667255299,9130.11262261165,24.9396292738497,7.84551478756487,7.9482732414545,12.0356051407079,35139.3405391966,30689.1548851031,1013.10975222155,0
2130,8546,6.42596165795156,8559.90102752889,25.2071695511108,8.176568046486,8.29289212564097,12.5460243255669,34202.3133648343,31990.2676681945,650.048115749076,0
2130,8547,6.64381350203794,3153.98560126919,27.0529544289717,15.978778746784,16.5232619439282,24.6052051677904,28306.069166667,23575.5661720252,697.73187080407,0
2130,8548,5.94312008430455,2544.806867549,25.5671886637311,18.3834571564789,19.0753351502801,28.3261223947289,26886.0532328569,19567.9768225219,351.055105820963,0
2130,8549,10.2050385033467,3987.02077019981,26.8377433509276,13.5694387540792,13.9619531598723,20.8758934988907,29538.2730751382,23213.3053974048,-1493.21519358291,0
2130,8550,5.76934930785567,2301.25935979598,26.8121730029576,19.9773295990093,20.7984763252877,30.8011367017022,30521.522023056,23683.9283300861,-335.168395708374,0
2130,8551,6.25788160647172,1953.63246640362,27.2260800310644,22.6221370014352,23.6501835555973,34.9060188623212,26962.4422560353,26869.9966682807,524.408163834979,0
2130,8552,5.73621659461154,1422.98494971791,27.0214745876879,28.7340685029736,30.2630345396373,44.3985711763168,25817.3812354998,23758.2894203823,-101.078506239212,0
2131,8553,7.02337384896644,7543.16134861165,24.9396292738497,8.83887522025494,8.98055889164689,13.5666760847748,35135.4253034014,30686.3484878239,1037.72887160416,0
2131,8554,7.11829581073469,3360.34589622812,24.5089196726858,15.000632711595,15.4594766386075,23.0845817105924,36629.4578074109,15110.6757402843,988.468209524494,0
2131,8555,6.03489809478807,6513.41925078699,25.5104168370913,9.73306654991035,9.91616822987829,14.9466559329476,33569.2165606048,32190.9557934075,483.542973197851,0
2131,8556,5.26220281301843,2054.32587379598,26.8121730029576,21.7128097280624,22.6646581491687,33.4932907061155,30477.6788568603,23700.3827464968,-372.419988052416,0
2131,8557,5.99550193497633,1726.78142652847,25.5344682202536,24.4193321212183,25.5648671711878,37.6889979214391,26876.3376702775,19575.5801832667,334.18191076833,0
2131,8558,6.42291119407261,1869.73543240362,27.2260800310644,23.3769158622338,24.464619433385,36.0776542632648,26979.907073126,26887.5923996721,528.26549275726,0
2132,8559,7.02023933862742,7521.18040841801,24.821091100209,8.84965484879528,8.99125139189598,13.5831496062736,35148.0716884173,30687.8072941402,1036.29899572003,0
2132,8560,5.90262588882381,7155.30213141149,25.5615347976008,9.16897652166152,9.3274137364632,14.0765181829287,33532.5830825733,32185.1606330171,454.387552086492,0
2132,8561,6.20767522488142,2647.31404452847,25.5344682202536,17.8680722570298,18.5238901573561,27.5274014093964,26887.6170968229,19570.4260892496,351.654107586141,0
2132,8562,7.21446726768482,2894.36384022812,24.5089196726858,16.637089894297,17.1993019564361,25.6176218111517,36610.9269957087,15095.993242627,1005.74568165592,0
2132,8563,7.95989889528181,7648.47126777449,25.6603402871887,8.79460690849097,8.93763352809434,13.4992976962237,34200.2475403125,31319.3407201634,526.426859334321,0
2132,8564,5.37717917226803,1006.63715779598,26.8121730029576,37.7274356738937,40.0593611931358,58.3851673242009,30522.1938196557,23700.635187046,-371.845254376777,0
2132,8565,5.47263900077227,1259.92647171791,27.0214745876879,31.6043734686662,33.3840495651567,48.8608888032896,25858.7926291064,23761.3279529307,-75.198894638536,0
2133,8566,6.06632836931712,7876.08095541149,25.5615347976008,8.62926167980045,8.76504536484008,13.2442394046132,33519.393342554,32155.8534635572,464.978737644496,0
2133,8567,6.52119186349956,7878.46415441801,24.821091100209,8.59518283013769,8.72641833345308,13.1908235418104,35126.937113571,30590.5500960488,936.617325168716,0
2133,8568,7.33013501568253,3734.47953222812,24.5089196726858,13.9569931611278,14.3535161605035,21.4701415644893,36598.0097872195,15118.5116248571,1000.36614075674,0
2133,8569,6.24522763091815,2848.08103452847,25.5344682202536,16.9667234897321,17.5615156082238,26.1310937470454,26874.2054446812,19566.8955653505,351.02185622815,0
2133,8570,5.1397802315116,3161.69735046175,26.8582718692798,15.9283658434418,16.4677449320183,24.526643299118,25849.9582693299,23155.1210812772,-235.828914643552,0
2133,8571,5.38633126920774,1616.00847379598,26.8121730029576,26.0004640840012,27.2950911122687,40.1500705660143,30516.9903633626,23690.3643361163,-343.325261694562,0
2133,8572,8.22455529537814,8455.25997494573,25.6950075184379,8.25919237325635,8.380675317068,12.6739060765339,34220.254273046,31270.9055685884,536.853708932949,0
2133,8573,6.05905379139055,1396.44074440362,27.2260800310644,29.2189583271586,30.7933339825074,45.1532495280936,26966.2972415919,26886.3989372715,493.596534882777,0
2134,8574,6.0039986296965,5576.47845141149,25.5615347976008,10.7642847753859,10.9963107219292,16.5384160479005,33505.2678664914,32146.6960182192,437.442024803462,0
2134,8575,7.05615705609661,3327.68133822812,24.5089196726858,15.1017534428177,15.5667900496468,23.2410510025523,36601.4828986602,15085.3776109788,1005.38915984303,0
2134,8576,6.08609976258091,2810.61480852847,25.5344682202536,17.1259662253185,17.7314086983349,26.3777454335316,26889.6539372061,19554.5400536721,302.059806187597,0
2134,8577,5.61893597483054,4779.689610394,26.6174971003921,11.9924087607645,12.2942396338428,18.4372878186929,33097.698226381,24894.3880855891,-711.661354418156,0
2134,8578,5.5571412145334,2051.17615579598,26.8121730029576,21.7374560930199,22.6911973412988,33.5315335015616,30526.7794518754,23670.0836279094,-360.136232318053,0
2134,8579,4.87096788185155,2410.12617846175,26.8582718692798,19.325140523532,20.099102300934,29.7899693879223,25879.4822143201,23133.8698163357,-183.365901927404,0
2134,8580,5.92563541222316,1377.38825440362,27.2260800310644,29.5335452959933,31.1352022100833,45.6422654875554,26920.0164966454,26875.7135828862,490.475192595566,0
2135,8581,7.30334760267818,3393.38489622812,24.5089196726858,14.9001436294242,15.3528599783038,22.9290970547569,36608.7921426705,15112.5165587269,1019.04477922036,0
2135,8582,6.09490558017259,1634.119871549,25.5671886637311,25.4647232758748,26.6951420784719,39.3123813244639,26921.2815919394,19572.9806743429,297.431576468513,0
2135,8583,5.50143214375658,1882.91954179598,26.8121730029576,23.1657943520831,24.2308612747197,35.7482872436202,30517.7968912606,23714.6662109406,-345.908607222289,0
2135,8584,10.797643183758,3615.70804364216,26.1066721618955,14.4339615730163,14.8724213787656,22.2116870053051,35409.1922879762,22702.817073075,-959.329841074372,0
2136,8585,7.00577532832864,7035.20374855159,25.3402002967297,9.25721967269732,9.418431650771,14.2123380095336,36552.6146950312,24687.1575794485,859.815638450792,0
2136,8586,7.20866634373975,3731.30778822812,24.5089196726858,13.9650464733467,14.3620389708741,21.4825963689001,36613.6234843423,15122.0979573589,996.784427548328,0
2136,8587,8.85362140985074,4818.79718005804,24.3010864662023,11.7527043333024,12.0265007709653,18.0626912990265,36707.019918398,23815.0845116137,-356.824383526217,0
2136,8588,7.0291335950461,4077.44918054136,26.7412691683975,13.3554604569034,13.734706215688,20.5447478674093,31202.6908207891,30887.1894152958,950.026483237889,0
2136,8589,5.29290853059913,1494.90952579598,26.8121730029576,27.6002820347669,29.0289077834923,42.6355871705899,30502.5786661081,23682.1243223917,-360.179356434763,0
2136,8590,6.00307144225318,1029.60058971791,27.0214745876879,37.1340308249389,39.4154462690614,57.4629713723471,25809.4776418634,23720.6541041625,-99.3643780865016,0
2136,8591,9.73113788625711,2983.08822671984,24.7436251923529,16.3205446440153,16.8646809111792,25.128176324951,19534.5836130684,27979.9683418702,-1099.92270333036,0
2136,8592,11.7668639440108,5179.32864953117,26.1082415376291,11.3355176264974,11.5995065527641,17.4214940261339,35406.4742980096,22703.5777942053,-912.086269240781,0
2136,8593,6.18847491558393,1168.64785240362,27.2260800310644,33.6198134144052,35.5838307694378,51.9965437411354,26959.2741740706,26866.8422503073,475.411983431796,0
2137,8594,6.69691344591478,4468.54283654136,26.7412691683975,12.5545418534751,12.8880760497681,19.3063605201459,31233.9130099872,30913.8239163389,935.775303139322,0
2137,8595,6.99952332791436,8823.86913055159,25.3402002967297,8.02863128139198,8.13979421371981,12.3181847289584,36539.0998508863,24697.1439454419,889.555830161319,0
2137,8596,7.16291343976211,4561.29152022812,24.5089196726858,12.2040092203145,12.5028387623851,18.7603076815448,36619.2085944341,15107.0348599865,1014.36475528327,0
2137,8597,8.85859846975473,5283.36957205804,24.3010864662023,11.0646068670816,11.3037864855646,17.0000235405604,36699.343825505,23838.6437724967,-362.509874942659,0
2137,8598,5.60363204500419,981.50549179598,26.8121730029576,38.509600458517,40.9143573703277,59.6024641603346,30521.2426526023,23697.1427165676,-321.630853442548,0
2137,8599,9.58761192351209,3515.36854271984,24.7436251923529,14.5694724031581,15.004316209463,22.418087391744,19511.6201720556,27985.5524453432,-1103.49499753302,0
2137,8600,5.01378972576128,6673.56402879455,25.7609066335526,9.59595269088461,9.77412061914618,14.7354447100863,35711.7620426962,25075.1840771098,916.986778568774,0
2137,8601,5.76753315183272,1117.77774495276,26.9844882136191,34.7436576260774,36.8047513552337,53.743457697774,25793.1897130577,23702.4966376749,-143.929173352207,0
2137,8602,5.88022829988638,853.103376403623,27.2260800310644,43.4182260946705,46.2972700945292,67.2467701334746,26963.9166636805,26893.2333005922,486.321033488073,0
2138,8603,6.84659859259557,4030.57871161256,26.7253592410874,13.4593204257799,13.8445138407342,20.7053423381629,31234.295555245,30930.965395499,954.19851259969,0
2138,8604,6.87177644459818,6839.54679055159,25.3402002967297,9.42493957778311,9.59346292544633,14.4710486656033,36545.5167065123,24691.658696656,886.302314883268,0
2138,8605,7.19975204862667,4218.39075222812,24.5089196726858,12.8564584883238,13.1905743179682,19.7685960582931,36609.5292863075,15110.3364242774,1018.27533594629,0
2138,8606,9.64345647799999,3377.35362671984,24.7436251923529,14.9754003134648,15.4348816328071,23.046139603833,19543.3092673064,27965.5081116608,-1081.34659919933,0
2139,8607,6.86099935189922,4514.26881254136,26.7412691683975,12.4690378883657,12.7978075839282,19.1741851891852,31234.57693284,30911.7893973231,961.839016429919,0
2139,8608,6.54740471209702,5523.55936855159,25.3402002967297,10.817104566365,11.0504317180989,16.6196141449864,36556.3823814651,24707.6636142876,859.96079283672,0
2139,8609,9.52194987536719,3094.30067680169,24.7841408718009,15.914746247148,16.4332756812461,24.5000561931052,19588.7457906712,27982.0586937508,-1104.40062748661,0
2139,8610,11.3025083942912,4158.52802986528,26.1688523538228,13.1281431383586,13.4900062531683,20.1920529041431,35386.9101862847,22739.1298118526,-948.740361903416,0
2140,8611,6.67394204954111,4266.64599997977,26.8510338112817,12.9608942669248,13.3181648727029,19.9348166293657,31237.6477664482,30909.9869963183,980.61798106624,0
2140,8612,9.60750378790152,2923.32433779136,24.7884405551667,16.5590589499759,17.1191372826494,25.4976091360227,19543.1316342104,27980.7058959493,-1098.72039707149,0
2140,8613,6.74190379178841,1989.48691849514,25.9586939322656,22.0623218709112,23.0293426417044,34.0323925092401,35840.4731540048,21822.3800586682,921.655951641173,0
2141,8614,6.79969425376567,4427.61627433608,26.8667258644377,12.6426131070932,12.981947456494,19.4427505282201,31246.4800098405,30908.0217966045,963.893869571755,0
2141,8615,7.17637105491546,1819.15425094046,25.8940072360725,23.5660115530701,24.6492501708184,36.3658190726729,35817.2154493015,21833.387715844,930.813899908242,0
2141,8616,9.52363148884545,3036.42784779136,24.7884405551667,16.1258042487304,16.6578628712237,24.826803070434,19534.7721760279,27962.783465395,-1128.66810413515,0
2142,8617,5.63079079491945,2603.90506007063,27.0027191065707,18.2986277460743,19.0006912918143,28.1990996202146,30573.6176756302,28165.5816567439,-38.4842985555688,0
2142,8618,6.87510249782348,2203.27234597977,26.8510338112817,20.6295713840694,21.4997167313056,31.8128871922251,31240.5569548094,30924.6303814926,947.713726920865,0
2142,8619,6.91205482720452,2189.54346694046,25.8940072360725,20.5508057551511,21.4028361034447,31.6873415360942,35819.7180928386,21842.4869541594,922.426490131057,0
2142,8620,9.06618672935769,3012.86002779136,24.7884405551667,16.2136396371822,16.7513426054371,24.9627881917927,19573.7785939013,27971.0890540672,-1124.81260968075,0
2142,8621,5.73091144665112,750.291460392138,27.1238135883038,48.268498029967,51.6148955014244,74.7999795030078,25813.7390445876,23741.2662107672,-92.0129534677768,0
2143,8622,8.18272288565665,2591.92794147122,25.6145370865886,18.1513210453821,18.8275917578915,27.9665427613575,22469.2598834669,23671.6137027529,-1416.49566833107,0
2143,8623,6.75604028991141,2319.10039894046,25.8940072360725,19.7093223170596,20.49957081555,30.3824391595606,35816.7133728285,21798.177196338,907.979745735544,0
2143,8624,5.7975353288973,1467.2666974406,27.0954625841018,28.0809571637541,29.5552517592889,43.3838813183781,30007.0921144477,28561.8390255288,-845.541395702476,0
2143,8625,5.70059541118338,776.546452392139,27.1238135883038,46.8957838050939,50.1083304993707,72.6618277379888,25835.8209620875,23730.4647209267,-47.1044919552893,0
2144,8626,5.72131868625504,3214.69361701587,25.8657489846024,15.627765924107,16.1384797974767,24.0586852463341,35804.9551505769,18340.3814754458,23.7004919912655,0
2144,8627,6.98400786745648,2810.63261494046,25.8940072360725,17.175445755437,17.7880217823677,26.4554378884093,35824.5662719131,21838.9825946325,893.048462608243,0
2144,8628,8.3397700909857,2874.34531347122,25.6145370865886,16.868139151678,17.4572013481799,25.9786339484235,22469.5805866726,23643.1147551738,-1469.84830818743,0
2144,8629,5.58056348079796,1083.45751259492,27.0910444676037,35.6662605676447,37.8138543639408,55.1794677494139,25812.6229124984,23727.4565051654,-91.6069936609738,0
2145,8630,5.72620550762181,3534.41372305848,25.8063519867393,14.6295441502934,15.0773686460189,22.5136021847429,35797.6255089243,18338.6959998386,46.2813773846399,0
2145,8631,8.47605642560995,3378.58673450853,25.52173354761,15.0595146220059,15.5313036232532,23.1782653484525,22439.4762491342,23645.9936852997,-1429.06294788891,0
2145,8632,6.84639154371576,3618.79133087446,25.8904890198598,14.4032050451567,14.8379730883253,22.1635976777205,35803.4224013159,21845.7376181295,895.436630269754,0
2145,8633,6.26419470821271,1247.18706461348,27.3325563747131,31.9647633703043,33.7823367246609,49.4229616204745,26956.2037573428,26878.4262757351,430.632330247585,0
2145,8634,5.45143058371442,1490.78355439214,27.1238135883038,27.7459880931826,29.1922331706353,42.863463699302,25824.8983666343,23726.6388844741,-78.8175672256315,0
2145,8635,6.13664310292933,2323.66128727839,27.1441030865242,19.8926959252687,20.7116033570166,30.6709899877139,30184.8591956885,29336.7518937302,-95.2437558444654,0
2146,8636,5.57046393077677,3327.88523101587,25.8657489846024,15.2568589021332,15.7440963309085,23.4845524245449,35795.8093328181,18330.0092613198,55.9303909026488,0
2146,8637,6.58584627603762,3172.60789894046,25.8940072360725,15.7751799294939,16.2955884404105,24.2869699617944,35818.6724925493,21824.9403672679,925.972302182518,0
2146,8638,8.80706081321864,2730.33925468675,25.685450813049,17.502138645781,18.1346093071818,26.9609154311899,22887.1813747317,23294.825452246,-1144.89934696606,0
2146,8639,10.2158698911441,6277.60913283041,27.076906494843,10.0533026382329,10.2591529901748,15.4430534861547,30579.7487861765,29567.5951646025,-393.501568928055,0
2146,8640,6.32365597321643,1251.04161461348,27.3325563747131,31.8868851387096,33.6975228702872,49.3018499804041,26948.7199734908,26873.1860832538,462.718172678389,0
2147,8641,5.57911027080065,3912.60014305848,25.8063519867393,13.6477863631006,14.0369070654143,20.9948675327178,35800.6711356058,18340.4168348873,52.1864628505673,0
2147,8642,5.42012668702191,6427.73267232798,27.1870755016598,9.90665314103445,10.1061104216596,15.2168454324089,29616.6956910558,29919.8211505387,-242.069829793006,0
2147,8643,6.69359848434794,3038.46955894046,25.8940072360725,16.2585468130891,16.8102475755677,25.035373185525,35828.2921080019,21807.4931769496,932.377489326347,0
2147,8644,5.40982612493973,3166.51389949121,27.3980042800655,15.9751374110737,16.5225652762321,24.6004432107864,27411.698326905,25758.2646753116,-155.496142705254,0
2147,8645,5.70542698862243,2766.00085039214,27.1238135883038,17.5418854935272,18.1923412007936,27.0267018822132,25839.4073916183,23724.7380918873,-95.2833640219393,0
2147,8646,5.05074844413295,4716.53358751899,25.528864740202,12.0158485362088,12.3117371092857,18.4715221902113,34614.1405643459,15092.0630442869,388.342417587444,0
2148,8647,5.6616894462875,3683.64918301587,25.8657489846024,14.2264752795613,14.650371579646,21.890121060489,35785.3917298215,18326.964654177,32.5705379141334,0
2148,8648,5.78139494242936,3255.24587504052,27.3244987423871,15.6604117498095,16.1866137112791,24.1129149424593,27705.7019981232,24856.2919044324,-33.8644522254008,0
2148,8649,5.29183946954325,5243.02151977895,27.1570710476762,11.3154587767007,11.584708126508,17.3922467647632,29662.6514122402,30537.2256880133,-350.702490840301,0
2148,8650,6.8317076922561,3538.04126494046,25.8940072360725,14.6285307521798,15.0770505859348,22.5122427520396,35832.8340065771,21836.8503979921,919.251147144707,0
2148,8651,5.61864853533918,2119.03192859492,27.0910444676037,21.273715596793,22.1956294769117,32.8130118707776,25809.9918570978,23728.9485634801,-129.327212662398,0
2149,8652,5.64846881665391,4061.79155101587,25.8657489846024,13.3113763676418,13.6814616004693,20.4747533597285,35786.7576107728,18326.190257113,30.8745410699476,0
2149,8653,5.62185730010615,4777.94252977895,27.1570710476762,12.0355857464205,12.3432410991209,18.5049756203291,29675.8488197064,30542.9069218239,-355.705343839336,0
2149,8654,6.03447536948134,3258.35154104052,27.3244987423871,15.6499744526342,16.1754990647505,24.0967542830437,27693.7941770394,24856.1002144923,-57.3398582955414,0
2149,8655,6.7317597642262,2999.76987694046,25.8940072360725,16.405306779092,16.966619719996,25.2626341852585,35803.1803414958,21826.5373395226,913.003796389973,0
2149,8656,5.60542856121575,2984.23445839214,27.1238135883038,16.6218327233033,17.209617712775,25.601314627101,25812.2395898866,23742.4785788817,-89.425360295989,0
2150,8657,5.933758957711,8646.45807461531,25.3710771751744,8.1319566884732,8.24720290260245,12.4774503655665,36018.6737886186,16202.7961990542,-21.5139902216743,0
2150,8658,5.75593904697141,5980.49631525277,25.8976886136442,10.3060315990349,10.5177731010758,15.8314728430216,35794.9599560551,18339.7741511008,30.6825370293374,0
2150,8659,6.81215442816963,3010.84091445576,25.8824889723385,16.3615059030425,16.9198303013939,25.1947745886312,35844.5173914443,21814.4983382413,951.022980218608,0
2150,8660,6.22146433038883,1870.81808828016,25.8589203981478,23.0709535581492,24.1147373298792,35.5972565788302,27017.1788585164,20585.738038567,762.986309295225,0
2150,8661,5.84061130449514,3068.67854027652,27.1359379876876,16.2995889154892,16.8659962864451,25.1022380342132,27698.882213102,24843.2266109397,7.19881028566034,0
2151,8662,5.71978490293284,8436.21990461531,25.3710771751744,8.25775682712116,8.37789301005897,12.671335817773,36034.6135480837,16204.0087736724,18.1500655101583,0
2151,8663,5.8616129455103,3856.14716433884,27.1262288002182,13.9092948855986,14.3242643782126,21.4022234466961,27930.5633709381,24985.8184925619,148.131167875174,0
2151,8664,5.87627585466533,4776.62123325277,25.8976886136442,11.9433335581746,12.237819056714,18.3601531491513,35798.8281450211,18331.0194021728,-14.4564953440689,0
2151,8665,6.65243511407116,2235.87583290224,25.9436514664677,20.2483290026026,21.0786364753941,31.2184191513326,35815.3447615593,21821.1817250795,919.166047185258,0
2151,8666,6.22453406874876,4178.14912622492,26.9099312873764,13.1510526583844,13.5196789279098,20.228979594035,27448.4266299529,23279.2289924609,-197.56374475416,0
2151,8667,5.2489551380715,2996.76984352443,27.0108057336113,16.5585079328179,17.1409552049172,25.5029269407048,25860.6069666636,23779.0445801249,-84.3369799489421,0
2152,8668,6.09390066276631,4564.52722137541,27.113714402211,12.4060541553719,12.7338347187994,19.077517532439,28068.369771127,25107.2297989195,197.313383275813,0
2152,8669,5.76232517498023,8732.6458126153,25.3710771751744,8.0818929123797,8.19521231784339,12.4002964590189,36033.9394063233,16217.8666128295,42.5440898301824,0
2152,8670,5.64027149465592,6333.00041925277,25.8976886136442,9.9316842397549,10.125842354773,15.2536892262298,35786.6064611831,18326.2214352718,15.5029461157267,0
2152,8671,6.04710087744926,4198.63330622492,26.9099312873764,13.1075696533734,13.4736858896749,20.1617380424277,27481.0366294747,23294.5314319388,-206.874661005374,0
2153,8672,5.68967009289745,9105.78827861531,25.3710771751744,7.87457615955768,7.98003438685256,12.0808305022466,36030.5510726143,16209.1590854376,41.4766080281837,0
2153,8673,5.87995768739593,7058.47078125277,25.8976886136442,9.26523043248069,9.42940170820655,14.2254171717389,35789.7958366771,18318.6129985719,47.2400963523181,0
2153,8674,5.42297769047355,1504.08259622492,26.9099312873764,27.4975617837381,28.9191432784011,42.476430556709,27457.2423243537,23255.5560808969,-310.035013480988,0
2153,8675,5.99428070814477,2370.12716955798,26.1573933992946,19.4452056103717,20.2195311869754,29.9738259457717,34967.0655776046,21279.8472614208,-71.7543540234871,0
2154,8676,5.80607259290164,7211.2879666153,25.3710771751744,9.11454942005231,9.26977233421784,13.992330407335,36035.7335484298,16208.4594220123,37.0913061273545,0
2154,8677,5.95177748542346,1047.20459852988,26.2525930567394,36.3070050920164,38.4955659463416,56.1714338926391,29180.1536775719,21682.1363877397,648.56913505279,0
2154,8678,5.75540625601425,2765.19861738426,26.2003620963082,17.4175735744826,18.0498103841368,26.831425796505,34541.1626098641,21159.1465561949,665.485687300094,0
2155,8679,5.60435201243703,6696.2319826153,25.3710771751744,9.55480100500549,9.72921345869942,14.671424950781,36026.1359655136,16210.3292365499,15.008609633055,0
2155,8680,6.11217109607595,1464.75148052988,26.2525930567394,27.8776063006306,29.3200841271235,43.0638448847418,29158.2718118252,21674.1666838242,623.789720278291,0
2155,8681,5.45962880572873,901.326333524425,27.0108057336113,41.3850594455407,44.065044812617,64.0797244912624,25830.755145965,23733.7794369122,-77.9556225608597,0
2155,8682,7.26679944911771,4531.72773974513,26.1587198741232,12.3903942131111,12.7108300679772,19.0515249003876,34938.1885715371,21496.8058851832,-22.7516644077618,0
2156,8683,8.63569034736309,9314.30020677004,25.1414119841294,7.75661338030443,7.85684252182776,11.898845256617,32885.6609589492,14473.8750990184,-1243.63510587348,0
2156,8684,6.14451784298361,1393.73965652988,26.2525930567394,28.9691778501034,30.5046870995767,44.7601938266862,29160.2859242157,21647.0251589987,673.564677198446,0
2156,8685,7.96453747940024,9012.50558244911,25.2781602258394,7.92152313179955,8.02839425571657,12.1530719139899,34194.1900843138,14710.9880397553,-1194.08115307738,0
2156,8686,7.97071620602392,4418.86651574513,26.1587198741232,12.601488339606,12.9335859695066,19.3778147167669,35015.544078095,21513.7330556177,-67.1913785559513,0
2157,8687,6.19952668954195,1838.63045685874,26.2654246619989,23.4617432537622,24.5422723447248,36.2054936717439,29135.9345579074,21679.9105676685,622.404895504418,0
2157,8688,9.31841048673436,4647.70740699493,25.9701401927836,12.1683302649669,12.4753788641137,18.7079698155729,34737.2385985234,17130.7378146567,-1174.26220003846,0
2157,8689,6.49553583065555,1702.4225431255,26.8945943780068,25.0108143404871,26.2253565184696,38.6133142498439,30791.3303874542,32089.1898798451,713.885541259675,0
2157,8690,5.47434489158003,911.127903524425,27.0108057336113,41.0189301638758,43.6641947823485,63.5097271544041,25824.9364527491,23758.7044077584,-108.146348783899,0
2157,8691,4.4926111145369,5551.16270677115,25.1241495271835,10.7680447395721,10.9977030676783,16.5435163615411,34584.0154235634,15066.7244868215,1184.34240536746,0
2158,8692,6.19048583432335,1651.40945685874,26.2654246619989,25.4384781231649,26.6780932155168,39.2747613591591,29090.3782161187,21625.6687350816,545.801003607707,0
2158,8693,6.50897727569011,1275.8009491255,26.8945943780068,31.251909516628,32.9980149835651,48.3121522613827,30800.4856039487,32081.6505327263,743.845898461287,0
2158,8694,6.29174292731683,3499.23838250413,25.9941526532925,14.7507065677225,15.2075953876742,22.7015359527872,33615.7335760532,17447.313504869,388.979615619916,0
2158,8695,6.88495807655035,5060.35173974513,26.1587198741232,11.5141941917048,11.7877429481152,17.6975913463477,34915.8807456277,21416.110708413,47.6724694839652,0
2159,8696,6.1596448132403,4786.6660677623,25.6474137827907,11.9077468309084,12.1986849896597,18.3047099482608,36403.5608339383,18396.0575811873,545.722210738749,0
2159,8697,6.43786030392665,1395.4241551255,26.8945943780068,29.1360347816136,30.6973980414264,45.0227297347689,30829.004910509,32097.4018103936,699.795512623544,0
2159,8698,6.09656492050199,1367.05379685874,26.2654246619989,29.411239963306,30.9850076437258,45.4473419040839,29099.8337852832,21637.4442441804,558.308288072333,0
2159,8699,7.80735526136874,4919.16910413861,26.3197170475758,11.7435371155371,12.0301451727199,18.0521973408248,33919.6529687057,23484.3458239837,318.473328758732,0
2160,8700,7.87961837575085,8610.6468892907,25.6840488876519,8.16536833211285,8.28313314553191,12.5292831106111,36409.0589560289,18540.6195271975,414.626878779986,0
2160,8701,6.19750713892999,1806.76676900952,26.1421639925267,23.7430291004911,24.8440207291868,36.641641726026,29117.8796201922,21682.1607501403,550.235211014994,0
2160,8702,3.8402814209507,8737.61460727002,25.8335932279119,8.09697892680253,8.2126643738785,12.4240405959897,36097.3515979147,19055.2761541103,-149.891064828553,0
2160,8703,7.4953156917609,3587.29739440456,26.9286897298303,14.5974353783869,15.0528058620895,22.4665390351659,31774.4829450451,29711.8472624101,1241.06304787848,0
2160,8704,6.48098104988873,2205.02303331549,27.0049113492923,20.6450351577361,21.5182752864125,31.8374078662936,30777.6452997338,32097.8383986957,704.624237615063,0
2161,8705,9.18258663059864,7525.40477461379,25.4825544533221,8.87703495597968,9.02272105601406,13.6261860431912,36811.7912209765,19352.9024377456,-1142.60213416344,0
2161,8706,6.134627907065,2387.00184531549,27.0049113492923,19.4845840806625,20.2718730798615,30.0376678026918,30829.48967143,32101.194974544,726.135257907705,0
2161,8707,8.74512174393149,6310.58853363999,25.8872291642046,9.95381228895745,10.1489414752119,15.2878237465949,36384.1127910356,18594.567691199,354.765704129654,0
2162,8708,6.51119117774154,8727.91938249094,25.5885283586409,8.09307990369177,8.20767138012195,12.4177701328075,36615.953492396,19804.5526549092,622.707690643751,0
2162,8709,6.46326603599366,1512.72382731549,27.0049113492923,27.4025826106649,28.8177221031475,42.3292879382244,30799.9379302497,32115.3201208058,675.825944497693,0
2163,8710,6.7652869659903,8928.08635705437,25.6770073622403,7.9830548541171,8.09376293893808,12.2483064798384,36611.8946579767,19807.1140272577,627.712012390695,0
2163,8711,3.54573705403665,7039.59488962261,24.8692764048513,9.23013645854168,9.38794777205925,14.1699471214676,37238.812835229,19417.2657216814,-1367.04917102276,0
2163,8712,6.07866504588684,1558.47182931549,27.0049113492923,26.7822770280869,28.1451813315561,41.3654865191929,30800.1221982991,32085.6841279757,711.861428540283,0
2164,8713,6.71716721146729,8429.68734249094,25.5885283586409,8.2705490647281,8.39205581311692,12.691293465375,36617.5917353258,19795.8480551256,640.798166158052,0
2164,8714,6.51103822901092,1300.37116131549,27.0049113492923,30.8229087300648,32.5332743188362,47.6456857325266,30804.8863250652,32087.2490097774,690.977539209164,0
2165,8715,6.54190900848035,8442.50647449094,25.5885283586409,8.26269916950996,8.38389714271804,12.6791940619137,36623.3379325489,19816.6191312423,625.170900748415,0
2165,8716,6.68796797517472,2368.37015514695,24.7319499442918,19.216156952856,19.9565294964189,29.6139139891883,27512.9838114145,18105.2299811379,672.033464156013,0
2165,8717,6.28749738739196,1533.93486531549,27.0049113492923,27.1106111884893,28.501110061828,41.8756211914285,30815.2582164494,32122.6557282994,708.723374098968,0
2166,8718,6.81925605954101,11149.9594428297,25.6784058733421,6.9628771166403,7.03705518382056,10.6768517612746,36518.7530774579,19795.6335501798,609.317309002593,0
2166,8719,5.40022672066749,3663.96514447757,25.2958696995571,14.2203911057643,14.6391316793435,21.8793888076608,35098.635070263,15252.6868286014,-143.80572769482,0
2166,8720,6.38526625665221,2227.86630114695,24.7319499442918,20.0827739857396,20.885259836271,30.9573703270858,27497.7051276733,18114.6383475549,691.901542076701,0
2167,8721,6.34928857140272,9639.38107327002,25.8335932279119,7.61828405049369,7.71592457630628,11.6864223188732,36146.4511443702,19748.5112817175,131.281151197514,0
2167,8722,5.42938912135149,3721.27679647757,25.2958696995571,14.0705936514118,14.4804317354033,21.6476739367637,35134.9988840188,15251.222698712,-126.806758848887,0
2167,8723,5.77796830684866,2809.59386129211,26.2520850870222,17.2290607716907,17.8490203804108,26.5395285489189,33247.2252171394,30993.8645030034,161.831120316887,0
2167,8724,4.06473601972725,7687.96241763999,25.8872291642046,8.77619752074871,8.91943815864338,13.4711823584401,36121.2137814499,19147.1198686743,-591.118018405457,0
2167,8725,6.50654176256933,8701.88251906022,24.9855809737013,8.08454055225472,8.19645659740441,12.4039594981206,36769.9950065644,19350.3689499538,-1157.33708402825,0
2168,8726,6.01343030415062,7521.10144116827,25.9006693613176,8.89938308418928,9.04785105090022,13.6611590312089,36103.7805922659,19761.2484383345,201.65589329052,0
2168,8727,5.96676018490317,3631.34128015243,25.326516797903,14.3107433772078,14.7351455762404,22.0192310372563,34636.6307763329,15077.333849961,611.303396054257,0
2168,8728,5.8923194500095,2982.69378339049,26.1604290436683,16.5053500786819,17.0759071216097,25.4182947878689,33318.636953203,30979.6090689541,137.611657027623,0
2169,8729,6.27306876751217,7911.26441213245,25.7559991919605,8.61352457276228,8.74948586651115,13.2202037970788,36308.7315834562,19595.3942914944,465.554224733303,0
2169,8730,6.10440328301017,3378.83733896375,26.8800631488819,15.2097708785746,15.703103950453,23.4141640213388,31920.9952327998,29803.9997671766,339.651476851318,0
2169,8731,5.25781624439478,2165.07078278903,26.838016523957,20.8936037089433,21.7834400109196,32.222412278011,29113.4879800906,25429.0242390121,-277.079430783343,0
2170,8732,5.93226104317414,6088.35047992794,25.5006757853846,10.1644743126683,10.3673913497848,15.6123860336005,34519.2960221937,30237.0274208824,373.733518834242,0
2170,8733,5.89547831170886,3735.5151444751,26.801473641299,14.1838663684264,14.6128526211893,21.8263113088203,31916.4426190371,29803.0112165639,376.586534723988,0
2170,8734,6.14376779922186,5455.54794287719,25.6677166914978,10.9264002150781,11.1670526446528,16.7889104966727,36343.1009053821,19595.5667927518,454.021312042958,0
2170,8735,5.35233655219989,1414.61028543321,26.9032024244406,28.8310710450609,30.3663103460056,44.5487639105026,29112.7393251857,25423.7877526847,-290.448378700848,0
2171,8736,6.1444784657003,4048.48301087719,25.6677166914978,13.3228894694323,13.6921173769516,20.4921375659887,36366.5455468617,19611.2080762028,383.106042067955,0
2171,8737,5.75403939724979,4067.56083885049,26.9890886229586,13.3996471918176,13.7833199572561,20.6135947206102,25366.9842925883,23567.8318312717,-93.809537159392,0
2171,8738,5.54933815317122,1899.73293543321,26.9032024244406,23.0316882808108,24.0874603803225,35.5404765188984,29108.2353857891,25414.0163155513,-325.734199676606,0
2171,8739,6.01298459094228,1177.6357644751,26.801473641299,33.2605633713337,35.1838067231161,51.4354062545519,31892.7514100412,29809.7125237468,343.799721741643,0
2172,8740,5.98675833650665,3178.14764687719,25.6677166914978,15.7288966747157,16.2441906849119,24.2147255782476,36367.2370814582,19616.7155386768,392.081617879697,0
2172,8741,5.67231763849476,4625.41334085049,26.9890886229586,12.2866891796057,12.6070235270683,18.8927792670561,25376.0787189591,23565.067599077,-78.2022453613521,0
2172,8742,6.33980090738536,2210.59166086551,26.6684013281423,20.5469277783301,21.4085843006031,31.684062016061,23406.9304164793,25258.2270149086,633.756824483577,0
2172,8743,5.38532470663329,1213.64506143321,26.9032024244406,32.5115015688268,34.3696306312828,50.2709502638048,29127.1634219838,25436.5941355804,-274.051513218638,0
2173,8744,5.8133779909747,5919.95710155258,27.1222800847794,10.4465429567722,10.6716253512685,16.0502064024396,30197.9775024724,31172.8976674885,118.283678979303,0
2173,8745,5.71742348604758,5089.58926485049,26.9890886229586,11.5284516969216,11.8078613318273,17.721029563489,25384.7177297873,23560.0882325429,-69.0978995066525,0
2173,8746,6.24995628498241,3091.30292268858,26.7329493469093,16.1665617247898,16.7203583420541,24.8951688816695,23430.8095867731,25249.6902938706,618.623346980611,0
2173,8747,5.47319101553836,1383.59767743321,26.9032024244406,29.3322520789662,30.9107232971696,45.32776861307,29126.5340419537,25414.6753971724,-308.824945271406,0
2174,8748,5.67276644694306,5164.44327555258,27.1222800847794,11.4266553971582,11.7015140690116,17.5639776838578,30166.4962007621,31169.5286550834,119.907658414531,0
2174,8749,5.46305193980822,4421.49663285049,26.9890886229586,12.6643344235668,13.0057367703524,19.4765646151111,25395.1297959854,23557.7501620408,-47.1989589544562,0
2174,8750,6.2294849155918,2494.94897268858,26.7329493469093,18.8284832108847,19.5652034198765,29.0195822064999,23439.6672371841,25268.3241392121,587.662028705069,0
2174,8751,5.29866401600413,1419.89652543321,26.9032024244406,28.7477251958889,30.275799452709,44.4192232654235,29107.9641797757,25428.003651986,-312.536383067596,0
2174,8752,6.34028095696631,793.216418877193,25.6677166914978,45.2329831600878,48.2477039534259,70.0618059700346,36384.7981361891,19603.2071503098,449.685190977253,0
2175,8753,5.71100740106871,3980.08322955258,27.1222800847794,13.6115628111804,14.0087229604487,20.9416436382485,30165.8712775929,31180.4982500499,162.158726494589,0
2175,8754,5.75442273515779,4958.31430485049,26.9890886229586,11.7300683448895,12.0201765338983,18.0325496198686,25384.914097869,23563.4854933789,-49.0864760899908,0
2175,8755,5.44485248148201,1554.87185343321,26.9032024244406,26.8028092808107,28.1657683960821,41.3969242309067,29112.1367785122,25422.6390987688,-334.189108472088,0
2175,8756,7.16255774610199,3471.24033070161,24.7719902818286,14.6992168463073,15.1421437457592,22.6188856195064,37608.992530389,19263.0455024823,948.335874095316,0
2175,8757,6.02480926523901,4215.15589486551,26.6684013281423,13.0520064129944,13.4131779214185,20.075336856954,23420.4818730638,25228.8401335634,640.647100901173,0
2175,8758,4.78803709584245,4268.00353346547,26.323637422352,12.9132664619302,13.2640349851471,19.8601309906678,23044.3612110744,24232.258526018,714.464119662128,0
2175,8759,6.63488204505363,3012.63785071828,25.590345090664,16.3174461614841,16.8699770311901,25.1257462374011,36639.1353458175,19758.5970754766,751.613416390695,0
2176,8760,5.88922627755022,3388.46486955258,27.1222800847794,15.206289132539,15.7015180271907,23.4093574424532,30165.6199332271,31170.7574631559,176.039401314803,0
2176,8761,5.90490776647906,4818.86769885049,26.9890886229586,11.954892101779,12.2570882595311,18.3799704656515,25386.1977176887,23539.9409277705,-112.57440122765,0
2176,8762,7.25555536048486,5207.66255909062,26.1033042525596,11.2945236194332,11.5563766340489,17.3581644533167,22227.3047510969,24597.1475042278,1166.85832011918,0
2176,8763,5.48417996448022,1563.06817158518,26.881998261795,26.6893929618075,28.0425057138433,41.2206217055316,29204.5700089555,25439.9381218818,-303.285684843593,0
2176,8764,5.84447455965309,5123.04724068858,26.7329493469093,11.4608523652463,11.735152936704,17.6161609779138,23414.8914640388,25259.0135886235,606.256965612064,0
2176,8765,5.65864824100246,1277.02581755372,26.1863388082411,30.9914700281332,32.7011851943425,47.9034618379691,33033.1402600958,31128.7216009049,172.089123693188,0
2177,8766,7.81245518805637,3851.68635111645,25.5020655991447,13.764736740566,14.1582635392148,21.1750717298261,30029.3417055381,35796.6974934234,1190.544706554,0
2177,8767,6.04290310434626,3850.54832355258,27.1222800847794,13.9227613833342,14.3385102640101,21.4230483817529,30163.3394744218,31159.115650026,171.540973307815,0
2177,8768,5.67896148239755,4701.84356085049,26.9890886229586,12.1526962656941,12.4656632716855,18.6856749767069,25412.9613474694,23587.604773661,-54.7601774091416,0
2177,8769,6.43037240111852,2547.47740373841,24.5093536822978,18.2050955131636,18.872234694302,28.0463277152783,26180.8753990596,18505.726690303,728.772544676054,0
2177,8770,6.34029331770426,5095.88918268858,26.7329493469093,11.5012208083268,11.7776360960974,17.6785271981205,23438.0669411455,25265.6537649385,605.264984963581,0
2177,8771,7.39765315961424,4972.29876010156,26.0825393810832,11.6431310015786,11.9229396324034,17.8966525999551,22242.6083229092,24585.9900712696,1090.05167653338,0
2177,8772,5.76762621192839,1311.89401460182,26.2157202325913,30.3545438952227,32.0091534510807,46.9134116342351,33008.0481217209,31077.1131391227,261.18485182048,0
2178,8773,7.43655709192292,4700.01774111645,25.5020655991447,12.0417976448417,12.3388880139985,18.5115680928807,30024.4807573096,35799.6876336823,1213.24792711554,0
2178,8774,5.82745773525393,3686.23436355258,27.1222800847794,14.3457789570306,14.7872311851022,22.0775495917103,30138.2004822227,31143.1526134045,177.107540259016,0
2178,8775,5.70087023505068,3664.54091294277,26.9943383872691,14.3913572800147,14.834567552602,22.1477906420051,30998.1071720439,28926.0807779247,-686.586833486156,0
2178,8776,5.59474651924767,5012.82865485049,26.9890886229586,11.6452052309209,11.9307938077668,17.9014222052594,25451.2000083505,23591.385436723,-81.2689913989636,0
2178,8777,5.81031682657004,4497.90530868858,26.7329493469093,12.4987923988877,12.8291606403012,19.2201644713954,23426.5212679884,25247.5722758641,595.364089485403,0
2179,8778,5.94164462956688,4188.84565755258,27.1222800847794,13.1466262774034,13.5165351200009,20.2225586281343,30141.6098081474,31155.0007679371,168.299300316257,0
2179,8779,7.50704538860305,4291.56759711645,25.5020655991447,12.7953457695872,13.1335078948893,19.6761805884148,30023.0450243172,35807.5503290643,1247.13110475993,0
2179,8780,6.12526255010548,2179.86704268858,26.7329493469093,20.7703682737478,21.6495854896808,32.0308747805753,23425.3067985657,25255.7431430399,617.421864240373,0
2179,8781,10.0961445709638,5229.09552205747,24.906914420607,11.1816898906565,11.4304611464973,17.1818641357034,36055.4909062958,28089.6685305211,-1021.59549255082,0
2179,8782,7.99345337616972,2168.46754542229,25.6584150878602,20.6529621757546,21.5094905317612,31.8449292365575,26993.7209705789,20562.3702804346,-1514.15448758922,0
2179,8783,6.04690915924186,2384.89487374027,27.0556357244178,19.5053479603608,20.2947496675802,30.0700288731825,25608.6913884519,23667.4190894247,-139.101633427071,0
2180,8784,5.65367267986883,3641.86679858739,27.0647929297041,14.460099619486,14.9081125929388,22.2543224977768,30127.2622687285,31218.584588323,114.267303059076,0
2180,8785,6.0427613860149,1879.01295628188,26.7794180962603,23.1947728210822,24.2616618622775,35.7931407597764,23421.7818359743,25271.6017809731,607.565927720765,0
2180,8786,6.4476400326615,3012.92377168133,25.5611815159653,16.3126385477705,16.8645641003391,25.1182215490817,36663.4097320938,19660.4886585403,597.725935888735,0
2180,8787,8.18949677159017,4385.5558916201,25.2288001817629,12.5879449354787,12.9126562083259,19.3550498590593,35932.218760362,27331.2435824863,-1476.43829381712,0
2180,8788,7.62487688111722,1913.12354980814,25.4738315710627,22.6082293756409,23.6103660895782,34.8775757528379,26985.3139411167,20542.0030022298,-1517.72915152774,0
2180,8789,5.56924068980116,1018.28910474734,26.9234839316777,37.4254159490315,39.7317288986134,57.9158322960001,25807.413975452,23741.8544811932,-139.980072850605,0
2181,8790,6.73620350984151,6065.56618629765,25.4606662838427,10.18678282728,10.3905307739027,15.6467579691183,36835.0733689989,19688.6997344526,699.524227596684,0
2181,8791,5.3714364460789,2486.19905812751,27.0246734896271,18.9216975220919,19.6684261466343,29.1650031071587,30116.6352036346,31503.5318360773,-259.073508260012,0
2181,8792,5.87295446601802,1964.38573228188,26.7794180962603,22.4389257152619,23.4464934668287,34.6199653145061,23427.5311786344,25249.4627848944,546.712136162191,0
2181,8793,7.4956567496994,2584.4341347704,25.4898816943168,18.169926590855,18.8460657056521,27.9949819031944,30039.5238579797,35813.6653087113,1264.24656687405,0
2181,8794,8.08059083069347,2068.57686579794,25.5537935932667,21.3581437328764,22.2659923046305,32.9383434860097,26995.9242771954,20600.2974032011,-1468.80248288112,0
2181,8795,5.57957841586631,1277.3721099537,26.9258746465096,31.2320715994081,32.9770142631847,48.2814697848096,25829.9135771887,23729.7756455914,-118.021192123108,0
2182,8796,6.5682633283294,4312.78115829765,25.4606662838427,12.7495507239262,13.0848640950583,19.6053069431439,36837.8605773497,19709.0330651164,698.893812458522,0
2182,8797,6.0631293606303,1783.28796028188,26.7794180962603,24.1228379981218,25.2637076305435,37.2339433572445,23428.4525603698,25272.501279634,574.85489821294,0
2182,8798,5.43215928818567,2168.36387812751,27.0246734896271,20.9042561613487,21.79727544484,32.2395938742904,30131.9854317943,31507.2915451972,-199.389051232321,0
2182,8799,5.43632460416594,1350.14987602668,25.993584377632,29.6115278925942,31.1975488329868,45.7572610933769,34448.0071120602,18330.8780656305,-37.9475463638881,0
2183,8800,6.01601484574753,1830.79804228188,26.7794180962603,23.6508173269982,24.7539067385809,36.5010975578612,23429.983458527,25255.57056396,561.929182381153,0
2183,8801,5.48667142770248,1931.07778012751,27.0246734896271,22.7772945942167,23.8147417242573,35.1460767798931,30121.1459573207,31508.3953326253,-254.83016539348,0
2183,8802,5.87340878482872,1617.34728202668,25.993584377632,25.7745514151774,27.0372942342413,39.7954983201284,34438.5736963435,18317.1189075923,-6.19114216740362,0
2183,8803,5.46336885318429,886.837936747337,26.9234839316777,41.8967352449407,44.6233137617923,64.8757708999947,25808.842094263,23722.2339121251,-100.791757811587,0
2184,8804,5.42425280193574,2323.64717812751,27.0246734896271,19.8727416755223,20.6887439687905,30.639649386534,30104.5306080372,31494.5240242434,-279.963508148446,0
2184,8805,6.40865365652343,2115.08762428188,26.7794180962603,21.2446446958526,22.1603006422687,32.7667925964001,23440.6569002577,25259.5899623495,569.541093864293,0
2184,8806,5.46148357067764,856.260878026683,25.993584377632,42.6373843792022,45.4120978454033,66.022624314939,34451.1103216932,18310.1991342544,-35.3680705083542,0
2184,8807,5.63097443917068,863.952922747337,26.9234839316777,42.8098886744286,45.6235303977283,66.2975234645146,25808.4921135678,23743.1174046886,-83.9211758153639,0
2185,8808,6.3633567892478,2036.49885628188,26.7794180962603,21.846832444633,22.8085455676442,33.701130293837,23430.3932483675,25267.9498543614,568.612818567141,0
2185,8809,5.40917694680095,2557.91571412751,27.0246734896271,18.5377730122081,19.2570351153466,28.5698456162808,30124.3006865265,31492.7958517553,-294.020970410414,0
2185,8810,5.56521789507384,1492.28365402668,25.993584377632,27.4080592317054,28.8064334834834,42.333018513418,34464.0178217249,18340.7828138522,-100.299029487954,0
2185,8811,5.22266601704874,1020.0864039537,26.9258746465096,37.373054097732,39.6745628083998,57.8343608497081,25836.015037393,23774.5296871297,-102.316346614774,0
2186,8812,6.45274161807528,2583.53659228188,26.7794180962603,18.3688145690186,19.0733790176572,28.3072081216191,23404.7369903634,25276.3862156841,547.026932271275,0
2186,8813,5.33011176974061,2928.74545012751,27.0246734896271,16.8310413721416,17.4319294985273,25.925113885787,30126.9589699665,31488.0067496982,-220.963193793761,0
2186,8814,5.45159263922427,995.470168747337,26.9234839316777,38.1194541477108,40.4902842432143,58.9959445786565,25819.9635235744,23746.173191921,-70.9814365570988,0
2187,8815,5.98227361404435,2480.80732828188,26.7794180962603,18.913087122565,19.6563993155956,29.1508833564401,23411.6779510673,25276.6827483268,589.51439347513,0
2187,8816,5.28196707314451,2586.90193012751,27.0246734896271,18.3881848967542,19.0968255902677,28.3379773173614,30106.9288492981,31512.5836194304,-246.480118517562,0
2187,8817,5.56263717478086,1382.07052074734,26.9234839316777,29.3636527598127,30.945202535382,45.3766787729432,25824.5026070614,23733.6162025673,-153.409964887644,0
2188,8818,5.3324605824004,2503.66567612751,27.0246734896271,18.8263211168812,19.5661989524485,29.0171435543016,30113.2967300777,31521.3564302642,-227.397393978,0
2188,8819,6.04500853353836,1883.92475428188,26.7794180962603,23.1495454914574,24.2128609196409,35.7229351594021,23433.5839077383,25231.839346944,621.225602981212,0
2188,8820,5.08556167321422,1139.3792199537,26.9258746465096,34.1938407914664,36.2038034074713,52.8878007025174,25826.3498539216,23716.414735083,-137.01709408191,0
2189,8821,5.61364664952365,2025.56932012751,27.0246734896271,21.9822692710344,22.957726202017,33.9122055726536,30136.1432137395,31476.4529655394,-265.516823964475,0
2189,8822,6.11694763584945,3831.81609028188,26.7794180962603,13.9365941078119,14.3504901469728,21.4437085869737,23430.862625784,25258.6830883409,629.034721911315,0
2189,8823,5.98192040961432,3419.8138461832,26.2021647227024,15.0090435882228,15.4837762357203,23.1018312035207,22428.8037910586,24330.1815003984,658.84057330482,0
2189,8824,5.4250961250461,829.350076747337,26.9234839316777,44.2836323040605,47.2385663568535,68.5923278301539,25839.7731406388,23756.0103301168,-50.9594991848359,0
2190,8825,6.13917325909931,2478.35989138451,26.7857933871816,18.9275600195122,19.6719837239592,29.1733401383641,23430.1185547988,25255.133782646,565.4305206742,0
2190,8826,5.37058623941343,1953.03407257019,27.0094411901135,22.5830178547662,23.6050165416175,34.8444778993144,30116.2939581732,31483.4002057621,-262.350373075252,0
2190,8827,5.39473149643848,1018.2698915294,26.7848688715982,37.3662739587029,39.6640979305167,57.8229543479246,25857.9938339768,23751.5178396911,-116.578592297732,0
2191,8828,5.96918386624691,3141.51869938451,26.7857933871816,15.9912920734611,16.5341026094654,24.623895899131,23432.5215094672,25261.7738751246,588.097198201585,0
2191,8829,5.41047619944302,1979.72958457019,27.0094411901135,22.3560036014744,23.3602715779462,34.4921457218597,30096.2487572728,31499.3517542162,-273.277277694229,0
2191,8830,5.75035515810149,1870.77637121211,26.7929241488566,23.2740274452487,24.3473799324002,35.9162219953889,25795.737939039,23731.4841430133,-103.312087284983,0
2192,8831,5.38851813117819,3584.80146502464,25.1602977227449,14.4200826466475,14.8496127457621,22.1879853963258,34396.939391841,15216.4757976892,-203.932490037111,0
2192,8832,6.15638588563072,2112.90449938451,26.7857933871816,21.2620047949623,22.1790633173018,32.7937486621101,23418.7758748821,25316.4389346595,583.561330024617,0
2192,8833,5.66005686437222,1635.07687802832,26.9816144857659,25.8115954252178,27.0932880064497,39.8574402817756,26087.1095556457,26577.5663360918,-97.7658258099795,0
2192,8834,5.28001289193527,2066.97457057019,27.0094411901135,21.6524505941391,22.6022817310667,33.400356794996,30121.5396629747,31507.2108146285,-225.363274910847,0
2192,8835,6.14754994675559,1192.11717554175,24.9409398204417,32.2601938552716,34.0564082135447,49.8691201429473,30712.1008648667,17512.1642242033,224.201693449921,0
2193,8836,5.35190471615117,3284.38408908684,25.1066275084244,15.3086134698144,15.7920706212355,23.5627205801198,34393.7770131924,15202.3729983659,-222.179421108974,0
2193,8837,6.02633983679635,2251.44370323504,26.6749910444469,20.2748920968761,21.1163725806669,31.2621548886765,23264.4436194758,25637.5952658531,740.860114016273,0
2193,8838,7.11338568104071,2588.0621296364,25.1289911853863,18.0968231083533,18.7637687711598,27.8805656535539,37143.5461507186,18681.5591423602,1062.18788768924,0
2193,8839,5.38356423665155,5897.67041257019,27.0094411901135,10.4656308519212,10.691049971971,16.0795127010155,30127.1425070937,31513.7271391823,-147.181699039616,0
2193,8840,5.73878915411908,2440.78795802832,26.9816144857659,19.168725293357,19.9327837247797,29.5478498813604,26085.7016746406,26566.7626360539,-69.2961881302188,0
2193,8841,6.12132194133702,1305.02245154175,24.9409398204417,30.057903867453,31.6622170146351,46.4454637808796,30719.5007196131,17484.4925739288,235.171698965181,0
2193,8842,5.76146338107533,1200.8654315294,26.7848688715982,32.7430735549983,34.6195902455993,50.6304549834824,25809.9792403822,23749.1464942415,-71.5297583486214,0
2194,8843,7.33074547066729,3396.61456363639,25.1289911853863,14.9603503046543,15.4224445117345,23.023825644086,37123.4819334261,18686.0649753119,1057.00492731012,0
2194,8844,5.21351483758811,2699.06992702464,25.1602977227449,17.5696869244903,18.200974035731,27.0639707588516,34389.8695781092,15218.8525169685,-189.012505322017,0
2194,8845,9.88724029683932,6076.27809852924,26.8515952840958,10.2553668393516,10.4697358400308,15.7546587453659,30193.3441061586,32453.0925448238,-1073.98755717727,0
2194,8846,6.00653995099299,2088.53039773931,26.730484993554,21.4340929622629,22.3635290582131,33.0605391286351,23279.3293219084,25642.8024906576,801.161498990084,0
2194,8847,5.55890528070285,2115.1099769437,26.5140352499221,21.1946221683757,22.1030100434549,32.6882290508302,33646.114198069,26298.7259781716,-472.143168357818,0
2194,8848,5.39187047327876,1504.85916602832,26.9816144857659,27.506404313641,28.9299379663691,42.4905047665889,26071.2486866695,26584.9122972483,-86.409740846113,0
2194,8849,4.90934198456359,4179.87073656457,26.5391500981075,13.115173135299,13.4790255942171,20.1727510007614,31233.1711289747,32496.8880625493,726.483113597138,0
2194,8850,5.68375500350477,821.457731212114,26.7929241488566,44.5649889541621,47.5438173520078,69.0295704034823,25822.2261146131,23718.4195027786,-90.664981527361,0
2194,8851,6.31605539066633,1500.71363190657,24.9902209066007,27.0066290983705,28.3538370578536,41.7044841892387,30733.0321924763,17483.9525387527,181.974434373409,0
2195,8852,5.22725396705682,3723.22075375769,25.093473307529,14.0451137031519,14.4517478331066,21.6077945435874,34409.0371705031,15192.4008276734,-188.127937295739,0
2195,8853,9.60060897278945,6886.19614452924,26.8515952840958,9.46006276309808,9.63732134288963,14.5272199884993,30186.8094601208,32423.0047394689,-1051.91382862697,0
2195,8854,6.58812639736843,3979.33935123504,26.6749910444469,13.5723357108202,13.9637816292577,20.880032784203,23244.8817775809,25612.0005916024,705.276675758985,0
2195,8855,7.34500910061471,2908.8267676364,25.1289911853863,16.662460480385,17.2328648951185,25.6587074392932,37109.6882531908,18696.0627603912,1082.68777582757,0
2195,8856,5.56444572949501,1777.7597609437,26.5140352499221,24.1185308343937,25.2550821055914,37.2261569240822,33642.5935950043,26310.0997795601,-460.923296015344,0
2195,8857,5.46479629738823,1738.75326002832,26.9816144857659,24.6346557923485,25.8199020506403,38.0295230372119,26082.9777307775,26589.1872564581,-45.5755100099646,0
2195,8858,5.87436339892002,782.037107541748,24.9409398204417,45.3378985519354,48.3434719930331,70.2197717275368,30682.5876318463,17515.247291947,291.098560798579,0
2195,8859,5.75014489195977,1360.7521655294,26.7848688715982,29.678715585129,31.2850810232458,45.8657374313222,25857.7630141363,23771.2772244852,-128.434471944386,0
2196,8860,5.77990826268466,7255.89978619689,26.2256483676526,9.11962941134575,9.27896370331277,14.0012432111116,32489.497634565,31599.2523170196,367.630766235316,0
2196,8861,5.62912262342506,3620.73377575769,25.093473307529,14.3150839896637,14.7377457750952,22.0253947177378,34470.5291071526,15140.8911283079,-168.64337848227,0
2196,8862,9.73748308154869,7614.77217252924,26.8515952840958,8.87249338543809,9.02392264024252,13.62082561311,30244.4811443961,32465.2927478912,-1049.86391280696,0
2196,8863,6.3630027826008,1719.86821923504,26.6749910444469,24.7663118133589,25.9575774967301,38.2326786357609,23245.5753633123,25668.6734413837,736.809295958701,0
2196,8864,5.45752250480012,1582.39794871168,26.9769059199573,26.4641349538953,27.799966681739,40.871095437854,26103.4973015014,26579.3291234551,-38.0692248576763,0
2196,8865,5.57464250408641,1472.61430602883,25.5432710103144,27.5594767924679,28.9626434870114,42.5660765485533,34807.629916717,28710.3570297702,215.646913156557,0
2197,8866,5.98949366216809,7013.76796819689,26.2256483676526,9.31894510498202,9.48699780029621,14.308699027911,32505.1906284075,31606.0885510313,347.877480849758,0
2197,8867,5.86670972371487,4474.07530002883,25.5432710103144,12.4468725913842,12.7661120921229,19.137633468008,34798.1886338616,28694.5552328278,75.9589089174127,0
2197,8868,5.4262670137658,3789.56306575769,25.093473307529,13.8773733460608,14.2741510439278,21.3483554338879,34492.2904635431,15148.8749205516,-171.359322339048,0
2197,8869,6.15439702101274,1900.29620173931,26.730484993554,22.9900137615574,24.0400533605805,35.4751116127529,23288.1718802501,25660.5773345829,721.794751058214,0
2197,8870,5.53427725507534,6495.6412771065,27.0232609293193,9.83097353155177,10.0260801510672,15.099818235359,30069.2417307637,31530.5163846711,-203.979371843032,0
2197,8871,5.59510243800966,1658.65196071168,26.9769059199573,25.5306026227841,26.7890354492441,39.4209617948017,26098.2362734715,26571.2075805101,-20.6234056744833,0
2198,8872,5.92390345244535,6889.12283419689,26.2256483676526,9.42628846273835,9.5991019448607,14.4743002236644,32518.517775843,31604.0762202576,338.608112948058,0
2198,8873,5.97113118236773,3840.36525402883,25.5432710103144,13.7963091906423,14.1920187036758,21.2239941826996,34788.7815191201,28687.3451507864,126.000643031255,0
2198,8874,6.66193498162231,3559.04509852838,26.4475713987921,14.6272004456916,15.0803705090953,22.5114877683164,34462.867283393,25016.0492712328,833.908856891551,0
2198,8875,6.40877585289731,1631.20455973931,26.730484993554,25.7950318568306,27.071370585226,39.8306078889002,23266.2817847443,25663.4437926358,754.986296046738,0
2198,8876,5.40389733918629,6148.98707257019,27.0094411901135,10.1853803618199,10.3971998074167,15.6468427250781,30096.5119321695,31523.9447212048,-236.014689469692,0
2198,8877,5.78349425144602,1507.08379202832,26.9816144857659,27.4751203713521,28.8960061348654,42.4418934135831,26070.6143915497,26594.6591541443,-68.6153758421149,0
2198,8878,5.59239341506225,2121.04951375769,25.093473307529,20.8818040488608,21.7477461603219,32.1977607216078,34499.0131386859,15165.0967477981,-189.307243192362,0
2199,8879,5.955688036797,7239.04989619689,26.2256483676526,9.13312396244216,9.29304350562511,14.0220579465463,32495.970306533,31587.1023280961,315.375160065234,0
2199,8880,6.62375687234499,3592.10612452838,26.4475713987921,14.5343704432019,14.9818326380753,22.3678408532626,34458.6505667169,25008.4989746158,871.756610406088,0
2199,8881,6.30600778074242,2570.28429756657,26.7220972077662,18.4281523828471,19.1362744029273,28.3990036693956,23263.6107067579,25672.1196034532,779.647716614324,0
2199,8882,5.61632740452167,1946.08520202883,25.5432710103144,22.3386618670452,23.3210194806793,34.4595531515794,34797.5516410425,28712.1098154724,146.713938293199,0
2199,8883,5.67140377810863,1734.28198202832,26.9816144857659,24.6826696232604,25.8718154152707,38.1040839022624,26095.1138474171,26584.0111533657,-31.4539418984027,0
2199,8884,5.40498759335073,6702.76476457019,27.0094411901135,9.6334783718785,9.81937361497145,14.7950134983188,30090.3340362266,31503.9451753247,-239.06595061543,0
2200,8885,5.95653352424033,6385.13689039025,26.2695509041491,9.8997035979257,10.0942698978267,15.2048571559689,32501.3564457344,31608.121297757,328.366965764605,0
2200,8886,6.69230469667904,3270.42066298534,26.268857106813,15.4888317059493,15.9944286970241,23.8446395396956,34465.6981688141,24998.794231776,864.70184132737,0
2200,8887,6.19936817483061,3561.16264296833,26.6738916044974,14.6448030068137,15.1009709034623,22.5392539602932,23224.3858292775,25637.2020275047,757.510086845798,0
2200,8888,5.4073101509293,5735.00864920834,27.1335607730282,10.6660244623726,10.902020703055,16.3891292341867,30130.8696218015,31509.7569762288,-274.03995632666,0
2200,8889,5.68396994013961,1503.98569527579,27.0214051979635,27.5296860533885,28.9558583766334,42.5268670953282,26088.7631091669,26581.6885788363,-58.358968756353,0
2201,8890,5.71152016045323,6063.24892639025,26.2695509041491,10.2362400883646,10.4466402595322,15.7242891308239,32509.501487296,31605.919286411,344.973322720301,0
2201,8891,6.27437242611675,3737.77202810581,26.7296923236741,14.1709241739702,14.5985476452059,21.8061280907795,23258.0272835008,25624.625095804,707.322601881471,0
2201,8892,6.05120032173124,1505.7818139178,27.0240305670057,27.5051012934487,28.9292354457191,42.4886772766301,25866.0256511792,26596.7682614036,-4.55142209763677,0
2201,8893,6.60844086506973,2114.91467698534,26.268857106813,21.1498346337571,22.051605511538,32.6178572872518,34477.5860654362,25009.6791595509,843.490386270966,0
2202,8894,5.89914261033353,5790.32476039025,26.2695509041491,10.54714536729,10.7725444988702,16.2042618949357,32499.0947233144,31590.9816367116,330.079265263547,0
2202,8895,6.29678662406531,4001.26414896833,26.6738916044974,13.5215950581969,13.9100502232325,20.8015511569104,23227.0248835483,25647.3293719954,724.197739285363,0
2202,8896,5.73988433151946,1036.7422660715,27.0246352364784,36.928407106964,39.1908584886544,57.1430079981136,25756.0602981551,26594.2464722543,-44.2070123721563,0
2202,8897,5.72719752093603,908.535038151214,26.6903136265664,40.95793021945,43.5900101968659,63.4126847897804,25805.8463382678,23738.6768050314,-155.932734198272,0
2203,8898,6.00586861950689,5788.78294039025,26.2695509041491,10.5489747978865,10.7744632233626,16.2070864373747,32498.287657121,31586.0753806002,339.712668739902,0
2203,8899,6.20876773391005,4406.85091296833,26.6738916044974,12.6668919183163,13.0062517557134,19.4799156418838,23228.4771601167,25618.2183806904,719.446112981916,0
2203,8900,6.00513899983915,5019.45205112707,26.3663493677362,11.5909079196229,11.8697632446397,17.8164637916549,23067.8714367369,24081.197987999,382.25494600638,0
2203,8901,5.79740129439018,1020.1126360715,27.0246352364784,37.4146641113034,39.7221631840602,57.8997112333556,25736.9252922741,26592.232135919,2.35991992630821,0
2204,8902,6.0730965354901,6340.11574639025,26.2695509041491,9.94497053128517,10.1416419308814,15.2747182755154,32491.453679643,31590.0884133888,331.164793724902,0
2204,8903,5.96649555898439,5374.03501727042,26.457145514197,11.0868267559554,11.3401857885479,17.0379465776507,33846.0735614572,25304.0159709983,260.070350117314,0
2204,8904,6.2343907784597,4480.79219496833,26.6738916044974,12.5260683084955,12.8575510334581,19.2622168369045,23234.9890897042,25636.2520511972,769.619797208665,0
2204,8905,6.02104503323682,5110.19917112707,26.3663493677362,11.4544108107025,11.7261329822693,17.6055907196158,23048.0460881261,24065.2009467836,388.133677165444,0
2204,8906,5.44424898210964,1493.8258180715,27.0246352364784,27.6748268239176,29.1133592719441,42.7524188543036,25735.2825076357,26642.4956748043,-5.96062915734941,0
2205,8907,5.95630920930867,7480.35771439025,26.2695509041491,8.9469232505631,9.09902451339898,13.7349228018897,32497.2554562502,31603.9902287573,333.508098510901,0
2205,8908,5.77280283455403,3182.31586127043,26.457145514197,15.808650895225,16.3365166431868,24.3402506048411,33857.6820675827,25318.7893396781,324.841378132049,0
2205,8909,10.3131954043975,6895.22912707393,26.843168267796,9.45170106585229,9.62854325793406,14.5143076131044,30530.946502914,32572.8675184581,-1054.26607089513,0
2205,8910,7.02753828168286,6000.99878764852,26.6920833955244,10.3295453774971,10.5466562688145,15.8689436796415,23240.3019265922,24899.8894196497,-539.676257925167,0
2205,8911,8.23535187066615,6954.15888049054,26.2928240219451,9.37318874135209,9.54395533139591,14.3924672742223,31806.1829281518,32439.3238709066,680.395905124522,0
2205,8912,5.74416002787702,1080.1775380715,27.0246352364784,35.7266426853802,37.8783948942784,55.273031318472,25768.9292936849,26593.0547418044,21.4362892229908,0
2206,8913,10.4250098490976,5641.02463507392,26.843168267796,10.7640857568536,11.0033779983777,16.5401186982718,30567.3990245678,32585.3591338211,-1059.88064570142,0
2206,8914,5.77668538437344,5440.04142118079,26.427046821532,10.9963562299826,11.2449549080043,16.8981702137463,23088.3028200679,24074.1347703303,414.474317863082,0
2206,8915,7.56885590975471,5257.469579515,26.4644414177305,11.2484214724259,11.5100851788929,17.2875544729318,31788.7708451578,32467.2464248825,640.750434793292,0
2206,8916,5.85130218848141,4390.13317896833,26.6738916044974,12.6993184213034,13.0405007320531,19.5300460501993,23228.5086435784,25607.1901043252,722.99592614854,0
2206,8917,11.1829728640599,3619.40855153407,25.2670527962388,14.3367929433426,14.7622467120899,22.0593890951679,36725.4803262324,17732.6018499089,-994.83138083274,0
2206,8918,5.7515697031291,1322.0230180715,27.0246352364784,30.4325390368954,32.1090009683843,47.0388502380082,25724.119543287,26582.9276752781,0.443676598276124,0
2206,8919,5.34440832703073,800.661606587248,26.6992059156333,45.4726033700772,48.5366373836155,70.4423376330724,25776.7298926065,23777.2496164668,-118.517772471472,0
2207,8920,4.85031688459962,7519.11383849855,26.2609223881391,8.91727158469725,9.06807181163075,13.6891822258557,34590.8303528249,24318.4512346322,-249.893715164377,0
2207,8921,5.81706510458048,5947.07704112706,26.3663493677362,10.3712157374453,10.5886043740771,15.9327952087499,23072.3787937617,24074.5526107965,393.513699101086,0
2207,8922,10.0298927459958,4932.07377307393,26.843168267796,11.761008719408,12.0518563587186,18.080106925194,30541.2489097414,32593.6317445571,-1021.79944550965,0
2207,8923,6.61656404760188,921.433113126739,25.9254206653901,40.1157091396711,42.6504532904232,62.0966064115822,29230.7096945169,21895.7255984345,755.162405220693,0
2207,8924,5.49446880571923,1193.9858800715,27.0246352364784,32.978677703654,34.8810066924276,50.9982005720226,25758.6382971453,26607.8061185238,41.1661519642848,0
2207,8925,8.74807435702732,7424.16674232998,25.5415028047469,8.95611300891061,9.10538386127454,13.7482035838496,35385.6837553786,24441.5388230168,1161.0481340409,0
2208,8926,5.38354962378854,7261.32153449855,26.2609223881391,9.11696418589583,9.27634149125744,13.9971761218685,34576.129287416,24306.3453280335,-247.280669488818,0
2208,8927,6.19646539695797,5270.27505687665,26.2578188613662,11.2164953367906,11.4752847438264,17.2378990873193,23085.3482651666,23838.2231869587,354.630520836109,0
2208,8928,9.88782115888843,4003.61179507392,26.843168267796,13.5316290201971,13.9219572204043,20.8174240778407,30567.4082401633,32633.9848658398,-1015.86603227693,0
2208,8929,5.9839765239171,4364.91340896833,26.6738916044974,12.7486558296364,13.0926172485982,19.6063219093826,23239.3122423014,25622.7166990557,709.646666016372,0
2208,8930,5.5146575125973,1371.1409980715,27.0246352364784,29.5768771141801,31.1787142633461,45.708628890599,25778.2412709099,26617.322271484,-84.2864535555075,0
2209,8931,5.45510501628078,6844.23719849855,26.2609223881391,9.46755517755354,9.64237816393749,14.5380129580668,34566.8430621182,24289.8014932593,-228.68730920305,0
2209,8932,6.11372336492238,5480.90969487665,26.2578188613662,10.9315974196605,11.1759555417387,16.7978881482871,23080.642240059,23773.4927644275,396.703159436229,0
2209,8933,5.77269009886764,2912.53007709263,27.1152315761224,16.9090624103415,17.5161225942122,26.0462237754938,28503.6052818603,28782.8877892936,176.024002538986,0
2209,8934,9.94118142751422,4422.82618708711,26.8058627223068,12.6468684276066,12.9860207447859,19.4492129953023,30558.7362116329,32564.2231482391,-1014.99226568819,0
2209,8935,7.42549766152063,1951.1044711191,26.2028701545195,22.4334407711861,23.4325259195939,34.6092275718493,29652.0296122075,22791.4083104744,1219.17898962357,0
2209,8936,6.24446904852897,4311.98984810581,26.7296923236741,12.8585491182367,13.2091238903995,19.7763340629553,23244.8951200988,25620.3761239638,736.78101853217,0
2209,8937,6.10964559574711,1818.1806940715,27.0246352364784,23.8284545031685,24.9493167660579,36.7778750280249,25752.3974393197,26593.3542434606,-21.580101885475,0
2210,8938,5.50267713932291,6526.6823494336,25.9110576037629,9.74184968765481,9.92735855867304,14.9607639788262,34551.2765204322,24304.9850770602,-256.731050672053,0
2210,8939,5.9973208828568,5784.45826882259,26.3171360297103,10.557002728717,10.7831453675293,16.219553623794,23091.6557371213,23779.8553973032,395.528850863864,0
2210,8940,5.74218375637168,2845.37778639028,27.2664062882252,17.2112541418023,17.8404120513079,26.5148097534377,28538.8365058121,28797.7509911161,157.526534683565,0
2210,8941,9.7310908273906,4651.44170547016,26.8827935041914,12.2324504870138,12.5490940858166,18.8087505818354,30575.5505502285,32585.8597957987,-1009.00772426295,0
2210,8942,7.67083388347497,2062.96625249754,26.1236088475659,21.5121458196655,22.4394131110823,33.1793970076249,29649.1703949497,22783.3476581679,1205.43700423165,0
2210,8943,6.12696982525859,4632.74105076271,26.6928942022396,12.2507818895181,12.5671714514531,18.8367362080994,23226.579682495,25642.6795358278,702.845099862173,0
2210,8944,5.76707913750645,1530.29498350787,27.0370125759181,27.1688460682105,28.5647835178841,41.9662521405312,25752.4584658873,26608.6398798644,-9.63716419271253,0
2210,8945,5.51093935262816,1178.46841829578,26.6336782576731,33.1805522793562,35.093266638672,51.3100280482269,25808.2813503418,23755.9043482573,-70.3165681822744,0
2211,8946,5.73410104908866,3156.9792103701,27.258919300165,15.992552437117,16.5398449142548,24.6270593113087,29168.12613098,28666.5477105241,150.866138841435,0
2211,8947,6.14902232480334,6109.31974282259,26.3171360297103,10.1888907399773,10.3972873105607,15.6512691385349,23070.5045093317,23778.7887399402,451.535034074785,0
2211,8948,5.23139557117652,4651.2125014336,25.9110576037629,12.1576138237625,12.4636840462873,18.6912987196169,34555.2898088324,24326.1822708401,-300.681471673145,0
2211,8949,7.16456117276029,3522.7460212488,26.1653689451696,14.7010457546508,15.156355949679,22.62509615593,29602.2606679402,22856.4955871475,989.058265401116,0
2211,8950,9.95766308224027,4512.34751547016,26.8827935041914,12.4838685189244,12.8144265914494,19.1973762217261,30535.0477942701,32574.3959156677,-1062.1945461525,0
2211,8951,6.22913917163485,5116.76240076271,26.6928942022396,11.4673857726627,11.7417841808601,17.6261871438138,23248.6019504797,25590.1395524954,726.396983875932,0
2211,8952,5.57469370377998,3376.50048761639,26.5221865379867,15.1775422491975,15.6656810282591,23.3634079856653,29266.1435423982,24565.9038250112,-103.429865219012,0
2211,8953,6.02592599267365,1869.16499350787,27.0370125759181,23.3416395654215,24.4238473944095,36.0221464861141,25760.527430856,26594.2187335349,-32.2958511408721,0
2212,8954,6.08927304068304,5850.49221682259,26.3171360297103,10.479272599923,10.7016269690523,16.0995440501434,23077.0861460423,23760.1173928183,410.310246145186,0
2212,8955,5.73791725186346,2901.5216623701,27.258919300165,16.9731968010283,17.5860341361008,26.1459716532127,29156.6269265654,28674.1583333869,120.02823002765,0
2212,8956,5.25453041583473,5169.14273151558,25.9755701686436,11.3410540636942,11.6045148102071,17.4298215303227,34546.8561889464,24337.0128784429,-305.785029568024,0
2212,8957,5.5804243376176,4045.27648239768,26.5543319892514,13.4106384223708,13.7916975972906,20.6296962632316,29166.6200731699,24602.0519488245,-38.0851189247991,0
2212,8958,6.76273052348683,4102.31287065667,26.1566154328216,13.2484069274998,13.617075640427,20.3779896892542,29572.410323884,22880.1202018451,896.477707976998,0
2212,8959,6.29789029075354,4714.76587476271,26.6928942022396,12.1079801287058,12.4165669454821,18.6160300420055,23249.0716597432,25614.4328459168,716.966032985858,0
2212,8960,11.1195313838126,2866.04191711609,26.2116608768339,16.9828296125564,17.5857411976553,26.1579803449741,29610.5679755048,23412.5545477581,397.068792629671,0
2212,8961,5.40228876139333,1402.01555950787,27.0370125759181,29.0720578904756,30.6304136486877,44.9239858216989,25761.8673399325,26613.7159407761,-8.94973042462225,0
2213,8962,5.52986584817015,5478.8394514336,25.9110576037629,10.9118443919323,11.1531993782387,16.7668274245503,34539.1935823631,24330.5657605808,-282.377530484367,0
2213,8963,5.6059753973666,2254.1114443701,27.258919300165,20.3589695240422,21.2139188276682,31.3945481744581,29161.1695193749,28670.6251135424,156.172760026038,0
2213,8964,5.58450685636937,4490.40149928731,26.5586077330742,12.4988157966832,12.8279902074875,19.2198710725709,29110.2637084209,24622.4579303918,-51.7884637404906,0
2213,8965,6.90361495539843,4366.36055865667,26.1566154328216,12.7028327507898,13.0405631472896,19.5344728479616,29585.3729123953,22853.9958782906,966.530471937974,0
2213,8966,8.22468892722032,4720.5551397556,26.6418207290305,12.0941939977843,12.4016961608075,18.5946315776337,23243.414089569,24815.2203767124,-441.355331449789,0
2213,8967,5.93929647142052,2110.12943350787,27.0370125759181,21.3297515451865,22.2552394893868,32.8997591479176,25774.7874184155,26561.3100433662,-28.774823882069,0
2214,8968,5.76342658216519,5293.16109528731,26.5586077330742,11.2047221348575,11.4647021624632,17.2202093392728,29095.4748086112,24629.2844862706,-81.8945272226281,0
2214,8969,5.67321451780009,2214.8390863701,27.258919300165,20.622912407023,21.4976591540743,31.8039655808857,29162.9861481156,28684.4034730507,150.809427057504,0
2214,8970,5.74013976872665,3422.74415240566,27.0404321242759,15.0914678279599,15.5787020833787,23.2314234870265,25709.4287928859,26385.01832331,-82.7332969596847,0
2214,8971,6.94454035333802,4874.70524280028,26.1139557448448,11.7993453726025,12.0875906579429,18.1380618860125,29610.9628660759,22844.2027945739,930.697292183493,0
2214,8972,5.70788675686793,2484.8738044047,26.0855306836057,18.7818883976918,19.5078263560579,28.9452982046267,34022.0047648148,25825.8122570565,-331.766294925543,0
2215,8973,5.8238067915197,4811.12208528731,26.5586077330742,11.9357991947676,12.2341989264003,18.3497020049686,29093.5721131444,24620.2976500321,-68.0100906472195,0
2215,8974,6.08320725567424,2063.83230159921,27.2534566225054,21.723659462541,22.6821837714476,33.5117392484013,28750.0106690384,28627.3750600301,178.522097323634,0
2215,8975,5.70922597361162,3466.22347640566,27.0404321242759,14.9599313830957,15.4388663591241,23.0278233796893,25686.0467073108,26400.7006779626,-30.0008074254618,0
2215,8976,5.65051680180428,2248.2264604047,26.0855306836057,20.1923828582814,21.0203698703131,31.1321553825524,34084.3346715631,25896.3492037866,-132.717922221713,0
2215,8977,7.0252163443791,4813.22404665667,26.1566154328216,11.9023585760918,12.196358010118,18.2973081063585,29605.8482799953,22861.5253740077,938.569385612686,0
2216,8978,5.96191831803069,4114.55247569059,25.0874377786743,13.1256769380305,13.4792257105067,20.1859863029133,35522.4947448522,27415.9915002135,303.850445586879,0
2216,8979,7.25829676281296,3467.8572292488,26.1653689451696,14.8611011078238,15.326304478687,22.872783086946,29659.4686067563,22909.3460165816,1086.72175020266,0
2216,8980,5.5386794453092,4973.6135704047,26.0855306836057,11.6413101118425,11.9210422096111,17.8938446658115,34042.6104068617,25931.4443483322,-184.308489885196,0
2216,8981,5.48054537124036,2571.15291440566,27.0404321242759,18.4714331351388,19.1861533084214,28.4670622527468,25673.4056942763,26366.3306263787,-41.1077313791176,0
2217,8982,7.74118919454039,3772.9834072488,26.1653689451696,14.0249284869111,14.4392084503344,21.5790083046326,29720.4056116112,22964.0599631888,1235.40400994059,0
2217,8983,5.65344044056506,3836.89672125799,26.020964006805,13.8510968580764,14.2538781497816,21.3097942788307,34060.8198629374,25890.3967900694,-190.580958212633,0
2217,8984,5.59224184294087,2633.15610440566,27.0404321242759,18.15807781854,18.8506401236795,27.9813728851794,25677.0864516003,26383.0345251666,-50.2671044067879,0
2217,8985,5.63097663837929,5362.34787069476,26.6892678186762,11.1179897973598,11.3742967106158,17.0864544446919,31011.5434973165,25850.0497221145,-474.891678957945,0
2218,8986,5.47378473992171,2865.46432640566,27.0404321242759,17.0955861267066,17.7145651137317,26.3349780205516,25684.9746610459,26397.60117768,-28.0294196190686,0
2218,8987,5.72171465806059,3202.3487284047,26.0855306836057,15.6956987096123,16.2128170177847,24.1644191418131,34052.6489687637,25900.0661562342,-131.083102110607,0
2218,8988,6.17130446345323,3416.05268870673,26.2823600439177,15.0292706470085,15.5059746084718,23.1333313434707,32812.6685247987,22938.7932570323,496.279634449345,0
2219,8989,6.01657934282555,3628.83985977756,26.293561195402,14.4172610620608,14.8562718061498,22.1862789797668,32774.805050526,22930.2922896144,491.259281851554,0
2219,8990,6.84525485605289,2748.3338872488,26.1653689451696,17.4884783592954,18.1251835462737,26.9411751349394,29618.972799603,22957.7810518227,1103.01194064283,0
2219,8991,5.48038019196944,2574.6297544047,26.0855306836057,18.3098468247987,19.0025030127029,28.2136778177027,34043.0618271978,25930.0102615632,-156.956997061159,0
2220,8992,6.08942291458772,3977.56548992914,26.1476150170322,13.5278003731293,13.9125852771065,20.8100367682958,32785.659959009,22920.881894459,470.277640698626,0
2220,8993,5.59492949094102,3476.00287004061,26.0173233005511,14.8210924860982,15.2825263097131,22.8105122726693,34061.6631676259,25913.7471912338,-155.240321514554,0
2220,8994,4.92595174338329,1939.54357297087,26.0743917179455,22.5057981297529,23.508671898819,34.7210133899177,30182.966348781,22505.8401378249,293.566471441136,0
2221,8995,5.97993751580888,4592.22304592914,26.1476150170322,12.2801847873846,12.5945120525949,18.8811676757239,32785.649688314,22921.5429512914,490.570747121014,0
2221,8996,5.9952962003241,2132.50602092221,26.1260869903908,20.994865276019,21.8830821255579,32.3769423158488,30324.3574553478,22631.5525099222,184.949149234981,0
2221,8997,5.5878750121751,3631.17604004061,26.0173233005511,14.3825523006996,14.8171380402917,22.1319388384643,34071.4435066217,25910.5734985152,-161.645341204399,0
2222,8998,6.12138319838833,4663.77031974706,26.1682018684275,12.1557519705538,12.4634528012441,18.6888990372374,32786.1850464637,22950.5768775995,467.544807312097,0
2222,8999,5.44975230517568,3455.73895004061,26.0173233005511,14.8809850142505,15.3461252777365,22.9031976513601,34066.8200932429,25913.8889682386,-112.748725705848,0
2222,9000,5.84698908780307,2086.97827892221,26.1260869903908,21.3302112032791,22.2437142970091,32.8971543962148,30359.3737484575,22654.2175347654,235.549659473373,0
2223,9001,6.12645084544935,4221.96598592914,26.1476150170322,12.9928351542762,13.346833602433,19.9827993181127,32787.304161662,22924.9118974431,458.478593511532,0
2223,9002,5.74779454683532,1943.58901892221,26.1260869903908,22.4818033815154,23.483551264554,34.6839796339298,30312.812349533,22651.980025196,174.751107600117,0
2223,9003,5.34466677372184,2972.70877004061,26.0173233005511,16.5258969569243,17.0963834116641,25.449721977985,34063.0348073142,25929.1361003403,-124.648054251229,0
2224,9004,6.23912674168736,4596.43683774706,26.1682018684275,12.2742864410312,12.5884318306266,18.872090260853,32790.1162746787,22930.8269386152,475.368167030318,0
2224,9005,5.67083341512278,4832.80400547893,25.4003057313107,11.8136973147074,12.098038476168,18.1589496530278,35296.3161465964,25968.6827764843,158.546667094079,0
2224,9006,5.44952429783456,5335.43779004061,26.0173233005511,11.110205017747,11.3621489386763,17.0733353944374,34083.3058239117,25908.1253287146,-144.498979002416,0
2224,9007,6.06555660757052,1523.95787092852,26.0309830061118,26.9806500482147,28.3438737351615,41.6691650137916,30263.220803417,22309.5616455334,242.031186423351,0
2224,9008,5.28403647788087,863.85339570312,24.4420002425019,41.5045799474694,44.1329013079304,64.2481229628507,33237.2031585936,14519.0096485772,58.2019165466605,0
2225,9009,5.73932675693213,4155.77125170312,24.4420002425019,12.9798719825718,13.320291084773,19.9592153186818,33221.5156426122,14502.5100700658,51.0645710955038,0
2225,9010,6.02503452620949,4466.32925574706,26.1682018684275,12.5123261258304,12.8395472238367,19.2400095940578,32775.7105533503,22926.0517757856,463.827051781442,0
2225,9011,5.83263495367872,1478.34202492852,26.0309830061118,27.617015550426,29.0336163156407,42.6578596816254,30232.8983965733,22273.5860458435,227.169682772339,0
2226,9012,5.962263219719,4492.33513592914,26.1476150170322,12.4621014334403,12.786406133908,19.1623378016209,32803.3377158198,22918.786667322,516.73194520928,0
2226,9013,5.64600314694797,4155.24262770312,24.4420002425019,12.9809788348853,13.3214592614189,19.9609262372581,33230.7587281498,14505.7995831715,73.4405347031642,0
2226,9014,5.21527926385285,2765.42208404061,26.0173233005511,17.3910223577337,18.0195053375673,26.7897555891015,34038.0864874012,25909.0626401023,-135.779229909567,0
2226,9015,6.13379363984265,1710.11939797776,26.1168154576681,24.7389603261224,25.9193549281134,38.1878105893431,30197.3523715445,22543.1712016877,213.620268943937,0
2227,9016,6.05199388339273,4814.26715192914,26.1476150170322,11.8999724314228,12.1937858880239,18.2936048714911,32788.3546797731,22912.379623802,467.631297949678,0
2227,9017,5.69853659237316,4309.35854970312,24.4420002425019,12.668567715964,12.9918860258157,19.4780564833113,33241.273258993,14510.9369593464,35.2571575159516,0
2227,9018,5.98937604030208,4289.91033271219,24.9163194149586,12.7481349253794,13.0793546262151,19.60201115019,36476.8106959531,19244.4540217274,399.498286624281,0
2227,9019,5.65531333167753,3577.98325004061,26.0173233005511,14.529009103691,14.9725037445351,22.3585424376647,34055.7946882141,25894.5776668048,-198.928344729936,0
2228,9020,6.11170769973027,4192.65620574706,26.1682018684275,13.0558336939219,13.4135654599037,20.0802462065138,32785.6970533528,22924.7606263187,484.615147598441,0
2228,9021,5.62949128550273,3652.19081370312,24.4420002425019,14.1629982508696,14.5710069751004,21.7885930533241,33224.9232483146,14492.1289819987,52.0754981844261,0
2228,9022,5.62451593105465,3996.01741471219,24.9163194149586,13.3709013896346,13.7370031494667,20.5647568708487,36459.572185947,19201.4001043791,449.589565042827,0
2228,9023,5.5711642197763,3448.38226604061,26.0173233005511,14.9028861769339,15.3693841456729,22.9370909660921,34081.475126724,25913.241473321,-153.532706066845,0
2228,9024,5.81232805681239,4342.57061119901,26.7680277108925,12.8006280324127,13.1481895374631,19.6868565807869,24867.7512469265,24087.1688193078,16.9157464914378,0
2229,9025,5.76233145813656,5093.97532592914,26.1476150170322,11.4631685686687,11.7339955410583,17.6187470678266,32802.2667795513,22926.4925477707,465.655388987496,0
2229,9026,7.92698732161473,3241.4641933275,24.7521575861225,15.4064914498887,15.8926903755977,23.7132762556019,36938.4042067791,19339.1238689986,1258.54351908776,0
2229,9027,6.19909570042594,2823.86597083781,25.4500587255457,17.057593344847,17.657561395066,26.2715940829858,33739.9980126555,32123.1504896222,505.241348156256,0
2229,9028,5.7365829223699,2450.67054404061,26.0173233005511,18.959219521633,19.6969727982115,29.219955593315,34069.106569132,25925.5613298907,-189.525167569738,0
2230,9029,5.83615879552793,6494.0580937663,26.3119563103457,9.79472789662983,9.98465282127878,15.0429130409127,32785.0987927283,22934.2015879599,434.337497101968,0
2230,9030,5.99584651953766,2464.43604609991,25.2604179027905,18.7617290624653,19.476502194916,28.9113679706151,33740.8327057881,32136.2564138036,515.425212868844,0
2230,9031,7.59981591258589,2851.37594799859,24.6302462796327,16.8291493579047,17.4052233030939,25.9153833758998,36957.0212599322,19330.0092754845,1245.02718694744,0
2230,9032,5.46290119060508,1955.03395445723,25.9879559931958,22.3554831843855,23.3454940466809,34.487410957628,34086.077898942,25910.0662889985,-156.661094973409,0
2231,9033,5.88174433620103,7311.8173957663,26.3119563103457,9.07927609179021,9.23724994699981,13.9391078913339,32802.086176067,22930.781485634,504.537777011976,0
2231,9034,6.10039586096327,3033.97652637857,25.3689828020281,16.2089581320558,16.7522218369524,24.9571547989056,33743.980141688,32127.2298231558,529.374661496041,0
2231,9035,5.33757782265033,6731.76031453794,26.5765856121645,9.58472409701762,9.76633160280585,14.7192113781792,31987.0855124757,24176.1270458842,-548.105989180253,0
2231,9036,5.45920458265557,3282.53136128963,26.0566194607609,15.4246858365477,15.9242600654799,23.7448065619844,34076.3927758928,25914.8424501417,-188.270510165932,0
2232,9037,6.03326590494154,2930.81457009991,25.2604179027905,16.5920987561524,17.1592472442979,25.5501232871217,33762.4227102005,32146.1105864991,543.531016018785,0
2232,9038,6.27065449358346,7271.15982009085,26.4968161669808,9.12021561429711,9.28079021414898,14.0024836692291,32111.8089858531,23598.9477134351,709.32619008089,0
2232,9039,5.43789431750565,3036.34675928963,26.0566194607609,16.28697084671,16.8421307154193,25.0798283990319,34070.7129913556,25906.4532932331,-174.147361116548,0
2233,9040,6.18626722246628,7182.85758609085,26.4968161669808,9.19145928477228,9.35514561019878,14.1123798311088,32105.6019252799,23606.2468721389,700.70647961744,0
2233,9041,6.06131460110212,2888.52465009991,25.2604179027905,16.762279336828,17.3406302299375,25.8136671298894,33747.0901593485,32127.7745078439,534.505313625795,0
2233,9042,5.4550735589519,2718.27890645723,25.9879559931958,17.600408985549,18.2428632083872,27.1140665275707,34093.7329510938,25908.5581292806,-207.731472199735,0
2233,9043,6.14947504905286,5579.92766887373,26.2794358293691,10.8056150219995,11.0438047375936,16.6033731296093,32767.92393661,22926.5461227495,485.888365136601,0
2234,9044,6.29478077798833,7100.9624977663,26.3119563103457,9.24998320964476,9.41539704990485,14.2024259305688,32784.3861266178,22917.6870673611,470.066121896741,0
2234,9045,6.43477304808529,6936.65333637857,25.3689828020281,9.34211931932553,9.50715604805389,14.3433313630312,33716.7904377481,32102.3736608432,462.111531308831,0
2234,9046,6.19405026474311,6064.03289067994,25.7387880381401,10.2046485611432,10.410729031222,15.674745557669,33664.6931363073,30709.460990547,48.6810459640245,0
2234,9047,5.38779162422833,3348.07088836228,25.6219636749344,15.1655434292229,15.644841664992,23.3426089325971,34716.9622330618,21133.0252437258,-164.029651291261,0
2235,9048,5.91938158612258,4248.23802873853,26.3383531671204,12.9550022489004,13.3082444445926,19.9246885209407,32787.3262784069,22925.3627759289,511.226237062508,0
2235,9049,5.88387945239757,3636.4054382597,25.6722998753308,14.3328680048345,14.7615405434266,22.0542688928264,34702.5422947706,21146.9219798875,-210.2830457697,0
2235,9050,6.0077657700829,4410.04582511185,25.7108855007475,12.5813394520981,12.9091503241731,19.3457952221034,33642.1516459151,30696.188056091,107.12466636176,0
2235,9051,10.6508466428327,6063.09612949741,25.5111800921255,10.192411335483,10.3966951955065,15.6555203213815,31804.0543865652,34307.59080828,-981.690681393667,0
2236,9052,6.05857256232927,3961.39343073853,26.3383531671204,13.5830033850279,13.9724907406788,20.8958196860678,32780.8749061184,22926.6733401869,486.436590520897,0
2236,9053,5.57059353320098,2475.81926236228,25.6219636749344,18.7576347895045,19.4764195213033,28.9062072672246,34713.4160393109,21156.2190570016,-165.476048340794,0
2236,9054,11.2433423612542,4608.25680349741,25.5111800921255,12.2014339174151,12.5071389957325,18.7582633135328,31787.2749137158,34307.0073121689,-918.916137228758,0
2236,9055,5.90486373677,802.427553361042,25.3553365802735,44.6224751140583,47.570473836853,69.1088643438984,34890.259358354,18058.4320865447,124.137991458656,0
2237,9056,6.17947787410465,3236.8311877663,26.3119563103457,15.6055277059319,16.118975265281,24.0254029828224,32793.5146741775,22933.9948604574,461.267976301576,0
2237,9057,5.52096823665841,2684.4249687799,25.3569729535434,17.6662916858549,18.3063276058721,27.2142325276701,33096.5074960299,17693.4719310696,-362.399430892324,0
2238,9058,5.90088512621948,3280.67990073853,26.3383531671204,15.4631139711558,15.9677077554478,23.8050026881061,32793.0027447714,22921.9280632985,483.284503596325,0
2238,9059,5.36892812476591,2711.8913907799,25.3569729535434,17.539241336665,18.1706400661311,27.0174051096605,33049.2367064293,17689.4866472524,-316.452262283171,0
2238,9060,7.31316928456173,3138.1864269288,26.4782562784596,15.966246043255,16.5045301520502,24.5843166952178,23315.9520387935,26731.892716827,1262.43482828359,0
2239,9061,5.97839652229503,3913.37675073853,26.3383531671204,13.6961767907586,14.0923182219736,21.0708627829181,32778.2006842445,22935.8823075142,462.148692779413,0
2239,9062,5.78872821827679,3169.72535362115,24.3862444966708,15.6022129775868,16.0970770849062,24.0152112905348,36202.6401303079,15398.6875216891,68.1853397229528,0
2239,9063,5.17110029025637,2739.7983327799,25.3569729535434,17.4125467106888,18.035367602607,26.8211385001103,33062.1006772227,17683.8490568957,-336.700422449664,0
2239,9064,7.50072925712734,2780.4621609288,26.4782562784596,17.3881128805139,18.0212684689096,26.7865898806659,23312.1623547286,26722.3917735617,1255.55461013552,0
2240,9065,5.72577054325529,5079.97773696547,24.3288620593469,11.3541963805317,11.6079314805497,17.4472497982486,36184.6865442169,15427.6309151713,140.310174150544,0
2240,9066,6.07389761433346,3440.9103741071,26.2727912136826,14.9530652708999,15.4249263885819,23.0153664507242,32799.7964728462,22927.1890512486,482.897421004848,0
2240,9067,5.48626687819707,2501.07146168765,25.333839923472,18.5761337477789,19.2787551104411,28.6239699794197,33059.7203053115,17673.2671224661,-341.896309315785,0
2240,9068,7.21322328026079,3293.58509023749,26.3487551568931,15.4221537142687,15.9242349334646,23.7416217019953,23311.467763055,26730.3015396544,1220.30379888725,0
2241,9069,6.00854772775284,4582.74018010382,26.2430692284222,12.3046875959438,12.6210026528488,18.9192168004908,32788.6553858567,22925.7523760443,486.775043449071,0
2241,9070,5.85719434193901,4157.11036296547,24.3288620593469,12.9668314742634,13.3056513644218,19.9388161555011,36190.2827526106,15412.680281138,134.358542424907,0
2241,9071,5.37218041289578,2760.40558568765,25.333839923472,17.3172277033287,17.9333673923296,26.6734141561422,33076.879496946,17684.8167848879,-351.649711215828,0
2242,9072,5.75116444343696,4786.32710496547,24.3288620593469,11.807339380454,12.0841419072616,18.1471382177028,36199.4581169173,15419.8190834951,125.814692861257,0
2242,9073,5.75101565170891,4097.11093210382,26.2430692284222,13.2675247197384,13.6379441702113,20.4077315835896,32794.2102616878,22913.789535277,506.144989309727,0
2242,9074,5.61946830972216,3878.53344968765,25.333839923472,13.6837444664111,14.0711885424062,21.0494385109112,33070.9359359371,17676.5663698267,-315.097082195832,0
2242,9075,7.3060830387266,2071.67071423749,26.3487551568931,21.4891185106161,22.417668810917,33.1445088440748,23321.6064774166,26711.4477183647,1223.92364361984,0
2243,9076,5.67592365560533,4957.16076096547,24.3288620593469,11.5379467707549,11.8009538089302,17.7310335157707,36187.2673077891,15417.6167242158,137.883872047155,0
2243,9077,5.88791567476412,3857.6422941071,26.2727912136826,13.8244438418569,14.2276522318511,21.2691201010674,32788.2297701986,22930.0785972515,509.945388160641,0
2243,9078,5.11882656275014,2580.98178968765,25.333839923472,18.1634711498629,18.8373745210172,27.9844860064273,33089.374712083,17693.2919162583,-275.868303072709,0
2244,9079,5.67352096905482,6413.98242696547,24.3288620593469,9.76428673838953,9.94270592700774,14.9931414892386,36190.6359861226,15419.2910748788,126.298829315815,0
2244,9080,6.02412983888589,3882.22527610382,26.2430692284222,13.7618955321091,14.1611678595847,21.172306649915,32781.3038868485,22921.3500603473,474.704765789957,0
2244,9081,5.7666222689546,2511.88508678541,26.1967450592234,18.6538666091574,19.3720153343324,28.7472172245033,22852.5649797573,25082.5361679809,555.344610281432,0
2244,9082,6.78715292607016,5617.64699708672,24.367217366545,10.6363007801716,10.8551410624148,16.3388980253431,37197.3885257668,18128.222142952,878.671886585583,0
2244,9083,6.46325955653333,4255.43447882075,23.3193967005334,12.6758301063878,12.990953646909,19.4869106559336,37505.3427729273,17415.4197581937,-242.920023682024,0
2245,9084,5.64268977666019,5537.21547096547,24.3288620593469,10.7337373776709,10.9570123526649,16.4892463585714,36190.756343598,15423.0915871571,134.097928156195,0
2245,9085,6.66004794887232,5681.67657908672,24.367217366545,10.5585050069927,10.7736449331779,16.2188120576871,37195.4137086326,18135.1411398095,864.691915066201,0
2245,9086,5.95433922058074,2491.1492541071,26.2727912136826,18.7772640377184,19.5050456785451,28.9387288629801,32808.3638130738,22954.1607855847,489.517536966928,0
2245,9087,5.79397114631522,4573.42087765138,24.9756500697699,12.2202731716258,12.5232673717432,18.7863482891015,36096.2965916351,20267.324860886,258.520396459702,0
2245,9088,10.7828783666893,3578.77396659255,27.0629489891318,14.6352459240036,15.0940762540818,22.5253604203706,30918.790063887,28873.8299152838,-218.221925543292,0
2246,9089,5.73877497644679,5841.81302496547,24.3288620593469,10.3681273504687,10.5740839707094,15.9249084805776,36190.5343987891,15413.7696453426,137.979940058636,0
2246,9090,6.77455088292677,5523.59597708672,24.367217366545,10.7534368655666,10.9778891658623,16.5197209854487,37224.0268174986,18135.3586526108,852.644585670575,0
2246,9091,7.00340616353964,3524.08378017819,24.5190368697111,14.5204328805995,14.9503269443735,22.3416696416674,32086.8504747892,14725.7947604152,889.898773499109,0
2246,9092,9.78596340984037,5006.59452965489,27.3665857970036,11.681445918211,11.971286733308,17.9580607353975,29057.7167794766,30283.8672425164,-1050.40136233175,0
2246,9093,9.9321383660565,3932.561104169,27.1053999413915,13.7220244319797,14.1256222836959,21.1124766866315,30739.501984075,28875.9558671571,-104.866438307313,0
2247,9094,5.96116952062981,4911.34668096547,24.3288620593469,11.6085654872045,11.8751657850614,17.8401050929186,36199.6737295287,15411.2300989424,102.552323677977,0
2247,9095,7.08801086185832,3539.59008417819,24.5190368697111,14.4769325476674,14.9042259388046,22.2743767198329,32103.8525587869,14733.997245525,920.19719303641,0
2247,9096,9.57856904482698,6216.15231965489,27.3665857970036,10.1336370729322,10.3447873514891,15.5674668311159,29023.533497554,30216.9473125944,-1109.17764045771,0
2248,9097,5.6917664159824,4647.62938296547,24.3288620593469,12.0388999462919,12.3277495176899,18.5048591317961,36207.4746187114,15417.1829325371,140.836899174624,0
2248,9098,9.7159305303633,7389.53023131596,27.3773693261833,9.06739937495154,9.22952698242038,13.922080821816,29055.8857714076,30222.5922567439,-1081.64440454264,0
2248,9099,6.83935865214807,3029.70559983826,24.4682124345093,16.109529443717,16.6372842387837,24.8007093725804,32111.7756769784,14718.8222126399,877.477192857394,0
2248,9100,5.40767686688868,2001.60300333542,26.2425354955458,22.0207640779534,22.9885402491346,33.9689988210988,30460.8326143049,22328.2868165706,-305.888289487931,0
2248,9101,3.80425992293981,5461.96954560195,27.2161961977868,11.0181205791348,11.2723577761642,16.9330367083674,29819.1610395646,30512.9505168322,-455.325640809312,0
2248,9102,7.21049465397196,5442.19632305827,27.2057761602925,11.0437794727509,11.299270798605,16.9726529951187,27762.1059089859,30209.034111654,1029.61278103144,0
2249,9103,5.61476181984456,4684.56698496547,24.3288620593469,11.9760452426631,12.2616076792269,18.4077548380532,36173.7738440772,15392.5378692249,120.112025700624,0
2249,9104,6.86660932246847,3318.04796583826,24.4682124345093,15.1271818357796,15.5933952707282,23.2802928591909,32087.0681349423,14708.315735236,870.784105477281,0
2249,9105,5.47312753733974,2046.84440733542,26.2425354955458,21.6601964214977,22.600350699278,33.4095396352045,30472.3557182209,22312.818341271,-306.04942262429,0
2249,9106,9.09174599528942,8675.35521965489,27.3665857970036,8.19224217936733,8.31748877393919,12.5724853360541,29020.7326179718,30186.1323457533,-1102.79496823445,0
2249,9107,5.65559447989089,6430.11912870829,27.0850893875485,9.89883455485259,10.0974227153648,15.2046391453239,30770.3507039663,28265.9620806189,298.779757325721,0
2250,9108,5.89157791742273,4666.31591586436,24.080814106797,11.987212873722,12.2716179965199,18.4245270809595,36160.567018859,15387.2216129965,128.432755855445,0
2250,9109,5.38226696200372,1859.32357314383,26.2292787889136,23.2583904745,24.3223337970229,35.8896895653066,30444.057781569,22311.2180087538,-318.675711408791,0
2250,9110,5.84680259577708,5946.83509690388,27.0175544302674,10.4096421711887,10.6323642598165,15.9930790868721,30845.2026652655,28716.6350387054,-224.063286292278,0
2250,9111,5.91677335242957,7489.06159762904,27.2067166296351,8.98277196253183,9.14046914393593,13.7913365307363,29663.5767363164,29972.4792708796,47.8728361146871,0
2251,9112,5.67936333723616,4735.71984186436,24.080814106797,11.8709821854245,12.1493609769891,18.2449764705693,36164.3506114329,15382.0083857731,146.926138603627,0
2251,9113,5.42782314845924,1814.34648114383,26.2292787889136,23.6883074058622,24.7862571767078,36.5570525305379,30489.4407806643,22317.8934947053,-308.727071542937,0
2251,9114,9.47829317531284,7629.98636980936,27.2234779761374,8.87769305334017,9.03091650007747,13.6292801397471,28406.0593274584,30123.4834828912,-1064.99796375943,0
2251,9115,10.5904930384131,2861.67983766095,24.4551235801499,16.7625568385513,17.3323827039808,25.8117438055969,25406.8087197168,18978.8565844355,-998.154896076917,0
2252,9116,5.86932896970769,5176.79049186436,24.080814106797,11.1971727148357,11.4414889629303,17.2043294302976,36167.2632179097,15390.6973867244,134.388704030173,0
2252,9117,5.37067424666104,1897.64881314383,26.2292787889136,22.907166162036,23.9435290126123,35.3445383380274,30471.8861276462,22321.3683649896,-268.654412422286,0
2252,9118,10.544384037614,3158.70044766095,24.4551235801499,15.6483563814223,16.1467903766393,24.0868162422869,25433.4579573314,18997.7335700969,-979.079085546118,0
2252,9119,7.50740494892706,6268.71440944688,27.2231062461751,10.0705644577169,10.2779718386313,15.4699023470058,27774.1379163009,29292.9557045093,234.055998367037,0
2252,9120,6.46910672208732,5792.72519483775,27.2225761581213,10.601749649273,10.8350296805531,16.2900088219346,29404.0362685198,29993.514335724,486.031623650383,0
2253,9121,5.88373160307837,5634.09430386436,24.080814106797,10.5976698726697,10.8129747870816,16.2787978180036,36157.4314537268,15385.1090590682,110.687943699327,0
2253,9122,5.07664907944966,1579.90173714383,26.2292787889136,26.3001522509556,27.6101101630063,40.6129640524651,30447.5854066469,22355.1173204934,-281.705061755456,0
2254,9123,5.78670404237587,4655.94166986436,24.080814106797,12.0048500559366,12.2901734303444,18.451773651768,36195.9733972762,15413.7011299153,99.1278843536306,0
2254,9124,5.37490363731836,2070.70709514383,26.2292787889136,21.4733793566506,22.3991272684057,33.1196471565804,30468.3625877398,22329.1717210082,-323.397261101108,0
2254,9125,9.92672995866483,4638.65794007381,27.2927351820237,12.286521349412,12.6088500023143,18.8930723949423,28752.3009694788,28945.3630490214,-1011.84861669825,0
2255,9126,5.71973363793292,4724.79494586436,24.080814106797,11.889077532945,12.1683916676357,18.2729289812113,36199.2666687673,15402.0653205535,88.1531232776128,0
2255,9127,5.30722887240899,2563.73707914383,26.2292787889136,18.3873584643451,19.0870766125871,28.3342536206826,30476.6071640256,22315.3450441204,-290.323762228051,0
2255,9128,5.65708034756816,8758.45736558403,27.2658486882718,8.139616156112,8.26237954067808,12.4912560285675,28521.2110523119,29622.4223011788,-173.916219972806,0
2255,9129,5.57944496329914,7648.85360327635,27.2017101161731,8.86282497007085,9.01531762699918,13.606322981899,29825.9139385075,29290.0770982309,626.277635476778,0
2256,9130,5.93328056435333,6079.54126091916,24.7124077560485,10.1278464063633,10.3247939836086,15.5546780111484,35721.9951963105,17221.9507432831,6.73873648913785,0
2256,9131,5.97534864418912,2679.31617962329,25.3882333207822,17.6947574847324,18.3370811545744,27.2584291019655,33682.357402616,31577.1558459055,321.462494691744,0
2256,9132,5.28450136938291,2768.64495714383,26.2292787889136,17.4062095454024,18.0379776947934,26.8139042649465,30481.226236735,22324.6936252272,-299.499904613224,0
2256,9133,5.87849846201115,5561.80497186436,24.080814106797,10.6866623183679,10.9061944682342,16.4161654697485,36185.8367055907,15414.454410635,102.77862750945,0
2257,9134,5.66729518930855,4809.47804891916,24.7124077560485,11.7992631481151,12.0782547332697,18.1353821016976,35727.6828104007,17225.0404407286,-52.3321047782347,0
2257,9135,5.97416706461668,2804.73222362329,25.3882333207822,17.1310447816441,17.7352683158258,26.3851823192174,33673.2686785084,31571.047161093,304.694676804314,0
2257,9136,5.6234055945087,1844.27981514383,26.2292787889136,23.3999958099353,24.4751104841887,36.1094961457051,30467.9899026309,22327.0137768946,-297.2163769455,0
2257,9137,7.02092246370845,3341.67632975722,24.6001064119986,15.0687269735595,15.5325933779957,23.1901822607281,23918.6287896463,19688.2612059008,1021.68743081351,0
2258,9138,5.67792957559653,5068.10734091916,24.7124077560485,11.3993623300797,11.6578522052552,17.5176877153851,35702.2376667589,17230.2806771715,-3.40012911725383,0
2258,9139,6.24613840666967,3121.72495842935,25.3503754508983,15.8874462355161,16.40981773723,24.4593322278522,33683.0101325834,31609.5248104502,289.044400123473,0
2258,9140,7.0169576795832,3213.68324375722,24.6001064119986,15.4801795765357,15.969509871183,23.8269171194601,23920.8042287609,19684.8261516419,1055.39007469805,0
2258,9141,5.12293237367695,1615.98032514383,26.2292787889136,25.8517291390249,27.1246640789529,39.9164351949835,30468.8134811825,22317.3135140665,-298.657200137472,0
2259,9142,5.40226345850845,5646.61309476055,25.0182902295927,10.6425577253662,10.8655136902031,16.3496115108255,35205.2717296233,18343.8357258252,-141.627212199441,0
2259,9143,5.79152632870864,2729.33176842935,25.3503754508983,17.4588406252691,18.0847194798082,26.8928328144881,33660.117868494,31599.027684833,352.206520543215,0
2259,9144,5.40741085762284,2015.590818372,26.0647302730032,21.8721417650314,22.8260587444079,33.7377123321135,29749.5199639434,21963.8190246609,18.300047505,0
2260,9145,5.47708349798717,5316.66495652704,24.8033988727563,11.0538141056539,11.2955813926977,16.9842205051373,35210.5751229521,18347.8909782083,-151.270017398546,0
2260,9146,6.00837420983461,2617.14693156459,25.3015257934829,17.9794841211933,18.6403308165431,27.6993004438469,33655.9620695706,31571.5663600173,300.647776528024,0
2260,9147,5.67102211257093,1668.23964317498,26.0389174850958,25.1875566893057,26.4030815580052,38.8840764942015,29741.2581682909,21925.2036433222,-30.1901713002116,0
2261,9148,5.44441731831209,5068.49801452704,24.8033988727563,11.4053439781129,11.6647222175706,17.5270877240487,35206.0170202926,18336.5747762632,-136.94504439642,0
2261,9149,5.35071971674688,1897.77258917498,26.0389174850958,22.8653053154841,23.8956437608993,35.2788079600276,29756.9116879556,21935.3365641539,-21.7040679871177,0
2261,9150,5.79570158309952,1592.79208263995,26.752357718036,26.2737919326525,27.5901324558085,40.574390877669,28351.8391139799,25565.9365884209,398.398776630739,0
2261,9151,6.08419918236916,1076.56536920237,25.2621908936714,35.1032175513007,37.1603247638423,54.2925775957718,33722.0242999622,31617.0125857049,345.609788574715,0
2262,9152,5.96244815781544,3225.69845259135,26.6999303586845,15.6882822141941,16.2106209191752,24.1545061612996,28347.3167653849,25529.5772712638,401.286738359013,0
2262,9153,5.5235887339989,2490.91074317498,26.0389174850958,18.7418252916964,19.4643793668062,28.8830499861936,29742.2146488794,21933.9167913566,1.00314165656073,0
2262,9154,5.42549561289387,1656.29617252704,24.8033988727563,25.0129683315003,26.194206059547,38.6073936170089,35171.0393989076,18303.9686275882,-70.4587047111428,0
2263,9155,5.44901791618972,2174.85966917498,26.0389174850958,20.678662553551,21.542081535177,31.8861636420942,29755.703755669,21937.133897692,-47.6942850844921,0
2264,9156,5.564725896415,2217.81539836706,26.0578111852167,20.3888300931807,21.230970263773,31.4367151288031,29769.625099117,21935.475340245,56.4470767509013,0
2264,9157,6.02948358508446,3064.99680852095,27.1831142050185,16.3191427835946,16.8872952446592,25.1326455392949,29564.7578701458,27504.8974598621,-331.147422547301,0
2265,9158,5.40556126945799,2285.93678717498,26.0389174850958,19.9414511288458,20.7504272300919,30.74286936768,29740.240858992,21934.0941623866,-25.5569968249392,0
2266,9159,5.48367513802733,1884.00633917498,26.0389174850958,22.9895663119044,24.0296181180606,35.471666612849,29743.5984080327,21956.1223149692,10.8713221738412,0
2267,9160,8.36667649793969,5577.67256953461,24.4062034891298,10.688203355299,10.9097565700122,16.4190825757247,36500.3821092212,25814.5595526386,-1374.93291545592,0
2267,9161,5.65834870278526,2136.97494917498,26.0389174850958,20.9463541533714,21.8297808753522,32.3013761112731,29743.862713678,21935.4923927363,-20.5481445513841,0
2267,9162,5.96814139520342,2369.8680884248,25.7822838567491,19.3842388613377,20.1496111986934,29.8780497763593,33882.0264200164,22467.4937925912,532.958219415716,0
2268,9163,8.40721695516517,4890.48339553461,24.4062034891298,11.6469488527218,11.9160280373752,17.8995338963704,36485.6478702692,25800.4343384025,-1415.13849121882,0
2268,9164,5.56965180363202,1842.11288717498,26.0389174850958,23.3784176130954,24.4490143610195,36.0752231416554,29742.5782361457,21940.0416658895,-14.5092500712695,0
2268,9165,8.25412119913861,3169.87043212172,24.2126529339203,15.5803883108546,16.0721735959076,23.9809609766467,33434.8410189691,14334.8891556152,-1431.93647384668,0
2269,9166,8.36156085591964,5128.05583153461,24.4062034891298,11.2899199613913,11.5409356973603,17.3481260917606,36482.5558487891,25797.3303955818,-1472.63848200357,0
2269,9167,5.6723462019994,1966.25645236706,26.0578111852167,22.2752785052016,23.2600836956985,34.3632238521781,29765.8561555344,21933.9310938028,106.854408592096,0
2269,9168,8.7110412418586,2611.77564412172,24.2126529339203,17.8404100431839,18.4792077684358,27.4803762860416,33431.778979834,14301.6168712521,-1457.33821891264,0
2270,9169,5.93786800737078,2206.70479640317,25.8799171308344,20.4315293496104,21.274542492811,31.5023057172053,29940.9527216305,21973.6343726546,545.262068731695,0
2270,9170,8.53668678736207,2719.0700587813,24.306111898333,17.354096145375,17.9613282916572,26.7273870894023,33410.907640533,14307.2811888238,-1474.27453305104,0
2270,9171,9.58415557730877,4324.16470315887,24.317876539163,12.6288523751038,12.949081318955,19.41642113218,36483.1036445376,24560.8713389869,-1105.64865166978,0
2271,9172,6.0226158922308,4247.06128040317,25.8799171308344,12.9179579306379,13.2657589651513,19.8664930207613,29947.8505823742,21962.5567523819,512.962592302764,0
2271,9173,9.88009545967093,3884.66849116487,24.4109386694572,13.5796411229307,13.9535649985785,20.8863841861828,36445.6159495316,24505.3228382617,-1168.84444435414,0
2271,9174,8.54909422319267,2610.2175667813,24.306111898333,17.8622574932138,18.5036276662323,27.5145220074588,33400.8593662849,14311.6325656448,-1403.35431098207,0
2271,9175,4.74610103325637,3221.74561466345,23.7442272807686,15.3499208635594,15.8228109479241,23.6230299344159,37477.8857237968,24533.1882484746,778.929780446107,0
2272,9176,5.85463801391579,5071.51648640317,25.8799171308344,11.4777409347834,11.7476555951604,17.6407977382551,29929.4719951586,21972.8321460145,509.026985905534,0
2272,9177,10.2947356616913,4137.59304916487,24.4109386694572,13.0152552335254,13.357394900645,20.0138428932371,36438.1465687201,24553.6132059133,-1049.44959309145,0
2272,9178,5.56958307762407,4231.9625547459,26.0877029419507,12.9669573527653,13.3190495735617,19.942668470547,29806.2994902288,22732.0029173378,-304.575277150036,0
2272,9179,6.35599096938534,3226.50387455845,23.5827531125124,15.3146950961617,15.7838280888962,23.5680825741732,37583.5618636057,24512.4912422707,663.038552491335,0
2272,9180,9.99411369282162,4335.30559532302,26.2047652556032,12.7679549714775,13.1096756248028,19.6352409287302,24750.1092712519,32548.7530576174,-1009.08922241574,0
2273,9181,5.90092402818193,6201.71459840317,25.8799171308344,10.0657414425958,10.2660436433907,15.460556739571,29932.331556611,21956.228960125,504.208494825367,0
2273,9182,5.54800963501065,4506.16420100049,25.4796128026806,12.3824407484176,12.6977200138235,19.0379300372819,32718.8895677081,18871.8275897533,-418.12878135301,0
2273,9183,9.52837043658445,4149.14312974163,26.337939975351,13.1631092334763,13.5282302992994,20.2464657305134,25346.5191821225,32230.3157222018,-1217.5920782026,0
2273,9184,5.30521128711515,5381.27466252393,26.0668544916032,11.0513011747112,11.3005632944984,16.9824446406987,29789.3241014551,22707.3939045093,-283.406902579378,0
2273,9185,5.5801748288419,1840.71975017416,24.9196699297224,23.141282223471,24.1764414870417,35.7025080213988,25220.0824131087,20571.2679289284,202.166948835882,0
2274,9186,5.91896038165563,6662.01394640317,25.8799171308344,9.6128244610815,9.7923342518543,14.7616373897871,29937.6840300603,21962.5910897479,524.037674406503,0
2274,9187,7.96029539271973,4126.77798149995,25.6959298239157,13.1541678720765,13.513971029531,20.2313152492188,32157.0037299423,19977.093541885,-1504.20334453711,0
2274,9188,5.91781279250293,2696.12148617416,24.9196699297224,17.5481882791717,18.1753372769691,27.0299275984313,25273.5123332425,20561.539679556,188.832551630207,0
2275,9189,5.5940534843757,5314.01277622737,25.9822277749456,11.1372383594113,11.3903414452345,17.1150290313948,29810.1821590185,22722.3172113724,-269.744503497133,0
2275,9190,5.74169335684102,2290.71093017417,24.9196699297224,19.7160582281062,20.4945053707932,30.3894947819427,25244.8847682045,20573.4571575851,184.816457065624,0
2276,9191,5.60313786115143,4478.85293422737,25.9822277749456,12.4737859992619,12.7975834174406,19.1800807964866,29799.7359032978,22718.1717234035,-273.422787229758,0
2276,9192,5.92506500712809,2631.60733217416,24.9196699297224,17.8519556244681,18.4997182011293,27.5005161048977,25237.835141166,20568.062352817,160.722330136828,0
2276,9193,5.21831409844329,1546.56988168848,26.2190504706076,26.7292515120817,28.0746912222336,41.2794939786969,32399.4062557709,29316.0383588094,-320.066321198206,0
2277,9194,5.65854538184287,2254.19182217416,24.9196699297224,19.9464610007009,20.7415343233299,30.7467034766027,25209.4686816109,20568.8357257224,182.581547709695,0
2277,9195,5.57527115179605,2125.88143222737,25.9822277749456,21.0157378362247,21.9036193239366,32.4087944456946,29860.3079172114,22733.0742566486,-276.255115286144,0
2277,9196,5.54848928446792,852.22225768848,26.2190504706076,42.9237927669841,45.7313251033692,66.470101251891,32398.9537360471,29297.7513454502,-221.368340399593,0
2278,9197,5.99394333881855,3215.14215017416,24.9196699297224,15.5136981591675,16.0082100036747,23.8796439430644,25228.9432396953,20546.8515761497,126.000808747906,0
2278,9198,5.43398756534946,2889.52285222737,25.9822277749456,16.854762253868,17.4467342642212,25.9589623261509,29862.3030082224,22750.0358743714,-238.783890900635,0
2278,9199,8.71551019293079,3790.42364725877,25.6860051943942,13.9338026594225,14.3387690349978,21.4369758391259,32160.7239354935,20097.2364483444,-1201.92502143809,0
2278,9200,6.00296608650129,2064.26324047598,25.6479184624523,21.4093461474185,22.3223468689776,33.0181286210774,32971.4063428324,31191.3377383971,9.43830797165946,0
2279,9201,5.43796995372389,2496.82129822737,25.9822277749456,18.7010414493215,19.420048566995,28.8196537685554,29884.2982049775,22712.992412205,-266.842596390399,0
2279,9202,10.5196120515479,3547.626561197,25.7178917646449,14.5827037641095,15.0269040580198,22.4409154665921,32111.2048177104,20194.1946155942,-1009.58371193759,0
2279,9203,4.80353437611096,2527.96613837921,25.5348265534228,18.4659302371578,19.1631950949749,28.4538299569584,33156.592070182,20286.008954793,678.323151354984,0
2280,9204,7.40293482024827,3804.94258807571,25.2979933273878,13.8594265838111,14.2568385292389,21.3210631059729,25884.2267856157,22023.2007270191,1154.3716865776,0
2280,9205,5.53984372337629,2558.89484347611,25.848772940827,18.3542297243582,19.0473019601723,28.2817195106093,29848.9943312245,22731.3075260016,-213.82378461006,0
2280,9206,9.89648526094339,3351.40091353245,25.6776212006838,15.1614191213826,15.6409666858052,23.3363654328417,32116.9345508169,20212.6098300007,-989.401439385797,0
2281,9207,7.45282558773495,3690.95803807571,25.2979933273878,14.1495337497292,14.5640734262502,21.7697855973644,25873.8423860526,22014.9163073656,1142.8032501978,0
2281,9208,5.88064075986714,2871.15744547611,25.848772940827,16.9128381253833,17.5073130349155,26.0485357993197,29861.809049871,22731.2119763201,-227.3190759524,0
2281,9209,9.75856731400177,3922.72530080481,25.6646676135096,13.6104446128228,13.9962666971755,20.936807737928,32126.8755037419,20193.2258129728,-1087.63176800413,0
2282,9210,6.83473576157356,5209.48696959421,24.1755207547952,11.1579322969604,11.4009156264454,17.1439052784882,35630.3318567473,15752.8538917968,898.402755582513,0
2282,9211,7.25917085748824,3710.86954207571,25.2979933273878,14.0977011558155,14.5091634574751,21.6896089499031,25876.8852236471,22028.7133798116,1142.11643130059,0
2282,9212,10.2371676088665,3421.04712553245,25.6776212006838,14.9475782486762,15.4138335578395,23.0054245037469,32139.6226291976,20208.3463273648,-1063.08342831403,0
2283,9213,6.87890180059133,6598.57868559421,24.1755207547952,9.58077888768081,9.75031337898616,14.7098329405615,35649.1796436896,15769.2824913287,896.017648000338,0
2283,9214,7.41945724581627,3135.85878607571,25.2979933273878,15.8311452753626,16.3494075749244,24.37203280909,25890.3638587412,22022.0670911684,1180.51360126738,0
2283,9215,9.72109337715418,3916.78630753245,25.6776212006838,13.6256763749656,14.0124880430662,20.9603923337409,32104.3612349169,20167.0123359356,-1010.9551887328,0
2284,9216,7.01592561908186,3766.38750159421,24.1755207547952,13.8429310384912,14.2300017741392,21.2929669443472,35627.6591235638,15761.2417900202,899.626393876537,0
2284,9217,5.9609917841228,2835.85661190384,25.1027204267744,16.9590094280092,17.5487160281158,26.1178867703387,25703.3808932075,21095.0203408838,75.8563614941819,0
2285,9218,5.91648956831165,2536.6978650384,25.0641528983489,18.3471410086625,19.0306307574334,28.2682301024083,25723.7128758206,21082.548256284,121.288223621725,0
2285,9219,7.36299251472728,2157.89841364942,25.6290024752334,20.7213041059103,21.5825182260828,31.9508168075541,31712.3902052122,19622.2654172817,1234.28264543848,0
2286,9220,7.96859271461916,5770.93829847209,25.4737114282699,10.5214140398423,10.7411356083133,16.1633122413894,31767.1921582023,34108.0907726648,-1468.34368259891,0
2286,9221,6.19116402509101,4041.67559877094,24.8632310936611,13.2639279805055,13.6235392036005,20.3992474141492,30752.1611779112,16199.110419465,499.473929357658,0
2286,9222,5.52748797582842,2656.0567590384,25.0641528983489,17.7566979251444,18.3996110314574,27.3533901263832,25716.4734802845,21078.3214782149,74.9501345663798,0
2287,9223,7.99579811277946,5407.31100805187,25.5222414390837,10.9804306261222,11.222908904627,16.8721063097313,31772.5768770475,34102.8470513226,-1499.30630601416,0
2287,9224,5.90006453175771,4068.48124077094,24.8632310936611,13.205004890295,13.5612874365421,20.3081494120873,30777.7484553415,16199.4376030725,489.088263357339,0
2287,9225,5.6117903664195,2330.00749590384,25.1027204267744,19.5071252730824,20.2728964371071,30.0662341573703,25718.3619546547,21089.1300701044,89.5476764247133,0
2288,9226,8.143922732087,5001.43790605187,25.5222414390837,11.5578677612817,11.8296661634105,17.7639490976656,31763.3881555865,34106.38769323,-1499.31925058228,0
2288,9227,6.16188412068985,3195.74504277094,24.8632310936611,15.5720524086138,16.0696846882095,23.9698135676232,30750.8566190418,16182.9207531113,483.275460760507,0
2288,9228,5.72610207973338,2459.76266190384,25.1027204267744,18.7618006637236,19.4746853223772,28.9109571617749,25699.4582892616,21106.7617355208,87.3202840517777,0
2289,9229,6.14304478529713,3376.18203477094,24.8632310936611,14.9925590402082,15.4541963141772,23.0729946248306,30764.9964889641,16199.4628318923,467.077742879574,0
2289,9230,6.26015541652982,2238.35536803315,25.5171918335011,20.1559150471197,20.9739709506488,31.0736037355876,30343.1010315897,19468.1690979511,508.91308897066,0
2289,9231,5.93546420967086,2276.7470130384,25.0641528983489,19.828901957631,20.6173421904072,30.564953918036,25679.7478762878,21075.768003126,72.9532705058717,0
2290,9232,5.97503603305822,3819.98130475458,24.8331740653367,13.7765466289095,14.1652944126841,21.1918293931403,30757.984089167,16193.8264215585,482.713050264707,0
2290,9233,8.01556123108117,5053.27224402088,25.4214246036036,11.4723545395857,11.7391007366807,17.631679348618,31774.2694096812,34083.4893395729,-1466.29391950681,0
2290,9234,8.95116900827295,4572.32950770005,24.0580651900818,12.1477243596754,12.4403596366825,18.6724561272235,19363.311661128,24623.6351933004,-1288.79923261073,0
2290,9235,8.74370936565452,4721.75865064987,23.9081046893433,11.8804834002815,12.1581474228509,18.2593204309216,37151.5026459413,22536.7915883103,-1467.98735035994,0
2290,9236,6.2643983154743,1766.81817758398,25.51416099125,23.9982444070198,25.1099073790947,37.0351833845054,30348.8621546957,19470.4187107363,509.503024538997,0
2291,9237,8.87170050513145,4729.24273170005,24.0580651900818,11.8799107096844,12.1585924787158,18.2587249074018,19365.5846224504,24632.8515495038,-1329.87732438304,0
2291,9238,8.14521150845291,4117.71789402089,25.4214246036036,13.1490285130262,13.5064551704833,20.222794426532,31755.178920313,34080.2199024854,-1474.38904330237,0
2291,9239,6.07943274533505,2854.91211475458,24.8331740653367,16.8423999350588,17.4215196054133,25.9365020312071,30775.1161532444,16195.0316579595,509.500407659123,0
2291,9240,6.39302274909458,2911.98935978555,24.4826227393906,16.563023201677,17.1201379433428,25.5028601057294,36125.1857623372,23144.8398986408,609.79696540421,0
2291,9241,6.01832134763808,1518.05653358398,25.51416099125,26.9175154884522,28.2665610280149,41.5686134291764,30341.0303275345,19446.8762750777,510.162236113246,0
2292,9242,7.98180302657811,3928.29429402088,25.4214246036036,13.5743030114652,13.9560965461957,20.8803835360795,31778.3328347014,34106.4006857229,-1455.70902901002,0
2292,9243,9.04027723735427,4627.59274170005,24.0580651900818,12.0515681150884,12.3391670832774,18.5239021721292,19354.4423184769,24628.4760427044,-1302.48334141994,0
2292,9244,6.54274316599318,3165.83187637304,24.3966282259734,15.6167621220631,16.1126390292291,24.0377574638488,36158.0576819118,23149.5097266763,622.718844240271,0
2292,9245,5.897866548401,1966.57197158398,25.51416099125,22.1603424800777,23.1285916730695,34.1827477831788,30353.3644732477,19476.0940381813,505.941336658849,0
2293,9246,9.12716287082969,5664.00414570005,24.0580651900818,10.5599678154621,10.7733556414787,16.2205664741397,19364.0487096176,24617.1997679055,-1285.54764517299,0
2293,9247,6.48731624342585,3517.58709637304,24.3966282259734,14.5254150661281,14.9545084989493,22.349074174146,36153.0919225167,23159.5153867034,656.862999396512,0
2293,9248,6.52012715637576,1457.13261758398,25.51416099125,27.7754857975476,29.1962756459431,42.9015435894975,30362.9015687962,19450.9854605162,521.566234576792,0
2294,9249,9.08678410802697,5356.14674370005,24.0580651900818,10.9497707080286,11.1818218787672,16.8223018037267,19371.9455565601,24650.4717771353,-1325.24912184563,0
2294,9250,6.22768055904262,3241.31497837304,24.3966282259734,15.3645566677441,15.8447273185013,23.6474353214346,36159.2707066245,23165.8325989226,629.998097631419,0
2294,9251,6.01592827652734,1687.61268158398,25.51416099125,24.83958407886,26.0185247045174,38.3414056676336,30367.6607048238,19481.4591301394,466.322213819235,0
2295,9252,6.2519221145466,3298.14205837304,24.3966282259734,15.181592578227,15.6504701616098,23.364301366429,36167.1712107452,23158.0409670708,647.416110820539,0
2295,9253,6.05911444226215,1507.32987158398,25.51416099125,27.063804856167,28.4250238581092,41.7958695782753,30327.9030557457,19432.6492873357,536.011461091579,0
2295,9254,5.38723804464065,3046.53627649452,24.7430450354938,16.0827175410623,16.6115552554609,24.7599724958948,21950.9326656373,23790.2884448214,-37.3627616414365,0
2295,9255,5.08999447488672,4024.69660607154,24.8869243561166,13.3038200744189,13.6658775679965,20.4609756700114,23124.4416153952,22612.0203320859,335.12888197892,0
2296,9256,5.64754904652897,2810.38890269932,24.7603924912826,17.0193524056584,17.6093768869898,26.2103281762554,35113.8981239246,25489.7959704024,-1.3711651531101,0
2296,9257,7.04978820508706,4519.5954080471,24.8052550363197,12.3029500614781,12.6091665787153,18.9137717701567,22445.6731884035,23174.5385018651,918.045890508468,0
2296,9258,6.64872003041294,1177.27026158398,25.51416099125,32.7939801631679,34.6493840429891,50.7024750683213,30342.6205970049,19491.814008866,490.97565295816,0
2297,9259,5.7159696479408,3485.19946469932,24.7603924912826,14.6575646108315,15.0978686687029,22.55441509988,35123.4673954979,25484.6078042217,22.6095550022687,0
2297,9260,6.65119920312568,4001.33596687231,24.7345160674405,13.3418514153399,13.7048585775118,20.519443489376,22426.6719989083,23152.6077455361,897.681895105491,0
2297,9261,6.08940590627237,1484.73119558398,25.51416099125,27.3785542862639,28.7660486342015,42.2848471036304,30337.9245951201,19440.159190219,488.815943688885,0
2297,9262,5.76888415105768,1615.94842904387,25.353171189178,25.6257791865624,26.8657610355717,39.561512128672,33828.2214453092,28613.2321932257,76.3499649679158,0
2298,9263,5.67297325776493,2421.59343104387,25.353171189178,19.0145490939782,19.748295052864,29.3035317050306,33816.1736432584,28599.1923092523,124.192441910686,0
2299,9264,5.66384978706042,5177.72129940148,24.4804640756823,11.2241973662319,11.4724070017025,17.2467650925488,35671.5829437466,25339.4483738209,186.77046938132,0
2299,9265,5.9397395803825,4031.20945904388,25.353171189178,13.3325090169297,13.6998528980032,20.5063407065835,33827.3261404786,28611.3810776248,138.334367387154,0
2299,9266,5.2054511726312,1421.84582490367,24.4426222562076,27.9802284704695,29.3984780271994,43.2141767090996,33473.5780539102,14909.5342638075,-233.159312587256,0
2300,9267,5.88165813668735,4949.39545515282,25.26092591487,11.6187864528377,11.8920539027748,17.8575885907841,33808.3499656318,28601.1373336211,108.177366997664,0
2300,9268,5.58921400715266,3697.84402319011,25.6688154365024,14.1691871814649,14.5880081620905,21.8010444275135,32574.9131781773,31202.5099213165,-138.591131175529,0
2300,9269,6.20710843686635,2532.66305495172,25.6736714736179,18.4629922027489,19.161662913995,28.4497207401506,30844.1523437422,20056.3471341136,477.691036808073,0
2300,9270,6.00150472911362,2784.08767536129,24.2242539474423,17.0562984309312,17.6428841177967,26.2659262594453,36099.6196841974,19249.6401383097,104.944779664792,0
2300,9271,6.0926093523181,1637.81761085219,24.5180512636386,25.1514411019848,26.3389979684753,38.8210647304904,35619.9425527902,25287.3528548395,160.911018723389,0
2301,9272,5.87293465539404,5435.50927515282,25.26092591487,10.9258974774621,11.1641125607881,16.787467790303,33798.9930741558,28587.1557534044,126.097545401764,0
2301,9273,5.48613490859642,4010.68504934865,27.170589417014,13.545061303908,13.9386474452825,20.8388796734113,28354.129332201,27098.0794000121,-276.254366800599,0
2301,9274,6.12896401500438,1939.81123895172,25.6736714736179,22.4195284783377,23.4099935157861,34.5855546239435,30831.1255452276,20020.3057020931,497.927365979554,0
2301,9275,5.62918455966546,3567.03160919011,25.6688154365024,14.5230118176885,14.9631566829395,22.3484408744096,32609.6217539557,31199.7229561632,-115.10108795595,0
2302,9276,5.7522281727803,5284.03647315282,25.26092591487,11.1297144566709,11.3780706454525,17.1022030527622,33816.2817419432,28603.7668205531,116.319909474102,0
2302,9277,5.54059394779258,4336.15947901586,27.165809106542,12.8464294235394,13.1993876081106,19.7584422215617,28339.2958648038,27084.4961988133,-276.770121710656,0
2302,9278,5.81780408050385,3023.27017895172,25.6736714736179,16.2878406124559,16.8392716292572,25.0801325363292,30837.8072932315,20015.1932090546,508.641162670171,0
2302,9279,10.7564496422766,4900.6128168968,24.6375498642208,11.6484808619652,11.9191830138721,17.9023266647852,34187.5334765397,31557.1519493429,-995.530555564988,0
2302,9280,4.42327703381196,3488.96069000876,25.3460719243391,14.7106020683636,15.1593489493399,22.6379138567,33143.5904673181,31479.906509758,691.298624235065,0
2303,9281,5.79056723606806,5443.10824515282,25.26092591487,10.9159361639223,11.1536593020639,16.7720864871097,33811.8765561696,28600.2324350345,129.463124605849,0
2303,9282,6.16319337324872,3152.71698095172,25.6736714736179,15.8178442419476,16.3388856157075,24.3524412487082,30841.002021582,20024.7761990973,452.547356016817,0
2303,9283,10.9397049091652,5459.1260988968,24.6375498642208,10.8537821641298,11.0847192340907,16.67508737001,34210.2847022745,31505.712164969,-984.082346728374,0
2303,9284,3.35027113532821,4038.52702408071,23.706813120233,13.1626276535421,13.5073451063644,20.2401032130814,35098.3701058551,32015.3856264783,-400.974973121832,0
2304,9285,5.74051407134458,5067.12442515282,25.26092591487,11.4402225583577,11.7043014942231,17.5817660845292,33806.3327001291,28598.2799656987,149.1113107249,0
2304,9286,6.07421023632101,768.830709622562,25.6199735352044,46.3936681111634,49.5189821981922,71.8689533470519,30762.1532149964,19533.8544677901,291.189194614134,0
2305,9287,5.74055003924589,4813.20869715282,25.26092591487,11.8349637897449,12.1194962925159,18.1915501005989,33811.4202364883,28592.8959800902,129.70185962212,0
2305,9288,6.05403946486688,2661.59634444444,26.6683633582763,17.9651675112502,18.6401865662979,27.681293859199,28151.1079039656,25584.2149383942,179.573906296301,0
2305,9289,6.21289914644289,904.422765622562,25.6199735352044,40.578113575672,43.1489580583675,62.8143089229737,30763.0598200908,19537.5717565047,274.487384885689,0
2306,9290,5.75468690874278,3776.90742315282,25.26092591487,13.9256344068526,14.3266282010328,21.423379792557,33804.7499665122,28600.4312119857,128.86554769458,0
2306,9291,5.77535838004443,1179.70371362256,25.6199735352044,32.7798220180639,34.6361572391947,50.6810679090562,30734.3919900749,19553.0743116923,357.508345193762,0
2307,9292,6.22333012661912,1176.73020362256,25.6199735352044,32.8452310261666,34.7073828306913,50.7827856790063,30766.6888545289,19499.8725672548,299.571536763194,0
2308,9293,5.93137800712629,1088.20770962256,25.6199735352044,34.9493302375403,37.0003578571834,54.0553870711773,30753.2378323312,19536.6140460263,323.843549005354,0
2309,9294,10.0474752309832,3983.09141637235,24.7678756254037,13.3861799125881,13.7519700411658,20.5880543594115,30735.5810641283,16176.6207400656,-1016.88178460412,0
2309,9295,6.23527098247331,1007.37228962256,25.6199735352044,37.1806219628303,39.4353806159795,57.5268117674675,30792.09343679,19530.0756341043,351.852904622536,0
2309,9296,4.7497242034938,2652.36353588835,24.8470805873134,17.741933129606,18.3813820909286,27.3298386202789,31781.8363388589,16297.8848684946,815.291295761895,0
2309,9297,5.52203627151907,1775.0203981289,26.6789570716192,24.1843849680592,25.3287004575426,37.3290900016869,30756.4651126678,30054.175725792,-713.056141989966,0
2310,9298,10.4373067350904,4474.96743814073,24.7342460976414,12.3785787136019,12.6883481405154,19.030499334024,30754.5621107086,16165.7217758829,-1038.11925459266,0
2310,9299,6.06067632464366,1779.74853543369,25.5075298115538,23.8660474909041,24.9671262036779,36.8299378481656,30738.542251736,19518.9653305056,252.98263760065,0
2310,9300,3.49880639274478,3701.81496870715,25.0628178321015,14.0972622912482,14.5067175682642,21.6883842284015,31565.4530927154,16634.3246730966,-174.747239479717,0
2310,9301,8.99579136983445,2317.27547479156,24.7788485131812,19.5282223134924,20.2913959130865,30.0978066483514,35008.0876172694,19848.3428512746,-1139.9003045112,0
2311,9302,5.68322786677491,3680.61261086069,27.2985761644145,14.3784045548113,14.8232852004817,22.1284268872327,28446.26385447,28246.7475855196,-168.882302073988,0
2311,9303,9.78574867768488,4491.07460894203,24.7627691813071,12.3513712869722,12.6598829452873,18.9885121920541,34938.4741734974,19801.6391352733,-1100.94867596244,0
2311,9304,10.581543146409,4424.78287203188,24.7858939721849,12.4762406441347,12.7916538198624,19.1815249431974,30763.9051211445,16173.0452603717,-977.138185899141,0
2311,9305,5.83280408735634,1767.19293886178,25.4888126293322,23.9884949037497,25.0989898671649,37.0199394343308,30701.0697935339,19474.9288771769,267.790699544312,0
2311,9306,4.17885130592397,3364.29574305818,24.4486998683917,14.9816244675568,15.4387451586358,23.0550152354383,35745.4652235771,20327.8285719456,-202.724610163699,0
2311,9307,6.937617733359,3552.79874849951,24.588020922511,14.4475741900757,14.8737281838823,22.2291304238756,29551.2733631065,16259.0686689232,657.467703231468,0
2311,9308,6.37810307940062,2566.73293403528,25.0940791723886,18.1984310194007,18.8719797322619,28.0378936574531,29474.5517587511,18312.3998925121,394.510718831337,0
2312,9309,5.40472973193152,4096.90367364364,27.2871884474783,13.3606974482953,13.7442881399843,20.5539603896583,28449.8494151541,28223.5486460254,-205.280229392181,0
2312,9310,6.12422185816791,4054.68233591005,25.1287854905237,13.2597307653699,13.6211816103327,20.3933308488485,29502.159231849,18321.9053234626,413.426844142879,0
2312,9311,10.5749746904589,5493.02184603188,24.7858939721849,10.819937707258,11.0501186193648,16.6230808555437,30799.5053704769,16185.7004806086,-1057.7218858127,0
2312,9312,9.28206297620941,3830.48370079156,24.7788485131812,13.7455718833416,14.1320749799975,21.1438045923174,34961.935364055,19848.6893664896,-1109.23304164767,0
2313,9313,6.30103177205254,4581.30331654135,25.0574666103802,12.2128709413999,12.5160423071296,18.775068286805,34488.7234989329,21674.9681074281,671.127417580283,0
2313,9314,5.67179919967401,5740.21948164364,27.2871884474783,10.6689831489674,10.9059623512098,16.3939288919681,28428.8737635821,28240.6774138722,-210.317980982021,0
2313,9315,6.38892061380655,3586.78197100675,25.1300359323876,14.4114396500262,14.8401879899399,22.1745420760243,29378.7605739067,18369.3316200497,511.564376337933,0
2313,9316,9.54612031147722,4934.97111003188,24.7858939721849,11.6060504008829,11.8755550317481,17.8370577210436,30730.7263494636,16186.4827716373,-1039.56305478027,0
2314,9317,6.18912367176984,4228.18248454135,25.0574666103802,12.8849298732142,13.2247751872543,19.8137507831362,34483.7293194951,21669.9246093638,678.218762358118,0
2314,9318,5.62436649771069,6712.66898481292,27.2865593188134,9.63842852528458,9.82586235375365,14.8030149896878,28363.7964221243,29143.3789849737,-16.0735646479028,0
2314,9319,6.19526365482987,3455.72580748288,25.0943265933234,14.7800360534131,15.2307738688622,22.7447296947898,29289.3861620758,18506.7227119147,582.44166992599,0
2314,9320,9.87361403411513,4249.20093814073,24.7342460976414,12.813832917516,13.1473089213541,19.7031823574896,30776.7429442544,16188.1248909962,-1032.5773985611,0
2315,9321,6.31721045829903,4760.52887854134,25.0574666103802,11.9058882009726,12.1927796595027,18.3007486209163,34501.7853061394,21670.5245908799,711.590173544398,0
2315,9322,5.43545328090722,5123.85509389625,27.2899313498844,11.4980188745153,11.7776412096442,17.6745118115838,28308.1247272063,29165.1170633501,-124.364748479985,0
2315,9323,7.16169958288357,5620.01237805332,24.6869963005828,10.6540132099967,10.8755867565077,16.3667616026497,30520.0168180969,16160.4226685628,-923.146614731177,0
2316,9324,6.10845663246127,4715.17734454135,25.0574666103802,11.981608677997,12.2724876489918,18.4177367962806,34497.1323140309,21676.1926685328,684.195596172421,0
2316,9325,7.03361765141385,7167.69707364381,24.4299727744093,9.10366936542882,9.25402874054805,13.9743324043976,31726.6864556398,14968.337351478,912.772050746373,0
2316,9326,6.38045504648407,6188.84214808829,24.8896512162009,10.0226720245544,10.2157408615463,15.3926406820674,30554.3566095634,16752.4876413752,474.631870691016,0
2316,9327,5.45785906062325,4676.94755389625,27.2899313498844,12.2188204187662,12.5373865622544,18.788420373202,28289.8068131121,29162.9436392341,-131.226783341858,0
2316,9328,7.66122696404575,6356.76047629522,24.3451949257282,9.82131374596817,10.0023620552999,15.0811460469559,31030.4715227067,15759.7246472828,231.45565372904,0
2317,9329,6.23526264197422,5023.12285054135,25.0574666103802,11.4913727686434,11.7567671869782,17.6604128672314,34491.5348433148,21674.0278684644,687.521449391415,0
2317,9330,6.19891931707756,5219.98448608829,24.8896512162009,11.1932633689989,11.4425059241702,17.1997070785878,30545.6838833305,16782.6264779222,480.376340291825,0
2317,9331,5.62082717443181,4438.64825989625,27.2899313498844,12.6556673071552,12.9986459969145,19.4637344185305,28294.4413423218,29168.8969660803,-113.042630642281,0
2317,9332,6.76583362461273,5280.06887364381,24.4299727744093,11.0780475956147,11.3186954729219,17.0209996790586,31713.6617469527,14953.3946872705,925.715596414538,0
2318,9333,6.2430821208574,4455.36562934777,24.8551121435064,12.4248665850534,12.7380019632725,19.1022701157519,35090.1361090288,22057.6723011438,685.612977635296,0
2318,9334,5.92470575024951,3748.77984208829,24.8896512162009,13.9593374983764,14.3592156579454,21.4746541775223,30530.4039611852,16765.2068243471,463.790485039046,0
2318,9335,5.38299699948889,3575.18500789625,27.2899313498844,14.6687464363385,15.1315428832872,22.5777248222579,28283.2798762423,29177.8546354848,-115.961882238273,0
2318,9336,6.08334990550163,1053.11427572656,25.3647457749753,35.7695997851778,37.8894565428232,55.3298570325303,29446.5568319984,19601.6830316043,383.70593507415,0
2319,9337,6.24399968534773,4637.54267534777,24.8551121435064,12.0982167621449,12.3938705475293,18.597519361438,35115.3263430983,22069.5475005108,682.729714297248,0
2319,9338,5.54400314554412,3078.27844789625,27.2899313498844,16.2825639353149,16.8492973014192,25.076271396989,28299.3136997037,29171.780349915,-108.99794719472,0
2319,9339,6.03505071576378,3005.62260208829,24.8896512162009,16.25396264422,16.7952971514174,25.025502065965,30532.5614205083,16766.4171221777,442.387100570761,0
2319,9340,6.04506493867796,1668.00679808667,25.3675956642773,25.0227400847852,26.2140698376473,38.625140773506,29464.8705405519,19609.1627349172,375.079823728071,0
2320,9341,6.34641574970385,4588.08977834696,24.8885552531487,12.1872963766524,12.4879187276432,18.7352238984286,35102.9406021891,22064.7682658203,699.018932161394,0
2320,9342,5.6393205015521,3443.68430390617,27.3379908734951,15.0596795100839,15.5474573695507,23.1829217618427,28281.2235450949,29138.9076365275,-108.942835950231,0
2320,9343,6.03547521018172,2632.92837349274,24.9639171265895,17.8522394182869,18.5005265747751,27.5010949553026,30540.4520691905,16765.4558309284,486.788047108652,0
2320,9344,5.94494569956501,1835.43437451506,25.4005988165866,23.2991863261601,24.3539903486972,35.9495995245246,29450.9658078153,19594.7518421458,333.680340442614,0
2321,9345,6.44245808100058,5015.79064634696,24.8885552531487,11.4901477610476,11.7543890323057,17.6582196496681,35115.5510798468,22062.1268825607,685.294092721918,0
2321,9346,5.5334548440619,3339.52334990617,27.3379908734951,15.384951200958,15.8934861583883,23.6864614594721,28318.2600872089,29156.8712490541,-105.385938492613,0
2321,9347,6.28357223005285,2379.29898349274,24.9639171265895,19.1918219519451,19.9333663153608,29.5769928019001,30542.0130705446,16768.6074038116,481.84806990939,0
2321,9348,5.81527933760225,1560.6005420249,25.3710915800756,26.3174269678134,27.6143546404527,40.6357913722902,29442.3344115189,19619.9837610202,386.601017159512,0
2322,9349,6.32058730621386,3582.47072234696,24.8885552531487,14.3977255944534,14.8235482352055,22.1527468895713,35092.1829368322,22068.7033363199,686.241490010103,0
2322,9350,5.3431938159306,3723.86004959357,25.6786907822812,14.1024856116553,14.5174070400999,21.6978846058689,31844.6767030028,22854.0083174252,-676.999440839769,0
2322,9351,5.64124114127501,2566.10238590617,27.3379908734951,18.5421213964606,19.2651525232899,28.5775395265618,28308.082480567,29159.2966835845,-123.685612785941,0
2322,9352,6.47850097248871,3016.77547549274,24.9639171265895,16.2215628666512,16.761562099293,24.9755470059992,30520.4846939142,16755.3042762509,474.59172168099,0
2322,9353,5.69437685681042,2024.1156860249,25.3710915800756,21.6653293733226,22.5938443704491,33.4141825198196,29475.8917351395,19609.5931646326,365.430116850603,0
2323,9354,6.28902984227047,3541.92085634696,24.8885552531487,14.5102502580984,14.9428195289887,22.3268224321153,35075.0817067337,22042.2760650725,687.307822504887,0
2323,9355,6.19195446033447,3569.27565949273,24.9639171265895,14.4421140058738,14.8712546432234,22.2215966338602,30539.2170603766,16774.1213240784,465.844110145798,0
2323,9356,6.04437107921454,1853.0397440249,25.3710915800756,23.1276335983085,24.168583882726,35.6832194072794,29459.944049342,19629.3508650996,373.474098289172,0
2324,9357,6.3993661356693,3322.21150634696,24.8885552531487,15.1628401612971,15.635201777535,23.3365608887345,35085.2488698896,22056.8945087734,675.259640237454,0
2324,9358,5.3633607190344,4108.61404586164,26.4202349573518,13.2581503726835,13.629355752176,20.3936009944702,30123.952394821,25620.9191061849,-411.296611118783,0
2324,9359,5.96605815148195,3373.15615549274,24.9639171265895,15.0132421195342,15.4770775014707,23.1052552059043,30534.1398363236,16774.2294698789,483.394406630655,0
2324,9360,5.83384406483578,1480.99198251506,25.4005988165866,27.3989528340887,28.7861383562827,42.3159794100997,29473.9094802993,19611.951290913,348.792253786912,0
2325,9361,6.24409959153708,4004.75170549274,24.9639171265895,13.3556707623911,13.7212822865699,20.541311629219,30547.1388331589,16785.5915567465,482.518395848292,0
2325,9362,6.09502875974915,3135.62926034696,24.8885552531487,15.7816266127363,16.2927346626817,24.2942748663713,35070.6751679177,22047.9219468897,679.563440931464,0
2325,9363,5.25193298535357,2710.31546186164,26.4202349573518,17.6988000172215,18.3526719454776,27.267797543118,30123.4276674602,25638.1793846547,-397.007170847426,0
2325,9364,6.16861456189836,1385.36540263806,25.423424656776,28.8497528300382,30.3598260717078,44.5703650619185,29467.4784048315,19634.4761282946,357.022511576851,0
2326,9365,5.9986821553661,3552.27158749274,24.9639171265895,14.4893759033357,14.9213545213011,22.2947119227943,30523.7036265372,16779.5559996507,466.56179036247,0
2326,9366,5.19036866277609,3598.34759678308,24.6972893788574,14.334066615786,14.7544194658751,22.0538110255994,35486.0263470214,21971.5689017634,161.277327826156,0
2327,9367,6.09906368488132,3697.04610278308,24.6972893788574,14.0722074028093,14.477079020665,21.6487751567131,35528.3152352075,21945.4654586347,180.012803216998,0
2327,9368,5.87891361488324,3746.5017474064,25.6636396298779,14.0427539369196,14.4539959182723,21.6054526952139,32186.8330759412,32898.8292980813,433.725850136926,0
2327,9369,5.97500794377288,3248.15860549273,24.9639171265895,15.4096414306602,15.898058809874,23.7187083171431,30533.6162817396,16766.57867932,461.687740374926,0
2328,9370,6.02435972920904,4243.53318878308,24.6972893788574,12.8220383367196,13.1556877689627,19.7157883519495,35517.9003216354,21933.7924943831,191.361139835607,0
2328,9371,5.82896317225853,5032.4677314064,25.6636396298779,11.5209659398498,11.7917549164293,17.707193477085,32176.3423452098,32889.8570012252,414.659535505743,0
2328,9372,6.1689213669501,3702.48890749274,24.9639171265895,14.0854200414074,14.4933385562661,21.6698364474478,30544.2754720818,16774.9508334494,451.654042284471,0
2328,9373,5.44023178217599,3394.08503135844,27.2155787791859,15.1989650009954,15.6945384559552,23.3982428917911,28901.5597156853,27741.3915972654,-405.243766859222,0
2329,9374,5.96444229228292,4262.29934078308,24.6972893788574,12.7842246429664,13.1157916183012,19.657341224766,35526.239677481,21956.1789550412,192.088701194523,0
2329,9375,5.96681267016333,3900.04010149274,24.9639171265895,13.5969766452877,13.9764094355885,20.9144343116194,30542.7254982581,16772.1468611459,490.386069084417,0
2329,9376,5.86573921267756,4320.8076714064,25.6636396298779,12.7509422741438,13.0878121439746,19.6078658935232,32156.5746743962,32878.8182236018,406.569530366087,0
2329,9377,5.41138538086299,3036.44788615238,27.2422208275502,16.4343738193787,17.0107587843297,25.3112721144365,28878.1290046685,27755.9219001418,-380.27306078161,0
2330,9378,6.14880932109183,3341.29509837422,25.1195780890064,15.1295552741016,15.60200457198,23.2856431455827,30528.1931181332,16759.9442649086,430.559172796356,0
2330,9379,6.0543381963586,3615.7910264587,26.0535865617261,14.4282564602104,14.8659220471486,22.202736639974,32179.054342584,32887.6749669627,398.855693323614,0
2330,9380,6.29623252778823,3604.23266733439,24.8379315328247,14.3329409094389,14.7544544252804,22.0524079683405,35517.0871459337,21937.4398362923,228.129926196601,0
2330,9381,5.4209164814477,2570.2211255563,27.3586842313235,18.5238021911252,19.245752954409,28.5492046645218,28917.7130023925,27749.6256823185,-399.865621932795,0
2331,9382,6.09714115390125,6840.3093224587,26.0535865617261,9.46055881460883,9.63408440959071,14.5269463954122,32166.8119167033,32914.5876782877,387.216835452292,0
2331,9383,6.66324617924591,3615.88989894196,24.562738684324,14.2724008075639,14.6879174094616,21.9581001932603,36219.94197079,22912.9410641179,847.011702158803,0
2331,9384,5.90162032417317,1932.21895489327,25.1924633647021,22.3828434489562,23.3635021626821,34.5267018915212,30563.3848780718,16771.696550323,477.161756103692,0
2331,9385,5.44549639094358,3028.8685235563,27.3586842313235,16.4777865363655,17.058183426172,25.3788195452168,28869.0994403775,27765.2088333546,-395.148662565118,0
2331,9386,5.48828190086052,2962.23521718681,25.418131728666,16.4891269994761,17.0511419421488,25.3911129072308,34164.2356195347,24910.8921378716,-394.470480309553,0
2332,9387,5.88246678065062,5430.0065684587,26.0535865617261,10.9853112157199,11.2311747560537,16.8805108730043,32176.1930936221,32890.7743336646,417.563219705441,0
2332,9388,6.72654919136088,3267.41655294196,24.562738684324,15.2994753027052,15.777211859558,23.547159009587,36197.4755690431,22903.4281134514,842.697368030542,0
2332,9389,5.22253673011898,2929.0907435563,27.3586842313235,16.8726790778474,17.4796765057313,25.9905224854028,28904.2465518197,27747.4793475837,-397.212279063062,0
2332,9390,6.65699841310389,957.421118374225,25.1195780890064,38.5047712886539,40.8701085946127,59.5840386585182,30562.137775711,16781.9862232428,469.37778547196,0
2333,9391,5.93437571787018,3863.68534698098,26.118425769351,13.7949396610306,14.1951780790264,21.2231461897477,32042.7910311069,32967.9578136013,473.85716711017,0
2333,9392,5.61698855303389,2858.7497278465,27.3285692092652,17.1622346616336,17.7886610416517,26.4390339066347,28885.0281162663,27748.2541034598,-416.119918172061,0
2333,9393,6.62940385727864,2133.09957894196,24.562738684324,20.6943411462679,21.5391803065735,31.9050343541806,36220.8919153113,22908.032647445,884.85920066806,0
2333,9394,5.28997045488926,1663.0656459374,25.7537666742852,25.1756533617262,26.3856262110851,38.8643225635519,31856.1201108321,22079.7783787994,-701.638879112118,0
2334,9395,6.15713512505292,4340.16618060524,26.1252468519355,12.7516634844897,13.0919019106299,19.6098985444542,31941.987315083,33042.8608481967,556.129332272875,0
2334,9396,5.27096975609707,4702.2277955563,27.3586842313235,12.1799914057622,12.4968626506001,18.7285262191189,28867.3031005523,27735.7648787919,-408.994563969687,0
2334,9397,7.30355669373222,3260.20037217175,27.2740803932588,15.6380219153186,16.1623192546854,24.0781231124458,27870.9149610454,29902.0995244065,-245.859839027256,0
2335,9398,5.96567276147923,5643.05945674999,27.3517971383212,10.7929566749374,11.0365135453939,16.5854823606403,28416.9245655032,27767.8690825469,525.9078854585,0
2335,9399,8.52214893860605,4666.04655709815,27.4595593585751,12.2508401760903,12.5722822963666,18.8382188591155,28647.0032935219,28554.0861506671,552.523422188779,0
2335,9400,6.05919414401997,1034.87854260524,26.1252468519355,36.6002911191374,38.8129959749231,56.6269908908531,31972.5911311201,33062.5631760699,551.285905840891,0
2335,9401,5.38222500289822,1949.85438294681,25.7113906779809,22.3418523684171,23.3268704709569,34.4651707698875,31869.9863524689,22089.026935978,-713.895780576018,0
2336,9402,5.40946974904671,2881.34146407691,25.7298132884258,16.8547424701656,17.4441099453347,25.9582146536842,31847.6231249241,22100.2622488636,-701.11739322658,0
2336,9403,8.62511646106853,5636.67322959196,27.4474700773627,10.8068675533257,11.0516531656595,16.6071117701924,28632.9806325238,28555.4934825895,592.754457645154,0
2336,9404,5.33064346052055,5155.61414381313,27.2630077072816,11.4492041545832,11.7260902206196,17.5990473430299,28895.2874098966,27757.5576152528,-457.555185879997,0
2337,9405,5.80973339329738,5906.99772972055,27.4099130249292,10.4783205449284,10.7064867543445,16.099692711788,28167.797774986,28610.0043894402,-15.7795148263684,0
2337,9406,5.38335459313049,2936.37689694681,25.7113906779809,16.6294006975656,17.2036328430007,25.6091642975587,31854.2585349359,22094.8754584719,-705.018181500832,0
2337,9407,5.37501703619104,6024.8770978465,27.3285692092652,10.3395120260703,10.5604394377573,15.8852518348679,28861.7139640061,27735.2186453005,-512.75005048644,0
2338,9408,5.53913475730763,3172.58919009753,26.8584860342596,15.8900894383568,16.4269753530742,24.4673752487218,30380.8800314346,31990.7289200109,-153.293065752432,0
2338,9409,5.55780467441172,4600.63566972055,27.4099130249292,12.3635904569187,12.6909737503985,19.0124184391281,28147.8879590694,28633.6505407703,-40.7088194352548,0
2339,9410,5.79303242678849,3872.12571972055,27.4099130249292,13.896646159783,14.313046916023,21.383259163135,28128.2514049801,28621.0151269549,-46.431338622523,0
2340,9411,5.63276989490713,2563.87861268873,27.5628285429477,18.587281863681,19.3160057455245,28.6482255965288,28146.5904527895,28616.9797732227,-48.6562097777113,0
2340,9412,4.96417444445854,1519.64571198402,25.70862855057,26.9500303686957,28.3051566422967,41.6200598090586,30674.5896985116,21260.2550430388,-371.65421654609,0
2340,9413,6.09203784735822,1644.61904896966,25.2623326249803,25.2640318123162,26.4731311384249,38.9993373734613,23717.4984824575,23850.3103160077,295.30693626386,0
2340,9414,5.79567591709617,938.373794063676,25.208179464569,39.1793959779294,41.6094839589887,60.6345076958378,30521.8620608629,16762.496677081,526.728657473256,0
2341,9415,6.07098279200852,3174.18583041709,25.1306081380747,15.6777359965272,16.1846213757097,24.1341090615795,30527.0787943317,16781.4704239708,482.170101415319,0
2341,9416,5.47626935857414,2063.13952868873,27.5628285429477,21.7882458447637,22.7558067905594,33.6130813716654,28128.4648512476,28628.7598120352,-45.1706736397,0
2341,9417,5.88209439147856,2316.53074715031,25.2148069835946,19.6083377357858,20.3827917271835,30.2235306535085,23683.1711213048,23857.9965247412,265.968513028305,0
2341,9418,5.23136160348091,1507.57546398402,25.70862855057,27.1149486391138,28.48382612602,41.8762632249196,30663.9054777274,21270.1843042044,-385.988235699359,0
2342,9419,6.08702830432738,3157.88659041709,25.1306081380747,15.7338850907336,16.2443299470005,24.2210246514889,30541.2047325103,16780.2376368095,478.078124386386,0
2342,9420,6.16329100914037,3047.53418431649,24.3021154501481,16.0226029667065,16.5431215095571,24.6656768514782,24392.084382484,19737.6463735042,676.307089701303,0
2342,9421,5.60422915999111,4508.51010068873,27.5628285429477,12.5448905737261,12.8834573635966,19.2929770972398,28154.0948183167,28625.2810001636,-55.2066092190038,0
2342,9422,5.07743533459367,1670.14936998402,25.70862855057,25.083681416309,26.2854700904753,38.7213013042739,30664.8477135721,21291.026391633,-393.409711480683,0
2342,9423,5.15826763664093,4345.63058079165,27.5068293398037,12.8556389598083,13.2114978953957,19.7733368119211,28847.0255251664,27740.7683159677,-455.570756991124,0
2343,9424,6.28385501127375,5596.71329431649,24.3021154501481,10.6578446772839,10.877326539319,16.3720473860018,24388.870950302,19755.428222176,728.862224025139,0
2343,9425,5.90616769022532,3408.87286041709,25.1306081380747,14.9234752613345,15.3833183966404,22.9667689815549,30529.9114132557,16767.3533784548,453.114328575941,0
2343,9426,5.99903090822372,5218.04671258142,27.4985659439328,11.3741691054952,11.648504461175,17.4835047114466,28400.7644444463,27799.6313336817,442.741620190747,0
2343,9427,5.19768794934517,2183.68555998402,25.70862855057,20.5570600192908,21.4071382959591,31.6963750163036,30653.0875195674,21288.8246672353,-389.805271418774,0
2344,9428,5.99547139986004,5959.28328031649,24.3021154501481,10.2342881942113,10.4338749531463,15.718312228755,24388.1868444206,19733.993562042,712.74485729408,0
2344,9429,5.55391790990723,5614.36948268873,27.5628285429477,10.8421536224695,11.089361548382,16.6617847100086,28138.6074425174,28624.964863881,-60.6242580178566,0
2344,9430,5.90261547852182,3561.33683241709,25.1306081380747,14.4818923532506,14.9148817366868,22.2835369848552,30553.8058906868,16776.8955594786,478.121122029138,0
2344,9431,5.30410137371058,5185.15157079165,27.5068293398037,11.4224650055622,11.6993920785487,17.5581352620567,28857.8882658031,27767.5607168863,-412.005824497557,0
2344,9432,5.68352823127721,2428.97733736822,25.7126395697238,19.0316042430576,19.7708932701581,29.3311619032726,31725.636395974,20073.6266761368,-80.8571357862448,0
2345,9433,6.3356218337636,6219.21210631649,24.3021154501481,9.95738816033312,10.144321604302,15.2910296787109,24407.4091998221,19687.6854444032,726.049966803369,0
2345,9434,5.64726541460546,3007.44617536822,25.7126395697238,16.352795211364,16.9088573580842,25.1808199433184,31710.9022729456,20060.2551252559,-141.884009409539,0
2345,9435,5.85147565834002,5454.58392658142,27.4985659439328,11.0459813595178,11.3032482565454,16.9765131114245,28387.6838992394,27799.8309630701,433.845643277462,0
2345,9436,6.32080512028132,2704.30517241709,25.1306081380747,17.5412814813742,18.1703152003668,27.0198760382066,30529.4931201205,16778.2431890353,468.08900160385,0
2345,9437,8.38067742379417,4445.43884795026,27.6986720450551,12.6754234521175,13.0223009823513,19.4950455586813,28651.5401969473,28570.6601367371,579.172087147065,0
2346,9438,6.19610264121625,7263.37666231649,24.3021154501481,9.02151580460164,9.1678398334211,13.84748312681,24435.6316368804,19675.1435127717,733.798891099948,0
2346,9439,5.87362002270982,6286.57966286972,26.8942959348127,10.0339953543054,10.2380096499214,15.4129969790083,26752.8890186838,27091.4917921937,260.095670345921,0
2346,9440,8.44329577100532,6677.86486769166,27.6393741263236,9.68870867583466,9.88013292321204,14.8810699731842,28623.2630652421,28562.2858375635,566.181201489505,0
2346,9441,5.67796003063915,2463.22776736822,25.7126395697238,18.8409426397153,19.5666908084845,29.0356270058846,31725.3901851773,20057.3960200744,-116.16982881118,0
2347,9442,6.31535070489246,9073.27510831649,24.3021154501481,7.85180751838744,7.95237310675717,12.0446277053013,24443.0390488678,19679.6045214653,715.824863940983,0
2347,9443,6.09833464549664,5772.78542667563,26.9444946271902,10.6089326602999,10.8410633523995,16.3006846569718,26780.9452753847,27121.4704020411,215.232774033353,0
2347,9444,5.54485482983769,2944.69410136822,25.7126395697238,16.59654474189,17.1686204408326,25.5582848874499,31714.1666653545,20051.7563389571,-105.879993489505,0
2347,9445,6.53746243904018,7772.73144174852,24.3273080278121,8.64621242078462,8.77733857324405,13.2688912715489,26057.4521510466,18721.9342557924,625.877128785358,0
2347,9446,6.1320369367346,7164.22002058142,27.4985659439328,9.25417605231224,9.42511486995257,14.2103716826429,28371.8315973036,27798.5606393748,496.389392590812,0
2347,9447,5.81655147729429,4695.10355795026,27.6986720450551,12.2179987656402,12.5391678522108,18.7878806863918,28120.0749467393,28617.3546728282,-71.8260195573172,0
2348,9448,6.20220295736558,8456.85547231649,24.3021154501481,8.20164857950671,8.31528807281781,12.5836645144323,24428.6709639874,19688.3631530154,722.909967068795,0
2348,9449,6.03284282753397,5154.55965867563,26.9444946271902,11.4289926920257,11.7029062572541,17.5672939924344,26775.3494987359,27092.041153845,226.063404242234,0
2348,9450,5.48988560303529,2398.27309336823,25.7126395697238,19.2067947176089,19.9585890286021,29.6027333295494,31737.4790347356,20084.2181005145,-108.194156261192,0
2348,9451,6.32306119164876,7078.48182636044,24.3644716866625,9.17280844484591,9.32576537725574,14.0808654825366,26070.9623371099,18738.0982869561,638.53666914622,0
2348,9452,5.92575286413864,6596.36771458142,27.4985659439328,9.75852949328973,9.95254466259539,14.9886440427458,28381.3934746572,27787.1507224252,446.245624114716,0
2349,9453,6.49350439649484,8684.45013031649,24.3021154501481,8.06752594949678,8.17608967244926,12.3769902173771,24434.1205379025,19679.4521730999,728.632617122695,0
2349,9454,5.93249792538779,3670.90405886972,26.8942959348127,14.3641607815596,14.8048880462107,22.1054829083339,26731.7724119161,27082.1328719229,276.28199135615,0
2349,9455,5.3871033956231,2633.63770479165,27.5068293398037,18.2234187766783,18.9256162276037,28.0840309654142,28889.8395306282,27739.2287180794,-441.431676333187,0
2349,9456,7.54950300013378,7304.80286170437,24.4502509922557,8.99635792513814,9.14232997880597,13.8088828269806,26116.3236372252,18635.3912321364,768.832725284619,0
2349,9457,4.72534420686717,4573.65204789161,24.1897652731909,12.1561525863608,12.4501750813926,18.6857380971243,26419.6831648971,18032.1388644174,-462.30955300714,0
2350,9458,5.93617508110208,4082.20644534531,26.871912508722,13.356535129056,13.7368161683222,20.5466779508507,26786.2252296571,27099.9495886625,267.734018449697,0
2350,9459,5.42100070267225,2602.66586286209,27.4990077857953,18.3779396068599,19.0910242258977,28.323521908559,28899.0758555816,27754.8037687374,-449.198568741534,0
2350,9460,6.33054733492918,5657.52315621326,24.1899942896628,10.5762853781475,10.7912250016305,16.2459687855557,24395.750003271,19662.1487809472,681.39035004348,0
2351,9461,5.88494795944767,3743.40221414151,26.8194541365674,14.1651260084179,14.5931202718787,21.7973562674323,26749.2856938304,27053.3695131324,232.789269144658,0
2351,9462,5.25453342375661,2475.10166718753,27.537286697049,19.0628002541294,19.8255206802393,29.3853656811614,28873.9688090151,27771.6904110686,-414.303975762256,0
2352,9463,5.89545403268088,5020.1415211695,27.5905618147761,11.676164491248,11.9670889425943,17.9502766536472,28440.8710608708,30111.3076318036,38.4857562637292,0
2352,9464,5.53700543804853,4365.23052770292,26.6304508951254,12.7444341602745,13.0878519584688,19.5997108724526,26960.3232796167,26029.9561985123,-94.6261426801441,0
2352,9465,6.11062957450125,4874.48288807003,24.9518885157469,11.7132322644078,11.9893632624364,18.0029251371455,35871.8340899592,26832.317140044,526.873533297337,0
2352,9466,8.4673486809945,5337.8397600643,24.8269215602763,11.0267558813448,11.2673293598226,16.9424791588688,35911.1957896691,23601.8942366278,-1309.18338959499,0
2352,9467,5.45781704825919,4125.27919086209,27.4990077857953,13.3166588696471,13.6992105970353,20.4862740062502,28873.5953877721,27755.0542307465,-446.90717190776,0
2353,9468,5.94319393522507,7678.01824607004,24.9518885157469,8.74135427117975,8.87908553253635,13.4163306506069,35881.6048374882,26834.7829324403,527.74300889742,0
2353,9469,5.64690957769325,6878.8055311695,27.5905618147761,9.50310876715586,9.68573439669716,14.5945844707093,28447.5478382219,30122.4128640363,85.7179923721539,0
2353,9470,5.60043663939822,4061.09551970292,26.6304508951254,13.3820037030265,13.761966863171,20.5855694161977,26957.3263483093,26026.9056411263,-81.8535587529753,0
2353,9471,8.48611222614218,3803.1121320643,24.8269215602763,13.8173446705723,14.2084106353296,21.2549087687293,35948.416729001,23604.073104691,-1390.47199222727,0
2354,9472,5.84527115291181,4584.3791371695,27.5905618147761,12.4070067814155,12.7380074343375,19.0798634203485,28436.983945761,30116.6069960941,41.8754387473997,0
2354,9473,5.56829586548737,3114.15372770292,26.6304508951254,16.0708523097613,16.6174002713748,24.7466908284798,26963.8425455341,26060.3452750678,-60.2849739095274,0
2354,9474,5.89749308957232,3459.90709007003,24.9518885157469,14.75207695441,15.1998313939402,22.7011169483008,35879.7601976534,26847.9241008134,520.3790864466,0
2354,9475,8.57186458450616,3566.5749180643,24.8269215602763,14.4349853065475,14.8624968567406,22.2102374502713,35929.2000086425,23598.5991772842,-1351.54827424544,0
2355,9476,5.41936899396411,4087.3404211695,27.5905618147761,13.4087085796204,13.7973457140007,20.6288310304801,28437.8527888297,30125.4464287967,58.775565321081,0
2355,9477,5.35961139879816,2822.26517570292,26.6304508951254,17.2256115938908,17.8492643863074,26.5352670064216,26948.8234753931,26039.3720587323,-78.8958056169788,0
2355,9478,7.47160420172102,4416.19891031188,23.9652343278999,12.4229904750158,12.7295166069317,19.0975753207065,35041.5734848761,14056.8241301735,1186.34247463849,0
2356,9479,5.73051657970507,6137.38145985888,24.5033851243636,10.0541358372896,10.2465583196473,15.4406158438634,34159.4916570842,14671.9124625965,82.7004036924639,0
2356,9480,5.53732735966443,4623.1669231695,27.5905618147761,12.336985059207,12.6640719320529,18.9716178551825,28458.2113803623,30126.4337451924,74.9431793182207,0
2356,9481,5.72107238301341,2667.75278570292,26.6304508951254,17.9300588271635,18.6022214993303,27.6267737429287,26965.4900881192,26024.9687842632,-64.1243611511218,0
2357,9482,5.77990958178492,5691.17875185888,24.5033851243636,10.5557588337808,10.7715644828452,16.214793178464,34123.812582538,14667.7801350242,103.05312146173,0
2357,9483,5.63865940063961,4680.8309911695,27.5905618147761,12.2348046809742,12.5562080920757,18.8136662988828,28442.1847592228,30133.5796512753,59.9488428446395,0
2357,9484,5.47647950481875,2203.43450321669,26.3313723740171,20.5352001339948,21.3917025488924,31.6646913315893,26714.4123281375,25524.4194314165,-168.266223021657,0
2358,9485,5.84013534037658,5938.44262785888,24.5033851243636,10.2696304463755,10.4719859541415,15.7731676008892,34128.4956361487,14668.9297504811,85.0125951541752,0
2358,9486,7.38107651513923,4944.25470186369,26.0166133297111,11.6820107959319,11.9634407092826,17.9566043004672,27516.1823217835,35733.4951729984,1132.15501838233,0
2358,9487,5.52661232991785,2174.91083321669,26.3313723740171,20.7318723738238,21.6030526965466,31.9697406611567,26729.3899908763,25507.2085335899,-147.033176631127,0
2358,9488,5.80149230374234,4122.09664288347,27.75806814646,13.3462251975102,13.732391936891,20.5325208210868,29310.0807796502,29603.0714395224,179.136446887561,0
2359,9489,5.77979405430921,5972.60495385888,24.5033851243636,10.2317331961869,10.432329509716,15.71468109389,34142.2500456398,14670.2920084152,89.8985840133974,0
2359,9490,5.68373036398288,4648.54006888347,27.75806814646,12.3044920248699,12.6308575784757,18.9216892362116,29336.8191383676,29618.9443459727,140.568378615274,0
2359,9491,7.34693851955225,6400.92569596569,26.0666904001647,9.87292759888387,10.0652299951383,15.1632516467081,27516.1036470387,35711.5818718055,1137.53013246715,0
2359,9492,5.36933654995452,2279.51230721669,26.3313723740171,20.0330508886433,20.8523899084539,30.8859177905343,26731.7264528055,25502.8922598672,-122.169913318161,0
2360,9493,5.71457066332735,5991.2219496177,24.4948400284112,10.2107268908013,10.4103027665326,15.682249700868,34117.435591852,14678.4166682483,108.909915185882,0
2360,9494,5.9595859962472,6958.18088712592,27.678135484376,9.43757515980349,9.61760395661581,14.4935700394899,29356.7198314207,29617.9287169591,114.826040732099,0
2360,9495,7.28457610713279,6014.4633369304,26.0549793548628,10.2774841793224,10.4887098911278,15.7876396550116,27510.5477672863,35705.354848533,1099.3904687668,0
2360,9496,5.67579713352972,3498.40376359846,26.2155482258474,14.7768321328974,15.237252538162,22.7424934726975,26709.3518672499,25485.0332413536,-157.887086146918,0
2361,9497,5.90266553123325,6352.0078296177,24.4948400284112,9.83444497891601,10.0168731952197,15.1016245540189,34124.7476225955,14667.999339821,80.3961012420534,0
2361,9498,7.26988545757591,5636.82404334363,26.0031119167055,10.7168864333133,10.9491152274276,16.4659307963806,27508.0604216507,35739.3046524566,1138.31572583054,0
2361,9499,5.51675240388988,2641.96680559846,26.2155482258474,17.9942522014949,18.6663490603036,27.7250022074472,26711.7787416802,25516.3097011506,-160.052412324997,0
2361,9500,5.689293557541,5347.90407912592,27.678135484376,11.2025072538163,11.468900870509,17.2185900238926,29352.9807840057,29626.5757219089,164.815172041164,0
2362,9501,5.74950690603894,7191.3966636177,24.4948400284112,9.08787652337782,9.23788008766043,13.9500637460959,34123.6558737447,14680.2899377179,101.098626924186,0
2362,9502,5.79594916603264,4079.1719279576,27.3786537622957,13.4082724438038,13.7953313645697,20.6277286293146,27939.6106993879,28808.5164846096,118.522091371108,0
2362,9503,5.72086123287832,2141.66824159846,26.2155482258474,20.945663132803,21.8313605798474,32.3009450923442,26691.4054389836,25508.2091772614,-140.6787580822,0
2363,9504,5.82700856309858,8038.6928316177,24.4948400284112,8.47333539302841,8.59831947978812,13.002610455755,34141.5860097901,14665.3821074039,89.1811223016877,0
2363,9505,6.18394146892898,5614.80434289371,26.7049327719364,10.7883489875625,11.0280817966229,16.5773743401007,33280.870167855,30765.5255662982,38.9164517152066,0
2363,9506,5.53477455226184,1900.59367159846,26.2155482258474,22.8777977031102,23.9116649226169,35.2989019158505,26732.6357483182,25517.1904215933,-133.526487008475,0
2363,9507,5.72954796278525,1329.2698799576,27.3786537622957,30.41460006558,32.0959246419214,47.0127504126595,27937.7382736803,28802.720891592,152.116562213398,0
2363,9508,5.68015988340985,2731.5606120394,26.7250078431588,17.6435562700449,18.2968618471725,27.1830920826549,33106.9969788651,28275.0861559542,-293.326831161933,0
2364,9509,6.13234496713894,9203.52254889371,26.7049327719364,7.87120151399185,7.98141412806002,12.076983874848,33280.2176543601,30782.0437511119,24.236398383894,0
2364,9510,5.61579373992866,3313.4550516177,24.4948400284112,15.1447164424174,15.6122589943443,23.3074953777962,34135.3240350909,14668.7157777396,95.4165185841599,0
2364,9511,5.63411303024962,2159.59740559846,26.2155482258474,20.8180926021939,21.6942242230659,32.103063684172,26701.1247086206,25528.90271527,-167.612854622417,0
2364,9512,10.473623711007,8076.79486052794,26.2599755079336,8.52333830004135,8.65769681887588,13.0817345205231,34108.7725757682,28819.3505241027,-1185.35719683429,0
2364,9513,6.61105805305036,9620.18934618978,26.0168241856458,7.63402471936405,7.73288517860753,11.7108508113949,33748.2925207298,30045.2228260479,779.964380134368,0
2364,9514,5.81950694730306,5387.4511674443,26.8289346774214,11.093018305182,11.3488619846862,17.0481085650371,33113.8417170851,28274.2793068234,-266.720932966362,0
2365,9515,5.94057311496701,9595.60737489371,26.7049327719364,7.66989727959374,7.77248209636902,11.7667844296072,33288.6761105981,30764.4334029752,30.5267943366902,0
2365,9516,5.63589012084598,3197.90304559846,26.2155482258474,15.7262891359896,16.2465880100346,24.2121132652481,26697.2962858811,25526.2527400866,-150.190535805773,0
2365,9517,9.98470479008635,8011.55384852794,26.2599755079336,8.56696105133452,8.70310780112705,13.1489921654015,34106.5456495218,28829.3829779855,-1108.08950477473,0
2365,9518,5.45935713128845,9745.47323418978,26.0168241856458,7.57325271994189,7.66988482329712,11.6172248058215,34269.8072894982,30149.061875221,-194.691840119796,0
2366,9519,7.83616358280776,9964.33499205768,26.2641140213288,7.47845902231418,7.57248608950631,11.4714260663276,33856.5770977744,31332.3356581729,-1097.65607153328,0
2366,9520,5.61129161135096,3612.60857359846,26.2155482258474,14.4536956736822,14.8942733596647,22.2424731163629,26719.4308916056,25490.2125372539,-172.06341547255,0
2366,9521,5.30565316411323,4045.29088562467,26.7509774108473,13.4283461809153,13.8119196154588,20.657490504379,33128.9440238902,28250.2015987447,-293.365683138788,0
2366,9522,3.82747344183612,5498.11343189411,24.9658950984157,10.8252415374112,11.0567546825294,16.6315662623264,35457.3115148248,30983.9408415919,32.0934330825661,0
2366,9523,4.42727944482949,1739.79874655032,26.2516577937956,24.4520675882049,25.6114221500974,37.7429201796485,31509.3460001702,24223.3081179346,379.521335729107,0
2367,9524,5.80511195651476,6543.78166514322,26.7953678704374,9.77229973743103,9.96356645647144,15.0089588142633,33252.8930616176,30739.3247374087,41.4176356546957,0
2367,9525,6.16330079894418,4387.77899947292,26.2368599070369,12.6678108633037,13.0041540424732,19.4804902700975,28046.9469681036,24582.9642360295,590.985529901694,0
2367,9526,5.58696437702941,6388.45629691386,26.0656816885704,9.88527610062643,10.0781438351575,15.1823068129639,31547.2756422334,23508.7468681477,-224.419058967687,0
2367,9527,5.49569969366382,3250.6253280394,26.7250078431588,15.6071458435357,16.1244855700935,24.0289515221157,33108.3117893654,28252.6281306917,-299.234133610397,0
2368,9528,5.91292592726775,9661.97171289371,26.7049327719364,7.63721502601005,7.73857894296512,11.7164275826722,33270.6476452484,30756.5745894514,32.0348228819258,0
2368,9529,6.21700628078382,5630.9358669446,25.5013517591628,10.6925213125432,10.9206898708604,16.4275191549556,24807.6886760431,24865.3462315045,513.140201627289,0
2368,9530,5.33450137113101,6084.04312364206,25.5113487979573,10.1697409933221,10.3729620580682,15.6205305155569,33741.1686739812,21005.173506775,-291.57941076105,0
2368,9531,5.44593423569741,6550.30731811303,26.0739905592974,9.72793787152656,9.91362187281524,14.9395210240504,31489.0161053116,23517.3196220949,-347.021304142596,0
2368,9532,5.59955316371985,4398.72008162467,26.7509774108473,12.6889603462754,13.030098166333,19.5141810188799,33092.1379992402,28290.9113720382,-292.815820226785,0
2368,9533,5.68066173648283,9721.79572500968,27.0668322699754,7.6203185898906,7.72228527178728,11.6907356796997,32466.8282518921,31403.2453316864,-127.099942721239,0
2369,9534,6.13373831823958,10214.246354244,26.7879069408143,7.38208449985777,7.47435885944122,11.323444339498,32864.3993996267,31476.2815780213,677.466480902381,0
2369,9535,5.37958867712417,3945.86917364206,25.5113487979573,13.5417941870532,13.9224183688612,20.8303072426892,33742.5945961637,21017.092967023,-276.610198300274,0
2369,9536,5.32826749495522,5212.84454611303,26.0739905592974,11.2851238261258,11.5463166377727,17.3435961266428,31506.1061744845,23525.284678824,-280.160568608288,0
2369,9537,9.73025533476316,10452.9708479418,26.3438326629521,7.26391300518037,7.35052786462485,11.141019954657,34034.1621583303,30425.0533884102,-1203.30223569426,0
2369,9538,5.39890054584048,4372.75142762467,26.7509774108473,12.739634964391,13.0836285611872,19.5925245789605,33123.6700091591,28283.5838843418,-285.292421169419,0
2369,9539,6.06950305981329,4027.4650929446,25.5013517591628,13.354556476843,13.7243145886191,20.5407493050352,24785.5507453583,24862.3510425187,493.927696417791,0
2369,9540,5.65842961518952,1566.7704777822,26.6134259648758,26.570122126106,27.908861523351,41.0341045109286,26430.9788495004,27072.6389380952,283.871961881605,0
2370,9541,6.10174559978691,7034.66390424302,25.6967488465254,9.27529897005915,9.43897241886727,14.2406887891187,35139.8618334064,30349.7996492552,651.967937055782,0
2370,9542,6.03572341329681,2481.0769769335,26.7927846961588,18.9136946107449,19.6572034482115,29.1518673063684,26467.9788193237,27054.20168161,298.944235602049,0
2370,9543,5.63827467826422,6134.05480837457,27.2838472239752,10.2168967578926,10.4316395435415,15.6958851665173,32379.9873100872,31379.2057811105,-129.382921401968,0
2370,9544,5.67548754244145,4832.64098401471,25.6942549336812,11.8360401337116,12.1234944586892,18.1940037670971,33746.0539059574,20992.1800104567,-277.068461083531,0
2370,9545,5.73101235835079,5235.53456788763,26.2131918168045,11.2623920027651,11.5232631165095,17.3087170564095,31491.5170836512,22475.9326288605,-49.0586757558705,0
2370,9546,5.56240796185852,4369.1701199652,27.1029841546976,12.7756796021053,13.1241718334128,19.6489302283068,33117.0758788112,28274.8032885102,-258.23937553804,0
2370,9547,5.58222422025863,3532.33550703286,27.3314953113246,14.7959201533627,15.2670129533397,22.7746470896222,31062.1699810615,26636.6541788201,-596.906713334792,0
2371,9548,6.02680074792836,6505.15886424302,25.6967488465254,9.75102752692278,9.93588137690068,14.9746290571702,35142.0804207159,30354.0656773856,637.607679319566,0
2371,9549,5.46423979106776,4146.34176230365,25.3578773955083,13.0821183451712,13.4352778086914,20.1192136645025,31532.1947898299,17416.0661068125,-149.090176622846,0
2371,9550,5.52493672828776,3045.10195969093,25.7359654103413,16.2138684444572,16.7610968620078,24.9657619276241,33741.1987748844,20993.7495961297,-296.633148934618,0
2371,9551,5.64158488436147,5595.67329037457,27.2838472239752,10.8486271567754,11.0946213358603,16.671357055918,32401.1388425702,31382.5726919727,-114.026527524427,0
2371,9552,5.35606086042428,3059.38779388763,26.2131918168045,16.2204082574595,16.7727387696948,24.9771762459587,31458.0258248969,22487.4273288911,-30.084945639944,0
2371,9553,5.7233604024343,4488.0224159652,27.1029841546976,12.5468586450918,12.8824347131013,19.2951645876333,33126.211434885,28268.2915920035,-297.383668341922,0
2371,9554,11.6373653584932,4168.69456025667,27.4579624876432,13.2186972450917,13.5952173662496,20.334683702359,32167.7302306713,27371.4305842213,-818.930180431647,0
2372,9555,7.04385804988716,8247.58465867698,25.1709104646889,8.36699012342902,8.49060872661882,12.839476453289,32682.8171384296,16469.9177943939,900.992568037018,0
2372,9556,5.91289527387,7156.08323437457,27.2838472239752,9.25077413307248,9.4206085227687,14.2048596357454,32392.5937957424,31381.3473120079,-136.189873384173,0
2372,9557,5.42329584063863,3508.40982988763,26.2131918168045,14.747509747623,15.2060977474167,22.6971113497665,31451.5434444239,22486.2697933287,-18.3690157729072,0
2372,9558,5.48167548587509,7483.24388261268,25.3221262617865,8.90118906367487,9.04717191640194,13.663234831021,31577.4432666072,17401.6382889058,-90.8458665449786,0
2372,9559,5.5247374774309,3913.31944005945,25.7543498318325,13.6411515379995,14.0294733449848,20.9844929115039,33745.7646439358,21489.0577104687,-456.926227233152,0
2372,9560,5.52405499960279,3636.6734639652,27.1029841546976,14.478184386512,14.9276248814324,22.2823941291879,33107.6833977192,28292.1603398691,-299.406669755271,0
2373,9561,5.53981697161884,7225.68539437457,27.2838472239752,9.19372619662061,9.36102283577523,14.1168483139173,32381.4386795352,31375.8858543594,-125.023413282701,0
2373,9562,8.42152436562168,6551.59606977757,25.1972377185682,9.67987261109679,9.85899897001542,14.8641453455841,35896.0003885683,26892.1826794983,-1339.18079943452,0
2373,9563,7.19981084386624,8586.21238267698,25.1709104646889,8.1595047063607,8.27502605005354,12.5196873311805,32689.3693737125,16465.6893712272,893.128980028126,0
2373,9564,7.69940969814817,7723.11802461302,25.335229463911,8.72639431478638,8.86518784179711,13.3937294752218,31898.1817890067,17245.6646853021,353.525363769438,0
2373,9565,5.60314612696916,2793.77625988763,26.2131918168045,17.2927827009295,17.916660284675,26.6381330236064,31435.0765840248,22473.2538464904,-70.1173405139416,0
2373,9566,5.36136554402352,4096.31190018041,27.0265980562996,13.3389928407854,13.7193949585828,20.5198632446855,33111.7114260291,28272.7524272321,-308.765299417658,0
2373,9567,5.54542106490312,2495.11281995227,27.0493100771406,18.8766853138201,19.6204575871429,29.0952981598667,31073.9040638962,26629.4484219415,-613.895267832138,0
2374,9568,8.45377628544289,6780.60039177757,25.1972377185682,9.46972472751018,9.63952048167132,14.539942285648,35888.2401253048,26880.5036618408,-1371.74378317315,0
2374,9569,5.58306071507855,5936.85603037457,27.2838472239752,10.4365650216805,10.6620107553807,16.0350359502866,32376.4726048509,31378.7148079615,-97.6951504045475,0
2374,9570,7.09328033981881,5499.05835389249,24.2009772638147,10.7735536708389,10.9979699204727,16.5504989588456,36870.5826706432,19659.6272555482,907.415764329566,0
2374,9571,7.25953894524166,8108.75478067698,25.1709104646889,8.45635221108064,8.58351518922505,12.9772224067074,32674.7090838941,16457.3168962024,891.75656990268,0
2374,9572,7.63575968703908,7078.74739461302,25.335229463911,9.22074682071251,9.38036023245871,14.1560756288363,31885.0451213093,17237.8365514158,347.279124584543,0
2374,9573,5.35064297943696,2901.48339988763,26.2131918168045,16.8362945660739,17.4293928620684,25.9310080926368,31464.3312521905,22486.9372804135,-43.9373850678995,0
2374,9574,5.64575918686456,4563.3953879652,27.1029841546976,12.4072787874603,12.7350557159202,19.0793907963729,33069.0625962833,28234.0113917156,-313.711150672638,0
2374,9575,6.64161026347745,3244.64402715268,27.1747153531924,15.6789992752554,16.2050590783634,24.1413236704014,30235.8175053314,32811.6496088174,920.143802308917,0
2375,9576,5.64239640259309,8863.36254637457,27.2838472239752,8.07983150356602,8.20028231151135,12.3991180740185,32350.0647750119,31382.7161768507,-157.233821623602,0
2375,9577,7.19487360178105,9934.71018067698,25.1709104646889,7.45548752580569,7.54495492806919,11.4350048206808,32685.0739688824,16460.9923802006,891.596327007459,0
2375,9578,8.38542026148681,6475.05571977757,25.1972377185682,9.75299152051099,9.9354042007379,14.9769595684669,35843.5273580297,26867.9320849168,-1300.83603648916,0
2375,9579,5.29180467453008,10058.4356986127,25.3221262617865,7.40409115104542,7.49226267452062,11.355986207177,31518.6077540123,17390.1391383674,46.5707373853837,0
2375,9580,6.98275712325754,3680.84693115268,27.1747153531924,14.3654492180724,14.8085329803115,22.1081039982752,30247.9530946612,32825.5474484435,929.78880281806,0
2375,9581,5.13151873608882,7168.56726359659,25.5942606562421,9.15978023080393,9.31797261407971,14.0623759456814,31442.1464635066,18162.9979286164,100.580299555273,0
2375,9582,5.93574223904144,5890.9244339652,27.1029841546976,10.4789523625375,10.7055236387396,16.1002190619181,33063.8509532175,28254.4862132027,-197.94508024178,0
2376,9583,5.74400534999003,10567.1617503746,27.2838472239752,7.24464075349733,7.33355274063072,11.1121620892773,32384.5250496927,31368.4060403665,-141.489241547462,0
2376,9584,6.408450597483,7612.373514118,25.9391978676182,8.83348606521342,8.97934800373769,13.5595854143072,34875.1347021776,29620.1165796461,742.122421247165,0
2376,9585,7.02110274856482,7591.45214467698,25.1709104646889,8.81398977569357,8.95567446451699,13.5285905021448,32701.968804135,16444.4418494195,859.325763422944,0
2376,9586,6.47027916007641,8105.69234095218,25.6204109805702,8.4773718337744,8.6072410188395,13.0101416181218,31883.894588913,18749.4265296045,-865.307804621445,0
2376,9587,8.82576525317596,5603.18050484643,25.4224664474828,10.7219586928263,10.9511084038839,16.4728429825682,35502.0321690365,26877.1590195165,-1211.51431539484,0
2376,9588,6.79415053912365,3908.63982315268,27.1747153531924,13.785785664204,14.1937211531855,21.2112570897133,30254.2688501371,32808.7776741814,913.786616672187,0
2376,9589,5.34781640771459,10092.7163479937,27.4383281242325,7.45780110188458,7.55495712519317,11.4406780385809,32667.3882516012,29815.5280170115,-171.559641697401,0
2376,9590,8.4764678078126,6759.87402453047,25.1044569271027,9.48341155179283,9.6533538078052,14.5609298472568,31780.9710228458,17216.2194459891,517.639574922969,0
2377,9591,5.999181764747,11583.5074683746,27.2838472239752,6.848201988273,6.92330150334471,10.5016040038049,32385.8887265163,31334.3931319888,-67.8995865163435,0
2377,9592,6.89588927570304,5661.96977706886,25.1324698356893,10.6310384638644,10.8540993179057,16.332010741682,32717.7526991968,16436.9099760805,856.996581682668,0
2377,9593,5.88826050069448,4245.74008696828,25.7127417720237,12.9062010876992,13.2521113457331,19.8479781595695,32339.1778960943,19451.4089730566,-18.3725215781348,0
2377,9594,6.90426237251459,11476.3335339512,27.2193211591202,6.88537045386945,6.96154492848756,10.558786401876,33116.5827320423,29838.7349964962,847.710680010825,0
2377,9595,6.70586194320806,7370.704242118,25.9391978676182,9.01578263865463,9.16936461339726,13.8407185492753,34890.7932422706,29613.5625158845,738.620447656297,0
2377,9596,6.31949776385559,2958.70101544007,24.8824478151201,16.4326896084941,16.9855230915639,25.3022076595513,36130.3821144255,23063.2760969244,533.220782295366,0
2377,9597,5.51771392584733,4109.08631703286,27.3314953113246,13.3376432948113,13.7202060790489,20.5183932487534,31062.0746451081,26628.0351201348,-636.116319406231,0
2377,9598,5.89523499586783,2376.85371269847,23.4764075553965,18.9525842423979,19.6584737296473,29.2010198659831,36158.7208878842,14163.2240494805,304.455885562961,0
2378,9599,7.01855765975723,4914.86988306886,25.1324698356893,11.6630678391472,11.937790095625,17.9257613277271,32714.1770841216,16427.2242073282,882.052421218037,0
2378,9600,5.73162153551109,11929.4257983746,27.2838472239752,6.72648484382731,6.79750010563578,10.3141898344426,32405.1546155204,31354.375195956,-41.3538417461141,0
2378,9601,5.5258238542355,3690.00208096828,25.7127417720237,14.1942155661398,14.6149006553286,21.8398634681511,32329.3782103649,19465.2070098071,-14.5285334339818,0
2378,9602,6.80753743163345,12861.840750302,27.1323179544856,6.42257827189251,6.48333040213369,9.84623068952436,33109.1229176384,29834.3569386294,879.216088676319,0
2378,9603,6.58266747151813,7636.52696501406,26.0684678238442,8.82160802704311,8.96752996799574,13.5414233058846,34841.7094705157,29623.4476252313,790.129412228921,0
2378,9604,6.03557698463092,2765.62249047086,24.972781853407,17.243034837515,17.8502611485039,26.5574081599088,36134.5142483685,23035.384049361,561.158225001556,0
2378,9605,6.1649286108817,1805.82966269847,23.4764075553965,23.1368360264143,24.1488961355451,35.6893237408003,36159.0538880822,14157.8501136112,394.103787119415,0
2379,9606,5.85206439723662,12593.1352563746,27.2838472239752,6.50894905111269,6.57285283320481,9.97929072953007,32376.9467751911,31363.1876652909,-72.5674015252272,0
2379,9607,7.00918937094153,5787.25843267698,25.1709104646889,10.4834803121751,10.6996750912937,16.1042815157265,32700.2748344049,16458.3157903851,901.877348259375,0
2379,9608,6.74382223368283,12655.3853139512,27.2193211591202,6.48792212199276,6.55098041453162,9.94687561339119,33110.7820618061,29823.6420925277,863.607745592305,0
2379,9609,6.44514642071623,7654.14285690259,25.9261416396894,8.80240759037141,8.94691067529999,13.5116451215836,34895.7493281452,29656.1092276703,778.344293655672,0
2379,9610,5.57610885336177,4083.2975669144,25.6005172375274,13.2399294834676,13.6038942385771,20.3637185035203,33073.6373312165,19022.6488992625,-402.891066519494,0
2379,9611,6.10422894831155,2003.68922069847,23.4764075553965,21.4369099670719,22.3209143822197,33.0523140017592,36138.1011680901,14175.8198296343,353.059611489254,0
2380,9612,5.69357692220314,13157.0068978781,27.4115366389024,6.3419116294922,6.40084755472602,9.72227114026281,32408.7888194226,31341.2834740296,-29.6951464774158,0
2380,9613,6.86224655458251,5637.8069434949,25.3370748934851,10.6736264793893,10.899929680228,16.3980859464461,32716.4293706424,16448.0179140019,870.176461360909,0
2380,9614,6.87622500068192,12825.0995363246,27.3859036423463,6.43996156432631,6.50192806349121,9.87317183697376,33119.2443308662,29863.693091435,852.62732458711,0
2380,9615,6.38020434915858,7100.29834012276,26.0972383137339,9.24013576940891,9.40413264003245,14.1869627525464,34867.2484337208,29613.569951369,746.541686155027,0
2380,9616,5.40758048485244,3639.35206468777,25.9166890527007,14.3500587490236,14.7818308609852,22.0814329435867,33098.9540493302,19012.3675689736,-340.538227331072,0
2380,9617,6.25195524965699,2231.53967640458,23.5960885351581,19.8507844375404,20.621375526743,30.5935243847327,36196.1406452734,14149.4476211162,398.676054381183,0
2381,9618,5.83971485997107,11129.3373898781,27.4115366389024,7.02141729734051,7.10283706823439,10.7684533411706,32384.3969323984,31363.4745794373,-105.544364929274,0
2381,9619,6.97412841056934,5845.7103574949,25.3370748934851,10.4255739238521,10.6399382901109,16.0151522992659,32689.0967916186,16432.7187983172,878.058714813323,0
2381,9620,6.99481839700619,11463.6284243246,27.3859036423463,6.89469179977706,6.97166675486891,10.5732742734936,33114.4504716185,29845.984040762,851.631822126748,0
2381,9621,6.33989291398343,2279.82066840458,23.5960885351581,19.5477682916398,20.2968784217712,30.1238453218866,36144.8173007882,14142.8279106952,331.0014788784,0
2381,9622,5.05241312175574,7837.31476798177,26.6014958057632,8.70130545033529,8.84443769077657,13.3565339152264,33861.3207858593,29314.4924133348,582.697256540591,0
2381,9623,5.52329941407524,3242.10756555847,25.8935363633764,15.5390308090868,16.0443555927037,23.9213934020269,33104.643381775,18984.9591839899,-327.296581340554,0
2381,9624,6.24221573571284,6271.09723413653,27.5141526401258,10.0840011131681,10.2935074665782,15.4910467192437,31593.5476424487,27397.4665519906,-418.54385447615,0
2382,9625,5.74339811387599,8866.9808518781,27.4115366389024,8.08251892240056,8.20354381018045,12.4033900995197,32385.2485457164,31360.1170811209,-96.7587193244236,0
2382,9626,6.06847440714069,8913.42843895406,27.6662235961249,8.06552694055926,8.18680140986211,12.3774539541629,31705.1203102473,28216.7350455315,262.728286006837,0
2382,9627,5.96472746682026,8353.6216895983,25.2446588797531,8.30348922902242,8.42490900568591,12.7416824709699,33518.0414276895,16269.2316102835,420.899586040929,0
2382,9628,6.48351499365051,4131.36402949051,23.8250137495416,12.9747969194565,13.310106654384,19.9500389653897,36061.7220331757,14482.2428569052,554.831948977898,0
2382,9629,7.10153050499767,10406.5132940794,27.3045847192158,7.31395985836167,7.40543124055525,11.2189608222223,33114.1201444447,29843.386306392,830.153146579276,0
2382,9630,9.08497668563892,7538.7749687576,25.623770451049,8.873547701617,9.01971147415909,13.6209812602812,32896.2480277822,17361.6483275634,-1306.2185963595,0
2383,9631,5.88782693688913,6738.73538095407,27.6662235961249,9.63355379372144,9.82254081523926,14.7959839450257,31725.357564739,28204.9122044511,257.621050475857,0
2383,9632,6.24337818974428,9322.2590915983,25.2446588797531,7.75627191138052,7.85686764277277,11.8984243164722,33551.5054090073,16273.5134671355,414.643262207857,0
2383,9633,6.46170981376599,6090.29039149051,23.8250137495416,10.0638173717826,10.252939724088,15.4545201421724,36032.0588678914,14519.7294544312,594.266073828567,0
2383,9634,5.62465428863512,7657.9957378781,27.4115366389024,8.86530101706641,9.01877824929226,13.6103850017253,32363.4093681107,31380.3520156233,-133.834361214697,0
2383,9635,7.76942389714507,7970.47140103296,25.6125827327534,8.56706540960698,8.7005299589375,13.148408887137,32790.7497777315,17035.0727262394,744.346706063365,0
2384,9636,6.05044613842088,7087.23075295407,27.6662235961249,9.32638718589555,9.50131636716352,14.3219913702605,31720.1739494,28199.2841648248,261.323547413726,0
2384,9637,5.78300319061493,7348.6405678781,27.4115366389024,9.10110679641306,9.26486526207612,13.9741197131114,32374.1080507048,31369.9786789923,-139.328645573214,0
2384,9638,6.38780466228231,8485.22703959831,25.2446588797531,8.22286296499816,8.34113201383625,12.6174152118443,33553.3309990354,16290.2306206216,424.563988174542,0
2384,9639,6.34290831402506,6218.87817949051,23.8250137495416,9.93005287744715,10.1131609301527,15.2481360057554,36045.253869615,14508.3524861974,578.626999340253,0
2384,9640,10.3596342800453,8431.36959149902,24.5889459138357,8.22884347305323,8.34469716821315,12.6258985631481,34022.5110327279,15067.4655474231,195.334508213572,0
2385,9641,5.64068943908341,7225.7354878781,27.4115366389024,9.19965085617386,9.36777298709628,14.126144135736,32352.1245619222,31355.102783582,-101.841084933721,0
2385,9642,6.07913269669078,6696.46748695407,27.6662235961249,9.67270429906232,9.8635096268991,14.8564048466415,31724.8644413832,28191.3577819185,237.518002729984,0
2385,9643,6.09845117955088,6726.2527055983,25.2446588797531,9.52094439455119,9.69323241018906,14.6190211858331,33541.4637688107,16250.9058443935,426.188780708317,0
2385,9644,6.3708687800599,4724.14976749051,23.8250137495416,11.869949535586,12.1464887577696,18.2428881948565,36035.1884841681,14530.2461339346,576.693171080203,0
2386,9645,5.75561829874837,10016.0992978781,27.4115366389024,7.49217070321816,7.5905108621927,11.4936070990512,32396.9375091265,31350.1602882716,-84.306032852857,0
2386,9646,6.0686161395839,6597.21833095407,27.6662235961249,9.76635682693755,9.96153580580016,15.0009452094637,31716.0685502799,28181.7926907779,237.868334257085,0
2386,9647,6.52370027815105,3459.79128949051,23.8250137495416,14.6271060446817,15.0570489798821,22.5049441532666,36039.6005342115,14501.8176972654,567.333931299791,0
2387,9648,5.6603797938955,7357.1426038781,27.4115366389024,9.09439603574082,9.25785876899494,13.9637673806139,32386.7640680267,31365.1469559336,-114.589424467932,0
2387,9649,6.07958484018489,5742.9657253108,27.6999271530586,10.6905000909933,10.9307871795006,16.4277733547577,31562.0371946731,28162.5848332144,169.04390731207,0
2388,9650,6.11488808048078,6132.02386238161,27.7545262501503,10.2454330941122,10.4639547892629,15.7406030903836,31297.2943703669,28174.5009961488,28.9923432572614,0
2388,9651,5.55525769610969,5996.5084798781,27.4115366389024,10.3761186953452,10.5992671938801,15.9418905581802,32387.619519819,31368.1349408566,-89.5488455656472,0
2388,9652,6.04031775399387,3253.93628250622,26.2577135509019,15.5420829535537,16.0509738472952,23.9270468721338,33257.2902746536,22689.022213801,130.053314682482,0
2389,9653,5.73024332865499,5480.6155078781,27.4115366389024,11.0058733246172,11.2605894735935,16.9144249559412,32370.9433481857,31371.3919590469,-89.6534128942441,0
2389,9654,7.65660311001507,2566.93955438161,27.7545262501503,18.5998077217681,19.3315193720472,28.6682196692188,31374.8394228647,28047.8744913514,134.758648666039,0
2389,9655,5.73100207554133,3213.28565204494,26.1633263826816,15.6676351167665,16.1836821171234,24.121173239388,33561.2356092166,23392.8095954889,-791.3087466338,0
2390,9656,5.54019888551835,5631.60945021821,27.5739936136848,10.8210303032105,11.0672277685125,16.6291772147168,32380.3149173032,31366.9516907994,-92.6869409714339,0
2390,9657,5.70489164409658,4355.4307567299,26.4404228568553,12.7479259380906,13.0901986275725,19.6047392252913,33587.5235578021,23425.9000701152,-805.448533170334,0
2391,9658,5.62462388469403,4420.84023021821,27.5739936136848,12.7129444333259,13.061111775428,19.5528260554808,32393.4413070848,31360.1680505861,-75.7130840872404,0
2391,9659,6.66409638868385,4075.9470308441,26.3104098509253,13.3201904874404,13.6941579208273,20.4893132241178,34085.1741172647,24177.2626712382,-332.091589059185,0
2392,9660,5.66974113753277,4625.26353621821,27.5739936136848,12.331960521344,12.6586587545953,18.9638207683973,32403.7344121052,31364.8259500786,-81.8631279080741,0
2392,9661,5.58882388181563,3637.12746980958,24.9036800486028,14.2512137698822,14.6684341013539,21.9261433518993,33902.1039439961,14873.3207460856,-158.64674134293,0
2392,9662,5.87815790244962,2273.30712156772,27.0343909768988,20.1944507427549,21.0343880291983,31.1386164521615,30366.4243756516,24447.3275082909,182.120292846645,0
2392,9663,6.57094269918782,4352.6816948441,26.3104098509253,12.7424956946264,13.083540833971,19.596089917572,34118.5888500625,24154.4682134941,-371.804730915271,0
2393,9664,5.68769380175996,4360.97356221821,27.5739936136848,12.830552928481,13.185438303808,19.7346748854253,32388.0739214105,31367.8834580256,-109.909005791383,0
2393,9665,5.54813189722467,2706.1899547299,26.4404228568553,17.7208908507486,18.3765038801065,27.3020867952726,33448.6624379403,23487.8050968489,-768.13381894755,0
2393,9666,5.34569644935733,1460.33252435822,27.4470219683912,28.2839731139603,29.7815951708658,43.7010504391581,31267.6251060861,27073.5554055843,-691.879849855717,0
2394,9667,5.66999197336363,5138.66757021821,27.5739936136848,11.4954298062299,11.7766142962114,17.6709804073581,32368.1236540707,31379.8970421153,-111.226582629353,0
2395,9668,5.66411511693526,4928.51750421821,27.5739936136848,11.8190732197073,12.1175954778565,18.1710902253823,32393.7385749436,31372.738859105,-84.1037764155175,0
2396,9669,5.77675036887449,4603.63400421821,27.5739936136848,12.370838947105,12.6997072673454,19.0239215482011,32367.9853930915,31364.3109873074,-80.0848773787498,0
2397,9670,5.29638997076102,1290.39655662191,27.6476165177945,31.2201047504577,32.977355600739,48.2665838543341,31290.390185555,27073.8284849651,-639.002009372864,0
2399,9671,5.42251040047112,892.518892621911,27.6476165177945,42.0371530283666,44.7938016495175,65.0990829173572,31295.2739245517,27052.4602610649,-708.1204795407,0
2401,9672,5.87564122860026,1740.87638933578,27.8478075265695,24.8130319707799,26.025742866654,38.3101174209022,31184.7324572861,26887.4257757395,103.807499351952,0
2402,9673,5.79318178340194,1397.62505671594,27.8486081516329,29.3850340846403,30.984641307864,45.4144201526566,31195.2242837055,26911.8133030532,102.366332560577,0
2403,9674,5.60642454696147,1769.82040471594,27.8486081516329,24.5048974654286,25.6924358633043,37.8315725571241,31186.5870028598,26904.7318347308,94.7834317685197,0
2404,9675,5.52773087235518,2960.91693576153,26.928225827975,16.6892421715125,17.2796378273553,25.7052026552022,33486.3534146491,24954.1307741643,-316.500187295721,0
2404,9676,5.7889689707889,1758.67524871594,27.8486081516329,24.6224840506447,25.819618257985,38.0141861754943,31197.0110496943,26913.8128263047,76.7834821560474,0
2404,9677,5.68265589122157,2170.06306629994,25.0681102413605,20.5322203088935,21.3719949118655,31.6555167674081,25211.2931275009,20277.0008096862,191.955121645281,0
2405,9678,5.78554945087296,1674.46799933578,27.8478075265695,25.5584248104958,26.8325624434112,39.4678923360106,31166.379475849,26905.251732484,102.44785107143,0
2405,9679,5.94510536051734,3094.97885829994,25.0681102413605,15.9478308167003,16.4712918165224,24.5520498430933,25188.0600975361,20260.2372071621,208.049018179544,0
2405,9680,5.64963888668851,2047.91328458608,27.8295987700515,21.9595856908639,22.9439192315882,33.8799415109876,31115.4109540108,31934.5841544561,-192.462473502366,0
2406,9681,5.86767475082655,1737.35408071594,27.8486081516329,24.8513992817165,26.0672664727232,38.3697094771412,31187.7456534018,26907.3129375777,62.1479325699379,0
2406,9682,5.87284025814282,2303.36441829994,25.0681102413605,19.6637096952891,20.4402884164526,30.308861682435,25229.9227898782,20261.9981758125,173.728155243647,0
2407,9683,5.55923940080061,2102.56718671594,27.8486081516329,21.5382050631212,22.4901280572039,33.2260870626834,31197.2518064597,26912.5121003749,89.058207534048,0
2407,9684,5.55112871764125,2206.13203393092,26.9498999792943,20.6276180855764,21.4988603491798,31.8102004115402,29603.5694672339,24025.6866904017,-87.1432802262921,0
2407,9685,5.86342842372483,2054.38251429994,25.0681102413605,21.3703241850886,22.2723616600228,32.9553816614796,25246.2758060092,20251.8589108469,199.331467226005,0
2408,9686,5.27084177961463,2295.46201509834,28.3643537853241,20.2764607230198,21.1384652824709,31.2702183279641,31298.3498299295,29995.8864046168,-591.97246670995,0
2408,9687,5.90360086634478,2012.42298429994,25.0681102413605,21.6964207099179,22.623008348023,33.4612346208956,25198.2015474715,20263.7574337888,186.502390479964,0
2409,9688,5.28080349346491,2143.54869309834,28.3643537853241,21.3264282781501,22.2684949382537,32.8992507783516,31293.5441256138,30003.8377956162,-591.612101616326,0
2409,9689,5.9775672898425,2273.36500629994,25.0681102413605,19.8509364308653,20.641020373224,30.599130225936,25230.6666919077,20266.1373061594,199.299935808854,0
2410,9690,5.88846965810269,2085.70197753507,25.229484724274,21.1663451264573,22.0553428640291,32.6396013418585,25225.6120931568,20289.8982353791,187.265682004875,0
2410,9691,5.34255558975668,2473.80810744088,28.4813925672853,19.2157854548519,20.0001890799023,29.6254840051984,31317.0991537593,29989.734364207,-667.054392051875,0
2410,9692,5.5114966263327,1316.85194895307,27.1794480236943,30.5757847024871,32.2676430721428,47.2623500743869,30087.6186693227,24375.4446554128,-300.788570462885,0
2411,9693,6.38367917588256,4718.87777895307,27.1794480236943,12.1377218185779,12.4511069571038,18.6628723392884,30083.3251826163,24351.3026336864,-373.37425515203,0
2411,9694,5.54325254374608,2930.01061944088,28.4813925672853,17.0121542148383,17.6395641912507,26.2096097460367,31295.0520396503,29994.8399569902,-543.886117036913,0
2411,9695,5.850762590584,2419.39587753507,25.229484724274,19.0066339981855,19.7383169473103,29.2908492848698,25209.205836275,20302.0889214722,195.66279037364,0
2411,9696,6.93225528516006,4531.34288920412,26.8612165699188,12.4470136162742,12.7753735122607,19.1403646327409,29639.1129452358,23444.8792164877,-340.848589355743,0
2412,9697,5.73206745941637,4611.25874295307,27.1794480236943,12.326675745432,12.650483438837,18.9549354713319,30172.5962157156,24368.5607622286,-305.908598616105,0
2412,9698,5.29628041970201,2444.20516344088,28.4813925672853,19.3849393025685,20.1817971618994,29.8878034181169,31286.308826275,29983.2195131319,-617.491886416625,0
2412,9699,9.70403805450463,3092.38966794565,25.2291744650617,15.9772183138245,16.5041528811564,24.5979836073832,36529.9423503054,25505.6279741342,-1172.22053367456,0
2412,9700,3.61073865739277,4037.55638916254,26.8023797251855,13.4504603846028,13.8357145530786,20.6917989864579,26737.7867698975,27367.1146062237,98.3375701562642,0
2413,9701,5.53155664573891,2989.19802495307,27.1794480236943,16.6093518879805,17.1968395104718,25.582131028112,30204.8995644321,24394.2266787357,-271.050314075249,0
2413,9702,7.15829828060632,4378.30108680816,26.7600577685008,12.7295088301447,13.0729946964694,19.5768868067031,26202.6967418632,27709.0803274417,1103.3103898499,0
2413,9703,5.18108306695047,1947.85600779661,28.497476279343,22.9303239151838,23.9999254427591,35.3891681612677,31304.8722364999,29992.9971487451,-642.818139900809,0
2413,9704,7.22965365601152,3383.3901873449,26.909227977479,15.1987585451693,15.6916485865638,23.3971878156503,32546.9143076118,21339.8702028037,943.273832294652,0
2413,9705,9.51181918794837,1978.44674394565,25.2291744650617,22.0032450163594,22.9554101753794,33.9378764933992,36536.5495846788,25490.8714281666,-1160.55469060319,0
2414,9706,5.51131198358811,3920.76566895307,27.1794480236943,13.7570747471881,14.1633299915225,21.1668526681903,30224.7196880617,24389.7782326465,-241.74494520997,0
2414,9707,7.32948025893591,4786.42084080816,26.7600577685008,11.9918169537658,12.2945392394951,18.4366279890525,26230.2862281184,27701.4175661064,1167.18991189163,0
2414,9708,9.10538228654167,2554.18435794565,25.2291744650617,18.2830292849668,18.9640020093988,28.1694149618743,36549.286330675,25496.4258558384,-1183.04767110897,0
2414,9709,5.21952242259827,1324.31521944088,28.4813925672853,30.8512076354496,32.5906557177966,47.6970900362979,31307.535414031,29970.2122086175,-602.919044473687,0
2415,9710,5.53266921886825,4208.42522895307,27.1794480236943,13.1100486442452,13.4782514568907,20.1661071986314,30222.103770512,24404.6549214608,-283.933938713454,0
2415,9711,7.06486857147467,4318.19213280816,26.7600577685008,12.8486348036988,13.1988620476507,19.7610646457635,26229.6268612547,27719.921149338,1097.31946407281,0
2415,9712,10.1639859095625,2543.67795594565,25.2291744650617,18.3368885159828,19.0215985479903,28.2528750906874,36553.6530392138,25482.5844703442,-1190.96368100812,0
2415,9713,5.98522063361814,3292.59261732021,27.2055201130403,15.522669586957,16.0388964734444,23.8993555893504,26760.7907429665,27111.4183078016,22.6766115751091,0
2415,9714,5.05427557567228,1478.89409174982,28.4955116583095,28.2997031547388,29.8160505117199,43.7303254734333,31364.1150729116,29175.6475509857,-457.769718441246,0
2416,9715,5.55446930954743,3778.56581295307,27.1794480236943,14.1095177827695,14.5370052903046,21.7121093699509,30193.0922484848,24406.5384189151,-269.791087727575,0
2416,9716,7.59065981376716,3980.42342280816,26.7600577685008,13.5776277007671,13.9700339797278,20.8883967061386,26219.3680736793,27706.6745159379,1106.24942752075,0
2416,9717,6.22706342516381,2859.24647990208,25.6777603070737,16.9394065262248,17.5338772004837,26.0891970891816,28550.4653624195,19092.5227153817,614.169387530853,0
2416,9718,5.36693001233878,4311.61553832191,25.6702002791331,12.7697394213076,13.1077038065225,19.6369362358368,24845.3187487095,22360.3208730091,148.315416426287,0
2416,9719,9.56810200792418,2793.05632794565,25.2291744650617,17.1593564470214,17.7637678265452,26.4285645486714,36528.5318391726,25439.8822654699,-1227.89295355955,0
2417,9720,5.67674014745906,5923.01836912343,25.6251098206282,10.3545013042264,10.5670706126906,15.905882490635,24796.9523440458,22342.9189802273,163.074846537163,0
2417,9721,5.70789920539948,6643.26930883216,26.4606264048702,9.66049685496393,9.84499686372257,14.8359781614565,34226.6817124816,20607.6568216652,-523.983475407942,0
2417,9722,7.34212185090527,4241.60773080816,26.7600577685008,13.0047828011223,13.3639117119219,20.0024992162746,26222.405239958,27715.9809667795,1163.93312567678,0
2417,9723,6.9693847048996,3667.86957506635,27.0157038467406,14.3845094670026,14.8274735012047,22.1372423624827,28828.2950714598,24905.1783636388,911.873767284523,0
2417,9724,5.27734148585791,1938.84102374982,28.4955116583095,23.0099013722157,24.0858245983892,35.5127045581164,31367.5443232998,29188.9418311131,-474.374744858742,0
2418,9725,7.33772838213928,5080.37983680816,26.7600577685008,11.5263379079464,11.8042378684165,17.7173778437886,26235.4204984276,27702.165781276,1175.46614213444,0
2418,9726,5.57054166270275,6061.05531112342,25.6251098206282,10.2012721963869,10.4065846311293,15.6693658495541,24796.4246503275,22359.6214964766,178.497396831436,0
2418,9727,6.18819681645594,1925.26659474425,25.934392199827,22.6000612186599,23.608244647853,34.8667449841365,29253.8141290191,19326.205462225,611.374181514947,0
2418,9728,5.32776983078332,5816.84106622898,26.4038944029228,10.5239250680122,10.7489280205891,16.1686146917425,34254.3994596816,20732.3188681231,-411.738372018299,0
2418,9729,5.17046239568229,1733.75693774982,28.4955116583095,25.0399593662945,26.2808083736089,38.6652042818185,31388.7274021095,29175.2800515442,-525.145131470093,0
2418,9730,9.2185829680865,2389.07746194565,25.2291744650617,19.1796795057769,19.9236403783782,29.5590750874294,36555.2394830703,25492.6445343768,-1171.37223720316,0
2418,9731,4.26492465133395,3406.97081536658,26.8802558101296,15.1224831584327,15.610288938867,23.2790493141022,28408.7730374511,24759.9084820377,142.545037195485,0
2419,9732,5.38794432767717,5572.00005022898,26.4038944029228,10.8235469940776,11.063337897221,16.6312596005983,34219.7561190079,20746.8865588061,-359.68404970639,0
2419,9733,7.44163166538001,4861.37531880816,26.7600577685008,11.868381869759,12.1644525803753,18.2458792907038,26233.5923178822,27712.5907931188,1151.1387973488,0
2419,9734,5.31196572326185,4484.23485272503,28.4856909623629,12.6633626567822,13.0148059487712,19.4778454108666,31382.5758086099,29178.7152561767,-523.826982181433,0
2419,9735,6.1796832230624,1884.25418274425,25.934392199827,22.9647107506471,24.0012927634539,35.4326677616365,29258.1573808584,19325.8051802811,586.974308831915,0
2419,9736,9.08601333663042,2684.97474594565,25.2291744650617,17.6450615003672,18.2822307579983,27.1809504511488,36539.9602761336,25483.3190920384,-1160.10306706601,0
2420,9737,6.99444810726063,4850.910918174,26.2578830686703,11.8483760037286,12.1401550280726,18.2140768072374,31434.94403616,34392.4776889451,1090.21499257391,0
2420,9738,5.37762122181981,6841.01597524328,26.6500903582084,9.48997974570481,9.66764639635185,14.573119418773,34237.4284462745,20742.7034969046,-329.87554985004,0
2420,9739,6.07440154656236,2576.50963463516,26.1310289123357,18.30716637779,19.000148448666,28.2096652499643,29245.0124471843,19314.1002324499,593.999557355562,0
2420,9740,5.46240437335345,3025.25759211622,26.1608936160951,16.3419629580764,16.9017555224694,25.1652688295188,27701.5343334984,21566.1777428054,-24.3670582890944,0
2420,9741,5.93962224102728,2367.38787807208,27.7538809298056,19.7242557758955,20.5379085750856,30.4117485292404,28548.3878909158,30453.3215748023,489.008620953668,0
2420,9742,6.40401189039705,4306.34691478161,26.984158638332,12.8912491327271,13.2454876470854,19.8273906254212,26861.7748646085,27036.6706851939,112.635169019674,0
2421,9743,6.00071696058581,6334.18486124022,27.7782282989057,10.0329739438573,10.2413390761241,15.4126363530911,28537.4591911232,30440.4097026956,509.098749071847,0
2421,9744,6.83242559256252,4385.853954174,26.2578830686703,12.673287001744,13.0100846406279,19.4889966675529,31418.5296533887,34390.7445107255,1035.8410900065,0
2421,9745,5.61582241264952,6114.89882450243,26.6414717748066,10.2013466756626,10.4120303841526,15.670964601149,34225.3795939586,20727.8975698224,-318.956902504328,0
2421,9746,6.20542437619248,1998.80566131116,26.0805310198365,22.0108826250026,22.9756538167027,33.9530459325798,29241.7993826544,19297.1208874347,522.51484221522,0
2421,9747,5.48139901839237,2892.74479047383,26.1992522681599,16.8703229856704,17.4655572094963,25.9836762994421,27718.3780576571,21571.1845863495,16.9867168076744,0
2421,9748,5.0809049575128,3424.1044844326,25.8362713168915,14.9558587873958,15.4240409380728,23.0186284834931,34051.1189199394,16794.2638951189,-474.08694128855,0
2422,9749,5.97494851450505,6672.32801324022,27.7782282989057,9.70094617661432,9.89359275938761,14.9001369045703,28528.4432603809,30441.1728139087,491.089806690226,0
2422,9750,7.23236039986823,2971.938936174,26.2578830686703,16.5598471904782,17.1349819782581,25.5029625103546,31405.3768383911,34380.3310289948,1073.438866175,0
2422,9751,5.4351703859026,6155.93326250243,26.6414717748066,10.1572170726839,10.3657944995827,15.6028439241407,34241.4310655075,20723.4222340924,-335.347772907541,0
2422,9752,5.64344388955023,3536.98326447383,26.1992522681599,14.6638434185332,15.1171542649799,22.5676079241175,27723.2596036437,21557.5015213969,8.07813178305078,0
2422,9753,6.35079431774304,3912.69329518314,26.7706676144502,13.7383509656712,14.1403474824126,21.1370228623742,26596.7883427295,26354.8386193737,587.353713490159,0
2422,9754,6.47270726784183,2329.48199931116,26.0805310198365,19.6773395184286,20.4675642101097,30.3334838379563,29248.9804854659,19289.3564201406,575.804184790909,0
2422,9755,5.22373077294625,3665.4213404326,25.8362713168915,14.2718580146827,14.6982374716543,21.9602625644309,34039.2040573113,16809.0310828384,-428.436340373825,0
2423,9756,5.57470119562067,6137.62965650243,26.6414717748066,10.1768373244354,10.3863503241558,15.6331304885191,34229.2898004512,20733.3850953743,-322.465037499122,0
2423,9757,6.22746177250749,2572.8700200371,26.0232135319766,18.3093615859976,19.0012789535467,28.2127315894711,29245.6084949653,19310.6874181942,610.547496075102,0
2423,9758,5.28630909573504,4146.8876744326,25.8362713168915,13.1235774762264,13.4826971186828,20.1843089820516,34054.5692440342,16818.5418728148,-466.999441838051,0
2423,9759,5.67097164152481,3133.90746447383,26.1992522681599,15.9477935205476,16.4822332175864,24.5550165849845,27748.3462658425,21562.43145079,-42.0606882579072,0
2423,9760,6.0821985872189,1600.72362130124,26.8247036137065,26.1929512701457,27.5037444850606,40.4491344022189,26602.1833888716,26374.1098809635,605.334735522798,0
2423,9761,5.64564377044328,1914.62066473455,27.4100510277926,23.0037494866773,24.0644130964356,35.4990700573553,33967.1583779611,29219.5383440119,29.5865627645506,0
2423,9762,6.03366420190838,1985.10462207208,27.7538809298056,22.4598541653511,23.4823069863837,34.6561082309062,28531.4060941117,30471.4945379157,435.272918768715,0
2424,9763,5.68730949922134,3834.31107370169,27.4192015646288,13.9913095055411,14.4135037079724,21.529735646722,33986.9539130375,29203.9067350101,23.856393815669,0
2424,9764,5.33637180849042,5789.22238850243,26.6414717748066,10.5709825978698,10.7995893100994,16.2416300454882,34215.9102921149,20726.0972906788,-343.873816754419,0
2424,9765,6.06286599660658,1623.65268730124,26.8247036137065,25.9102520647244,27.1976126621548,40.0099958257004,26591.5204723499,26373.7455224653,626.202103319728,0
2424,9766,5.31612938537214,4193.0101184326,25.8362713168915,13.0260569684281,13.3796406511976,20.0335301178692,34019.5249247653,16810.7302558433,-447.685464482407,0
2424,9767,5.70281806297766,1315.73884833046,26.2733694553765,30.3039385033886,31.9552261647415,46.8350435428748,27917.1958048077,21618.4610594247,-49.2794130174312,0
2425,9768,5.6299408901396,4751.78972473455,27.4100510277926,12.098673557076,12.4114026196252,18.6029291341968,33988.69641514,29203.7477948661,40.9723857459212,0
2425,9769,5.31809500207179,4883.75555450243,26.6414717748066,11.8235239087884,12.1164363138862,18.1763541763058,34206.4899258342,20734.5881209789,-332.357320018358,0
2425,9770,5.30124182875566,2385.20093313468,26.1233423206576,19.3506308687835,20.1177148026722,29.8270854783934,27323.6116567665,21692.0605462354,-289.564444702894,0
2425,9771,7.24958624622378,5815.01829570481,26.0967975681799,10.5075074637855,10.7300257863484,16.1428016691735,33986.6192271009,17591.3255957525,390.452820027469,0
2426,9772,5.88843070372937,4901.73508570169,27.4192015646288,11.8509619324084,12.1502484923448,18.2201057914121,33974.9883357295,29196.4092629329,39.9260478545822,0
2426,9773,5.49588506832091,5088.90083323404,26.7219417556899,11.5109032039462,11.7877591381201,17.6934673996048,34195.3189261353,20746.6623510135,-365.361385828725,0
2426,9774,5.39616732359019,2047.80666513468,26.1233423206576,21.6293087028632,22.5654867737928,33.3611696244242,27275.1489288235,21704.576140124,-251.589764298581,0
2427,9775,5.61696029596178,4197.63759073455,27.4100510277926,13.1526513476279,13.5249791012355,20.2324465422488,33992.7780813174,29203.508159702,46.8416667340366,0
2427,9776,5.36177556366858,3504.15793724915,26.7128576068532,14.8129659176462,15.2799008733783,22.7995900459572,34202.9291719637,20737.8135305972,-337.792396635819,0
2427,9777,6.15400824974353,1130.77699415249,25.8438692806385,33.984958422507,35.9537398057186,52.556656698405,34734.1248321884,17718.9879649644,500.942500102422,0
2427,9778,5.24231170357606,2022.89525913468,26.1233423206576,21.825483080047,22.7766376094589,33.6655405889488,27315.3372960938,21712.1280331993,-327.005953524196,0
2428,9779,5.66148068982254,5242.36717570169,27.4192015646288,11.3339217690424,11.6056788240794,17.4211959043552,33981.0424107277,29195.705677005,27.1985708019435,0
2428,9780,5.17341212718637,3493.87090250243,26.6414717748066,14.8355053268503,15.3032340971938,22.8343048550803,34235.5213435908,20731.1889990535,-360.527956361693,0
2428,9781,5.87852732794452,4750.80982141409,27.9873371882213,12.1432005271042,12.4620642145762,18.6727682752784,32649.832543176,30153.2635149203,-246.923898264448,0
2429,9782,5.93029430622321,5480.67411673455,27.4100510277926,11.0057014848479,11.2604004483002,16.9141572164722,33967.3609504364,29202.947736055,43.2740932748954,0
2429,9783,5.50891287996451,6046.86140324915,26.7128576068532,10.2797790790377,10.4945988328047,15.7921452407337,34209.525529735,20716.9325642677,-348.64425780119,0
2429,9784,5.65942576687721,4868.14232341409,27.9873371882213,11.9464644040144,12.2544823300475,18.3686779814458,32661.2212907696,30154.4214126916,-241.246564368986,0
2429,9785,8.7566443856301,6228.40561441623,26.7332569162037,10.0856330963252,10.2912783351194,15.4924771794146,33339.4768571987,19165.6596510999,-1283.83224189462,0
2429,9786,5.03557387521096,1778.80435543494,25.834292622819,23.9513153186968,25.0641913063139,36.9636967652766,26542.2875352016,21155.0902672957,-151.960904842937,0
2430,9787,5.57486922145915,7636.91338710574,26.6587388093928,8.84762624118693,8.99717537301673,13.5822471828528,34219.3839936075,20717.7168954165,-322.970671246873,0
2430,9788,8.70195542151195,7983.17729617018,26.6558871208277,8.60289528787412,8.74214837606886,13.2048479952947,33349.4586847404,19177.1742022796,-1238.05277545448,0
2430,9789,5.64411152238711,2544.93038159118,27.1780410468792,18.6290110772395,19.3564810127695,28.7117454648958,34016.8771682346,29175.9599805014,41.0416473444915,0
2430,9790,5.78125495677089,2704.81782165098,25.8761952558171,17.646582894375,18.2909847975098,27.1852713441478,26321.7831246051,21276.0216637987,-71.6756978939289,0
2430,9791,5.73855527438213,2427.83244944581,25.1901669653097,18.9527329647776,19.68012518844,29.2071725496992,32316.5277892667,15476.3965210976,-21.3931825949078,0
2431,9792,5.85093910168975,3652.04702881724,28.271242525038,14.5527341907113,15.0162323798883,22.4003634952173,31338.5321005619,28519.7673733582,189.531712982737,0
2431,9793,8.85585165685031,6672.78447817018,26.6558871208277,9.64311607994584,9.82776430503374,14.8094186767413,33373.2978282959,19148.6611623841,-1279.45270532306,0
2431,9794,5.79668959366141,3956.16263128977,25.2047339668515,13.4890109950023,13.8641599660988,20.7480146762872,32302.0166307718,15490.1785656743,8.32128558549408,0
2431,9795,5.39664849510897,2657.06941472066,25.8406151158402,17.8663791277876,18.5254880266752,27.5257167691195,26184.9823299913,21360.1587819573,-104.849310950534,0
2431,9796,11.5988217340206,5742.00817719771,27.6375431004167,10.687920322119,10.9277420882534,16.4236966055042,28189.7892117013,31284.5293584358,-920.462016264689,0
2431,9797,5.48448351272829,6425.65959510574,26.6587388093928,9.88041947422428,10.0760372282589,15.1756343983591,34234.0747139737,20709.328828812,-333.738977692366,0
2431,9798,4.90415452894788,3755.81722027583,27.9614932391677,14.2438575480986,14.6857074783429,21.9216703726147,29366.8644123814,31564.9476610632,956.518856543887,0
2432,9799,5.43486115293099,2702.37689672066,25.8406151158402,17.6527919593785,18.2972310022148,27.1947844275616,26182.7439820738,21372.9823116396,-105.941275332125,0
2432,9800,9.08343270770198,4798.50403417018,26.6558871208277,11.9639322919345,12.2644754276428,18.3933501865582,33321.8253206312,19147.1660734941,-1288.50034165758,0
2432,9801,6.70519807809697,4165.03812824721,24.8316752355772,12.9955589373985,13.3398512377555,19.9842918510279,31893.2224135271,14775.8145914883,747.305401082562,0
2432,9802,6.23357693676681,4036.77441105579,25.633710424298,13.3458895404868,13.7161753086992,20.5276302167287,31189.1099226019,16713.9788345692,343.59513748215,0
2433,9803,6.05197660297966,4288.88140532674,27.8074837840354,12.9955200727958,13.361531269998,19.9902198428213,28062.5459821609,30007.4647950062,448.723991652245,0
2433,9804,6.42204755894693,5900.98897305579,25.633710424298,10.3800524584551,10.5938874672245,15.945337299521,31182.5664649804,16721.4442620288,271.308932846306,0
2433,9805,6.73923490177005,5809.1248462472,24.8316752355772,10.4369640277206,10.6490242847688,16.0319474660436,31888.6563664809,14765.2181954559,792.620943167875,0
2433,9806,7.95499567393409,4964.60334288651,26.6626358141069,11.6968402741652,11.9831399578248,17.9806442215829,32989.1439434316,19059.2526850079,1269.11467538447,0
2433,9807,5.68982073308554,2958.95777072066,25.8406151158402,16.5569394601657,17.1276986061416,25.4973070863803,26150.0007630237,21374.1816972526,-109.578900408739,0
2433,9808,6.04434550364328,3382.27187148884,25.7584145753977,15.07468416617,15.5495545152835,23.2023308310132,35807.2681499376,27517.1641064532,542.167916986713,0
2433,9809,5.18848149220403,2484.12455646537,27.4519093129926,18.9994292126436,19.7565967898667,29.2868471479699,31406.0602221969,25004.8573519233,-449.144320937738,0
2433,9810,5.55809850772782,3191.42783740422,26.9155074071303,15.8311013429328,16.3646748897924,24.3761826929384,29728.0138718596,22441.0942439688,-243.265078717732,0
2434,9811,5.88501924916389,6158.51701548884,25.7584145753977,10.1043399547823,10.305810541377,15.5199531127786,35793.6724870339,27507.9218850337,552.050722664012,0
2434,9812,6.06417006924752,5640.57297332674,27.8074837840354,10.8240436791939,11.0716707880993,16.6341838445114,28063.4959193129,30022.0919787798,505.093768430953,0
2434,9813,6.15180450004841,5262.38915505579,25.633710424298,11.1851824643077,11.4386075988116,17.1884946628143,31187.0522687602,16717.5114553106,284.590269238955,0
2434,9814,6.31216649621488,3978.42436307704,27.5674090694241,13.6559559488389,14.0591050693888,21.0112366168637,33255.5822863152,30402.8350316581,813.897003077494,0
2434,9815,6.66454466821511,5632.9168462472,24.8316752355772,10.6474374264804,10.8695422298704,16.3568444631768,31881.8445218101,14776.7413009524,812.160850160525,0
2434,9816,7.81413417369215,4270.87244688651,26.6626358141069,12.9362604322335,13.2907763995114,19.8963557903318,33023.5944006113,19049.9225856253,1218.0594009578,0
2434,9817,5.46846076112906,3049.77096872066,25.8406151158402,16.2096343049164,16.7576182350054,24.9594897386854,26163.0103182554,21367.2038477093,-115.500978832368,0
2435,9818,6.4635328713,6461.72146898842,27.788953767824,9.90473100432169,10.1070269313768,15.2146884023959,28055.4970949402,30214.310964419,707.834364252959,0
2435,9819,5.89797744608118,5558.46269748884,25.7584145753977,10.7996495056403,11.0345545610428,16.5933357853557,35796.4041347375,27491.6073266592,529.377197239233,0
2435,9820,6.37548574593668,3594.66536507704,27.5674090694241,14.6420590377522,15.1054733602562,22.5370504432338,33251.6652344678,30404.1985900662,845.145812303081,0
2435,9821,6.08190116006708,4064.03478504497,25.5932178789716,13.2816191847905,13.6479099805335,20.4281647709543,31185.1177974038,16745.2422158096,305.463553668576,0
2435,9822,7.91030559212637,3895.74639817018,26.6558871208277,13.768310292097,14.1711958727676,21.1831199531253,33307.7764655213,19169.8403348413,1249.53009555458,0
2435,9823,5.50386662982458,2789.42097811348,26.6725425646493,17.3751253789253,18.0094218574473,26.7670270592351,28271.6187108565,22915.5637793,-147.934938481126,0
2435,9824,5.51590770778368,2921.40344072066,25.8406151158402,16.7063120949868,17.2869537644538,25.7286412177499,26165.0657454264,21332.682531444,-102.420474552473,0
2435,9825,7.91863303632432,3502.94642777018,26.2662916595135,14.76902921034,15.2294052710598,22.7305390308035,27399.9733515338,35640.753486955,-1367.52016678317,0
2436,9826,6.37620698867481,3339.40605107704,27.5674090694241,15.4107295995232,15.9229304732288,23.7269245353087,33250.5088376788,30407.5744709029,800.873188807088,0
2436,9827,6.09091514137676,2678.51128104497,25.5932178789716,17.7284633965857,18.3753633241929,27.3112760119856,31151.0305085728,16759.8351453785,223.589018364406,0
2436,9828,5.78475360846766,2241.80964348884,25.7584145753977,20.1763629921474,20.9990132202965,31.1061656579318,35787.8647032541,27477.3873193151,550.866543198511,0
2436,9829,6.23248481187938,2748.00184235662,26.1384099432913,17.4861908263674,18.1224519689714,26.9375517848891,24489.5088313178,26766.2023359687,659.662610466056,0
2436,9830,5.32817351059468,2828.40699811348,26.6725425646493,17.2047575044522,17.8274239353003,26.5030785073673,28279.0906695181,22927.8224257125,-109.38535654646,0
2437,9831,6.39546364071864,3826.02646907704,27.5674090694241,14.0261509089132,14.4516081137725,21.5839586757961,33258.8099069903,30402.079467191,828.244221295525,0
2437,9832,7.70219791000584,4801.36741417018,26.6558871208277,11.9591803317736,12.2594672710363,18.3860067760901,33299.7996387926,19163.0685798697,1247.40464331104,0
2437,9833,6.39523732430307,3994.49723435662,26.1384099432913,13.4880005763694,13.8703952841776,20.7484653469966,24494.6072702017,26765.1219312176,632.447727233756,0
2437,9834,6.15805565577422,3187.35593304497,25.5932178789716,15.6883474094137,16.2003453312952,24.1517578031069,31188.1000342372,16737.8230797402,315.269440506953,0
2437,9835,5.97183162341144,1633.78191348884,25.7584145753977,25.5175844348176,26.7554510963896,39.3953430577959,35797.0386619489,27500.1539604454,522.104603581476,0
2437,9836,6.63466572139938,2351.44366371431,26.4710274110587,19.609401773232,20.3994349332281,30.2294542770185,28326.4764039796,22003.2318425082,161.687361758057,0
2437,9837,6.17078380209713,3715.27937389704,27.2575379992541,14.28187511796,14.7204978144011,21.9789665189997,32009.098091023,23382.2237194677,227.726794228288,0
2438,9838,6.42373926607685,3769.97029907704,27.5674090694241,14.1690978034078,14.6032719241692,21.8051375170615,33264.2750032417,30410.3461732623,840.420959198167,0
2438,9839,6.0372959989954,2802.56171304497,25.5932178789716,17.1688441918443,17.7777901444377,26.444334403339,31180.7263476138,16744.9520617657,264.199280535222,0
2438,9840,6.31946683842181,2564.15082035662,26.1384099432913,18.3714274309268,19.0689988801949,28.3092799864312,24468.1006037737,26745.4261485241,621.606266521413,0
2438,9841,5.51798987281646,4158.27773745603,27.2563507301363,13.2237193640501,13.5990764580143,20.3420494120924,32168.798170675,24062.6206035507,-710.778748281619,0
2438,9842,8.28287388079947,1035.34623022552,27.6613119682264,37.2360274533742,39.5404463178444,57.6254901779405,27702.856516112,27991.7846333782,-1456.5939193224,0
2438,9843,9.5504785799716,3054.56741216147,24.0566387727208,15.9654551878713,16.4798367851993,24.576522866575,29618.9933276928,14259.77518844,-1166.86824139204,0
2438,9844,5.60775996905105,1187.41991730697,26.2824308201801,32.8541899955641,34.7306499335849,50.8004829438445,28420.4314632093,20995.4418540084,-22.3322685429482,0
2439,9845,6.48463894755692,3615.39183107704,27.5674090694241,14.5839788111958,15.0437698382585,22.4471616819873,33256.8947866449,30419.3420298769,833.983941392639,0
2439,9846,6.05623838753136,2221.14139104497,25.5932178789716,20.2830590562235,21.111421711527,31.2710360349296,31193.0201488147,16766.6483989213,290.607816548451,0
2439,9847,6.28527641393151,2399.68267835662,26.1384099432913,19.2686514147533,20.0300093018753,29.700039611927,24476.133893503,26776.596312458,671.769384097704,0
2439,9848,5.96488961788062,1381.29787548884,25.7584145753977,29.0191842630035,30.5499416433052,44.8354026826869,35795.3508584287,27487.0630529877,571.895767703511,0
2439,9849,5.5015000737221,3345.10654905371,27.0370140157658,15.333668533475,15.8362709726743,23.6063402592703,32154.6663806466,24088.8157920816,-728.445463458494,0
2439,9850,6.15933737054035,4858.84726789704,27.2575379992541,11.9088517097458,12.2102587213056,18.3092893219122,32109.4401691337,23487.3949217732,506.421964121378,0
2439,9851,5.50751266829511,902.381451306969,26.2824308201801,40.9844471014244,43.6094543983233,63.4512768734795,28417.3060451734,21008.9177075504,-88.6918315448019,0
2440,9852,6.40734656321646,3411.95950196848,27.3897441376822,15.1624369930433,15.6571883951951,23.3421110041226,33250.6098476765,30408.0416759499,822.181410925953,0
2440,9853,6.20937990601112,2253.3851158042,25.4868812726214,20.0528107193017,20.8629405807867,30.9136200376565,31178.5855097381,16732.7564366936,305.915185634347,0
2440,9854,5.55095325860499,4090.40911039314,27.1914232314117,13.3666584691077,13.7498949215158,20.5629859770442,32173.2611531481,24099.1614210082,-748.815161339376,0
2440,9855,6.04192632756637,1133.58387763884,25.4560244786433,33.7676678086378,35.7087299133269,52.2164041467662,35793.8414243672,27474.6435224177,485.896811877191,0
2440,9856,5.46475123390968,1004.92072649979,26.2980291279441,37.5538994481401,39.858386514386,58.1119339185708,28425.3653532518,20990.2397020732,-63.0642832683651,0
2441,9857,5.97659458739655,5309.31901911572,25.5896739598459,11.1172530103219,11.3669841832106,17.0835110179424,35803.992757079,27491.1757550048,544.823367615612,0
2441,9858,6.46881623924953,4015.64810996848,27.3897441376822,13.5534137217448,13.949132425418,20.8522505091209,33246.3149253667,30399.0326620209,832.7728800762,0
2441,9859,5.82419429243287,2859.2763238042,25.4868812726214,16.9134293771146,17.5041711769293,26.0484124511136,31157.3571997301,16751.5023106792,306.638349828298,0
2441,9860,9.04470514520349,2135.23978320161,27.6515852733267,21.2577661050695,22.1856290178324,32.7902443044383,29980.8730733304,32310.9935509847,-1216.40390111854,0
2441,9861,6.95475108111782,3944.81472616679,27.2267325805458,13.7040911892694,14.1075443826766,21.0849903769222,31937.9349461172,23317.041745431,173.664731773476,0
2442,9862,5.87137607084576,6469.97707963884,25.4560244786433,9.77198073337321,9.95656972581898,15.0066237059859,35807.497947051,27482.0123537996,517.445905485693,0
2442,9863,6.11371756192607,3502.2372898042,25.4868812726214,14.687479714606,15.1360575032268,22.6024789619398,31174.2307795225,16763.1005642207,287.99477614744,0
2442,9864,9.02096988433335,2497.98597720161,27.6515852733267,18.9537765278687,19.7098754126016,29.2166823466442,29963.4375463612,32359.3794810166,-1209.97430700037,0
2442,9865,5.64334775130952,1088.68560449979,26.2980291279441,35.2111935477055,37.3005620966597,54.4668193391116,28412.1872727362,20990.3649404142,-81.6407420773184,0
2443,9866,5.42488651958897,13575.1024597659,25.3288760472676,6.17446109905749,6.22298064231024,9.46310657499841,36034.7204404856,27024.8887452801,493.549723018771,0
2443,9867,5.06545287470108,11791.6248634712,25.5663925017803,6.72705911619966,6.79317211543295,10.313708207165,35790.0007111643,27453.7804515815,489.600001357608,0
2443,9868,9.07905771270953,3235.01998920161,27.6515852733267,15.7663520417543,16.302388242127,24.2777633018782,29993.1877381778,32330.8110149375,-1206.83351281316,0
2444,9869,5.23379114827332,13484.456322533,25.4584628151978,6.20236941079788,6.25204154568172,9.50613854507056,35806.8527201797,27430.8700862857,496.212483732703,0
2444,9870,5.41550528741324,2865.198673428,26.5648887230065,17.0335476860463,17.6434959951689,26.2375417168792,26845.7341884066,23302.6175240425,-190.852098259678,0
2444,9871,8.87591496506398,2390.74138320161,27.6515852733267,19.5671874674763,20.3680682483544,30.1678379267382,29982.2143190569,32351.9832740164,-1230.32587836536,0
2445,9872,5.28280354130311,12705.2957197659,25.3288760472676,6.42457052707781,6.48054022020706,9.84795215634259,36041.2270193317,26988.3719686434,482.102633989892,0
2445,9873,5.02798218087626,11276.1944374712,25.5663925017803,6.91205180230249,6.98419698532037,10.5985025214324,35752.1418050389,27484.3173012493,424.488026836196,0
2445,9874,5.41445051348983,3063.102283428,26.5648887230065,16.250183017722,16.8078699850817,25.0242213088115,26872.9824927112,23288.0148206743,-211.599957965824,0
2445,9875,6.03743519496818,5117.80361821569,26.1073546105647,11.4251063911665,11.6937118493261,17.5598809740543,27453.6631818415,21108.6558957451,51.2737254503014,0
2445,9876,9.32233157050382,3603.44321241878,24.6781081616414,14.3182034071912,14.7374453932152,22.0292266277442,23864.7571388567,19805.8377622797,-1129.96338647454,0
2446,9877,5.19891478261199,13199.2948477659,25.3288760472676,6.2791148617033,6.33071168764373,9.62412713071709,36036.9859571657,27023.7086290742,505.461500217213,0
2446,9878,6.00148229902749,5533.51963591772,25.2960943583435,10.8015485771518,11.0338539720944,16.5955240258615,22922.3938368972,23895.0031795268,458.198368986911,0
2446,9879,5.07392984047856,12731.6060776408,26.2251870952647,6.43941653438256,6.49828618848582,9.87147809303107,35798.3968959958,27435.7416461663,475.862541518595,0
2446,9880,6.8333029679671,4241.18872166573,28.2814605551012,13.1342496639176,13.5116540939934,20.2056822792047,30954.9564971762,29684.0847027723,1027.89045218889,0
2446,9881,5.56955368828253,3975.05068621569,26.1073546105647,13.5298789749051,13.914473600567,20.8131655805045,27476.7257779388,21122.5077815079,-23.4604448296502,0
2446,9882,5.5189076952021,2071.9884668239,26.4618534885641,21.5085137238414,22.4400557629926,33.1750182716179,25999.9492857518,23897.2645197727,-152.947561883371,0
2447,9883,5.68991885806619,13062.6586886156,25.4594481410976,6.32166975498059,6.37488481924044,9.68970406330913,35859.0190515924,26781.5823945423,365.922885838912,0
2447,9884,6.01389421860349,6673.40918791772,25.2960943583435,9.57173003784118,9.74652431014504,14.6974396732954,22897.5764549604,23860.7154790687,432.283868335899,0
2447,9885,4.60004425707884,11943.5768039686,25.2984515474291,6.66774792111722,6.73118398041973,10.2221929923615,35610.1830245294,27442.7088540935,149.590044882154,0
2447,9886,5.82082042710133,3750.25588498948,28.0846508211414,14.2702834564876,14.714725436196,21.9628287500466,31352.7712820838,28400.5238045193,1.74936290611521,0
2447,9887,5.88656088211769,3087.79433062505,27.2465323925753,16.241970415659,16.8056025009969,25.0132895392836,26381.163436163,26929.1616216205,94.9084118300817,0
2448,9888,6.01899693435703,13256.6196446156,25.4594481410976,6.26602739501937,6.31758184416851,9.60408579600399,35828.4764294726,26705.9316192966,475.979277631397,0
2448,9889,6.03716506056884,5545.43570191772,25.2960943583435,10.7864164385888,11.0179808465795,16.5721601627341,22899.1779940733,23872.5626644286,483.115618032073,0
2448,9890,5.71210807073139,3659.10583927425,28.1207606236364,14.518413862177,14.978566586419,22.3469153606424,31347.3574650906,28386.3308104738,19.8816325627714,0
2448,9891,6.02941061076661,2580.49149862505,27.2465323925753,18.4540289426397,19.1697792360545,28.4407094684744,26361.917891611,26939.9571147964,30.7949041450933,0
2449,9892,5.91002392378221,13526.0416766156,25.4594481410976,6.19097332358351,6.24031378010638,9.48860544340674,35832.8092625325,26707.6395477492,488.679111765967,0
2449,9893,7.02172031865404,6514.42676168444,24.7609529537523,9.69150279757744,9.86892741641464,14.8814739565798,22961.1269860059,21016.2992976701,1118.68115765115,0
2449,9894,5.75257019779247,2169.97091062505,27.2465323925753,20.9330961923919,21.831107668087,32.2851102169494,26375.0856397489,26937.1396722019,123.506539473508,0
2449,9895,5.95567501977864,4048.83507991772,25.2960943583435,13.2880407364693,13.652402872749,20.437461132095,22899.7058732341,23867.4650759249,463.912550343689,0
2450,9896,5.99698696862225,13301.2081443299,25.407178754114,6.2521546385788,6.30315987771967,9.58270191178605,35844.637375379,26732.6655572803,467.710604332124,0
2450,9897,6.03017353618579,5920.03429726121,24.8643507353035,10.3121147019381,10.5184744423074,15.8392950318502,36339.3080761387,18362.4741913471,105.489404748624,0
2450,9898,6.68517516893421,9179.8516450735,24.8615205239052,7.81629498504441,7.91768079183899,11.9905052746825,22974.2250019151,21011.7575704965,1108.30223173482,0
2450,9899,6.65418836439665,2112.89833214693,25.2078748242964,20.9625680422631,21.8360687345191,32.3234523327526,29231.8602463078,17152.6051483783,767.988111435715,0
2450,9900,5.70505205067885,1062.62771055668,27.5810597272982,36.4277912859229,38.6556355215913,56.3672539326433,26318.5433023454,26926.7784635233,116.312706774779,0
2451,9901,5.89391802638728,5557.7854076579,24.8965934843113,10.7449481958302,10.9721435428417,16.5074874628953,36348.5010779176,18388.7422586576,112.766755022664,0
2451,9902,7.03872435720035,6324.87877661121,24.7643657114682,9.87664072653894,10.0623919249765,15.1671224520099,23581.3191490547,20059.8061140994,1000.09305239561,0
2451,9903,5.87686167495703,5825.83278375554,25.5291166362571,10.4603453409753,10.6774432866987,16.0691240364499,35736.4898608151,26722.7530112508,417.786110401006,0
2451,9904,6.58715037742138,1941.16161014693,25.2078748242964,22.3098569675363,23.2851426522956,34.4135158077777,29230.9232144489,17140.0695724392,776.428123662972,0
2451,9905,6.15699114913755,1109.03649255668,27.5810597272982,35.1946996549992,37.3090774760643,54.4485657337269,26342.0663568154,26934.5832456675,187.522196988237,0
2452,9906,5.77428391688488,5675.96419126121,24.8643507353035,10.5970340114836,10.8169084378022,16.2790877124503,36347.9929249902,18378.1897024222,136.485963321666,0
2452,9907,6.90908344525055,4778.8077586112,24.7643657114682,11.8532211469533,12.1353719149247,18.218835010059,23606.7668612235,20051.4574953262,971.408753434745,0
2452,9908,6.31667771387518,1931.75650814693,25.2078748242964,22.390079779565,23.3715194679744,34.5379924117442,29265.580174054,17124.5181359123,736.511188107609,0
2453,9909,5.89818320398619,6093.20270926121,24.8643507353035,10.122140284836,10.3196527677627,15.5461012690977,36361.1798572525,18381.8212962126,100.578009841209,0
2453,9910,6.9099292666986,4345.44620861121,24.7643657114682,12.6259369242944,12.949329981222,19.4128319144666,23588.750129475,20074.8848072366,1021.09283794174,0
2453,9911,5.29841586369313,2000.5297555759,28.3029990509866,22.4385493102401,23.4665911148167,34.6250471159962,28966.4441661317,27675.946654535,-482.605541852345,0
2454,9912,5.89918725116937,4640.16951526121,24.8643507353035,12.094407434028,12.3899235306534,18.5916513114855,36342.4673881564,18362.4832268653,86.0755981959543,0
2454,9913,7.10818428190301,5170.5181426112,24.7643657114682,11.2544795112311,11.5060018633153,17.2940257396943,23575.801844952,20091.9467117199,1013.78584937986,0
2454,9914,5.16958412517689,2346.0956695759,28.3029990509866,19.9447180556983,20.7811184047222,30.7554336041564,28956.2148058343,27671.9043885094,-458.141946090383,0
2455,9915,5.67175425745807,2787.25325891556,25.9709638859589,17.2879421613261,17.908935538702,26.6299301689372,35047.265798487,25420.883996672,-12.4115873509856,0
2455,9916,6.79958997891026,2592.17660861121,24.7643657114682,18.0206753094452,18.6781730747655,27.7614201467512,23609.2868990012,20094.1344981225,1004.14618962936,0
2455,9917,6.65577239009278,788.049205827716,27.5360121076516,46.5582109519192,49.7480569041492,72.1389011365453,32662.9041849292,30679.6702497323,969.604326149902,0
2455,9918,6.03878037331954,3610.65224926121,24.8643507353035,14.3183187995424,14.7391909443895,22.0298524137099,36378.6850953126,18388.6340667533,157.754462922515,0
2455,9919,5.19799131299667,1899.94516035969,28.0857359007839,23.2779945560985,24.3697956101805,35.9273948378474,28063.4130342046,27123.9265851686,-79.806798322939,0
2455,9920,6.01642201606503,3838.84186299238,25.9658938131013,13.8409945430289,14.2427374451652,21.2940467655735,35232.9781081226,20578.1834282968,-174.387853675237,0
2456,9921,5.62733698111322,6045.83169393353,25.9761015420545,10.2383243769056,10.4472659145908,15.7270758575375,35179.8960576918,20600.1899931118,-151.175826437165,0
2456,9922,6.36713299015663,2420.52077032715,25.2196575316794,18.9986728955171,19.7296726811719,29.2784767318072,24061.1258915933,20822.9798671073,805.097788057563,0
2456,9923,6.18948079491879,4116.67225070466,25.6833465349495,13.1748211931294,13.5357047228685,20.2632224749911,35618.7834353498,24202.2047478186,136.857544328708,0
2456,9924,5.62279968551856,2152.19700706993,28.096146005147,21.2145636526958,22.144691313347,32.7247502464507,27963.7397011636,27154.6881482431,19.77534650806,0
2457,9925,5.65685702479861,6112.42723859388,26.0800571809896,10.1719678778795,10.3783160863368,15.6248031933528,35104.5436320364,20602.6671399895,-162.775232881128,0
2457,9926,5.68475568105261,3606.32983070466,25.6833465349495,14.4157980223698,14.8495693648196,22.1825963830838,35629.3998792018,24199.3566226211,85.7104342752625,0
2457,9927,5.62868416164452,2887.71122506993,28.096146005147,17.1396542085158,17.7721272071542,26.4061407732625,27909.5857090713,27238.5265347575,169.980490577564,0
2457,9928,6.80671593643951,2557.31058294184,25.1657678932287,18.2572829524699,18.9357344376923,28.1293160937021,24047.9724300344,20828.0303964925,760.36743573514,0
2457,9929,6.65821788930872,1408.29687442671,27.2687722329223,29.0399462309072,30.5995851035284,44.8751997866304,32651.2732282802,30674.1258724432,970.159408491568,0
2458,9930,5.77914973710649,3557.96073470466,25.6833465349495,14.5499518144041,14.9918595940993,22.3901576819088,35638.6760312712,24201.4821940849,97.6810403893298,0
2458,9931,5.49412096752197,5412.46298459388,26.0800571809896,11.0103711602543,11.2576494179793,16.9192548950974,35112.1092188637,20599.4537384865,-108.431206703221,0
2458,9932,6.29838127127978,4138.12779548789,27.1534960182587,13.2584281408555,13.635059942761,20.3955217135851,32362.5976259877,21541.5407981185,685.392401105169,0
2458,9933,5.85560151760182,2628.20089306993,28.096146005147,18.3356721270359,19.0521265929946,28.2597613859468,27861.5270728359,27223.6213399054,147.222191914437,0
2458,9934,6.3288760522299,2376.90929032715,25.2196575316794,19.2486991957469,19.9974574937226,29.6660302708522,24057.5275385194,20827.044942384,799.556500971451,0
2458,9935,6.66161315646503,1657.96607582772,27.5360121076516,25.6761512672734,26.9552808416453,39.6494451558758,32626.3450374769,30700.6270496395,899.917860558431,0
2459,9936,5.83216354706066,4287.98070891693,28.0704291113476,13.0191981955619,13.388410866217,20.0273410225403,31666.2104606836,29145.5895282457,449.847026376222,0
2459,9937,5.5364765035189,6561.09906188846,26.0693450368124,9.71741280621814,9.90259384819838,14.9232737795105,35111.2867843555,20589.9086563082,-143.186409750993,0
2459,9938,5.94172793675588,2492.41060306993,28.096146005147,19.0526352844685,19.8208498429434,29.3713233369635,27900.0442282998,27256.0280367978,171.986481695572,0
2459,9939,6.71208772536253,5266.60028693072,27.0134044608678,11.2723817178455,11.5385431528802,17.325466434086,33146.7880649464,21663.9935617766,762.012167122852,0
2459,9940,6.43592110922862,2428.49418232715,25.2196575316794,18.9538574700088,19.6816871987805,29.2090141482332,24049.6571405663,20835.4251421306,816.900149275504,0
2460,9941,6.02853753373808,3455.82324610981,28.1473668936152,15.1088147406845,15.6065634587841,23.2608686421842,31660.6383914234,29155.2647645959,455.68425144823,0
2460,9942,5.61943387497381,2818.21723865347,28.2476669322103,17.4601589335971,18.1163451280815,26.9031999805923,27903.1193321056,27250.375782365,183.222562279859,0
2460,9943,5.76355259657201,3999.63207077481,26.3439020426513,13.4951342321256,13.8795232023541,20.7599328632793,35118.5297352723,20660.6180665897,-145.530168064096,0
2460,9944,8.21896714086351,4050.05348378352,25.3097588469222,13.2865978673484,13.6509838551367,20.4352594318773,20665.4818878337,26548.0165418407,-1464.03257462496,0
2460,9945,6.49828398003467,2411.49974469718,25.2874289333888,19.0608913172993,19.7971255196144,29.3751431254296,24063.2601371783,20821.2076306655,766.934543118833,0
2460,9946,6.75573747252023,3962.81716935117,27.1837220905775,13.6576173051395,14.0579768387488,21.0130106462019,33112.554062212,21650.3926388277,770.927238858286,0
2461,9947,5.94384890503388,3089.99341210981,28.1473668936152,16.3423694770429,16.9210831415826,25.1711025709164,31645.1305653344,29141.6702499443,456.891582722888,0
2461,9948,5.7013875477854,3038.41743077481,26.3439020426513,16.3151959232273,16.8750195576056,25.1243109126742,35077.0569909159,20720.6525552748,-152.030719988665,0
2461,9949,6.47906529962891,2928.85284144496,25.334462191192,16.6096938639273,17.1787621767326,25.5775810630957,24067.3838679893,20826.901349968,754.941858403699,0
2461,9950,5.84687905899398,2726.91946865347,28.2476669322103,17.8768964292779,18.562329104075,27.5490664943347,27901.3929398484,27246.7040359875,209.228222385167,0
2461,9951,5.28988751714351,2102.51181353984,27.2570290007149,21.4280709699954,22.3639274002964,33.0530953052079,29719.3015692271,23760.9111697638,-208.292577003009,0
2461,9952,6.49765846197466,3088.89156735117,27.1837220905775,16.230292109257,16.792559434258,24.9950401985412,33039.4539086256,21603.6657466131,807.900902152548,0
2461,9953,5.85931167633498,2846.2096845861,25.5231804186975,16.9730483462899,17.5681436342041,26.1408573309307,21607.9510914356,26265.2163010184,590.554065145299,0
2462,9954,5.552884397105,2970.77558477481,26.3439020426513,16.5754533603046,17.1524792852296,25.5273683600786,35067.6725414321,20706.4911737093,-165.481120917526,0
2462,9955,6.74931292867069,4855.03668863948,27.2441764305582,11.9141087164817,12.2157162508784,18.3173903304303,32579.1400058996,21179.3066666847,790.778996406951,0
2462,9956,5.81368668167858,4172.52726010981,28.1473668936152,13.2695701606206,13.6539987043606,20.4147229724978,31647.9305436576,29144.7777910587,456.068736206803,0
2462,9957,5.40389486889166,3173.94455753984,27.2570290007149,15.9323257832772,16.4756497504486,24.5337904410648,29720.1590849607,23757.8440805314,-184.92084150003,0
2462,9958,6.33945646329897,2745.50841744496,25.334462191192,17.3837113508622,18.0043395231466,26.7764025188153,24062.9092770652,20843.9842553536,776.736441413996,0
2462,9959,5.84455802985725,3626.29078633754,28.30222363589,14.6273392351975,15.0957713513343,22.515904180274,27989.3858969801,27339.0551130246,410.48309532409,0
2463,9960,6.85462120929401,7011.53627063948,27.2441764305582,9.37047696382015,9.54549876115887,14.3894943327164,32587.2694953182,21178.5726608094,768.298941816468,0
2463,9961,5.64477505103492,4008.11208077481,26.3439020426513,13.4757390428556,13.8589962047595,20.7299370436273,35063.4258025524,20709.0630705252,-168.21480287083,0
2463,9962,6.00271201786795,5370.92023759932,28.2845160082921,11.2098648312894,11.480090485525,17.230908200147,27985.5391457526,27338.0062931109,454.04150556034,0
2463,9963,6.59291669903737,3276.87925869718,25.2874289333888,15.353957765136,15.8419443596399,23.633366824738,24061.8667114641,20802.0883438393,759.547402500665,0
2463,9964,9.19596304081953,7066.5041382565,27.2381332288447,9.32344279376382,9.49632293049734,14.3169182514663,31492.9885833096,21818.760132726,833.864689028867,0
2463,9965,7.59858208820274,4487.30081632418,28.3345921011039,12.6456664471224,12.9950970916469,19.4502070021931,31018.7185623677,28976.6914107647,784.48314777994,0
2464,9966,6.65833663461439,7074.61967869398,27.2479827121689,9.31706724313226,9.48970577768476,14.307093930064,32495.6673365178,21240.1995033916,716.468790616269,0
2464,9967,5.64229282125859,3331.80375077481,26.3439020426513,15.2985105705813,15.7927031225588,23.5502152674476,35082.5057680482,20706.397345819,-149.736076512737,0
2464,9968,6.48240065746614,2834.16306744496,25.334462191192,16.9980105597348,17.5927758304976,26.1789706484964,24069.870627645,20827.9009343501,775.444358221181,0
2464,9969,5.6649011066578,3801.92015359932,28.2845160082921,14.155320746526,14.5942108091736,21.7853511216349,27996.3345390313,27326.4040423336,414.706169125435,0
2464,9970,4.80341364311359,4615.69989163409,28.438630753436,12.4151348555525,12.7521168322833,19.0939523559662,29993.0780545715,28473.1161426409,347.650947862304,0
2465,9971,6.66215405743079,6447.09799463948,27.2441764305582,9.89044593598792,10.0894200878211,15.1919074413662,32646.8354610428,21213.4172636016,721.640092458804,0
2465,9972,6.46837571722816,2372.65228944496,25.334462191192,19.2928527312278,20.0461788968119,29.7348651731025,24068.4663485842,20835.416709072,786.434207233721,0
2465,9973,5.54191394336599,4394.86661477481,26.3439020426513,12.6629333422735,12.9997592736376,19.4731584690758,35070.3884554372,20705.2327244243,-120.596978266011,0
2465,9974,5.89975621850867,3408.57984559932,28.2845160082921,15.2691987220414,15.7784190853289,23.5094931012823,27997.5428241615,27328.7302676026,453.118743957693,0
2465,9975,4.55965955057222,4157.17618665226,28.4620491457096,13.3298452350606,13.7200679409026,20.5085692927683,29927.1671352197,28483.5771974265,324.621019678882,0
2466,9976,6.76397603534013,6489.49804463948,27.2441764305582,9.84864598397778,10.0456560676535,15.1273914298057,32599.0766435486,21211.0807155789,742.623540544835,0
2466,9977,5.88939988367862,3450.18008120045,24.7317477006967,14.7562329246514,15.2022500398299,22.7069989511035,35952.1638248124,15904.5234029667,345.055918690496,0
2466,9978,5.42562410030069,3370.00837145901,26.2788792519382,15.1707630678355,15.6563121428529,23.3523192630193,34578.5894387081,26244.962471155,-172.913576854576,0
2466,9979,5.46774881667827,3374.97942128997,28.1471062105734,15.3603609379631,15.8743106312124,23.6503178514666,30839.2882139988,31520.1152392142,-369.187313014304,0
2466,9980,6.46216730590413,2290.73118669718,25.2874289333888,19.7804142554783,20.5682035653851,30.4905653702598,24051.2117825538,20825.95632769,829.794249473799,0
2466,9981,5.66030191596326,3574.86038820968,28.0861496185926,14.7510472731717,15.2255352190943,22.7069051211257,28108.303333462,26539.6929687954,181.265580981205,0
2466,9982,5.38664361342314,1426.5459361826,26.3045836150581,28.4674214160523,29.9609375548263,43.9806554567281,23637.427001445,25158.1100625985,281.452457449309,0
2467,9983,5.83529390552422,5200.52022320045,24.7317477006967,11.2096319852027,11.458703408581,17.2247113614348,35951.4880748432,15887.905623025,328.629526403678,0
2467,9984,6.8115584122542,5764.95277463948,27.2441764305582,10.6364193710636,10.8715408428664,16.3435781475627,32591.9427686815,21217.4823275403,723.170746791265,0
2467,9985,5.53764619407952,2901.88979345901,26.2788792519382,16.8432977096008,17.4375325535185,25.9420393325078,34588.7016530423,26246.5322493316,-200.377856275996,0
2467,9986,6.64577682936579,3172.96699944496,25.334462191192,15.7065894941708,16.2172713285286,24.1793144980088,24084.2602481383,20841.4837338294,748.686876934913,0
2467,9987,5.50059065871468,4976.73216728997,28.1471062105734,11.7829755576504,12.0830456389146,18.1162707947765,30812.6954777706,31528.5672622235,-359.763054694758,0
2467,9988,8.74525238940318,5250.91324757731,27.0279720862732,11.2955782079095,11.5630301412589,17.3613240950537,33365.7381874135,21512.9551961693,-389.807044189963,0
2467,9989,5.84662937703114,2902.56421924337,28.0228055157316,17.0677330033917,17.694541015324,26.2945061252752,27850.053342876,26400.3925733051,185.523896823356,0
2468,9990,5.87925623120446,5141.42446520045,24.7317477006967,11.2938575472116,11.5471502960783,17.3547813004367,35956.0705777807,15894.2864009594,309.177055451874,0
2468,9991,5.74970811953286,9850.65077307634,28.1822053847302,7.59519960997306,7.69992859513706,11.6530583397816,29584.8053878955,31601.2197935266,-128.754593904709,0
2468,9992,6.76144408238603,5575.85956463948,27.2441764305582,10.8714430666687,11.1183716629518,16.7065340054854,32582.1828818959,21190.3048945086,769.103086795842,0
2468,9993,5.51775006758747,2528.02046945901,26.2788792519382,18.5809672704062,19.2948987415317,28.6344842752322,34573.0364198503,26267.0684063246,-178.130743051465,0
2468,9994,6.5825418430467,2531.90026944496,25.334462191192,18.4141895944126,19.1055062960638,28.3730030723346,24060.8584583918,20834.1303233351,727.264536588224,0
2468,9995,6.09934529820846,4796.86928357731,27.0279720862732,11.9943026778172,12.2988842053492,18.440945202524,32957.491522983,20435.5173232574,-108.146177227038,0
2468,9996,5.88587685756111,2304.26242234835,27.985115937818,20.1562599090177,21.0047712166119,31.0825322055473,27624.1454640299,26347.4828035769,63.9205805929872,0
2468,9997,5.36301762134421,789.377808182596,26.3045836150581,45.7858349496725,48.8701986126541,70.9273511200548,23646.8316239602,25141.8430642003,263.375273250287,0
2469,9998,5.79761068277924,5486.80587770947,24.63320740014,10.817834204812,11.0469976027329,16.6195803690985,35954.7122290991,15876.371548297,324.593139490774,0
2469,9999,5.88297538361698,7003.59203907634,28.1822053847302,9.42242727925501,9.60402432356918,14.470820648882,29581.7011493661,31593.0989801899,-122.250408981983,0
2469,10000,6.86820192968245,4585.65870863948,27.2441764305582,12.3778204728071,12.7048991106365,19.0341130852573,32578.1512928122,21188.4544210416,792.03052036594,0
2469,10001,5.49460445305644,2862.52933145901,26.2788792519382,17.0065606081071,17.6117601010001,26.1949304044459,34572.7404379677,26228.4227319035,-167.659956015431,0
2469,10002,6.4395588794106,2391.63870144496,25.334462191192,19.1824338785755,19.9278833159305,29.5637008569282,24054.6263587448,20797.241133466,784.054318988607,0
2469,10003,5.82738152039272,2046.86658634835,27.985115937818,21.9977570908315,22.9870856665518,33.9397408427197,27594.1085519801,26345.4417240593,19.094635475401,0
2469,10004,5.88407609698205,836.799786182596,26.3045836150581,43.6223018421357,46.4986578422933,67.55828587254,23617.8697235257,25184.7268382646,186.001364052294,0
2470,10005,5.94763453217431,6292.08801237124,24.7316987826319,9.90777046712222,10.0947585245232,15.2151072169104,35968.1299701798,15886.013762699,324.383376687389,0
2470,10006,5.69533676108544,6825.14839841107,28.1043449796219,9.57648243591029,9.76484038715512,14.7084648226542,29584.8246237043,31580.5786113665,-116.109234676113,0
2470,10007,6.69539147060654,4373.31767394338,26.9748043600405,12.7569700094566,13.1035082487884,19.6197569775004,32591.6483852754,21177.0519385598,779.874419978604,0
2470,10008,5.70039484359849,3282.15439328959,25.9992718307084,15.4193117723222,15.9180187720836,23.7363427875354,34561.0377283614,26262.855123174,-179.840727717046,0
2470,10009,6.38106805037541,3872.55367851439,26.781372699878,13.8364082719267,14.2443262154042,21.2887291002627,32645.4200602568,18794.6467695566,681.597952518168,0
2470,10010,6.47923969128403,2702.65093932715,25.197054743162,17.5585331421624,18.1894725276244,27.0468043197829,24073.346189753,20828.3142496745,789.036903275238,0
2470,10011,5.72188227115246,2065.25880809526,27.6772922520961,21.7934772845779,22.7629324762684,33.6216110428992,27594.6529162576,26353.0602769599,36.1354369448103,0
2471,10012,5.96203391658531,7102.38050037124,24.7316987826319,9.17150394143071,9.32616008577927,14.0793394922809,35949.6102554356,15877.1692334202,307.129472161938,0
2471,10013,6.53959076615027,3347.43469794338,26.9748043600405,15.3193345514524,15.8204729019683,23.5839990998002,32590.7419686075,21178.3653095253,823.043194211615,0
2471,10014,5.84151135323432,5398.30736411673,28.0527288421207,11.1573752170816,11.4235445746791,17.1494550577543,29605.7260455779,31618.8721994444,-142.395449276438,0
2471,10015,8.16683661505642,5563.53332595449,26.1491505802514,10.8181494575469,11.0562184434742,16.6225232541893,31074.3239439494,34754.7282733884,-1458.15468882722,0
2471,10016,6.69228696443156,3652.08953613299,25.2363407532184,14.2458132511224,14.6655639730237,21.9185752012134,24063.6075947616,20824.9948941599,798.206599252366,0
2471,10017,5.59885011713243,2148.42672522141,26.4230721303896,20.9358139018681,21.8234802298358,32.2864145174829,26871.0684535283,23052.8701754247,-152.370798645254,0
2471,10018,5.73109575337042,2290.8744832525,26.0697597731232,19.915556761405,20.7230229059514,30.7028224395293,34498.9429271398,25993.9652006428,-183.891802686671,0
2471,10019,5.74006063779366,2139.81681809526,27.6772922520961,21.2288818718578,22.1548583979195,32.74551744342,27584.7220343217,26335.2430824545,54.8562267985675,0
2472,10020,6.7941352755224,3892.22578194338,26.9748043600405,13.8067820355475,14.2144333249878,21.2433132926336,32598.4043826146,21176.8758749891,768.846731914399,0
2472,10021,5.65927530206301,3542.78265522141,26.4230721303896,14.6708636759253,15.1265180612927,22.5789978690405,26899.8923365287,23038.4026221527,-139.934702718166,0
2472,10022,6.61295403568618,2471.02552332715,25.197054743162,18.7156834647688,19.4264626752975,28.8397956472651,24053.1735998463,20840.6823597806,786.849354844813,0
2472,10023,5.86399519449123,2025.54593009526,27.6772922520961,22.1100494615294,23.1041082379449,34.1129052625414,27530.98254817,26364.116014082,-9.88551289995781,0
2472,10024,10.0042164480543,5552.89399095631,27.4201286565555,10.9119745815269,11.1619424491194,16.7694052543747,30964.3772565506,32779.6465253377,-1024.49607977316,0
2472,10025,6.19202856120761,1264.0547156138,24.8314283388567,30.7756355181302,32.4397936272298,47.5604879751122,35942.5620881138,15885.317888544,347.268975395859,0
2473,10026,6.69058084985729,3023.67452394338,26.9748043600405,16.4500172247705,17.0248792259398,25.3347945799698,32597.3960171877,21183.6156711386,716.941757972044,0
2473,10027,5.58981950542738,5055.70454322141,26.4230721303896,11.5398587057209,11.8163909962412,17.7376935136216,26901.0726817035,23040.2326399671,-138.419315961023,0
2473,10028,6.37813487258059,2657.61563613299,25.2363407532184,17.7748016833381,18.4208891696572,27.3819720433346,24078.2178960539,20807.6143471425,810.539939906496,0
2473,10029,5.96346603922254,2314.79647271464,27.6564377640302,20.0341924816454,20.8696990828014,30.892124467896,27469.1126922892,26394.1887974805,7.83570666382002,0
2473,10030,10.2184706190673,3735.67909664373,25.1164782261266,14.0155269160884,14.4206096165853,21.5620850893062,32545.375902086,14728.3955358786,-1023.36970335777,0
2474,10031,6.6026973539526,3495.80183394338,26.9748043600405,14.8652039002382,15.3376327705058,22.8810526184484,32582.3030815629,21184.0324091261,807.094635089104,0
2474,10032,5.86579272933301,5187.66230922141,26.4230721303896,11.3451347719046,11.6115353735671,17.4368785098189,26886.4001513862,23039.2294300485,-158.105794934546,0
2474,10033,6.7381584575888,2659.81036932715,25.197054743162,17.7585831678601,18.4031224180664,27.3567234156104,24051.1394638152,20839.1661855574,763.626027745985,0
2474,10034,5.39031263165202,3887.21641636702,26.7975789728603,13.8022710422813,14.2082792414466,21.235956580401,27780.5737533016,23353.2271397246,-215.072573313092,0
2474,10035,5.73584129785761,2732.01296471464,27.6564377640302,17.7713579163047,18.4432930686424,27.3838227484561,27440.0192352788,26369.8903364019,-6.45848586717328,0
2474,10036,10.1498019849518,3525.70397932734,25.0156177933367,14.569618279576,15.0068865347817,22.4189786206612,32512.5829000554,14726.5901326893,-1014.14738970568,0
2474,10037,5.38083026362901,4704.56640809605,26.3740410201635,12.1011688186978,12.4072844055713,18.6049238422635,27780.8474222395,23353.1506745608,-216.028589855759,0
2475,10038,6.6132848191384,4915.23587447609,27.9183086729795,11.8649432553942,12.1680796425585,18.2425657681204,27961.7333400315,26996.3676300684,1181.9729703009,0
2475,10039,6.74534505176732,4110.28318194338,26.9748043600405,13.3036156519074,13.6815712948489,20.4650450196281,32512.9782896761,21170.8568413985,779.024773995102,0
2475,10040,5.3338793116634,5387.37554389001,26.4625109790179,11.069134600849,11.321626031318,17.0106298055265,27177.6102474255,23087.7757463595,205.925415972705,0
2475,10041,6.40385748639628,2379.38320413299,25.2363407532184,19.237086626008,19.985223307381,29.6480861905795,24061.8743948276,20823.7893900272,802.695048583369,0
2475,10042,10.2111460769321,4356.39167649169,25.0309932968208,12.6274573513529,12.9528940024228,19.4157225519772,32544.2332853252,14728.896041403,-1020.70187369418,0
2475,10043,7.37911619506955,3493.40832343957,26.84628640319,14.8586269988664,15.3295500171913,22.8705720077431,32265.5845733708,21998.8237159001,-280.792069698792,0
2476,10044,7.77278423267786,5421.83492146998,26.5665615215222,11.0296613337632,11.2807556225425,16.9498316066804,27585.9525485123,23241.7204204554,-359.125443748555,0
2476,10045,6.73819127978246,3301.80088506535,26.9731789584432,15.4662667692834,15.9767925971029,23.8114618459832,32388.5608862684,21109.3002822967,864.244141947074,0
2476,10046,7.09832191295281,4575.01648871464,27.6564377640302,12.4291745217012,12.7618523800937,19.114253016674,27474.8255827363,26485.453803689,32.1064758264147,0
2476,10047,6.4000244225401,2476.82622813299,25.2363407532184,18.6905738102087,19.400060047939,28.8010095938432,24063.7045666244,20805.6403406573,786.701309580978,0
2476,10048,9.87408895366515,3460.52817849169,25.0309932968208,14.7589732473149,15.2078586771425,22.7119831687605,32551.4315752841,14705.7232569671,-1024.66264069055,0
2476,10049,2.82823369354224,4001.93851091379,28.0419023344002,13.6437470607301,14.0496879622095,20.9933203800005,27455.2834015688,27085.4986849128,-95.0251449695044,0
2477,10050,6.39577939112473,3226.40588706535,26.9731789584432,15.7176008858305,16.2443346404391,24.2005883820021,32374.8911812132,21146.3125083412,850.294284215531,0
2477,10051,5.81736902600325,3834.47799286253,26.6322086490484,13.9158839079715,14.3273788963005,21.4113504982356,27763.6438295495,23329.6572806335,-225.612190618604,0
2477,10052,6.55136357350089,4526.58131471464,27.6564377640302,12.5185016791988,12.8562050497204,19.2523515231935,27410.0594059314,26463.1024965235,30.8324000926364,0
2477,10053,6.31010840827748,2338.04040213299,25.2363407532184,19.4816377968656,20.2472594630935,30.0271850250094,24051.0251597835,20828.2219704172,818.153086672924,0
2477,10054,9.62091208101598,4109.01979664373,25.1164782261266,13.1402042130187,13.4947954809409,20.2085073475222,32586.2554456727,14730.3259001671,-1088.99749395724,0
2477,10055,5.08341137345725,5340.00510826926,25.8865951003986,11.0952369738833,11.3456441683897,17.0500029828896,33328.8127966341,32522.1323756622,-200.118244715353,0
2478,10056,6.64201710766555,2751.54735306535,26.9731789584432,17.5866628828239,18.2386463502395,27.0956536684807,32378.0243354615,21114.871218824,840.377128218536,0
2478,10057,6.90525814870175,4657.79019671464,27.6564377640302,12.2803671997658,12.6047288404321,18.8842142606112,27430.4334704191,26481.8497042991,58.6309008782022,0
2478,10058,5.56850639202904,2494.45139120215,26.5838701423259,18.8079756954602,19.5415256414444,28.987322146477,27807.4478289182,23309.6608695162,-226.961157997372,0
2478,10059,10.2006570966731,5837.39150595832,26.0276446613113,10.4771239698698,10.6977893827762,16.0957889457009,22964.3436863947,34204.9161138475,-1010.80199311568,0
2478,10060,2.56909824696353,4308.28661529132,28.0116182037537,12.9726841484506,13.3387862903116,19.9552950568276,27384.5429350309,27110.5921373128,44.854294861748,0
2478,10061,10.0253167539858,4155.27227049169,25.0309932968208,13.0339527502236,13.3819151956232,20.0440645636505,32586.3636838775,14732.766992554,-1039.46862072236,0
2478,10062,9.896436358647,9942.42762806741,27.915320783515,7.54291815425231,7.64479840046146,11.572254747552,31612.0931992638,31331.4518655757,-110.384039107064,0
2478,10063,9.35854898148993,5061.77478235127,27.723688756958,11.6214364436325,11.9102325183799,17.8659298397462,28012.5715803941,26471.000022485,-591.794133713815,0
2479,10064,6.82554888020773,10552.2881832042,27.9499630675131,7.27127322769809,7.36321409833844,11.1537616159806,30230.2320595359,31765.9573360265,882.38337760398,0
2479,10065,5.32956751950142,2745.74602520215,26.5838701423259,17.5588616726523,18.2048366260146,27.0514491174839,27799.9385870517,23323.5964784351,-201.561386907366,0
2479,10066,6.61649476503325,2463.11688306535,26.9731789584432,19.0415579337677,19.7963314881413,29.3506640078076,32363.6567768267,21119.9962099077,873.156765647403,0
2479,10067,5.68074734817368,4749.55133175161,24.9221537780104,11.9136487539789,12.2000308827038,18.3124853229652,33583.4918670011,14470.1964026855,50.0463961250321,0
2479,10068,5.8594774600168,9951.17236821882,27.9932858820805,7.54133626310168,7.64341069294146,11.569887590678,31216.1240423067,30226.1684088432,-592.844500971362,0
2479,10069,6.5371208271276,2861.18167799747,24.8937714906427,16.8247656590741,17.4033696118281,25.9093710397088,36456.1080406057,25660.693507432,889.414836382571,0
2479,10070,9.77045350495225,5520.08494995832,26.0276446613113,10.8659603062458,11.1057075251331,16.6961594919563,22993.3626729354,34236.1482506441,-1030.2817659544,0
2479,10071,8.93466964752563,11846.1762541791,27.6069251033888,6.76392620116443,6.83709705896781,10.3720897646092,32217.8160853186,30683.0370880486,-1096.49907539515,0
2480,10072,5.63297321323791,8369.72535764566,24.8822810656015,8.27863470980054,8.39761058151131,12.7029666771973,33625.6746908834,14459.0718277915,-53.3109986722014,0
2480,10073,6.65353569654966,10804.5679409688,28.0553162362002,7.16929920985954,7.25787549561666,10.9967631308532,30206.3260941408,31749.2544356101,863.045775715046,0
2480,10074,6.53762113903375,5148.61420751527,27.6831842664819,11.4881098110696,11.7695548676299,17.6598492895498,27731.8821385147,26743.9423407952,520.66625827658,0
2480,10075,5.63798683134877,3278.48060243084,26.4390866914523,15.4818829821041,15.9885914026351,23.8343107621147,27804.0057616707,23312.1093700962,-199.896440829979,0
2480,10076,6.68730728775841,2978.92727400002,26.6314532402302,16.5802244783157,17.1604122299166,25.535541356209,32364.8010590725,21114.144261566,854.619012150396,0
2480,10077,5.72653815124412,9965.70391062485,28.0155928032972,7.53523492507033,7.63715202440277,11.5605062188958,31185.7619797639,30221.6345037866,-633.800591140453,0
2481,10078,5.57059848116411,8802.18920992089,24.8683018344011,8.02261886916848,8.13172681216603,12.3084133640896,33626.0095270762,14462.5526021785,-57.4420644222358,0
2481,10079,6.65826909997616,11319.2823389832,28.0781455038897,6.96784477990327,7.04934822625225,10.6864869721847,30231.0416129839,31770.4443619533,834.582938056879,0
2481,10080,6.46901114285857,5386.07651351527,27.6831842664819,11.1503333460385,11.4140416933233,17.1379984173803,27740.0059869555,26735.104304808,519.19613011184,0
2481,10081,8.11909177220583,13257.4954662424,27.9454947761637,6.32550863907895,6.38527764460859,9.69739859951558,31076.2534859477,31004.376919417,498.18569361919,0
2481,10082,5.21632268547966,2872.98194243084,26.4390866914523,16.984149657959,17.5894797218116,26.1606668269915,27826.5766699999,23313.6998640716,-202.898682647629,0
2481,10083,6.83356906009674,2850.80203200002,26.6314532402302,17.103325840558,17.7186789468997,26.3458246867032,32363.3804235249,21133.0078618999,836.58624566651,0
2481,10084,5.58734048916715,7877.84032703027,28.1414363586793,8.73833272652931,8.88932199646146,13.4153776711926,31178.5203734854,30233.5007247357,-658.763532635871,0
2482,10085,6.78420335536699,10180.0095149832,28.0781455038897,7.4385071328529,7.53700319561109,11.4115213032561,30215.4973786316,31750.4054740233,871.729941162124,0
2482,10086,6.46160699833317,5142.57908351527,27.6831842664819,11.497054371871,11.7789743668305,17.6736697105264,27753.1074628206,26752.3763381131,550.064581614067,0
2482,10087,10.0365435514484,12379.1866902424,27.9454947761637,6.59383834611669,6.6622681492456,10.110464818839,30663.3921408777,30709.6390769806,-25.3108787682095,0
2482,10088,5.48462058307228,4413.86339511005,25.8433370044391,12.5850254248992,12.9139816816701,19.3517523797551,34680.1259748829,24793.4409969676,-282.417393287345,0
2482,10089,5.51590640985391,3165.09075443084,26.4390866914523,15.8665507803049,16.3979943646371,24.429850790278,27785.9864357896,23310.3987805173,-171.777760646132,0
2482,10090,5.61601803379634,6137.89685564565,24.8822810656015,10.0756759226595,10.2711415699897,15.4744236111411,33538.3129406244,14490.0676143935,101.322501210951,0
2482,10091,5.95177090157242,7155.01810407862,28.2777128818974,9.29831392913047,9.47466313654141,14.279419364986,30503.3329950537,29468.8089727891,-209.622751267412,0
2483,10092,5.87440646262813,8338.67081865789,28.2364946576309,8.43304776446427,8.57144760336675,12.9446689097429,30654.7797835788,29412.1894967416,42.793289625358,0
2483,10093,6.53554118856036,9787.37403898323,28.0781455038897,7.62225344576076,7.72767092168847,11.6946535764183,30219.4990280758,31761.0556064928,848.612695480895,0
2483,10094,6.36894988755802,5233.08391751527,27.6831842664819,11.3648427764556,11.6397700788654,17.4693944342177,27726.4163774572,26748.6711286123,505.679854424359,0
2483,10095,5.43256797246948,3983.62953711005,25.8433370044391,13.4856239997643,13.8655967786527,20.7441605426134,34682.686679326,24804.8488820481,-254.28462798059,0
2483,10096,5.56994023249814,12362.9535282424,27.9454947761637,6.59910078418841,6.66770419780475,10.1185668446495,30961.9932398523,31198.7520439751,561.846622513088,0
2483,10097,10.0732535802338,3857.38880032877,24.9481011988301,13.6970830870587,14.082169648313,21.0692031970083,32582.7576836477,14707.60003393,-1079.98234642704,0
2483,10098,5.50591864570664,2300.4141625965,26.3889447408243,19.9103640068495,20.7214022466684,30.6958601446501,27801.609467664,23308.6658632659,-211.132279151638,0
2484,10099,6.15528078804099,10183.3406507466,27.6639626556766,7.42388386752924,7.52051584311304,11.3886243389831,27675.0625371879,26702.2402584576,424.006470961925,0
2484,10100,6.48054261791844,8338.81212298323,28.0781455038897,8.4267206153491,8.56425413286859,12.9347456233779,30215.3946610873,31773.3675752489,844.099371457436,0
2484,10101,5.40573776671366,3435.16011111005,25.8433370044391,14.9234021469004,15.3896352477168,22.968417314751,34663.0266228835,24803.4118184247,-265.697334254854,0
2484,10102,7.94324452082642,3837.96858207862,28.2777128818974,14.0629919422862,14.4961507202144,21.6424648324041,30610.2066210863,29609.4736099649,291.958439565474,0
2485,10103,6.10085560077876,8650.94777874656,27.6639626556766,8.21808078643794,8.34547785959958,12.6126257209081,27665.0111278026,26718.2562729305,409.487676585632,0
2485,10104,6.64411922441636,7304.42711098323,28.0781455038897,9.16682263559003,9.33637557156544,14.0762979846439,30208.2642243538,31763.6316032997,845.666970727949,0
2485,10105,8.15440425527007,3807.44856482407,25.0303478848942,13.8268124554861,14.2201141552151,21.2700151720106,34735.0782361941,32737.1961790471,-1314.97072614098,0
2485,10106,9.19329181975082,2686.28084020281,27.0700638965234,17.9044354159699,18.5795269825591,27.5883646823917,25045.3575906208,27501.5434889166,-1157.60143425419,0
2486,10107,6.03591698550288,7881.71175474656,27.6639626556766,8.71551246861341,8.86360242986689,13.3796497737727,27669.4474373406,26710.5556383916,406.838441275001,0
2486,10108,6.62944087963579,7005.22592698323,28.0781455038897,9.41603658548377,9.59687729407807,14.4608308009758,30220.1657577098,31769.9241722105,852.885084397424,0
2486,10109,9.03825900007641,2007.24128620281,27.0700638965234,22.1399960301791,23.1282859636203,34.1571432276294,25025.6180280655,27513.4061698176,-1214.43747511069,0
2486,10110,8.88233518406918,3225.60974882407,25.0303478848942,15.4920271791427,15.9862394750484,23.8463943923568,34768.2431270763,32758.6134758208,-1256.05436766708,0
2487,10111,6.02615324406278,9099.33106074656,27.6639626556766,7.96194605965611,8.07910863324574,12.2177896435747,27657.9666338456,26710.8840400815,377.285447542977,0
2487,10112,8.44116034111356,10947.6480400947,27.7485023442849,7.10253277828452,7.18780580173153,10.8936647514245,30166.6383395331,32527.4490139833,-479.591095350702,0
2487,10113,6.23396785547995,11144.0787402424,27.9454947761637,7.03106453082366,7.11439896479189,10.7837490242274,31100.9510058922,31225.0692732186,758.091461885525,0
2487,10114,9.24316295571984,2970.43826620281,27.0700638965234,16.6694944207856,17.2599543191399,25.6749967802637,25028.5796132881,27502.3730247902,-1240.04114206561,0
2488,10115,6.15674862626744,9270.91360074656,27.6639626556766,7.86960152255107,7.98314618757908,12.0754587541165,27674.5930499676,26709.785658044,406.831596769909,0
2488,10116,8.26999881757179,11377.6836640947,27.7485023442849,6.93667491950344,7.01614219278109,10.6382184457442,30159.3507380443,32525.9971970937,-487.698897246797,0
2488,10117,5.21695257038459,11583.2992062424,27.9454947761637,6.86650237358493,6.94411401069461,10.5303086786433,31016.2051152604,31287.3731981107,751.432590391321,0
2488,10118,8.67853319845479,3723.93717703996,27.0012994282625,14.2338271840707,14.667458666101,21.90405508634,25023.696678043,27504.8574236942,-1265.03521967185,0
2489,10119,6.1440489572624,12472.3473115153,27.6831842664819,6.55722572353298,6.62375567347181,10.0539041419413,27703.2443079598,26728.6177465616,458.446548516454,0
2489,10120,8.43540251298423,10057.8637180947,27.7485023442849,7.48377194106106,7.58289645055356,11.4809707626062,30161.6098138478,32536.173572061,-502.542634294375,0
2489,10121,6.82209096993329,6916.57903365547,28.0901053870466,9.49405909888158,9.67853847038022,14.5812470389071,30219.8320661913,31766.3445659714,851.037166275988,0
2489,10122,8.82529597929304,10648.1524959389,27.7060050223045,7.22348133272151,7.31294245349948,11.0799311378601,28594.7589494216,26662.6623522918,-838.958359206162,0
2490,10123,5.9782886461081,11371.7667344587,27.5386100777709,6.93298566298237,7.01171706863212,10.6323680958894,27670.9577399582,26706.7580611428,399.893806364726,0
2490,10124,6.58539043591571,8843.71522206734,28.1195396518929,8.12209091849178,8.24727255204735,12.4651046128338,30232.7971732795,31771.0190536328,858.261607444053,0
2490,10125,5.68740776936017,10355.3951823548,27.5736048145481,7.34460966814485,7.43804548066589,11.2664133957677,28897.0661950369,26748.0832335556,-616.522581302611,0
2490,10126,9.45674893475637,2993.51667483499,26.9634821940051,16.5652327851024,17.1476696566969,25.5132163403834,25059.9585574825,27512.2042849164,-1170.6439400094,0
2491,10127,5.99954913524409,4159.56298361916,25.9015973876154,13.1023608109915,13.4607623034417,20.1516394277673,24208.9465487013,22919.435325079,354.472121207654,0
2491,10128,6.14679335081925,7833.13565245868,27.5386100777709,8.74441803607589,8.893232692279,13.4240889160202,27612.2744091815,26680.7304219465,314.645573319398,0
2491,10129,8.04810755696195,8239.22355964617,28.2353854517059,8.49720272651716,8.63829081446542,13.043599183431,29538.4355123058,31755.023225441,-1264.28580001313,0
2491,10130,5.01459892852033,6597.31838705875,28.0105223737932,9.78393953777646,9.98157389093118,15.028533608863,30158.9802654863,32217.4794446154,-23.9142284215985,0
2491,10131,5.00642581555263,6867.40208980332,27.5740015610932,9.51243381194383,9.69541081180139,14.6089532069041,30158.9819437064,32218.7127624286,-23.9525984568297,0
2491,10132,9.37984683819523,2533.26137883499,26.9634821940051,18.658170128851,19.3853289780138,28.7562869186856,25023.3285112865,27527.7747996917,-1242.73830853811,0
2491,10133,5.31901069626172,6373.26059270275,27.5616034178359,9.98144189824281,10.1862800016399,15.3327938693613,29011.1598488896,26759.036959719,-560.163060639143,0
2492,10134,5.92106887107807,4198.54721411386,25.8730486427325,13.0176973572866,13.3710807031042,20.0206807137186,24188.1589150261,22912.9375716722,380.751960257395,0
2492,10135,5.20805123281515,7862.6575458082,28.0347769611886,8.74455826540124,8.89538760264405,13.424861273337,30152.1630215516,32219.648381688,5.15811785563021,0
2492,10136,5.98449539290109,6100.50441445868,27.5386100777709,10.2677471231297,10.4862580226825,15.7747508305724,27609.5696998677,26703.927012495,351.915253056705,0
2492,10137,5.35029207804357,4524.37199649349,28.2465113001242,12.5687301436346,12.9131855733148,19.3310863929335,28354.9634866731,28779.9976465937,-260.176198273787,0
2492,10138,8.76870203595437,3107.96377083499,26.9634821940051,16.1336282760467,16.6874412624158,24.8447693282331,25052.0748645672,27511.4966076035,-1197.40436514452,0
2492,10139,5.76572722995641,2131.80949822214,26.4078394589514,21.052629370634,21.9488949205367,32.4675691192081,32638.0222334811,24537.5171607182,-718.801905405659,0
2493,10140,5.96220531535071,4776.53326961916,25.9015973876154,11.9437755390368,12.2383104068144,18.3608432091978,24211.0372736333,22925.7229914727,355.595686131853,0
2493,10141,5.64474643499854,8758.6752258082,28.0347769611886,8.16836877269746,8.29511583838788,12.5363640729317,30166.5118937965,32203.0967199498,36.7908331682966,0
2493,10142,5.54301980658621,3255.07969449349,28.2465113001242,15.7655835002366,16.3068455157916,24.2780263968684,28393.997836011,28769.3794818728,-290.791004744988,0
2493,10143,8.91092839011037,2899.8207578823,26.8955254455738,16.9328182984403,17.5392962254245,26.082421326344,25010.3687830955,27491.2788494431,-1236.73765057899,0
2493,10144,5.34931312245165,2182.64011162087,26.7027146677979,20.7455383912327,21.6225052088632,31.9922526107087,26569.5741876824,24909.8616594459,-165.931748856377,0
2493,10145,9.2838789226138,4335.91423613361,27.8648309270805,12.9045599831575,13.2657064524863,19.8496667266661,27771.9306132681,27792.5220066541,-499.815576513234,0
2493,10146,5.11693087345787,1769.70765892986,26.1878311969597,24.1256636434103,25.257848340282,37.2358653850369,32912.9892602847,19407.9627954818,-342.960890853534,0
2493,10147,5.54217605572936,1933.56403647807,26.2819174039272,22.6008990655004,23.6141109343833,34.8694163715674,32652.9869293135,24529.1651789711,-720.832177103444,0
2494,10148,5.49175446244944,8781.60244235443,27.9727545138067,8.15265542358786,8.27854021736399,12.5120767523121,30161.707849649,32213.8955677021,29.5077576336351,0
2494,10149,5.95798237767008,4057.91120411386,25.8730486427325,13.3206500527968,13.6913243577143,20.4891088855339,24188.7383163692,22908.3286477674,380.962697757002,0
2494,10150,5.46464034514235,2857.81408492986,26.1878311969597,17.0141701535709,17.6189445684949,26.2064595841893,32873.0565341424,19429.9955711427,-385.89898291032,0
2494,10151,5.5392950867055,2803.52466849349,28.2465113001242,17.5253815019591,18.1861088393871,27.004272971012,28384.2051816309,28762.9139046608,-227.628129047417,0
2494,10152,9.12609462384581,2759.27016483499,26.9634821940051,17.5502294142859,18.1995946338081,27.0391716436849,25010.3152199327,27488.9842569252,-1237.09012049918,0
2494,10153,5.29601812079559,2371.84884622214,26.4078394589514,19.4765034144199,20.2561123462405,30.0231829835221,32666.7197215917,24515.6134748329,-691.762978498368,0
2495,10154,5.51816206291358,8797.4850378082,28.0347769611886,8.14571781211207,8.27154762173934,12.501443877578,30154.4147418952,32212.4051582674,18.4737888186965,0
2495,10155,5.21936414307835,2841.49281892986,26.1878311969597,17.0832101208092,17.692635982121,26.3134052337659,32878.4872882523,19420.0924760172,-354.608993667716,0
2495,10156,8.86947298111434,2463.37288083499,26.9634821940051,19.0386023952613,19.7930516128683,29.3460512239603,25029.3656219952,27514.113348408,-1249.68915978025,0
2495,10157,5.62130988439389,2936.84804649349,28.2465113001242,16.9542360750202,17.5754139439003,26.1192502769805,28394.6236696515,28777.9271811001,-301.998009205354,0
2495,10158,5.9998975981391,1214.64094211386,25.8730486427325,32.1248992375508,33.928298116778,49.6640739226202,24157.0381887755,22886.5236456852,415.601965090841,0
2496,10159,5.69883660475966,7393.08336172628,28.3261316971556,9.10752666014088,9.27548180042161,13.985106240465,28272.3764171184,29710.7672258803,65.9843048004531,0
2496,10160,5.58932403683753,9041.4229878082,28.0347769611886,8.00719811388815,8.12746811288644,12.2879065308012,30148.3214129957,32202.9834346687,-3.79630032315744,0
2496,10161,5.13256468424775,2720.30576692986,26.1878311969597,17.6195261967231,18.2654468799784,27.1442800087782,32865.2061683811,19416.3088708557,-352.694036723024,0
2496,10162,5.47139032152496,2328.67074894607,25.2828974720926,19.5461699490805,20.3170093213261,30.1273880838497,35548.0288462071,17398.1641704014,-103.524522945718,0
2497,10163,5.70680297479234,5043.61399372628,28.3261316971556,11.6908918441948,11.9870373652718,17.9742567979452,28281.4861624489,29707.2024262058,67.0363545600605,0
2497,10164,5.40400572629459,3092.2003878082,28.0347769611886,16.3206481222255,16.8968671231712,25.1371712864044,30121.8549665266,32198.4192361355,-1.41163243188689,0
2497,10165,6.73911223028044,4202.79940155121,24.563093634468,12.8932021576536,13.2297586431772,19.8255043233932,36951.2231195189,21933.5297483029,892.308408125146,0
2497,10166,5.47529401106318,2795.94305092986,26.1878311969597,17.2797899674029,17.9025186447324,26.6179314054057,32901.9187951658,19425.5878768585,-430.469624447112,0
2497,10167,5.67273312924449,3343.67850203196,25.1226859702695,15.1224697976037,15.5945091059922,23.274686019831,35394.1973003291,16637.9118239445,52.4748506087867,0
2497,10168,5.44503515455929,2301.47577622214,26.4078394589514,19.9069214695634,20.7179396383731,30.6905859126352,32680.798219756,24537.6419703072,-697.722496446335,0
2498,10169,5.59013627450881,5183.91235798567,28.2861361587071,11.4766054886703,11.7609796997561,17.6430505187231,28172.0137012824,29652.3565483954,105.39840546578,0
2498,10170,6.77935682997734,5651.55955155122,24.563093634468,10.6074650064122,10.8260828543236,16.2947046071404,36956.9382631049,21943.1330194934,862.783533275325,0
2498,10171,5.46955114244369,2881.62419092986,26.1878311969597,16.9147368513826,17.5128310811867,26.0524386880137,32897.6834158915,19393.8838554957,-393.383288683566,0
2498,10172,5.56616391713517,2520.20071468333,25.2882233307767,18.4680020112507,19.1625291711143,28.4562464129864,35314.8881532752,16850.928163201,-180.165650837739,0
2498,10173,8.69685749093547,1901.59975083499,26.9634821940051,23.0275286369607,24.0838241816272,35.5342551189061,25035.9957347013,27497.0031512106,-1275.19880505666,0
2499,10174,5.64629127366361,4162.52012773786,28.3199537998567,13.3060460264882,13.6938528930361,20.4714794259271,28196.086254221,29621.6995198207,81.6506834815783,0
2499,10175,5.6123079338132,2895.72083092986,26.1878311969597,16.856573519806,17.4507706161544,25.9623473207671,32886.1902481314,19416.7269530043,-373.87700802078,0
2499,10176,5.51315966671377,3022.00194998057,25.2226390215413,16.2351311863861,16.778622394588,24.9972748599476,35414.1577006088,16890.406833412,-107.588805711999,0
2499,10177,6.82707015931541,2808.53497514137,24.6754988316157,17.015370929605,17.6042098662795,26.2039080597986,36947.1307321574,21940.0316622497,877.211004492128,0
2499,10178,9.08217792457687,2015.03365083499,26.9634821940051,22.0553609182873,23.0356513459306,34.0254037737726,25039.3177103025,27548.6828209704,-1209.97298998149,0
2500,10179,5.5490793586321,5218.78553036933,26.169127644144,11.2831687831137,11.5448389279379,17.3407357885973,32892.7956750845,19424.4817737684,-374.63528305081,0
2500,10180,5.17102577140558,7618.36174872932,25.921121398332,8.82828365637887,8.97384895322751,13.5515412513451,33899.6997714939,17841.3423994458,-401.707008898698,0
2500,10181,12.0705237392571,6447.8319071036,25.4332290561427,9.79225809960023,9.97765124903491,15.0378797171357,34580.1452135341,17089.1407205045,870.409368945054,0
2500,10182,8.8553736621294,1956.94077297219,26.8081538572618,22.5082637617556,23.5216357187677,34.7276871426964,25038.4820310179,27497.9318108607,-1202.60569094895,0
2500,10183,7.97388062367128,2350.17585319528,25.7142404542165,19.4899866070519,20.2621412584866,30.0417635540387,22500.4065619347,25503.1859776342,1250.72806631824,0
2501,10184,6.4702210866128,8077.03101986341,25.8185745676805,8.50461323182752,8.63639976551642,13.052364308683,34250.0176230163,17638.218074905,192.29216419089,0
2501,10185,5.18603991356056,6063.42268595491,25.7928907154482,10.208456906356,10.4150063194406,15.6807037047201,33919.0476654883,17832.9352524911,-454.393172251151,0
2501,10186,5.41069932811345,4209.13571636933,26.169127644144,13.0214014678857,13.3771805647918,20.0270102380136,32880.2838537362,19437.2700147521,-354.329434153428,0
2501,10187,8.76270775410288,1675.97711697219,26.8081538572618,25.2885237446767,26.5244383666463,39.0442438355921,25035.3527775536,27529.9442827821,-1201.36843338058,0
2502,10188,7.81440864044753,7802.9815571036,25.4332290561427,8.67439705596538,8.81147992349954,13.3136765803422,34896.2727661966,16951.4649640099,951.603580957472,0
2502,10189,5.31021792881354,7299.45131783614,25.9051120403595,9.06991669885309,9.22566372473276,13.924167376779,33934.8913456162,17834.515667286,-364.274170788542,0
2502,10190,9.28560819000111,4391.19788895643,26.9805455021841,12.7224155845193,13.0670380799251,19.5663441477809,32184.2819674671,32834.6017062999,-1144.02455578565,0
2502,10191,8.69178063081343,1663.51040097219,26.8081538572618,25.4323230185539,26.6800324169003,39.2675830691849,25043.0157764747,27498.4259956897,-1272.46111219822,0
2502,10192,10.9768982747522,3243.12415302297,25.3219280006465,15.4685174228092,15.9640215223889,23.8107689527226,22421.0990440751,22729.3002188911,-990.48511603274,0
2503,10193,7.57022464304523,6884.2991231036,25.4332290561427,9.3905672390079,9.5580307416398,14.4181501677565,34943.6682831697,16937.5106318901,969.727100489877,0
2503,10194,5.30288678018915,7059.78641183614,25.9051120403595,9.26449419284832,9.42866778478964,14.224291034193,33927.4642481506,17834.1771619738,-412.419141152311,0
2503,10195,9.18813941833282,2977.15765268827,25.2267046643291,16.4062954074992,16.9609468042487,25.2623124971411,22457.0860082644,22121.8966501922,-1212.24041249501,0
2503,10196,9.25276973868121,2331.33872097219,26.8081538572618,19.7886925420067,20.5959052920193,30.5085907593908,25023.9515315861,27557.4994480654,-1185.69771278233,0
2504,10197,7.2635005342462,4414.56523550533,25.5500138046911,12.5593589599431,12.8848113925227,19.311504251607,34684.1567178118,31840.2617119025,1115.45221108432,0
2504,10198,7.7653778613213,7365.71523541842,25.4823385866998,8.99825674840894,9.14904266817031,13.8131219255902,34906.6653404973,16981.0189909239,934.441138354616,0
2504,10199,5.11866754056524,7475.37297983614,25.9051120403595,8.93400886606209,9.08396074080606,13.7145628941131,33927.6591520326,17828.8095748561,-344.83680770779,0
2504,10200,8.82967669912396,3289.50216031196,25.1768326980046,15.3003153969804,15.7839128983866,23.5500591916301,22431.5341006132,22117.1326640218,-1199.18053222551,0
2504,10201,9.51611286603515,2560.34569397916,28.0371173373841,18.6763898699883,19.4166763294156,28.7877903868064,27992.0284646491,29141.1786902679,-1171.78275101089,0
2504,10202,8.5928930734072,2175.65895297219,26.8081538572618,20.8134853070596,21.6969036886733,32.0980230601389,25035.3913311368,27511.3598123715,-1203.03696007535,0
2505,10203,6.44953446358273,5035.36706088128,24.9178426395547,11.4628786150377,11.7259181422765,17.6161533831827,36666.0596460062,20627.4953707706,581.133394681803,0
2505,10204,7.75577665585929,7255.69536541842,25.4823385866998,9.08446573917914,9.23891548005275,13.9460748010631,34910.2263671121,16943.2002581846,936.894193714663,0
2505,10205,5.25698855802402,6881.52999383614,25.9051120403595,9.41682931932698,9.58770527508192,14.4592873434606,33947.1910022707,17800.098961719,-393.223907871867,0
2505,10206,5.33324193660334,1877.81257352884,27.9242419931339,23.449859845046,24.5531905246278,36.1936121725843,28267.3138211379,28305.9412853392,-127.241163315425,0
2505,10207,9.09143579759884,3057.79483868827,25.2267046643291,16.1027243279457,16.6377030498216,24.7922839299769,22455.6045820668,22095.4548246155,-1222.61875018574,0
2505,10208,9.03254644522172,1884.16667052972,26.7453655577714,23.1400371505152,24.2021151420673,35.7080411463412,25024.6009160897,27510.7508761003,-1285.94883675789,0
2506,10209,8.3098650345728,4854.47734978286,25.0702754707842,11.7539909298964,12.033024454736,18.0661060830614,36554.7767924282,19819.8585938437,-1426.08176242864,0
2506,10210,7.68404933107768,7457.3495651036,25.4332290561427,8.92586300561519,9.07337621720566,13.7014208113731,34908.9604928871,16948.4171592141,939.214611799625,0
2506,10211,5.5335694539699,2005.45324352884,27.9242419931339,22.323233443559,23.3372238903552,34.4446792408199,28245.7020405601,28310.5747143057,-154.488502033197,0
2506,10212,5.24964339726274,7076.54819783614,25.9051120403595,9.25051369959901,9.41407678985801,14.202725608829,33947.9120443231,17796.7969058733,-415.224663556169,0
2506,10213,9.06012806917424,2578.88893497219,26.8081538572618,18.3968742509894,19.1037402395404,28.3507870771949,25028.4130848386,27522.5352141005,-1235.53537417741,0
2506,10214,5.78764885624048,2962.31306992032,25.3942778978656,16.4857112445539,17.0472592712438,25.3857565531651,23314.7276521974,22014.1972096339,509.035265946397,0
2507,10215,5.90627278768365,4403.49627592032,25.3942778978656,12.5674810078137,12.8922635914101,19.3237500686055,23293.136554356,21980.8527970332,561.502117167109,0
2507,10216,7.41884552959362,7382.8576331036,25.4332290561427,8.98272210824549,9.1326297066664,13.789103756436,34944.9204361955,16961.5925807198,960.903008701426,0
2507,10217,5.55307071677057,1977.52427552884,27.9242419931339,22.5580689876972,23.5905253076775,34.8091852029246,28260.5926655092,28310.4613349569,-203.622358758567,0
2507,10218,5.26207270718262,7017.51851783614,25.9051120403595,9.30000628249248,9.46573411224836,14.2790706978496,33982.9970249872,17806.5646228126,-383.959210099355,0
2507,10219,8.88296984734735,2410.32395697219,26.8081538572618,19.3158966236694,20.0886004854841,29.775475041838,25032.7666686298,27545.3162089772,-1240.71855364297,0
2508,10220,6.34515025656817,3007.28100105878,24.6423145824097,16.2156811285187,16.75202026572,24.9655370233362,29096.8305547723,17436.1790072868,612.958385005699,0
2508,10221,5.57658527220481,2311.94503352884,27.9242419931339,20.0970320068941,20.9403938283737,30.9904652758305,28282.6088035717,28304.1359583215,-168.20069959515,0
2508,10222,5.2896116646644,6000.57809783614,25.9051120403595,10.2841078173405,10.4948451933383,15.797641871846,33917.4172884218,17827.6665753823,-397.658375039957,0
2508,10223,8.17190564476129,6290.0596691036,25.4332290561427,9.94936630883871,10.1419400253098,15.2803126778398,34886.4923921728,16971.85052764,949.43605788404,0
2508,10224,9.89966325148738,3834.122342548,25.2652565948763,13.7844570881046,14.1772144153239,21.2050412165988,36083.3639801386,21238.2004301124,-1080.70733250027,0
2508,10225,6.2101027326525,3278.29806592032,25.3942778978656,15.3618035294118,15.851281051091,23.6457852934168,23327.8336665187,22015.3280379658,493.082923825665,0
2509,10226,5.35987410649577,3684.87056472932,25.921121398332,14.2288567722694,14.65335716162,21.8939323244077,33855.2567248088,17853.8835601587,-442.479553007885,0
2509,10227,5.56193953117882,1894.61841152884,27.9242419931339,23.293375410923,24.3841856360545,35.9506601718933,28271.3977486083,28307.5542653809,-159.814721986901,0
2509,10228,9.85305692766218,4298.055980548,25.2652565948763,12.7620498416163,13.0966220318973,19.6242321050357,36109.0198904353,21235.0292929137,-1102.85862927204,0
2509,10229,6.41491048866112,3577.19344067495,9.4207047109619,12.4801995132532,12.6369570634439,19.1436980044218,44061.8889328405,26843.1616091429,717.504899292906,0
2509,10230,5.30446025131093,3043.65189626016,24.4061510309881,16.0501734805594,16.573508764214,24.7086488540952,37173.7086511054,21221.5382922387,697.63752713292,0
2510,10231,5.09657365117349,3085.2041405139,25.6992953987392,16.0616706694578,16.5986614057654,24.7300061857338,33885.6772680875,17851.9266574906,-431.948915933136,0
2510,10232,5.32794439134865,1494.95824203613,28.0119682341409,27.9309882410082,29.4077475414565,43.1550565969864,28255.3536138071,28320.7307475923,-126.942197360842,0
2510,10233,5.50833694182494,1804.24772694726,25.4546349448238,23.611238497547,24.6913754399856,36.4341788856168,27673.1920534476,21617.2433382027,-90.9549271133245,0
2510,10234,9.7343822404707,4146.59607726395,25.026776820366,13.0519005489727,13.400836793096,20.0718017014174,36076.5146568014,21205.0140167844,-1050.00107913753,0
2510,10235,6.25202702744261,3673.99539690345,9.41424307874413,12.2757073361744,12.4250153674661,18.8286684080992,44031.9603577957,26828.2504725168,731.841879472666,0
2511,10236,5.34194579557655,3230.6858705139,25.6992953987392,15.5543490823547,16.0588304640473,23.9446054460609,33891.2887209978,17852.8036994679,-415.082618458514,0
2511,10237,5.39311115205535,1449.67278603613,28.0119682341409,28.6060772006383,30.1409094874094,44.204327164263,28277.2820896771,28321.2049011627,-202.817773533917,0
2511,10238,5.46083483431762,3059.13502494726,25.4546349448238,16.126504500364,16.6652824393989,24.829725468084,27690.0616215616,21648.2365632207,-69.9284498061064,0
2511,10239,6.24926655640005,3689.84619316601,9.51590979790088,12.2583949590192,12.4086332317624,18.8024308510734,44052.0176262667,26827.9357529529,723.219890344232,0
2511,10240,9.7345157158095,3496.63084326395,25.026776820366,14.6537635334751,15.0962203609885,22.5491907249013,36051.8389345069,21172.3835860114,-1038.67177094439,0
2512,10241,5.60040192627762,1666.38660003613,28.0119682341409,25.6927584076555,26.9805330480701,39.6772566958632,28259.8526399511,28319.0814825556,-181.24320210285,0
2512,10242,5.13814031125768,3080.0280305139,25.6992953987392,16.0805226726398,16.618733594213,24.759194915891,33876.6819957013,17844.9620458918,-427.424474361797,0
2512,10243,5.6296562450234,2918.93953494726,25.4546349448238,16.6652125675041,17.2391755346351,25.6638995895606,27689.3360791036,21627.848885635,-27.2488695480121,0
2512,10244,9.6175408948464,3354.54111726395,25.026776820366,15.0777502944882,15.5461395048614,23.2052381877836,36046.91760445,21210.5528714514,-1085.36360754446,0
2512,10245,6.5834824787875,3529.83522690345,9.41533520846621,12.5823944214266,12.7427841956261,19.3011087460403,44056.9603636031,26848.0764450094,702.822407074367,0
2512,10246,5.9107088044609,2384.88342184812,25.0597158727356,19.1755767025232,19.9171556963067,29.5521393829467,28206.1109032972,19993.4411084186,27.2688831359284,0
2513,10247,6.2322359302162,6258.58030473731,24.7266910122395,9.94148658855856,10.1299782389324,15.2671240939932,36644.3343011876,19872.2696754201,556.820334530777,0
2513,10248,6.33413394280396,5080.56575167921,28.0016996965341,11.6119474309492,11.9018994726564,17.8517261276052,27930.4764062172,28423.4407735275,486.924307819196,0
2513,10249,6.19394128348119,3809.32314090345,9.41277488441838,12.0058841840815,12.1456563765978,18.4130746399253,44049.4599109076,26822.0676992286,741.158382620727,0
2513,10250,6.31771161353233,2788.44101759523,25.2423622997819,17.1812386214949,17.7872568197977,26.4624974080092,27939.0126494238,20823.8511489602,509.817489625461,0
2513,10251,5.43928818218355,3165.39746249736,25.7475529577678,15.7825914711071,16.3020811596569,24.2980601267015,33628.068743807,18016.4180952715,-388.218207227012,0
2514,10252,6.20103664974089,7101.11885673731,24.7266910122395,9.1722882134249,9.32695388402264,14.0805424181608,36636.7371628247,19867.9009766498,549.817430969553,0
2514,10253,6.15304409347768,5434.36938967921,28.0016996965341,11.105152564066,11.3683138456968,17.0686997571436,27947.6242627192,28460.7076567208,523.505072029515,0
2514,10254,5.37107143523245,3582.66415946445,25.7891994913322,14.4921185658955,14.9314198054861,22.3009269472537,33485.9876673451,18132.3104999279,-455.66025840925,0
2514,10255,6.39553297450793,3805.41661516601,9.50211726555549,12.0262964337193,12.1681031826533,18.4448788085096,44039.2419705108,26818.7334714178,748.144909585786,0
2515,10256,6.20876399810368,6686.94195273731,24.7266910122395,9.52933087678407,9.69941335201792,14.6312459407363,36648.8126174041,19873.8542799544,529.08687299507,0
2515,10257,6.1464584079247,3620.15384767921,28.0016996965341,14.6144250948794,15.0796356195552,22.4952519572805,27944.2817472362,28450.3140268723,523.280899962143,0
2515,10258,5.43464887868613,2997.08092346445,25.7891994913322,16.4022230124781,16.9622875088037,25.2575706784816,33494.8592128719,18146.649314795,-450.406273271899,0
2515,10259,6.24897075095076,3741.30685290345,9.41865613904186,12.1401721466849,12.2847415800615,18.6199252886938,44063.2275644307,26816.6196695058,754.4202450633,0
2516,10260,5.78697967240629,4620.10002764947,28.3776062306969,12.4025360980976,12.7384125225615,19.0743654818393,28333.778209892,30235.1487507387,203.028785565321,0
2516,10261,6.20255982132786,5356.72573473731,24.7266910122395,10.9945687342605,11.2329402307645,16.8926096743617,36647.5260578493,19883.3374886618,515.383539078096,0
2516,10262,5.28237241401883,2815.65276146445,25.7891994913322,17.1393935609552,17.7484359558451,26.3992873206182,33505.9936142205,18128.5264215357,-461.887463572553,0
2516,10263,6.18923850378366,3787.49537490345,9.4071350161626,12.0474395303654,12.1885792895568,18.4770520421739,44068.5117621691,26840.4215036189,786.164606612184,0
2517,10264,5.68618054030259,5237.75311964947,28.3776062306969,11.4041431584008,11.6851793455364,17.5312281603063,28307.9733959232,30235.4909312665,190.780402521202,0
2517,10265,7.37829183543172,4165.19902372181,24.8743579677389,12.9990481531641,13.3438617543219,19.9897757493255,36433.9048211913,20778.6542532612,1050.79867955954,0
2517,10266,5.28165342642541,3325.88505146445,25.7891994913322,15.2545039647168,15.7408953453838,23.4807151970775,33487.4420836815,18122.0041673435,-438.747317891592,0
2517,10267,6.45519691499643,3721.92397290345,9.39759570602359,12.1758467253411,12.3213574194387,18.6747842454136,44060.4755918553,26826.1557648837,761.934112515495,0
2518,10268,7.26086202696057,4306.91430772181,24.8743579677389,12.7108110305777,13.0396659071009,19.5442357643687,36440.2802950101,20804.1890564566,1063.77501534467,0
2518,10269,5.30095612627094,3439.16476946445,25.7891994913322,14.9054786036174,15.3701222703096,22.9405478379367,33487.9940359773,18144.9049531686,-399.118953024917,0
2518,10270,5.70792312650232,3677.01278564947,28.3776062306969,14.4947249736708,14.9554289573903,22.3108117921395,28311.4916724355,30214.298336154,203.512351517165,0
2518,10271,6.49876989956582,3630.69228090345,9.41228904531988,12.3652948747008,12.5177773721764,18.9666574225621,44048.3045344648,26833.1807779831,753.8566877003,0
2518,10272,5.20989627243613,2550.09654547673,28.5476322852421,18.8064984927173,19.5617064158186,28.991031831386,29750.4150018639,31533.3111405623,-192.461750012973,0
2519,10273,5.42126324671608,3094.29434631188,28.5468532063742,16.3739680637998,16.958468445258,25.2210575893987,29778.9063806138,31522.7420536887,-175.390594882864,0
2519,10274,7.31653046073202,4441.38303772181,24.8743579677389,12.4525259051745,12.7672959909495,19.1450528379959,36438.2704802881,20790.9321071346,1046.87343154018,0
2519,10275,5.33408397458559,3007.80758546445,25.7891994913322,16.3611868106459,16.9185619821161,25.1940247805353,33497.7969301359,18122.2154208733,-475.440440794929,0
2519,10276,6.01234359488541,3453.22879890345,9.41471066383594,12.7540501600728,12.9207376384375,19.5655644060467,44064.7409327499,26826.1375033111,725.545182015667,0
2520,10277,5.33821573320006,3212.94795833835,28.4280219133185,15.9313041920868,16.4851171326224,24.5351158980185,29746.0395843426,31531.8503381051,-187.646192621569,0
2520,10278,7.24848138956265,4232.7575587873,24.6809448050443,12.8424436402079,13.1770948319275,19.7472943732942,36430.3586742905,20786.5764916682,1075.13064450423,0
2520,10279,5.2027469746246,3378.23797363035,25.5682371053853,15.0658082241535,15.5384092702304,23.1881212738774,33503.9387614857,18131.7604748095,-449.766940237107,0
2520,10280,6.60872519813905,3583.53593109906,9.41681068393235,12.4659771426391,12.6221586859604,19.1217717375338,44042.3953509548,26821.4028785818,708.818770645072,0
2520,10281,6.01360204527557,743.689705986036,25.3522020640124,47.5306541858257,50.7587904158706,73.6376559785222,29314.1292431138,21376.9064997217,35.2345591858807,0
2521,10282,5.35828717012695,2868.41726633835,28.4280219133185,17.2648807653863,17.9092547734908,26.60107630099,29766.0467258135,31516.5589934607,-168.511729333699,0
2521,10283,7.5839287533974,4230.4668547873,24.6809448050443,12.8471000323895,13.1820081865074,19.7544917185975,36430.354139607,20778.6724974664,1061.13624803443,0
2521,10284,5.4094144344637,3066.34981363035,25.5682371053853,16.1142294834127,16.6533355040571,24.811029131762,33503.9620805367,18139.5395689978,-447.720915457569,0
2521,10285,6.23392825048492,3393.47357709906,9.41581639558462,12.8928018585277,13.0646654744597,19.7793512075394,44051.0418984021,26831.6443842499,732.735965364888,0
2521,10286,9.86693657020734,2876.36256909339,24.9869654844006,16.7750322304053,17.3513489869125,25.832624944822,22631.2256590956,21845.8697042221,-1081.76935716912,0
2522,10287,5.22051116193101,3569.81533485337,28.4280448270631,14.8002396934009,15.2806113467685,22.783813823994,29774.4029071362,31528.4825546952,-194.84649125354,0
2522,10288,7.31975199066831,5108.8637347873,24.6809448050443,11.3373658800461,11.5925237916471,17.4218842902864,36435.4544364466,20800.078960201,1062.92773369598,0
2522,10289,6.56071378174699,3771.90228309906,9.42615065686205,12.0807302078898,12.2233203091862,18.5284038120187,44051.7552514927,26826.3805360747,719.451225338696,0
2522,10290,9.77669806425122,3386.66093709339,24.9869654844006,14.9746039738952,15.4362763368145,23.0455244056512,22599.0987841074,21834.7297077187,-1067.85313768025,0
2522,10291,5.76053811569145,3789.64616790459,24.8612017184418,13.8540598377232,14.2475480724285,21.311768078583,35629.291329581,16861.7763846707,-68.9653731069403,0
2523,10292,5.58717759663559,5283.75198121396,24.7908404884208,11.0978948953319,11.3417696884095,17.0522666208405,35645.2906262034,16852.8150855344,-83.1949118198008,0
2523,10293,5.42380697433852,2855.46597833835,28.4280219133185,17.3207520361797,17.9690083475046,26.6876557712963,29768.3274758428,31516.963571992,-201.189280227212,0
2523,10294,5.78672366364756,3585.54715837496,25.3672787898567,14.4398494684788,14.8723611680039,22.2190595939467,34896.2464133457,29163.1888244477,141.072076100497,0
2523,10295,10.1786362775086,3036.0269763209,25.0256267429684,16.1576061409358,16.694106109912,24.8766985722743,22608.3619856196,21867.379478054,-1077.4535850606,0
2524,10296,5.54748244074286,3309.17955233835,28.4280219133185,15.6044432024313,16.1367022180293,24.0289243323618,29765.1731898523,31525.5246779749,-183.431910377771,0
2524,10297,5.48408473550152,4349.30480190459,24.8612017184418,12.626729967906,12.95088034284,19.4142545331721,35638.8591766816,16843.6169920176,-50.7341401803005,0
2524,10298,9.69648026979976,2884.8625383209,25.0256267429684,16.7455470022726,17.3203308440833,25.7870761145291,22639.819625462,21851.6657081578,-1078.28458891942,0
2525,10299,5.49382111791836,4279.75756265248,27.5565176544517,12.9933458709963,13.3574771223124,19.9863741233034,32295.0715893116,31283.7245519271,-191.89510868491,0
2525,10300,5.45800871652449,4730.87735521396,24.7908404884208,11.934546320636,12.2211293319861,18.3445238007381,35640.9549155517,16840.9506378541,-42.6560243550697,0
2525,10301,6.40925761529671,11123.3978501204,28.4287811534451,7.05289967901246,7.13841935022377,10.8177726129185,29166.305936203,31018.5006178293,-1365.75172661852,0
2525,10302,6.23269816751028,10303.7398670831,27.8079075271089,7.37466048101719,7.46993760084095,11.3129150643507,27738.7916161435,31935.7443067693,802.848810121942,0
2525,10303,9.53990827138537,5313.36920248899,26.0664073313802,11.14377105282,11.3977091475483,17.1252576573591,31585.6156921196,25323.0988853478,-1060.55930382628,0
2525,10304,10.474508226746,9292.81295248786,28.2458798200434,7.8784037825227,7.99430986755166,12.089584574348,29032.0744616012,31767.0729479479,-1323.64126532181,0
2526,10305,6.12811003217914,10777.1050781204,28.4287811534451,7.19159244984145,7.28209535074328,11.0314159920331,29184.0363368604,31018.3924989154,-1251.72499275837,0
2526,10306,5.45841651132902,5921.56473390459,24.8612017184418,10.3102026778078,10.5164551490882,15.8363391050905,35639.4546966342,16842.9253080257,-19.9836668991036,0
2526,10307,5.28172172965843,5268.88074472188,26.1285730278443,11.2097178682275,11.4673848656774,17.2272165108059,30603.7148206175,24792.4351770585,-467.506509509119,0
2526,10308,6.44067729645362,8711.3721549473,27.9004751946651,8.19116017352521,8.31833988511414,12.5713649485679,27811.8693062775,31903.1852622614,-178.588764972844,0
2526,10309,9.83803242369661,4157.96328584386,25.0023422904171,13.0257154284181,13.372997737933,20.0312700248995,19593.8529172563,28169.0575602951,-1090.68136007578,0
2526,10310,5.51956364082034,4558.41749956327,28.2562774711768,12.5060770817585,12.8470332588724,19.2342327782538,29740.1347647587,31526.0560517843,-236.123953312072,0
2526,10311,5.96345503511151,1947.10867727869,24.8442336780251,22.1827146750325,23.1429641784518,34.2147788634227,35992.3241909816,20886.0392890772,149.361157666086,0
2527,10312,6.92870503600139,10533.9125349991,28.2079986429509,7.28694312306896,7.38024993769761,11.1781223018931,28204.5882589303,31226.8823870983,918.075719266425,0
2527,10313,5.62556546958082,7150.63168921396,24.7908404884208,9.13516684515539,9.28856121319268,14.0233780636238,35638.9012144813,16848.5045505054,-53.1174295501999,0
2527,10314,5.52972322766315,7259.21438685337,28.4280448270631,9.21938977055994,9.39280959355557,14.1578192821353,29737.703576591,31537.8650385243,-238.735052204149,0
2527,10315,10.2329889137981,4162.62899860373,25.0477881268001,13.0199690042838,13.3672762981692,20.0224821638874,19630.7877363293,28125.5856692537,-1116.70385672775,0
2528,10316,6.7554559047693,7335.33815069443,28.190208390593,9.14718092342646,9.31633365849776,14.0461265511689,28190.8110729202,31224.8990135431,930.230221234352,0
2528,10317,5.72533903729687,3830.57047590459,24.8612017184418,13.7534745381924,14.1411152669575,21.1562129733238,35628.1485393645,16859.4524741755,-34.6787288171979,0
2528,10318,5.20492116795596,1850.93867479794,25.773301920641,23.2364409869143,24.2919242443454,35.8537589603179,30492.7147903316,23213.5994745642,-373.851476556767,0
2529,10319,6.61432630171766,5291.74656099909,28.2079986429509,11.3157095434718,11.5910793749994,17.3943197365271,28187.4667661914,31212.7670858892,946.601792662129,0
2529,10320,5.81714126612438,1669.29024976279,24.8041412993374,24.8665544230441,26.0360619413142,38.380072304955,28516.5457321074,19497.6625364083,15.6689886790843,0
2530,10321,6.99918597731146,4540.59335723336,27.8516533876839,12.507719990438,12.8461100992372,19.2360397621743,28180.0600557492,31226.4148554022,919.542723519234,0
2530,10322,5.92906456196991,2798.31442132487,24.5914139523609,17.0472204234341,17.6372493862361,26.2529809157159,24892.0694571606,20268.5729226698,398.068787169589,0
2530,10323,5.90505380673578,1822.35843308848,24.6892883365289,23.2617347105401,24.3027024070071,35.8884589543204,28495.4230294657,19496.242377879,7.59496758670333,0
2531,10324,6.89101642904761,5018.35932323336,27.8516533876839,11.6971470629855,11.990782749037,17.983137839613,28188.1903714993,31235.0660814887,927.937415279522,0
2531,10325,8.35479095330426,5679.10352070491,24.6287721905403,10.5782744283729,10.7958829205525,16.249750669829,35509.457974281,30567.2409666767,-1394.11857521645,0
2531,10326,6.03353054995481,3724.75244103492,25.8729212814406,14.1196475842679,14.5371995439472,21.7248754499329,25310.1626442735,24071.3635555314,296.894011079481,0
2531,10327,5.98988721100753,3144.94318628868,24.6542253518822,15.7203173516873,16.2252417789061,24.1987389435675,24872.340270939,20260.627238201,405.567895007955,0
2531,10328,5.93630064591871,1846.41520037422,24.7266360550426,23.0448190115743,24.0695316256164,35.5519902431677,28492.8773461241,19508.6718004322,35.6629830057065,0
2532,10329,8.37442954143182,5683.86113670491,24.6287721905403,10.5725351969027,10.7898699967599,16.2408913683764,35524.5769185571,30535.66498409,-1439.37988270232,0
2532,10330,6.69996899705588,4303.52751923336,27.8516533876839,12.9691849002612,13.3339771696605,19.9495785164188,28184.2158094472,31225.7413562338,923.980172049572,0
2532,10331,6.12312123529212,2294.77803532487,24.5914139523609,19.6330850767541,20.4013485565796,30.259699398496,24887.8054486826,20284.7477370732,421.133524452974,0
2532,10332,5.70401770006473,1363.57412888609,26.1175093667019,29.4234555086877,30.995557012787,45.4655732272886,28418.0016296118,24621.2942615113,10.6953933855004,0
2532,10333,5.6675226497065,2000.42099237422,24.7266360550426,21.7219833903447,22.6456106341544,33.4995403044356,28486.2504177817,19526.7041374071,-28.9855948569647,0
2533,10334,6.7592191576007,4963.27415926038,27.8700698106989,11.7847891031904,12.0832736501146,18.1186090026329,28203.4734071593,31226.2658126539,947.192795940729,0
2533,10335,5.5236362377073,2143.75707488609,26.1175093667019,20.912439935503,21.7943584125572,32.2490554987905,28421.1598873306,24624.0008437716,18.2815981319982,0
2533,10336,8.41802629766183,2880.65616870491,24.6287721905403,16.708817946324,17.2769884764362,25.729041452209,35527.6193763289,30568.9305655651,-1367.6348429611,0
2533,10337,5.85695576568215,1685.79723308848,24.6892883365289,24.6546892160945,25.8053640530755,38.0506179597121,28521.8046264009,19516.4679100899,62.3492109869425,0
2534,10338,5.91768209712699,8030.58391753966,27.2573539457306,8.59595645415873,8.73735505526006,13.1948226485442,29635.0144014973,33614.3959177629,566.977493599835,0
2534,10339,6.73671748879431,7442.08019926038,27.8700698106989,9.04873146156859,9.21214349723592,13.8938659326919,28194.4736811132,31229.1932202958,934.642834302831,0
2534,10340,5.69455472209538,2628.26299688609,26.1175093667019,18.0467138828996,18.7213716483135,27.8059992955479,28445.7797193443,24622.6065242049,24.9719751595519,0
2534,10341,5.75578437044108,5904.38944879786,27.4718774562055,10.4849629474643,10.7137838936735,16.1100395220121,27742.739743132,31878.6732696833,-89.8200881288687,0
2534,10342,5.694678665483,2696.62355474278,25.3876439778721,17.6140244287825,18.2508421789721,27.1333519768178,33477.969378179,25787.3394590881,-334.370937955031,0
2535,10343,6.82205235349831,7315.82716726038,27.8700698106989,9.1481754690867,9.31600059673359,14.0472813365521,28201.4701438597,31221.7324296966,946.389947764927,0
2535,10344,6.05091718631684,5265.26366953966,27.2573539457306,11.290539938936,11.5590806544666,17.3539137257609,29636.8850857803,33610.4885999506,546.448159873975,0
2535,10345,5.79808339371031,2176.28947688609,26.1175093667019,20.6831351101265,21.5479082836025,31.8933823273297,28429.4485605053,24609.9935223235,-30.317209529748,0
2536,10346,7.00796825465816,4172.47540249349,27.2785466159457,13.1950841806136,13.5689346737074,20.2978086947807,31775.0422734231,31892.0002493471,1040.31234786136,0
2536,10347,6.77663408933026,6176.57636926038,27.8700698106989,10.2036619084244,10.4207310428587,15.6762726119234,28190.0517155905,31217.9075647315,933.937188764503,0
2537,10348,7.09842392660405,3396.96659545457,27.3045880559103,15.1996923866438,15.6960831357018,23.3995812506962,31777.3755005333,31885.7279369617,1024.44568004993,0
2538,10349,6.96609062360491,4680.06457249349,27.2785466159457,12.2125055493764,12.5306490108659,18.7786390713997,31796.986703051,31893.2557506736,1031.25995435713,0
2538,10350,6.33623857694341,1506.70241770586,26.629488168194,27.3833044748863,28.7905031894729,42.2975817214854,30128.5600386798,26627.6765896227,759.437960886722,0
2538,10351,8.1222040747927,2209.98919645282,25.4567168670995,20.3327180798186,21.1629570911327,31.34755508488,25312.4391978185,22674.1658849094,-1216.70100948829,0
2538,10352,5.54667925635628,2768.49522467713,27.0853330281512,17.5253269808048,18.1742394677443,27.0009342477482,31233.6942434948,29668.893592569,-584.690650026475,0
2539,10353,5.5011508351281,3197.53666981565,27.3450628516607,15.8601090915652,16.3995099905788,24.4221835461241,31242.2951137284,29641.1144787065,-658.863333816479,0
2539,10354,6.58433339187909,2391.02668903451,26.6893711205894,19.409350455054,20.1874389365791,29.9199880794155,30150.3798255715,26655.2860745577,737.665901644402,0
2540,10355,8.48380145824405,4186.06304185355,26.7539828564669,13.1207036362891,13.4864440868603,20.1817357106847,31575.390612469,32118.5875003684,-1276.32209196946,0
2540,10356,5.56912180643858,3584.55998627651,26.7948207713945,14.5913283734841,15.0452056578709,22.4567810558549,31245.9183355953,29637.9752709315,-660.290240417167,0
2540,10357,7.08611391432018,2203.48749026012,25.0258402829753,20.2975554787809,21.1195603205134,31.2914690875756,22983.0346615401,21755.7430619284,1027.82112517945,0
2540,10358,6.26763676926309,2215.19272664732,26.2654100265277,20.4436846372001,21.2925412364344,31.5225208305535,30157.9052381905,26611.120972327,754.521712456607,0
2541,10359,8.89996720145306,3746.57826385355,26.7539828564669,14.1504624142658,14.5770422258372,21.7745242448776,31602.5511159446,32091.9197882593,-1265.95007201423,0
2541,10360,5.53661598951359,2144.49342376524,25.5279570582002,20.7968963594475,21.6623865839316,32.067687754138,31559.1794600331,21943.9008755177,-192.423441599719,0
2541,10361,6.95093268954546,2266.85629226012,25.0258402829753,19.884656048506,20.6766337327928,30.6512592591559,22993.8746483076,21750.5858923488,1056.69808774286,0
2541,10362,6.43291626205004,2252.36195615493,26.3129098179043,20.2053964071839,21.0372075975125,31.1531269381025,30108.8346999589,26651.0250825225,762.954858385057,0
2542,10363,7.04197846611311,2919.86111426012,25.0258402829753,16.6045191707586,17.1700480684695,25.5686864336818,22984.1582703473,21767.9266673041,1000.29079516894,0
2542,10364,8.80752012521388,3513.19076785355,26.7539828564669,14.7909833338703,15.2568994622221,22.7656654673173,31584.7518895264,32115.4706389988,-1275.98686199655,0
2542,10365,6.42435761868542,1361.00242064732,26.2654100265277,29.5128718416822,31.0954090257262,45.6053129722798,30157.6418175411,26626.2515907365,734.424267932044,0
2542,10366,5.39398333446234,2962.47347614564,25.1120378480112,16.4481845023766,17.0043923901752,25.3268517194584,32589.1539920491,16656.3833180913,-392.428069655696,0
2542,10367,5.43263811226526,1462.23807376524,25.5279570582002,27.7049957688659,29.1201067189273,42.7920908734929,31577.3147998393,21936.357791458,-165.750136464637,0
2543,10368,6.91025167610229,2899.35490826012,25.0258402829753,16.6867896073084,17.2577131939684,25.6960857336932,22978.5186971149,21785.4279456856,1049.59785389929,0
2543,10369,8.36485619108166,2942.14469185355,26.7539828564669,16.7419463351741,17.3341571519639,25.7863653944737,31596.7973477134,32106.9817237434,-1300.01054856679,0
2543,10370,5.2262036170739,1494.99073576524,25.5279570582002,27.2384534353758,28.614481042591,42.0672574388986,31586.9373788998,21967.6424113459,-158.805307222203,0
2543,10371,6.57358121781625,1448.96360615493,26.3129098179043,28.129018452688,29.5938733621154,43.4548129500615,30122.7172859126,26645.8129547099,762.34125491774,0
2543,10372,5.10573040878593,1163.00865594471,25.5521357048362,33.1256495987084,35.0113623258958,51.2184825583445,34487.7415555291,19028.9576761484,-311.869089596503,0
2544,10373,5.45975871818323,2608.61908794471,25.5521357048362,18.0590361242957,18.7282100259292,27.8233473324504,34462.9698643731,19034.9877684396,-310.14283673622,0
2544,10374,6.80801089475162,3065.1726360034,24.9949099116702,16.0464534696917,16.5755012516865,24.7045288319435,23086.0911220298,21683.8885823797,1021.81173202562,0
2544,10375,8.86995565350428,2790.84809785355,26.7539828564669,17.3799695159719,18.0154441491323,26.7747654804815,31613.1286609492,32111.4438991316,-1339.95086035686,0
2544,10376,6.24150706059363,1402.10293664732,26.2654100265277,28.8390250703744,30.3636077194134,44.5579764168359,30137.5631150577,26641.7237067338,769.537472336482,0
2544,10377,5.29220788430996,1464.55080376524,25.5279570582002,27.671403038787,29.0836917024852,42.7398979365076,31581.7289129368,21956.9045106002,-98.7189312693362,0
2545,10378,5.39269409438211,2342.74324194471,25.5521357048362,19.5071685081428,20.278558920351,30.0678493142238,34459.2653051461,19034.04560705,-310.735649714281,0
2545,10379,8.4622458099037,3829.88059585355,26.7539828564669,13.9389744673738,14.3528128149448,21.4473357827227,31577.9019494909,32141.0694052132,-1349.52261196468,0
2545,10380,7.04458601936762,2076.5796780034,24.9949099116702,21.1884167546983,22.0758218825599,32.6729417758755,23159.3533036632,21575.4535720487,998.540853547349,0
2545,10381,5.44499691147294,1459.48482376524,25.5279570582002,27.7451188232279,29.1636023420479,42.8544304244706,31550.8635617315,21967.7144734236,-158.645592950776,0
2545,10382,6.66054674311917,1086.99898064732,26.2654100265277,35.2417758935282,37.3332358500932,54.5142032510311,30118.4667970466,26628.8868784806,720.444856702464,0
2546,10383,8.6821920778671,3030.16058785355,26.7539828564669,16.3977014642691,16.9669557118427,25.253181666908,31572.1668147259,32127.0287705017,-1331.05895034164,0
2546,10384,6.42392795752247,1240.43209664732,26.2654100265277,31.7347506353261,33.5114264942999,49.0595740680944,30145.3770343966,26631.5392991436,752.360154272305,0
2546,10385,5.32405833556775,1634.65139394471,25.5521357048362,25.4546054668506,26.6839529898359,39.2966002496726,34453.9940051827,19055.7040775934,-323.742835841557,0
2546,10386,5.98490164104843,1905.52062140318,25.5946269773187,22.701026476433,23.7121141754833,35.0220694693931,32488.2958384456,21191.9004867637,262.925788692075,0
2546,10387,6.03397761573648,739.894846351441,24.7920830098943,47.3790435421933,50.5770896295521,73.3971975489592,24206.9278182839,20916.8782078968,430.115724355621,0
2547,10388,5.60221006583638,2676.96576594471,25.5521357048362,17.7297394311542,18.3762717986208,27.3131277011417,34454.5336036478,19030.9404777807,-297.351964691407,0
2547,10389,8.37996332637098,3604.31232985355,26.7539828564669,14.531983582999,14.981860396996,22.3648529733753,31552.9207347643,32120.6776735528,-1313.19072597373,0
2547,10390,5.56392076382011,2846.22979771093,26.027921061618,17.0414899642666,17.646446676917,26.2483222646477,32578.4778006923,28668.1396635213,-369.047897030643,0
2547,10391,6.63229698440848,2209.19775704295,26.2935601196215,20.4892443784986,21.3418448910468,31.5932812368564,30131.7242792026,26635.3146863579,777.74408172592,0
2547,10392,6.34339882885021,2510.13432140318,25.5946269773187,18.5691210431184,19.2743137129477,28.6139457245052,32543.4689054025,21031.6150965935,196.552849169643,0
2547,10393,5.99279247077662,1359.66342622259,24.864393879027,29.0933234926295,30.6135555027076,44.9459414920139,24206.6845220092,21035.8870783835,284.511695272905,0
2548,10394,6.57458687135783,4189.35861470933,25.2888639249869,12.9854699656361,13.3326706819445,19.969652908727,22284.3268676784,23457.2307173401,819.50077883863,0
2548,10395,5.28902523568575,4514.12662171093,26.027921061618,12.4121766990493,12.7329054915827,19.0849431707976,32591.7444009464,28690.658789692,-362.740269480576,0
2548,10396,6.01671866216915,2840.51526615353,25.6195074392305,17.0101752036703,17.6087632375311,26.1986413625782,32624.2597367572,20663.122686014,59.1269167740506,0
2548,10397,5.38122432833027,3163.76239194471,25.5521357048362,15.7646872170012,16.2811617569477,24.2698275234592,34449.2149924327,19042.8044977076,-333.166035156785,0
2548,10398,6.2939875595969,2099.03897015493,26.3129098179043,21.2756677691594,22.1875357188064,32.8132265731406,30133.4837825448,26667.8696921595,759.877095283521,0
2549,10399,6.62725042857441,3761.37140870933,25.2888639249869,13.9675425178064,14.3712343550192,21.4882627403038,22297.3065866888,23448.114135883,785.407598109949,0
2549,10400,5.32650746733488,3774.40543771093,26.027921061618,14.0078070613395,14.4199504518124,21.5522156184551,32604.7822093697,28685.548520422,-355.451500634637,0
2549,10401,5.90439928023254,2564.56605269894,25.6104684425517,18.2887557818556,18.974530314907,28.1795022607644,32594.1511661432,20674.7034953545,14.0691740063413,0
2549,10402,5.35282746930935,2673.55173594471,25.5521357048362,17.7458213015312,18.3934540226169,27.3380438178616,34471.441264401,19039.4189678288,-330.056145937413,0
2550,10403,6.55116308757386,4000.33909918398,25.1317945705925,13.3813107807912,13.7497095473471,20.5813214005713,22298.4605251413,23458.1898106633,820.286978134088,0
2550,10404,5.5155572987591,3827.83716755072,25.9045151677809,13.8621430759944,14.2646429872889,21.326622739071,32571.773391259,28692.404158682,-352.228526961705,0
2550,10405,5.81231333285079,2555.93439108805,25.8611366132673,18.3713323725744,19.0657424936957,28.308263388329,32638.1399491181,20700.188058988,89.5338205075196,0
2550,10406,5.1836190573298,2302.62384190188,25.9686640931697,19.824321364089,20.623866010465,30.5610050585581,34480.9850296661,19010.2633291008,-273.601569609798,0
2551,10407,5.41759884405481,4339.74343355072,25.9045151677809,12.7339254820477,13.071588440548,19.5820408462845,32604.8413170872,28695.3337105557,-342.553912195253,0
2551,10408,6.92696097768858,3646.01800135925,25.1575478043598,14.2538538363002,14.6734114355198,21.930827935375,22213.361577956,23462.874697399,996.653912187549,0
2551,10409,5.67263921258082,5927.28733750639,26.9485830295536,10.4279555324657,10.651206743654,16.0212531503643,30133.1647938199,31532.2135551374,-332.408693199032,0
2551,10410,5.8454257733247,2654.91499443831,25.8431811538195,17.8770786708403,18.5369534470518,27.5423032033747,32607.9441316923,20709.4524950063,63.9299719243361,0
2551,10411,5.25794118454381,3021.47042872549,25.9924345561108,16.3350501564873,16.8927291253091,25.1541067652781,34381.4527458775,18973.1848890145,-305.367083173443,0
2551,10412,9.08036360643733,4270.53093354088,26.9972110853181,12.9652899406434,13.3238546972673,19.9419008429063,28002.3387966594,31444.2823520551,-1243.67117520874,0
2552,10413,5.42920425368608,3960.49976555072,25.9045151677809,13.5447011237354,13.9285822816112,20.8356539070708,32589.3186547136,28705.000973954,-317.54281679851,0
2552,10414,5.41536020785466,5705.17715350639,26.9485830295536,10.691194307729,10.9274323812521,16.4277175206595,30118.1879233761,31500.6276989056,-301.516941239924,0
2552,10415,7.03734052500307,3156.64433335925,25.1575478043598,15.7414699878321,16.2526579165885,24.2328378684266,22179.814570237,23470.4325415567,1029.89461043859,0
2552,10416,5.44412365650367,3422.47578472549,25.9924345561108,14.9779540739897,15.4488947523386,23.0532047662241,34273.0457962932,18906.620328313,-300.782941770015,0
2552,10417,5.66488644691196,2841.56331843831,25.8431811538195,17.0361920318838,17.6388675764125,26.2395855302417,32608.8907804172,20711.7142703133,43.254291938952,0
2552,10418,9.24466639373316,3355.37707397951,26.3610256502223,15.2257740162423,15.7155230656187,23.4376693691482,28304.5627118915,27405.6995128073,-1086.77610922878,0
2553,10419,5.54870746759553,3553.31022472549,25.9924345561108,14.5956631851941,15.0430182157771,22.4616186936751,34256.9907780957,18920.9216367181,-335.265177448175,0
2553,10420,7.07761502459157,2748.56863135925,25.1575478043598,17.344840078481,17.9609167808247,26.7156570363707,22202.0597566083,23489.5322035559,1062.6546017868,0
2553,10421,5.4385848804755,3344.16256658496,25.8586612315666,15.2045962339458,15.6884895097753,23.4036442317901,32543.5652069634,20429.1576644745,-318.873947452824,0
2553,10422,10.0595497502508,3105.73367892631,26.3588551321917,16.0683065655691,16.6121030913364,24.7420367945923,28317.445392039,27454.6681089914,-1057.6368258792,0
2553,10423,10.06694608876,4685.21738279305,26.1158689780858,12.1145998656105,12.4197242010933,18.6252062058119,32181.1522578302,32678.0182964096,-998.263167943251,0
2554,10424,7.22968000968689,3158.64869935925,25.1575478043598,15.7345295053373,16.2452767545497,24.2220942056861,22158.5393067583,23469.3096890577,1013.44586904001,0
2554,10425,5.5129181484255,3155.7830204954,25.8725576566888,15.8311673909938,16.3549666971823,24.3735917033026,32520.168917247,20363.5946660984,-459.300386577943,0
2554,10426,9.71179449730811,3483.17192597951,26.3610256502223,14.8369860869439,15.3023923989501,22.8359313977914,28338.1938555805,27441.3557327025,-1074.26318782905,0
2554,10427,5.58433162382281,4406.29782107602,26.8605088826682,12.6832320695574,13.0248093543049,19.5055352060694,30768.7232733684,30907.1447173562,-474.784246231058,0
2554,10428,9.92304602456574,5190.86815485995,26.0761656617817,11.3167061354355,11.5795323172621,17.3923826897451,32160.4935081781,32688.5580181001,-1015.07014221538,0
2555,10429,5.50473757605955,2329.6097864954,25.8725576566888,19.6412247662966,20.4262659470881,30.276782077781,32508.2315555157,20367.2357510538,-413.747600903981,0
2555,10430,7.31791969486835,2901.97972135925,25.1575478043598,16.6938675963502,17.2666347172685,25.7074262329436,22194.1607239026,23481.4764841921,1051.92343639842,0
2555,10431,9.75416285676739,3358.61418492631,26.3588551321917,15.2153526243091,15.7044246859813,23.4215331475414,28301.2944651374,27439.1688007988,-1109.41839118099,0
2555,10432,5.48868092760176,5043.71633610618,25.7099932018202,11.5073252040494,11.7777018334198,17.6862029715026,32999.3663420505,32608.1401877641,148.414969481516,0
2556,10433,7.00984393071921,3013.32115135925,25.1575478043598,16.2594450519424,16.8038541976086,25.0347396280722,22174.8683919081,23489.6381305078,1011.37181504355,0
2556,10434,5.32043273350351,2090.0770364954,25.8725576566888,21.2582432767756,22.162899540577,32.7845687547676,32536.035844256,20384.1300218136,-433.871528522472,0
2556,10435,9.56743625887106,3367.75497492631,26.3588551321917,15.186706331785,15.6739722554279,23.3771930308333,28306.563028025,27434.9927570112,-1094.88442725727,0
2556,10436,7.13782321383654,4113.84909750536,26.4749471966497,13.2515802616271,13.6228140649504,20.3835534289474,31787.0135317443,30383.9837576165,1031.23951263021,0
2556,10437,10.1566936461118,5614.29597885995,26.0761656617817,10.7495364551638,10.9837901454376,16.516459774321,32191.6705225207,32709.5863878909,-1080.02648300379,0
2557,10438,7.16207059692597,5385.03563550536,26.4749471966497,11.0731105573163,11.3258767292597,17.0167907270228,31751.682648918,30374.741830021,966.38928116228,0
2557,10439,5.40128952166969,2902.34602011298,26.6394614701758,16.8888540074327,17.4897943588299,26.0136094363726,28416.0504411621,28355.2277636416,-237.66790821424,0
2557,10440,7.02154575004003,2965.98727735925,25.1575478043598,16.4404947817569,16.9966683173699,25.3150732754767,22161.9122768543,23498.0035655961,1017.0793861006,0
2557,10441,9.90722011483174,5057.85314085995,26.0761656617817,11.5121081992356,11.7850332320152,17.6942266421668,32171.4974593652,32674.7219316198,-1001.22649408327,0
2558,10442,7.07837504892227,5741.54847150536,26.4749471966497,10.6180114061745,10.848016440556,16.3139921004424,31748.4498217653,30367.2302252732,1031.58530726958,0
2558,10443,5.24381477077543,2997.93886011298,26.6394614701758,16.5071089220136,17.0825101325915,25.4223209161143,28415.5505653153,28353.5936370646,-224.792171097617,0
2558,10444,7.05203062033157,3046.18394335925,25.1575478043598,16.1367634512796,16.6732453772525,24.8447942320587,22177.2185116968,23472.6658406558,1054.70852270864,0
2558,10445,10.693521369292,5445.11427285995,26.0761656617817,10.9668069945264,11.2118743102649,16.8519709515302,32139.4668912289,32673.7422364163,-988.862618826031,0
2559,10446,5.507702465428,3417.84252411298,26.6394614701758,15.0628735720652,15.5448191977325,23.1862037986865,28429.5035262571,28309.6534876288,-242.266164700967,0
2559,10447,7.35573884126469,3040.10476735925,25.1575478043598,16.1592758759372,16.6972097601315,24.8796490095735,22201.884843077,23471.7918602152,1013.20363686585,0
2559,10448,11.0100876818955,5481.65540685995,26.0761656617817,10.9188789497236,11.1615466505251,16.7779561279803,32099.6709716571,32633.8892931677,-983.428110792931,0
2559,10449,4.82763494856371,6383.4093865738,26.5780243826289,9.91819552633499,10.1151733136951,15.2338250273983,31069.097799444,32125.1668500165,-538.944821783147,0
2560,10450,5.38730382414579,3245.71852648992,26.7109765469679,15.621978130815,16.140144528679,24.0518797642276,28454.4294969896,28269.6787231869,-239.119342807251,0
2560,10451,7.33783425234556,3730.79302217428,24.9358779162406,14.0097500137331,14.4129754360736,21.5527318519967,22167.8692629367,23479.3733271404,1017.07969790249,0
2561,10452,5.46629462539883,2764.25219248992,26.7109765469679,17.4927774346577,18.1355455896789,26.9494250569306,28437.3587154905,28262.718267132,-232.710028958577,0
2561,10453,6.99140456723286,2926.18324217428,24.9358779162406,16.5673922519486,17.1295552493804,25.5109372789218,22168.3343614955,23487.8597633384,1047.53848533583,0
2561,10454,9.32423563272326,3465.26646253228,26.6539063586221,14.9214044204022,15.3946023534406,22.9672783254827,31100.4750010394,32763.6360993748,-1084.1200852262,0
2562,10455,5.51063073808483,3717.97799248992,26.7109765469679,14.220780782156,14.651276403081,21.8832239156437,28426.9933183381,28318.3615455449,-184.092405919734,0
2562,10456,7.15002133955282,3031.13713217428,24.9358779162406,16.1643072436115,16.7003327219033,24.8868238051674,22178.5894082582,23483.3672252583,1009.82823836319,0
2562,10457,9.11914923650118,3147.71762053228,26.6539063586221,15.9534587779164,16.4925643134778,24.564972251614,31084.4700108019,32758.2872864618,-1109.72174685667,0
2563,10458,5.43205976401898,4617.85022248992,26.7109765469679,12.2785958013544,12.596633510336,18.8797591793782,28401.0513121941,28352.3608404895,-210.943927015938,0
2563,10459,9.97777657553126,2415.61743253228,26.6539063586221,19.2603487355088,20.0272191519721,29.6888522721399,31181.0389423493,32763.6590887032,-1167.81691746475,0
2564,10460,5.4803127026268,3685.07114848992,26.7109765469679,14.3078392030354,14.7436299522768,22.0179238895168,28400.3653848736,28342.443812958,-197.756886846463,0
2564,10461,9.98653208324716,2314.71419104355,26.6960406128757,19.8730295786529,20.6850822296747,30.6390007187686,31197.3297647876,32733.0969579472,-1075.9201047735,0
2564,10462,5.58966501248855,1240.04403274145,25.4139525455548,31.4452697267776,33.1795769222038,48.6047760243254,24065.2973787302,25177.9947696595,234.008045201864,0
2565,10463,5.41548364909765,4025.10853648992,26.7109765469679,13.4704474259747,13.8561840426114,20.7225216615693,28420.1769275943,28352.9553293921,-194.007373409877,0
2565,10464,6.06924246671949,2804.45338104564,25.4337436090054,17.1385627995721,17.7437762842473,26.3969611861289,24065.6709200674,25174.9814704985,184.747543862651,0
2565,10465,9.36367991217053,2777.893579613,26.5981918231883,17.4160887374309,18.0524143011293,26.8302796569655,31237.0451368004,32783.9206253147,-1087.67021988458,0
2566,10466,5.75298337216804,2297.83335504564,25.4337436090054,19.7616372099619,20.5499220528656,30.461964238054,24092.6026617343,25184.0822789654,183.684949968796,0
2566,10467,5.57124282186279,1831.36298848992,26.7109765469679,23.6302123156881,24.7306599303691,36.4688323608392,28402.7235837255,28342.4259349904,-187.475290396702,0
2566,10468,9.51677244612617,2557.53095053228,26.6539063586221,18.4837951290384,19.1950925266738,28.4850386801644,31206.2702663034,32766.8588527532,-1089.44919851196,0
2567,10469,5.31809815503027,2281.429566013,25.4243361544189,19.8627774392024,20.6582758991607,30.6187453430961,32207.3077828501,16448.3345350748,-229.169965435482,0
2567,10470,5.93362410903643,2603.09880246598,25.4489444340722,18.0707645210952,18.7395772358213,27.8411978936609,24122.2877080026,25228.8921287774,213.345337751103,0
2567,10471,8.71526301346518,2784.523405613,26.5981918231883,17.3866135166621,18.0209212987649,26.7846125425686,31234.2527673385,32785.6569766691,-1127.38058468928,0
2568,10472,5.17071843519684,2841.793032013,25.4243361544189,16.9781387675463,17.5725314121416,26.1484545926965,32200.5959059657,16461.3154619048,-270.032909151659,0
2568,10473,5.88746400336763,2623.79612904564,25.4337436090054,17.9668560048828,18.6283329431546,27.6801469949911,24116.3124023283,25194.8009775322,182.669576634505,0
2568,10474,9.50889079749598,2345.589277613,26.5981918231883,19.6661686091049,20.4618770128437,30.3178991353885,31234.5817838999,32761.5600226399,-1169.28877264062,0
2569,10475,5.83964128335901,3102.39908304564,25.4337436090054,15.9666502357579,16.4949165392371,24.5821761458264,24083.5358545027,25171.9541586601,192.625785591194,0
2569,10476,5.58682200414164,2823.60852688944,26.5096514831569,17.2034329168854,17.8243296939125,26.500563763453,30263.6324973896,27976.3630157974,-788.584959090792,0
2569,10477,9.25582317936152,2982.008521613,26.5981918231883,16.5639181646966,17.1426925586758,25.5101955432512,31228.616637513,32784.2922309905,-1185.43277358242,0
2570,10478,5.63849531238429,2750.81512477191,25.4424551029066,17.3753076844524,17.9965434671123,26.763708234902,24093.3792061468,25190.7517564623,229.402437201921,0
2570,10479,5.60565765656536,2725.68258845782,26.5801815142186,17.6502681153345,18.3025008308322,27.1930688453195,30261.4612445029,27968.4192451652,-747.322564184992,0
2571,10480,9.5830435432064,4867.30856770886,24.9692354689767,11.7259277695988,12.0028322089724,18.0225686751121,35779.0701216856,15355.0893132745,-1170.56822383033,0
2571,10481,5.81297659532094,2832.88400077191,25.4424551029066,17.0182403329374,17.6154991787207,26.2106187821168,24132.6474662529,25204.11745896,224.706492938579,0
2572,10482,9.6001904303888,4805.41550770886,24.9692354689767,11.8254700740708,12.1075553926749,18.1763448588306,35772.391207123,15362.9526297279,-1203.64496303145,0
2572,10483,5.55948709676172,2918.41095877191,25.4424551029066,16.6657178380995,17.2395884764664,25.6646474671105,24103.1173718448,25198.3858655044,210.974402479913,0
2572,10484,5.44700516890929,2931.92527265928,25.6630073483162,16.640783805774,17.2152739352292,25.6266569995964,27097.7734499723,24745.3403741092,-248.653457991111,0
2572,10485,6.03507880506543,1487.50482387233,27.3021340349418,27.8428545303508,29.3003355102632,43.0148255007915,28549.4634532327,30686.8418248466,220.811367218358,0
2573,10486,5.69838747685613,4872.43847787233,27.3021340349418,11.8899347183069,12.1905979015848,18.2801322369402,28531.1752077449,30717.5116130388,188.484484152725,0
2573,10487,5.40921119411513,2899.06248065928,25.6630073483162,16.7732248550229,17.3564828142443,25.831770619287,27118.6462137478,24776.0674008613,-286.894335895795,0
2573,10488,9.48062755714109,4537.00667170886,24.9692354689767,12.2848868693149,12.5912979913773,18.8861803006201,35787.8996633711,15363.4209228835,-1177.93126390073,0
2573,10489,5.80521349798894,2536.41404077191,25.4424551029066,18.4075673063893,19.0996810973769,28.3630874291467,24092.2212529693,25180.5618538102,212.112518750058,0
2574,10490,5.83604841504243,4950.85103787233,27.3021340349418,11.7641782645573,12.058058192946,18.0857944387835,28540.9228467911,30710.270261995,204.062344189534,0
2574,10491,5.99129877425698,2641.67365188063,25.4633370098479,17.8846558549308,18.5408152348012,27.5528763505424,24116.4178548506,25207.3553642058,254.174784946107,0
2574,10492,9.70996077646755,3682.03687159742,24.6747361555712,14.1088864890805,14.5157217812329,21.7054528280184,36179.93597044,15216.1256873823,-998.813000932494,0
2575,10493,5.82332315614606,4550.68266987233,27.3021340349418,12.446153359345,12.7774306391131,19.1398524956283,28527.7683946444,30724.3714832403,184.622463466522,0
2575,10494,7.49707957854946,4367.11377675272,25.8775490949838,12.6780453847537,13.0124026682829,19.4956063161074,29934.2238765781,25136.1362251133,135.021586468034,0
2575,10495,5.77637409961769,2228.86500277191,25.4424551029066,20.2048036252999,21.0254737609966,31.1491471230112,24084.0371652161,25183.2920621959,199.480341041755,0
2575,10496,10.082597383326,3554.15784662418,24.7514401403977,14.4613541620902,14.8897789996745,22.2508460738977,36232.8565694103,15272.6078820417,-996.47828966511,0
2576,10497,5.66109680110434,4378.43934987233,27.3021340349418,12.7737475447056,13.1235111080232,19.6463237423277,28518.9656267045,30711.6536866182,207.63620759172,0
2576,10498,6.96681723412957,5042.23270275272,25.8775490949838,11.5215165816906,11.793684946865,17.7084169871638,29948.3840534144,25119.8064437185,124.514721873974,0
2576,10499,5.5432399519409,2375.58018877191,25.4424551029066,19.2938132509388,20.0485375977193,29.7367206089821,24094.463720301,25192.7778345017,256.780256340376,0
2577,10500,5.82692102970722,5044.08709587233,27.3021340349418,11.6191809709846,11.9053044314805,17.861740490109,28521.1326665534,30702.8717374098,195.709148897833,0
2577,10501,5.5625941094084,3263.37898279153,25.810845253473,15.4589900594609,15.9584692368691,23.7972823822832,30607.9532964875,24334.3134046966,-184.067072188442,0
2577,10502,5.90609980194041,2769.58127677191,25.4424551029066,17.2919519213142,17.9075649048038,26.6345849569103,24102.9465869194,25207.9306400281,220.455761254624,0
2578,10503,5.92747613052058,4598.06059587233,27.3021340349418,12.3598990723386,12.6863645091945,19.0065157732215,28563.5435226517,30752.6669804312,177.520280878804,0
2578,10504,5.36311384453613,2847.08758279153,25.810845253473,17.0084611952455,17.6089396158581,26.196538800843,30614.7454324315,24327.7872007437,-182.265167929116,0
2578,10505,5.8466282346016,2414.72039077191,25.4424551029066,19.0681208066259,19.8067523999346,29.3868684149182,24093.4217988138,25176.6988592955,187.618523989143,0
2579,10506,5.63367129398738,4775.27500917934,27.3110265257442,12.0515119202424,12.3610230243726,18.5298620373072,28607.9722418301,30821.4128098915,124.218546534543,0
2579,10507,5.57204428705885,2727.55248079153,25.810845253473,17.5326896752099,18.1686006576468,27.008620910255,30608.2671961621,24336.0242394602,-170.176226582932,0
2579,10508,5.89955165941775,2486.63528077191,25.4424551029066,18.670563158686,19.3810922881614,28.7706711208185,24101.0101123064,25183.9712022788,225.7177778872,0
2580,10509,5.78295880396458,4512.9414172011,27.1196284349658,12.5015710469901,12.8347224661237,19.2251845637766,28607.0781405238,30821.1377797683,116.208221100523,0
2580,10510,7.53977057321398,3015.82385097598,26.2172164133318,16.3849458092157,16.9481200962114,25.2319847486699,35070.3642646306,20895.3909575539,1093.003976912,0
2580,10511,5.5523293498088,2688.93817127001,25.9165668896195,17.726435597022,18.3767534550717,27.3091141035483,30615.099354771,24332.418494744,-219.110520402457,0
2580,10512,5.71370751329076,2573.45802082516,25.5015868079099,18.2269758815287,18.9072058735705,28.0834217644065,24112.9274652608,25211.667784911,207.197354425601,0
2581,10513,5.78769280105518,3647.7601372011,27.1196284349658,14.4495255126256,14.897335020384,22.2380829789323,28606.0041005026,30823.0508043523,149.549354053612,0
2581,10514,7.54016431841113,2785.65215097598,26.2172164133318,17.3290810664157,17.9554685457018,26.6943783790001,35046.7528630794,20893.5553324538,1181.23567199998,0
2581,10515,5.83131060451035,2441.52011327001,25.9165668896195,18.9941321461863,19.733182272298,29.2737459383833,30579.6743111948,24314.8325075579,-190.609380887393,0
2581,10516,6.04760339848519,2999.43648629972,25.0972155910574,16.3042208856945,16.8509196589901,25.1038988778083,22720.9751897922,24509.6660765153,481.722074398372,0
2581,10517,8.1870504111404,2156.13066593802,26.177976913116,20.8356567526539,21.7126138094971,32.1301727212088,29660.6881498722,34859.2962617184,-1422.14625536086,0
2582,10518,7.475379744119,3814.37648097598,26.2172164133318,13.9258519981763,14.3346409071218,21.4258608257911,35050.5234146111,20907.3347125886,1169.13569816242,0
2582,10519,5.36645493178346,3406.83859202839,25.8887369221595,15.0139552831503,15.486213553331,23.1086668885527,30173.6603053783,24568.718081494,-316.091819791914,0
2582,10520,6.00344760076754,3219.21191429972,25.0972155910574,15.5213274622125,16.018020103616,23.8919211382053,22717.4188974946,24523.0818427222,501.964544611449,0
2582,10521,8.47028959679492,2531.49775793802,26.177976913116,18.5470943758639,19.2574799753402,28.5816654193896,29640.1905050281,34869.9036530473,-1400.32380289229,0
2583,10522,7.46970887478758,4041.83898297598,26.2172164133318,13.3878232025737,13.7650016676888,20.5937085389648,35026.4766937542,20910.5687438059,1166.83844300773,0
2583,10523,6.03270583840056,3792.39451229972,25.0972155910574,13.8707030505462,14.2671213875622,21.3380476606902,22706.6414718326,24517.1328490159,455.167151148958,0
2583,10524,5.54959334725832,2498.04583202839,25.8887369221595,18.679776370846,19.3961924348299,28.7863940080829,30172.5048000462,24581.8800264732,-364.353556703646,0
2583,10525,5.66680366958653,3365.56017455788,25.695318905259,15.1192869077767,15.5963665212563,23.2712030537123,33328.344685236,26494.6547970935,-575.216043119446,0
2584,10526,6.00821137479094,3197.91277229972,25.0972155910574,15.5929154270132,16.0941178370795,24.0027273997446,22696.3285146,24470.3786503268,468.991004257542,0
2584,10527,5.52469547236805,2035.49394262708,25.5944357168793,21.6207751095768,22.5490318443393,33.3459227510561,28062.685890304,23465.5539846572,-208.474483600453,0
2584,10528,5.62189996782497,3778.90077851456,25.731613436375,13.9672484851294,14.3745673473934,21.4888121979204,33146.3921794746,26677.6226126683,-496.489779865293,0
2585,10529,5.95310302102287,2424.62396429972,25.0972155910574,18.9554645125474,19.6819186414576,29.2110945980091,22704.5536219578,24516.7315436652,562.100974178437,0
2585,10530,5.92763347107316,2632.12538305226,26.5762966211593,18.0953126961116,18.7784165136197,27.8827059172109,32259.5253957666,19276.6339012198,-104.980642717502,0
2586,10531,6.02703312370702,2385.54984029972,25.0972155910574,19.1780063638772,19.9202215774308,29.5560332659564,22703.9218758972,24506.1497571859,484.955912676664,0
2586,10532,5.64526062599079,3415.39196905226,26.5762966211593,15.06346350461,15.544893758259,23.1869647246829,32250.978699499,19295.9831400753,-46.1395460435359,0
2587,10533,5.76810676042229,2403.21469229972,25.0972155910574,19.0765716133433,19.8115907924843,29.3988065876318,22712.2379632686,24521.7504720954,504.986059044714,0
2587,10534,5.72541632690522,3095.61850105226,26.5762966211593,16.1316410479384,16.6816539001475,24.8406812470639,32251.3881818032,19304.6645946787,-75.451727140495,0
2588,10535,5.61017575114474,3021.74329705226,26.5762966211593,16.4075652410408,16.9757480603512,25.2679828941304,32251.0522277842,19284.3727423838,-31.0959104630543,0
2588,10536,6.1850948889951,2412.17927429972,25.0972155910574,19.0256198502273,19.7570320321041,29.3198320629384,22723.8154923528,24494.9264148576,462.123936941952,0
2589,10537,7.97801444641681,4939.67708676386,26.6945360857423,11.7382769927112,12.0269786685577,18.044724606495,32851.8987722132,19381.5649675348,1050.56826955916,0
2589,10538,5.81837621821942,3822.47127370372,26.1249011697889,13.8967819225809,14.3031031914166,21.3806897438739,33463.7315908193,17114.6408097871,585.261912707863,0
2590,10539,5.39798689086767,4598.1304659265,27.2115122310126,12.3527517868504,12.6782194336719,18.9953018976572,32472.1121146964,19785.7969883296,-489.537950852314,0
2590,10540,5.33436663342362,4143.93551961446,26.3959301575356,13.1794065610924,13.545893783584,20.2717849727158,33074.2170928955,15765.8854431317,-519.207711540879,0
2591,10541,5.25513802733242,4461.5252139265,27.2115122310126,12.605637499502,12.9452565946876,19.386238829392,32473.5519223875,19787.9326579188,-509.815002110376,0
2592,10542,6.15886284837699,2112.58481704356,25.5525024691348,21.0308280357487,21.9140911687035,32.4306151506593,34536.0090689987,26573.9358458379,657.743209254757,0
2592,10543,5.45781954528662,3838.1673879265,27.2115122310126,13.9619741715553,14.3807805611031,21.4839051436337,32465.9815490981,19796.9275253672,-465.669843424546,0
2592,10544,5.53981300746574,3275.62674166758,26.2534128912859,15.4699330330943,15.9741850590094,23.815345010636,34754.705370098,16736.7104123869,-193.675620664269,0
2593,10545,6.36309608213566,2431.52129704356,25.5525024691348,18.9912316098166,19.7257285573035,29.2680518283303,34511.7350295797,26553.3104049517,719.899016228301,0
2593,10546,5.35661106565435,4503.0221979265,27.2115122310126,12.5273685077794,12.8625863770979,19.2652366798426,32482.4836818838,19782.2477055506,-467.1753038363,0
2594,10547,8.23213429590009,5148.9504303946,26.2790881652197,11.3913870666448,11.6593035072339,17.5080845040557,24683.5511158944,31556.8972857254,-1449.28430201219,0
2594,10548,6.28806775658629,3885.98618104356,25.5525024691348,13.6869365114416,14.0763230009843,21.0548591966511,34512.3057419589,26570.2825859505,668.957188451553,0
2594,10549,5.37512706480045,4681.24356762654,27.1808112410005,12.2030211506408,12.5200042129595,18.7638034362919,32470.7667770028,19791.6186698884,-448.037319383551,0
2595,10550,8.48010474368057,5345.0919603946,26.2790881652197,11.1144425264907,11.3681562254585,17.0803094485497,24694.9195549462,31553.9668973512,-1454.85288300908,0
2595,10551,6.2971368477706,3571.27869304356,25.5525024691348,14.4989039133481,14.9365836382548,22.3108650619824,34509.8761775368,26572.7627751667,673.331202538943,0
2595,10552,5.43565449002293,4557.5365479265,27.2115122310126,12.4264850242642,12.7560581307496,19.1092807218195,32462.3772271642,19768.6150155665,-466.244287764009,0
2596,10553,8.39642649792974,4546.3410963946,26.2790881652197,12.3733311255943,12.6936555404372,19.0253795927877,24709.4004466265,31542.3187408729,-1436.46672297033,0
2596,10554,5.32825516626314,7770.88499303828,26.2199805452192,8.73159217159183,8.87439084667796,13.4027937962822,33731.9146050131,16325.8510717035,-554.948216587765,0
2596,10555,6.20178008363301,5421.24666486787,24.944876116524,10.9236404093499,11.1598484510597,16.7834589671437,36389.8910227585,25241.320818454,708.793370975823,0
2596,10556,6.3507319979116,4525.51109104356,25.5525024691348,12.352994519656,12.6671838021959,18.9925627827283,34504.6909447844,26571.4233598289,690.737204868022,0
2596,10557,5.52026513677475,4737.02601612334,27.1828853175144,12.1068707262357,12.4185871620361,18.6151953733916,32467.4475592442,19786.1955012873,-428.560188150952,0
2597,10558,5.49814386958084,5628.10013893651,26.931992814106,10.7857813910863,11.0266541757982,16.5737595841795,29569.4577383045,31598.6705360588,-86.175716998343,0
2597,10559,6.32839652516659,5575.89121086787,24.944876116524,10.7253684980455,10.9518990429671,16.4773378254635,36415.9037795724,25233.5782981038,702.407611852069,0
2597,10560,8.03756852855721,7837.0836248532,24.6050348327586,8.61403685506066,8.74509248569907,13.2196287710049,37100.8173878713,16170.6153618261,1151.63650361413,0
2597,10561,5.46007214977054,8550.4775746596,26.303855348615,8.22567218546818,8.34821553908452,12.6228991223765,33726.3207367899,16345.7766174507,-519.149698256833,0
2597,10562,6.24620228961068,4422.69372304356,25.5525024691348,12.5441179972478,12.8687505320005,19.2879522593953,34517.4333060998,26556.7999096297,674.255234888196,0
2598,10563,6.35824057972125,5690.18412486787,24.944876116524,10.5849364348018,10.8046964368042,16.2605412511282,36392.3298571332,25223.6773957531,696.504959652278,0
2598,10564,8.01273896954422,9866.0526668532,24.6050348327586,7.46793082356077,7.5558559753949,11.453620732542,37092.1758435603,16200.9788158919,1142.39311929073,0
2598,10565,5.34481426103842,8371.9788706596,26.303855348615,8.33509940723954,8.46200764100023,12.7915809847105,33736.2068546688,16340.724042387,-500.876185350972,0
2598,10566,6.20120369399214,3263.15560220423,26.9278066842704,15.5885811418947,16.1065653465757,24.0007160782437,29348.8461261815,31788.7659911932,332.488946221185,0
2598,10567,6.15265511266035,4267.47650104356,25.5525024691348,12.8481479161488,13.1896255888844,19.7579071105974,34526.817180238,26602.3654882815,661.2648773776,0
2598,10568,6.62512855464409,6449.1832864716,23.2107638550823,9.6676128503105,9.83584421410028,14.84236733257,37486.1356565112,15592.0996504803,-306.571287530726,0
2598,10569,7.74744087828623,9720.25516309571,24.4930370162366,7.53257049184181,7.62237034559197,11.5530680048116,36706.6863303699,15297.1980372155,1034.40639293933,0
2599,10570,6.13170921711166,6160.0444400633,25.0120065611849,10.0598545344344,10.2552891863099,15.4502011184726,36368.8062987598,25007.8003236402,603.655838776717,0
2599,10571,8.01052674039739,9734.9318888532,24.6050348327586,7.5295132927692,7.61960674734684,11.5484705852566,37088.7711149605,16163.5348024356,1167.60495360359,0
2599,10572,5.4143091769693,7225.0409986596,26.303855348615,9.14809654217387,9.30901922347596,14.0452503949375,33730.5821377792,16350.0175411041,-549.500783972835,0
2599,10573,6.33119797967732,5020.32518104356,25.5525024691348,11.5313493866856,11.8019693857482,17.7230383381423,34502.7862121968,26567.6497585193,654.425353043325,0
2599,10574,6.81081937107888,6541.8686944716,23.2107638550823,9.58038566440928,9.74485957212149,14.7078303503174,37471.6367232336,15561.0565529622,-315.365427591136,0
2599,10575,4.45373900408198,8453.51726177138,23.572263404205,8.17350416756579,8.28306186967417,12.5394594456767,37342.4537083386,14773.7886243048,232.56438018674,0
2600,10576,6.13197691816877,6213.5038485226,25.449982341035,10.0290592075746,10.2253990276714,15.4033205682501,36345.5588936694,25006.2201493027,589.113175988657,0
2600,10577,5.20419696225761,4654.72643894241,27.2723747163627,12.2565235054338,12.5770579919902,18.8466667352477,31425.5526106005,18404.7281449004,-138.330472264515,0
2600,10578,7.91618474770227,9469.2150975241,24.795390219014,7.66560875428273,7.76125341553027,11.758296514898,37069.375208429,16193.2026160582,1110.20900979709,0
2600,10579,7.42697842932596,9609.08853340074,24.6306465816222,7.590871069519,7.68323503120733,11.6430048856228,36731.585461606,15280.8263688099,979.470141467785,0
2600,10580,6.16468197548159,4435.71898815224,25.8592693290427,12.5447709575355,12.8716167993547,19.2895620179494,34520.2525969856,26563.1480155788,691.282906660852,0
2600,10581,5.62163892761646,3031.3853640323,26.9817207305316,16.4213940844066,16.9944182518986,25.2904811689376,33718.4363083577,23351.8947928615,-815.393557901314,0
2601,10582,6.30453143162451,7684.6864665226,25.449982341035,8.75901051311378,8.89964669018418,13.4441572241937,36361.5165268934,25014.2253884557,558.988985085128,0
2601,10583,5.28737961420401,4587.89955494241,27.2723747163627,12.3759533075738,12.7031152061806,19.0312783988162,31429.436822443,18401.7617688428,-145.135213088848,0
2601,10584,6.68984621785826,9756.86677848124,24.186843566728,7.50448634914604,7.59219777922412,11.5095075243634,37505.3439766757,15550.3066828923,-288.687147676659,0
2601,10585,5.85167874607928,10586.8108530876,25.4210414235344,7.1786124232314,7.25927401279981,11.0088208380606,36277.6756738828,15871.5616845454,-282.879322858029,0
2601,10586,5.20598077042249,2512.34991011708,26.3573756756015,18.6763296250044,19.3979144553473,28.7825433124119,31553.7661277314,31317.1417744085,-305.996736557109,0
2601,10587,6.53948692680286,4549.88994053059,26.6866963659019,12.3991820524704,12.7237067857961,19.0661021197606,34057.7911800891,24124.8325612805,-35.4494638055895,0
2602,10588,6.18804808950275,7298.2623225226,25.449982341035,9.04930719023338,9.20211177064792,13.8918109436404,36356.4968600242,25019.310692397,552.272408714064,0
2602,10589,5.34617954108927,4863.95141294241,27.2723747163627,11.9015981609989,12.2027057545005,18.2981053839986,31435.3307693334,18415.3702331985,-144.038982985033,0
2602,10590,6.750994240438,10069.3936924812,24.186843566728,7.36101775172673,7.44376416046163,11.2885598266721,37496.8677558171,15570.1236657394,-315.699621282914,0
2602,10591,6.81186781867996,4603.26101979876,26.8377466396683,12.3144986548417,12.635360505753,18.9354863721208,29299.6345278199,31767.9909166769,318.813224282761,0
2602,10592,6.06553155411965,10593.5067570876,25.4210414235344,7.17583833234558,7.25640488368341,11.0045488874775,36291.7279219899,15880.2430048188,-296.823264726648,0
2602,10593,5.6760203686153,4701.72707403229,26.9817207305316,12.1523386247265,12.4652379060278,18.6851089378795,33706.7034436367,23354.6403857703,-802.413191996803,0
2603,10594,6.09679678052746,8542.7342961994,26.9067183976895,8.25396761820931,8.37995898007428,12.6671591336454,29354.6970654958,30792.8748284874,-300.817978214678,0
2603,10595,6.15252568619011,7348.4375505226,25.449982341035,9.01012180632872,9.16126378796601,13.8313793778464,36367.7745291525,24985.134892799,583.840151124737,0
2603,10596,8.09712620932488,9155.9392995241,24.795390219014,7.82644407524305,7.92795515053755,12.0060726118133,37105.2270136121,16170.9011722307,1136.66809778655,0
2603,10597,8.37254354836998,4618.29660173269,24.6545334706681,12.1156010958507,12.4107750540365,18.6239931177492,33321.7930537603,13380.1261760341,-1436.47186374622,0
2603,10598,5.42861531982443,3665.97327641732,27.2185292227919,14.4099378349846,14.8561129211193,22.1770445545932,31399.8313168412,18409.4105758302,-62.4685033151308,0
2603,10599,7.46750699878737,8837.40137722547,24.7511457984859,7.99822398475354,8.10595666413054,12.2706970846692,36722.264594035,15279.9279605581,1002.41935092745,0
2603,10600,6.64209085921534,6304.67494392338,23.3280057691621,9.81483096841887,9.9901128073515,15.069628814635,37489.0412997346,15564.8784516604,-326.050039094629,0
2603,10601,5.31395093784734,2911.76867050928,27.2621538646958,16.9312546155886,17.5412750111409,26.081003959846,33549.7950247726,22798.1465377825,410.018831698222,0
2604,10602,6.51886282079948,9428.3116521994,26.9067183976895,7.76109975300981,7.86782475314715,11.9075125013978,29348.4820217252,30835.865079883,-293.998776529617,0
2604,10603,6.06480349285569,9223.54958758458,25.4901039045517,7.81650525724314,7.92023480730528,11.9914769841595,36340.7122487236,24861.5357796708,653.229100123583,0
2604,10604,8.74812481137497,5675.32434173268,24.6545334706681,10.5844790357454,10.8025336800384,16.2593698772726,33299.0201121119,13399.2400460572,-1389.86713032719,0
2604,10605,8.10405948838316,8725.3089735241,24.795390219014,8.06356997127797,8.17394137806228,12.371436991249,37082.8311550263,16191.4304887708,1144.87554795435,0
2604,10606,6.47207590099391,2972.74033891344,27.3932507079302,16.701309229423,17.2970538028912,25.7251444326957,31689.5893872165,18574.1760423649,758.399572686411,0
2604,10607,3.33825564380941,6508.86812380563,26.6974317050422,9.80085994317129,9.99297063237725,15.0529023149525,29144.5211958833,32387.6073445215,-330.22907920003,0
2604,10608,6.03367539783623,6499.33566736817,26.2115276315674,9.784246980931,9.97319112328794,15.0266012298349,35976.239354554,23091.3168424095,159.489852065998,0
2604,10609,7.35345711081663,7097.89572202902,23.6851174755517,9.1228850731639,9.27046404384887,14.0029710518374,36694.4225884831,15279.5001835908,1016.94976350897,0
2605,10610,6.22403538938279,8950.6558161994,26.9067183976895,8.01651444490986,8.133088486965,12.3011404482492,29348.9047856411,30816.6663299718,-282.302689258473,0
2605,10611,6.14921479801697,9144.47624758458,25.4901039045517,7.85831590361742,7.9636080361213,12.0558990536902,36349.6294866377,24883.7686945182,688.137357518163,0
2605,10612,6.74752316019131,8541.89059248124,24.186843566728,8.14613449813854,8.25719515091605,12.4979884158556,37479.0305584074,15566.8333329518,-311.718256024846,0
2605,10613,6.57777225660448,3010.35896867351,27.4599252355496,16.5618418058271,17.1488408383299,25.509283137385,31693.6728140438,18569.4744311238,738.874345721336,0
2605,10614,6.82978642675651,6581.9166273276,26.6703112679413,9.72926044903579,9.91793081263312,14.9423711161529,29295.7025625837,31737.2457118454,326.610055386985,0
2605,10615,11.4305706850444,7881.24998672001,26.8608901915537,8.68173172835128,8.82511642870952,13.3266472574843,29125.4245514924,31320.9050021831,43.8050554086785,0
2605,10616,5.92538734281638,6311.25565336817,26.2115276315674,9.9710829778072,10.1686763903382,15.3149371602912,35973.4574897298,23086.4764661613,203.089919771604,0
2605,10617,5.17545437536778,7001.16014055877,25.7446734453344,9.30591260966621,9.4711476505186,14.2879736592879,36440.7641593148,16696.2174096492,35.9313465927889,0
2606,10618,7.05988968983606,8298.01238979875,26.8377466396683,8.40325650936509,8.53502405175894,12.8972380010355,29300.108958795,31723.7012534963,321.882426445254,0
2606,10619,6.32280389209763,8168.26190158458,25.4901039045517,8.43113181439215,8.55860937572457,12.9387111263461,36348.7250060989,24886.7926025298,673.877056086501,0
2606,10620,7.86785139444855,8218.4466615241,24.795390219014,8.36978361077143,8.49196129670125,12.8433524126498,37105.3479332923,16188.5607869372,1126.44839047468,0
2606,10621,6.12344410010195,6103.69188347226,26.832804471723,10.2243711111419,10.4371517393824,15.7067820924346,29351.8295366148,30790.9448358548,-295.63944130631,0
2606,10622,6.55766933017068,1757.52186691344,27.3932507079302,24.5304424024398,25.7133770693047,37.8693926128776,31679.0514389827,18580.1956576817,724.233713450603,0
2606,10623,6.17101912462294,8326.9167568835,26.9688000024395,8.39016668181682,8.52191364008511,12.8771990150099,29351.7719116684,30796.1058308678,-292.843197531669,0
2606,10624,6.51392354292068,5761.24947192338,23.3280057691621,10.3980648915763,10.5995754768347,15.9694971150699,37228.4875490702,16228.6915656472,953.86514824106,0
2607,10625,5.90729701779288,6901.2246201994,26.9067183976895,9.44958469513818,9.62662628035299,14.5111237667051,29343.8083278198,30771.3375524968,-291.935391169069,0
2607,10626,6.08731532303123,6908.83724758458,25.4901039045517,9.37217199883986,9.5391016654256,14.3898494110516,36347.4106398078,24886.1670969915,638.443391207877,0
2607,10627,7.81720673500276,5543.8955595241,24.795390219014,10.7558601403875,10.982985760806,16.5241684819381,37107.9134097665,16198.5324307028,1153.28804883442,0
2607,10628,5.99735020747475,3247.53320649724,25.7296604109788,15.5018274793244,16.0032634100523,23.8633832472601,32571.8338957615,32927.7959578049,498.805368872784,0
2607,10629,6.58303952911808,1753.31312267351,27.4599252355496,24.5903345501646,25.7791289086908,37.9626749708735,31682.3842791718,18608.2726017903,737.82102722328,0
2608,10630,5.43350100351625,4379.00983943329,26.9088082537897,12.7403673300438,13.0855056902672,19.5939610591391,29356.7202164473,30709.7716698451,-387.455156960709,0
2608,10631,6.02258317445851,4254.06840232743,25.3470710176258,12.8575148819863,13.1979965908942,19.7719683684695,33629.9201363198,32126.8240497928,509.36468752504,0
2608,10632,5.73010512587923,4912.29768094927,26.0278625310956,11.733102882479,12.0172932468517,18.035560893888,35932.155928362,16662.611305701,106.458745009712,0
2608,10633,6.35507435440691,2414.77770691344,27.3932507079302,19.3840601867142,20.1685299156894,29.8830415722008,31687.5859750784,18564.7313457033,751.012576629957,0
2608,10634,5.23253040879012,4940.87830220372,24.8358486950225,11.6006131881064,11.8701671604682,17.8287498801849,36854.0392536174,25368.980514601,772.57006450926,0
2609,10635,5.72146652756941,5877.91752094927,26.0278625310956,10.4301416672335,10.6485393169728,16.0232577642297,35902.8003974271,16676.9872585108,88.3270672984112,0
2609,10636,6.15047690565836,4411.64240632743,25.3470710176258,12.5480207234447,12.8713968443035,19.2935787402805,33648.0831298294,32106.0090069494,518.369189826946,0
2609,10637,5.32743487678615,4567.5546210786,27.5098953379077,12.4314381451914,12.7632740626629,19.1174852860038,32291.3083931327,18185.2797344655,-441.773136279946,0
2609,10638,5.64723799353086,6481.85408543329,26.9088082537897,9.8383954116478,10.033288298735,15.1111179990639,29357.56326167,30692.060300054,-370.688607041618,0
2609,10639,5.83691814775886,6584.25229076053,26.9256888129777,9.74037569476479,9.93079727374911,14.959866787243,28270.164267739,29461.6492831801,-59.8399217879281,0
2609,10640,6.17195978213827,2432.46285308516,24.9815674692344,18.8926541910187,19.6132704311168,29.11335607319,27039.3682635576,19013.4188515727,580.705185682322,0
2610,10641,5.80808833211542,5473.0939893346,26.1839327118417,10.937040926094,11.1812436926509,16.8061763237656,35918.227559745,16654.4920940566,57.0322712210119,0
2610,10642,5.68959809376396,8453.43425909745,27.0310919805828,8.31348392967833,8.44235384259228,12.7590431475556,28281.9498902597,29464.3932057565,-37.8636770655893,0
2610,10643,6.03322916661796,4799.96934216902,25.1177596039366,11.8456645842682,12.1298020693932,18.2078182905126,33645.4116981863,32106.4983466399,517.682114589206,0
2610,10644,6.01942607194693,4912.76005499685,26.59924833747,11.7740349070561,12.064038556869,18.0998102215065,25704.7511028924,27531.6043992417,459.274134162361,0
2610,10645,5.58940303942212,8049.72739197909,26.9169756402816,8.56888087077852,8.70778127512265,13.1526930316845,29345.1390431549,30673.6756214752,-388.219191202081,0
2610,10646,5.32167793353153,5995.40728878863,27.9346219221601,10.4073113675269,10.6347016061622,15.9908015671333,33794.6038850197,18758.2124731634,-390.095908099943,0
2611,10647,6.81025665485385,9404.68085016902,25.1177596039366,7.70963205371799,7.80805262828443,11.826441494822,33698.6817195978,32106.6226716111,549.635188051275,0
2611,10648,10.0641170041514,8477.54132085127,24.564360211916,8.19991910005436,8.31456230772791,12.5812958840778,34763.705410434,31347.654512697,861.780417025975,0
2611,10649,6.67180134161006,5916.41879699685,26.59924833747,10.4198717285181,10.6408649483915,16.0082573046274,25643.6346922424,27431.8521704184,348.557827992478,0
2611,10650,5.59369530212094,4844.7681839791,26.9169756402816,11.9069719294977,12.2061188769529,18.3057888949584,29343.0289456619,30680.9349385159,-357.367924859976,0
2611,10651,9.43998897047307,4118.3674222136,21.1997802682011,12.7546274084731,13.0566412640364,19.6038895377098,36861.9604748062,11088.7678098109,-1155.33741482995,0
2611,10652,5.6026651390708,4682.51698109745,27.0310919805828,12.1894097788858,12.5046650576015,18.742495092695,28278.0495428937,29458.4305763629,-36.1806603046575,0
2612,10653,7.90016127039278,7431.24024285127,24.564360211916,8.90494030707057,9.04765281006639,13.6680701831658,34898.4521008895,31268.0377759488,848.137301431562,0
2612,10654,7.74849991153735,7264.19763969687,25.0674901802856,9.05785871845374,9.20927182696748,13.9045133491346,33926.1600374688,32006.0563951088,566.019688155043,0
2612,10655,7.64305988171505,4813.13170065105,26.4337059910538,11.9231885602777,12.2201030221408,18.3299920369395,25318.6869519193,27023.8914335138,1058.6037659834,0
2612,10656,9.82033247801442,4893.29167369048,21.0152575469805,11.3796572967445,11.6118062979234,17.4802523810433,36842.1669828744,11068.660903552,-1142.88859957046,0
2612,10657,9.86181023051316,2139.23377982679,25.6957177264,20.8658082468528,21.7386650682633,32.1751872383852,36413.9504743786,24884.0170482689,-1086.67102864065,0
2612,10658,5.60415282099192,1078.76431919095,26.1140565014657,35.3954448081847,37.4976643858541,54.7523660379109,28502.2731367573,19791.4540755933,52.1520355296307,0
2613,10659,8.10620800592697,8450.58149685127,24.564360211916,8.21618746572287,8.33145462264972,12.6063666658496,34898.3642884752,31302.0248804931,842.559901320911,0
2613,10660,7.46314948692877,7960.52895214542,25.0314345794531,8.54867261220455,8.67894102351702,13.1193742197285,33914.8721541348,32023.1889976547,588.019165014552,0
2613,10661,5.5808024469549,5447.26554718458,26.6025595896996,10.9981560310136,11.2478619363483,16.9012305022317,26001.707905881,27131.7927139089,3.59836546445739,0
2613,10662,5.77143688286982,719.277601050416,26.0233152771973,49.3114889813401,52.7311322072173,76.4165297034978,28492.0022420327,19776.3785406609,74.6945103394406,0
2613,10663,9.60743465284592,4572.9840622136,21.1997802682011,11.9072840036125,12.166363964494,18.2952055953801,36871.4200475336,11079.3317734116,-1165.8438072767,0
2614,10664,6.14883255876966,5876.62666374084,26.4350140169563,10.4559639519552,10.6778259872694,16.0637350650043,36355.4410021264,18680.4210192909,140.888536045507,0
2614,10665,7.24520550110121,7017.83609685405,24.6060379344406,9.23507819167284,9.39183881968472,14.1772193099853,34956.8178277675,31253.0783513159,826.069713749568,0
2614,10666,5.42548823973237,4965.51287518458,26.6025595896996,11.6911101695593,11.9767292378256,17.9716866658756,26001.5201764958,27141.1803390452,-40.6041109005325,0
2614,10667,8.42258091047289,6469.47753369687,25.0674901802856,9.75129626344705,9.9329688780772,14.9741603207572,33974.7704133128,31998.2293091038,600.934394647169,0
2614,10668,10.082571516993,2464.33753982679,25.6957177264,18.8321392497256,19.5570636727796,29.0219266081424,36392.8038843185,24901.2148131733,-1096.24323463313,0
2614,10669,5.88045726876862,694.498381375099,26.1918929208715,50.9022418032789,54.4824017319183,78.8958378199421,28605.4804909335,19990.6147866624,40.4205028437489,0
2615,10670,5.92996500854676,5980.65546174084,26.4350140169563,10.3373761377069,10.5535008088384,15.880655789297,36385.8915817641,18692.334431217,184.073827135206,0
2615,10671,6.52620280617926,4940.45390685405,24.6060379344406,11.5842153733157,11.8514147419296,17.8030035200269,35014.6569491486,31230.179468748,855.457558243892,0
2615,10672,5.96915698946583,2842.4459777848,26.5770074113323,17.1316223630769,17.748337114245,26.389507064471,26041.5646968692,27122.9112253535,97.409354666751,0
2615,10673,9.60768623140878,2433.58120989642,25.6494176276629,18.995423904874,19.7313814406981,29.2748705813281,36425.9295142203,24918.3463753337,-1034.68829167492,0
2615,10674,6.03896205247516,3316.31259850032,26.2818697617161,15.3410593677862,15.8373864353504,23.6159233626158,28684.6011972041,20092.0447670709,116.514251581622,0
2616,10675,6.49774753636053,5239.76522085405,24.6060379344406,11.1458823245799,11.3909884920532,17.1260496770849,35009.0297874263,31216.7596441409,831.263715454477,0
2616,10676,6.2099957580911,5962.57008524657,24.7186709141838,10.2558010713765,10.4587159016946,15.7521570125069,26571.7152214574,18556.6959917593,585.190021429433,0
2616,10677,5.32337088427334,6061.67722884861,25.8208408856711,10.211981968565,10.4188472019248,15.6861859677464,28558.7880857435,18796.3460513056,191.299214606475,0
2616,10678,8.79034898051332,6043.88010933425,26.5330151894945,10.2727136073344,10.4862484917433,15.7809767302247,36376.6937609509,20188.8183724576,-1387.13013584109,0
2616,10679,5.83824052912135,6445.78498865179,26.3149187943444,9.84204373892448,10.0341666234007,15.1159356437047,36388.3272606236,18711.4694524318,174.861342167557,0
2616,10680,5.56836314727145,2005.7443157848,26.5770074113323,22.0540951887956,23.0290383027444,34.0219897365873,26049.641245878,27117.049475631,92.1648395527066,0
2616,10681,5.65124449517238,4570.33713153163,25.9244493085483,12.3017230212338,12.6156993270579,18.9140345090213,27559.5851028499,21013.8029646543,-232.560688023986,0
2617,10682,6.37341448025658,5418.70444485405,24.6060379344406,10.9043214330307,11.1375315489611,16.7530637525469,35012.1740663997,31202.3490221833,833.826260584158,0
2617,10683,6.2602437313804,6416.68012724657,24.7186709141838,9.78334291616866,9.96465286852627,15.0231058791535,26556.8454370633,18540.253817395,591.869546488979,0
2617,10684,5.46880913984671,6847.01425884861,25.8208408856711,9.44285119333249,9.61447853909669,14.4993204870814,28621.6611181814,18797.1430106127,245.298630953429,0
2617,10685,8.84545966780942,4457.19314733424,26.5330151894945,12.5591529548875,12.8915075632246,19.3130924197513,36380.1054650939,20207.0810226202,-1365.91205676522,0
2617,10686,5.89703251563237,4180.70540956098,25.5205992467549,13.0240517208239,13.3751645385566,20.0297799169793,34165.0223794434,28710.2668376428,6.14886571693818,0
2617,10687,5.48151644057576,4883.83318953163,25.9244493085483,11.7707459169521,12.0562547182758,18.0935361843553,27535.1813773782,21006.7653574874,-171.70693346954,0
2617,10688,9.76534739584693,2870.12253782679,25.6957177264,16.8965540497557,17.4883534078548,26.0228763590681,36436.5562309516,24876.3669583682,-1087.99962923684,0
2617,10689,5.13599932157949,1373.6201417848,26.5770074113323,29.3979651925057,30.9762601985769,45.428284731875,26061.0126078557,27116.8966446146,175.429061474241,0
2618,10690,6.32580019202482,5469.81404614616,24.6605823534978,10.8415022232705,11.0719805448285,16.6561666562455,26562.0125495548,18550.6464255534,585.933079352077,0
2618,10691,5.4079359389784,4359.6627062601,26.8755455890408,12.775689552151,13.1225943355441,19.6485078161563,29474.8521126043,30063.4621655469,-492.972460129638,0
2618,10692,5.93804630254228,3851.57089156098,25.5205992467549,13.766813262255,14.1606112862179,21.1783245461355,34183.671123825,28708.8409440001,20.1765353568595,0
2618,10693,6.12911531884933,5451.27069084861,25.8208408856711,10.942028898499,11.1843604876637,16.8132934113623,28621.1847897426,18829.4221106652,211.583904286426,0
2618,10694,8.57283636733975,3548.33430933425,26.5330151894945,14.6665630124335,15.1228855493962,22.5725998378677,36401.6376037781,20187.0339542104,-1359.72351881103,0
2618,10695,5.48346119874352,4122.17410953163,25.9244493085483,13.1845100457376,13.5477678579668,20.2787055381952,27514.5840886538,21020.3509859658,-184.105237134922,0
2619,10696,6.33591330976115,5888.36449124657,24.7186709141838,10.3390360015372,10.5458424374838,15.8806204066731,26557.6982396873,18552.0183017021,592.727860451607,0
2619,10697,5.28143656096946,4089.7120502601,26.8755455890408,13.340208249272,13.7195636675617,20.5214349335595,29465.7982727527,30059.9002938968,-532.120180412876,0
2619,10698,6.22683761263444,5608.44822684861,25.8208408856711,10.7407102336293,10.9730717076292,16.5024288409739,28649.6814299503,18847.2267617062,165.914742752003,0
2619,10699,8.74969125310396,4418.91195933425,26.5330151894945,12.6321162132445,12.9685443916948,19.4258839969125,36382.1606558774,20190.7353070124,-1378.01041567381,0
2619,10700,5.63364202137866,3772.92626038636,25.8919506896372,13.9981589460256,14.4086215416183,21.5369862521823,27505.1930129074,21150.3191985985,-155.019603570489,0
2619,10701,9.28329859867229,2406.44820547787,25.5398138663569,19.1313070564079,19.8756165888915,29.4851383395173,36459.2847838509,24923.6148881056,-1164.56076195043,0
2620,10702,5.45752838126383,4270.81709881969,26.8600012136919,12.9531010567387,13.3099901869863,19.9227841541849,29461.2454365802,30063.7123211518,-495.843678870371,0
2620,10703,6.2538896104922,4795.23861811325,25.9766650458514,11.9184729523121,12.2121539041739,18.3218827772561,28635.1820324976,18834.708430487,180.766079501852,0
2620,10704,5.44354999712192,3860.02459516339,26.1813972325918,13.8098823641227,14.2115039344289,21.2463968152406,27481.9907479286,21197.3284869307,-197.465918666586,0
2620,10705,6.29477274676888,4382.04125267551,24.7658763260321,12.555576013792,12.8751472648151,19.3040923978898,26571.9388005386,18555.2546135357,607.778697807329,0
2620,10706,10.1792336241161,2616.46917518823,28.3096698447426,18.4257507258787,19.1509140127369,28.4000248955536,33782.7664542704,19696.826779325,-988.345438042212,0
2621,10707,6.06818625469464,3631.86935011325,25.9766650458514,14.3764895192011,14.8103658687266,22.1224644344396,28633.9176743393,18831.927523765,197.066989504798,0
2621,10708,6.81341401395139,2665.27187555303,26.7829081290202,17.9639888245739,18.6401635098984,27.6798083237806,35770.8902165488,23138.1565002641,900.175740035804,0
2621,10709,7.12824506720958,3658.80492212945,25.5088839534163,14.2559906691494,14.6786630621752,21.9349565416654,32200.7333522772,14777.3107974696,1010.57264789335,0
2621,10710,5.42277299544904,2734.80435916339,26.1813972325918,17.5521597235058,18.1933926674215,27.0398855363427,27464.9029097103,21194.1337407972,-232.852891378074,0
2621,10711,6.67053145234805,2056.4292827601,25.7614942434043,21.4915644638972,22.4123375230867,33.1461055617486,35783.0415812484,23136.8448944109,894.023929475341,0
2621,10712,5.70940913409349,4154.18977444377,27.0095755929108,13.2110879284132,13.5839167210353,20.3220204712856,28991.1859622176,30252.1589217074,32.5698052743734,0
2621,10713,9.88170832082741,2834.10808118823,28.3096698447426,17.3983278915011,18.0508195509886,26.8075509286914,33780.6002788522,19669.3918512606,-1008.89443977995,0
2622,10714,5.39341020210362,4447.83272738606,26.9809781415591,12.6131687684971,12.9516350314873,19.3974473880802,28921.5421025089,30461.6626878883,-283.73577857069,0
2622,10715,7.03746272033557,3419.29419812945,25.5088839534163,14.9341905993761,15.3981079234057,22.9842909252361,32206.9071881217,14776.6092193686,1025.71436174715,0
2622,10716,6.49357809572517,3259.68753755303,26.7829081290202,15.5835296276682,16.0998764039129,23.9925338339525,35772.0070042749,23125.9682750325,905.50104659676,0
2622,10717,5.78539173765298,3678.19002811325,25.9766650458514,14.2521744250536,14.678540376376,21.9301335095163,28575.8010902141,18714.9776870047,190.525820367709,0
2622,10718,5.14009707651894,2930.94588916339,26.1813972325918,16.7126323193677,17.2971532770707,25.73938270676,27491.6049879487,21204.3560341454,-215.36459614738,0
2622,10719,10.8893771545584,3205.20212918823,28.3096698447426,15.9448324845116,16.4984928516107,24.5557786839749,33748.7052249856,19669.8398498896,-990.177495090145,0
2623,10720,5.37853865865668,4559.92304138606,26.9809781415591,12.40404811016,12.7308274431224,19.0741712370794,28928.4742666867,30465.6674334843,-290.868568747852,0
2623,10721,7.21852646629395,3763.42842212945,25.5088839534163,13.9842654960331,14.3907638277923,21.5146302638511,32229.7322351716,14764.6118601503,1017.06210079038,0
2623,10722,6.94966727124895,3090.66001355303,26.7829081290202,16.1750161296286,16.7298436623704,24.9083921427506,35760.2091955823,23140.5426312858,896.274784105872,0
2623,10723,5.87954597611389,2185.10846302082,27.2184746167938,20.8213324034653,21.710534342525,32.1116288254649,29548.6349945419,22394.647631105,189.694214968313,0
2623,10724,9.90707881157315,5596.47896231777,28.2644512683972,10.9081513733917,11.1625703203292,16.7647828894365,33848.1051962147,19633.3831375214,-922.962226708427,0
2623,10725,5.68066148681421,1193.33950152749,24.9076762233258,32.2219290580512,34.0140750632726,49.809429452371,25256.5458450851,20062.4637204873,210.450147967896,0
2624,10726,6.91124770616877,2954.95782755303,26.7829081290202,16.6943781932225,17.2836863448456,25.7127636929646,35743.3127745656,23122.6324560763,927.681007331504,0
2624,10727,7.00088708469561,4016.24285012945,25.5088839534163,13.3804722159637,13.7517759095641,20.5808387555401,32216.8599175389,14761.7028413532,998.224542362159,0
2624,10728,5.73357921356758,2608.33805302082,27.2184746167938,18.3080427605756,19.0131246313487,28.2143408917314,29571.385876078,22382.0212705716,210.147781331962,0
2624,10729,5.72623535767665,2181.60206952749,24.9076762233258,20.4233711702575,21.2530108653183,31.4861315672449,25263.4629747069,20036.1330452304,189.444919387557,0
2624,10730,6.50522102554463,2209.5980867601,25.7614942434043,20.390607726881,21.2290674867341,31.4384206053028,35775.0764359676,23123.5803274754,906.627612101757,0
2625,10731,6.67794836695109,6433.01739571657,26.6294660985865,9.87155638567192,10.0666156985223,15.1619154217258,35800.403630029,23200.5154442649,773.144967778974,0
2625,10732,5.92444936559729,7069.23821505178,28.1620112181449,9.36514366133397,9.54402965720181,14.3824008668256,31726.7991165106,21457.9156408091,444.515551737643,0
2625,10733,5.70046658136261,2986.32623902082,27.2184746167938,16.6255487947397,17.2145016343183,25.6073236885205,29564.455377202,22404.1367827233,200.46670578052,0
2625,10734,6.05793760180987,4352.87404380792,25.9681471449835,12.7134674813016,13.0504461154144,19.550541724638,31241.8238829669,15864.4710049568,401.488478280332,0
2625,10735,6.48537577335826,5285.55946438748,26.211298928979,11.1920186606339,11.4492789456132,17.2000162095405,35290.5296602641,23976.1500468125,78.3809381563646,0
2626,10736,6.52615487478402,6546.4639116968,26.7801912002313,9.76892257412248,9.95995897441582,15.0037265264841,35332.4423561878,24013.9356647156,171.049457457483,0
2626,10737,5.96051133238652,6619.81971105178,28.1620112181449,9.77014765474702,9.96784256131864,15.0074424660971,31751.3857958802,21452.8138274661,520.778070854578,0
2626,10738,6.13294349375788,3737.22531780792,25.9681471449835,14.096921072547,14.5138972687613,21.6899343557774,31198.1492286723,15862.8123009703,367.706305158513,0
2626,10739,6.25042229306548,3954.54498583963,26.4613168537317,13.6104141189906,14.0024602349094,20.9384763468912,25145.0527136171,27507.1375038415,552.615483731134,0
2626,10740,5.97698581793072,2671.81698502082,27.2184746167938,17.9949688413124,18.6779796814615,27.7291062466597,29589.8997622556,22380.9614274815,214.698766565498,0
2626,10741,5.69626151117309,1242.81277482842,25.77186510259,31.5154333405234,33.2630521375466,48.7158550039467,27808.5827579693,19519.1355773873,-44.4197104863986,0
2627,10742,6.46987979633785,5894.8467276968,26.7801912002313,10.4553750715397,10.6790674801079,16.0633395610083,35313.1999044721,24008.4941096975,167.974992268638,0
2627,10743,6.18789816003657,6205.44457305178,28.1620112181449,10.1887586954073,10.4065580034033,15.6536655974948,31692.9435766373,21394.6875156771,477.673414334223,0
2627,10744,6.045951574463,2881.97776380792,25.9681471449835,16.8839907968764,17.4777707590533,26.0041940680192,31197.961844696,15847.3375046204,439.246188871403,0
2627,10745,5.86768488853528,4375.92439183963,26.4613168537317,12.7094723464444,13.0497323803077,19.5453320766234,25118.0678399256,27502.758224616,555.183543170477,0
2627,10746,5.90763482562563,3471.24738450702,27.2806203577866,14.9704845152266,15.4521312722911,23.0447216904255,29630.6470181352,22398.4250332315,367.987595372022,0
2627,10747,5.75828035832445,928.395003206857,25.8321982855231,39.8250267839698,42.3303051109962,61.6435378304456,27781.6901102112,19540.0804648998,0.567441888163344,0
2628,10748,6.66407999041114,6508.74278371657,26.6294660985865,9.79737940468092,9.9889949943659,15.0474385966505,35868.452952235,23218.1532711241,691.07654267002,0
2628,10749,6.37191456246517,4286.75971305178,28.1620112181449,13.0293015175148,13.3997365289209,20.0431408049591,31732.5059159968,21380.2709292601,558.947382668263,0
2628,10750,5.94978423960273,4372.53238783963,26.4613168537317,12.7161017244381,13.0567339210008,19.5555807800079,25131.7094082364,27518.0073985604,574.030075779607,0
2628,10751,6.13999921395714,3171.35056486314,25.7863696186311,15.7666174631718,16.2854539969794,24.2734322919602,31181.0607228912,15839.6916972088,398.042515912004,0
2628,10752,9.84654264592925,5545.98889202822,27.7138269742831,10.9392748920268,11.1922696637952,16.8120231517769,30642.8362321764,21879.2120016342,1189.26659005425,0
2628,10753,6.20074088184494,5773.39131238748,26.211298928979,10.5637341275938,10.7896215710491,16.2297852500464,35322.8018623517,24003.9997940791,191.30539110046,0
2628,10754,5.82746391367584,1528.31716520686,25.8321982855231,26.8671033083351,28.2174529813467,41.4918238810594,27849.4456566575,19509.1634173557,-29.6106741066882,0
2629,10755,6.16711654606103,6741.6362976968,26.7801912002313,9.58608643972456,9.76872530608875,14.7215816590076,35322.8740855461,24007.3623506854,227.93895472278,0
2629,10756,6.39692609474888,4902.73882905178,28.1620112181449,11.9025143756046,12.2092005565904,18.3010464051982,31707.0667434499,21384.5613377992,534.685897950597,0
2629,10757,5.76862487604864,4808.05261673183,26.5025274235071,11.9366940325406,12.2347791059091,18.3509847153897,25143.4876528798,27521.5440444822,530.847504052835,0
2629,10758,6.15636685358318,3685.25200050702,27.2806203577866,14.3641525085751,14.808011425997,22.1063329439964,29626.0102892354,22426.2668517046,350.178699992709,0
2629,10759,6.05340841333193,3913.82978580792,25.9681471449835,13.6601889144256,14.0513120954242,21.0144012212061,31211.4977700748,15867.1804050395,424.831807689704,0
2629,10760,6.06795392727353,4371.1493869523,26.1825766065034,12.6956455412563,13.0331588400724,19.5234131527402,24530.7630426091,26658.0673527629,187.176302410293,0
2629,10761,3.45841610673215,5948.47786694716,27.2704213269905,10.4224843077941,10.6471681241129,16.0132754731568,35436.9578050977,23522.9651108564,-424.958279581397,0
2630,10762,6.37758767053502,7266.67968961266,26.9236730855505,9.14379267239475,9.30729439507888,14.0393773198249,35825.0506163414,23222.8518007416,699.340349917925,0
2630,10763,6.22095621073254,4838.35044434201,28.6172828073883,12.0410583952612,12.3581830473595,18.515962967236,31717.9167819074,21384.1020776223,568.295727919839,0
2630,10764,5.80206084586671,5026.95684485955,26.4860304132403,11.5879454221967,11.8673914687922,17.8120928175125,25124.1563114149,27507.4705728857,653.969333867824,0
2630,10765,5.82923670852405,3747.21732017329,27.6458905209884,14.2358361174007,14.6747181355398,21.9085761491989,29624.4396677158,22387.2506552187,363.147447736519,0
2630,10766,6.31743800720344,6943.17242725823,26.489263570055,9.39238901311139,9.56492553298518,14.4223421004983,35305.2967114398,23994.2496962839,164.275404310974,0
2630,10767,5.92755928901277,2098.50311093227,25.7562916261978,21.1732576290227,22.0699479930909,32.6523032525083,25087.7796522642,22346.8901851404,-7.41644503798113,0
2631,10768,6.40922426811612,8968.54060561266,26.9236730855505,8.00715711988226,8.12342715646561,12.2867353254813,35848.764728274,23213.4345215386,708.188849586435,0
2631,10769,5.45418924027897,6834.79694843977,27.4215678660788,9.5340279759774,9.71729250404637,14.6420816138078,30263.2059413993,18818.0958333549,-225.072753089807,0
2631,10770,6.14215172109737,6127.81444881919,28.6392733111908,10.2990993856691,10.5246955005842,15.8246917089505,31702.7551614571,21367.3815583046,570.41590298203,0
2631,10771,6.03663149504904,3637.55676485955,26.4860304132403,14.4131648698621,14.8535288627743,22.180382641219,25133.8045743036,27514.0299168752,515.58066315682,0
2631,10772,5.99108571687286,4189.96194617329,27.6458905209884,13.1892007338065,13.5653447331586,20.2894363025986,29619.5305659518,22379.0983806814,334.744913220108,0
2631,10773,8.30670727718322,9005.42577276983,27.0532523322668,7.99143445992302,8.10756168574284,12.2626330837265,34760.0123934406,24781.3178091375,807.093887327445,0
2631,10774,5.77541455152131,2850.07428293227,25.7562916261978,16.9884848404366,17.5870557476847,26.1654399384783,25091.3230221778,22347.1204271526,18.7684416049174,0
2631,10775,10.0215952982061,8760.07063399281,28.4144478547053,8.18169496639763,8.31036308779909,12.5572912758958,30901.2892933495,19808.682619627,-518.964912611186,0
2632,10776,6.03058991471601,11903.0570703077,26.9166883990334,6.72566709012552,6.79562321704072,10.3126443909692,35451.9185515718,23959.3628103088,-45.4675663018878,0
2632,10777,5.62223446355657,6083.60021843976,27.4215678660788,10.2797004282482,10.4981936286939,15.7930399911435,30260.8677626074,18812.3897665047,-221.768278761669,0
2632,10778,6.05727308091476,3201.24373085955,26.4860304132403,15.7467394694158,16.2708757156517,24.2444690537852,25125.0765289669,27523.5850606227,530.453778936764,0
2632,10779,5.85106609984882,3262.40303417329,27.6458905209884,15.6729047239803,16.2027893704102,24.1330495249149,29625.5152407452,22369.7089261388,381.322906311196,0
2632,10780,5.78664618796375,2211.51107223147,25.7996558971252,20.384652420457,21.2231657785453,31.4293209851821,25083.8061746626,22366.5086409597,2.91269619141994,0
2632,10781,8.32756615080542,6830.68205861684,28.557212716083,9.59370015672765,9.78491578560411,14.735605936703,31382.2243293736,21022.4011718452,-14.6140460922923,0
2633,10782,6.32851019639773,8158.45595456881,27.0908372159469,8.50382920094472,8.64072790231227,13.0525804688253,35796.5953719516,23179.5918276843,804.737429106554,0
2633,10783,6.03953293366317,3218.88655685955,26.4860304132403,15.6864708015529,16.2067231344956,24.151159185291,25132.2101799827,27533.3592769108,527.266349338876,0
2633,10784,5.97280576770726,2309.49219617329,27.6458905209884,20.0660496656263,20.9038036878001,30.9415007778153,29617.4321992378,22356.3730171236,358.381656778847,0
2633,10785,6.18211713448078,3802.16234704889,28.7959434239752,14.2029149177336,14.6486491330641,21.8600784190306,32790.8350375428,21314.5556521843,562.691146767646,0
2633,10786,5.76538812857759,5411.03630843976,27.4215678660788,11.0995337670534,11.3591217683105,17.0591139907872,30256.011948949,18827.5308849678,-216.524254682094,0
2633,10787,6.70331409906846,4814.96524544599,24.6782076752685,11.7877717780393,12.0659361641761,18.1175666137802,24292.7104648637,20029.9087630192,700.469395060043,0
2633,10788,3.80720451424318,7860.58768038226,26.306186383507,8.67229500170641,8.81298594339045,13.3114588465824,35366.3137145455,24371.2128874417,-1220.69156638777,0
2633,10789,5.76217489706441,3347.36986623147,25.7996558971252,15.1878454483692,15.6701539586926,23.3775709418218,25079.5616773565,22373.374686071,7.13407637815135,0
2634,10790,5.91169152343653,2982.61365485955,26.4860304132403,16.5472637819823,17.1238249794219,25.4840967124845,25149.0766625508,27518.1171250972,580.480501908276,0
2634,10791,5.88325017087509,2399.16587395013,27.6936009361102,19.5239094968796,20.3220912314037,30.100857988091,29770.6055118754,22560.3388197761,334.452236264953,0
2634,10792,6.00783436343542,3117.887370561,28.7965104995461,16.3156617938621,16.8984886809227,25.1313599544204,32795.6391967673,21324.7928936344,539.724569983021,0
2634,10793,5.70703938408209,2030.61897893227,25.7562916261978,21.6912403673493,22.6270909472876,33.4558630065265,25114.5463624918,22353.9332161971,32.0238429858118,0
2634,10794,5.75130302697649,4551.14010793598,28.3360102745487,12.5257217612362,12.8683151946286,19.2647498282188,31121.8428713186,19967.5711826029,-290.679306723454,0
2634,10795,6.6139872393989,3082.30037297054,27.167543070014,16.2527271897129,16.8163275213551,25.0297438441605,31779.6954806644,17115.9620864071,186.407956686042,0
2635,10796,5.77401097779723,4004.2982665146,26.0031677947604,13.4531466848664,13.8324736875587,20.6942767809837,24746.5268526227,23894.9629680084,23.6162029512379,0
2635,10797,6.12934835823022,3247.41022685955,26.4860304132403,15.5902937553687,16.1043667987689,24.0022599654307,25146.6012148025,27516.5248905439,544.182783195724,0
2635,10798,6.13434886339067,3178.877364561,28.7965104995461,16.0938347387956,16.6617445690259,24.7877488150669,32777.9729410856,21308.1089078737,535.691063835651,0
2635,10799,5.8016601851518,2176.81340395013,27.6936009361102,20.9650793753481,21.8711248692197,32.3362767685753,29757.7052533171,22564.1240245957,337.446282408436,0
2635,10800,5.85540874700906,3121.78075861501,25.880304054296,15.9522105687993,16.4838818808486,24.5610143167906,32666.5805794268,31568.4375977364,-67.2956657963148,0
2635,10801,5.51442479280233,1742.23638273589,27.0513458568361,24.6136733811585,25.7982670040735,37.9972304182163,28223.2186393187,29312.3102308256,35.5196456015914,0
2636,10802,5.67290016310122,5050.4231365146,26.0031677947604,11.5181100529245,11.790890397211,17.703372337602,24752.6970074431,23924.786464455,24.0691734610411,0
2636,10803,6.09430617974896,4097.22264304889,28.7959434239752,13.4916312941923,13.8938863398532,20.7594947870107,32777.5304617585,21311.5506203973,593.947429463376,0
2636,10804,5.96790433879197,2637.64137595013,27.6936009361102,18.2304972971325,18.9351901522757,28.0955522001954,29771.1556884157,22566.13601491,364.10444446122,0
2636,10805,5.63578687685946,3280.66437873589,27.0513458568361,15.5445490887519,16.0608081535577,23.9328506456056,28191.8748241545,29295.5640647947,-12.1718465115785,0
2636,10806,5.44932682771871,2949.50857685955,26.4860304132403,16.677897366583,17.2631577991809,25.6864251691998,25112.6388379448,27503.8488885703,507.625617486551,0
2637,10807,7.25158891244284,7183.00558999912,26.256840803274,9.17989418437335,9.34198935254179,14.094239636671,26434.8766696731,35662.4994809166,1076.96352309304,0
2637,10808,5.69663720600248,5420.0194165146,26.0031677947604,10.9952635004012,11.2413305206281,16.8957986698359,24749.253667071,23913.1795993998,-12.1617168049032,0
2637,10809,5.79251102325993,2364.62910595013,27.6936009361102,19.7312000542977,20.5446650508061,30.4223247182775,29776.0319688716,22563.3295698002,335.854447592002,0
2637,10810,5.57597102731128,4356.48029673589,27.0513458568361,12.7965087911631,13.1458244018255,19.6810357706743,28207.1814981006,29326.0564765203,7.39943578185623,0
2637,10811,6.16487291818147,4060.21896304889,28.7959434239752,13.5757050393572,13.9830243266397,20.8895632180003,32772.0646162696,21321.8061932732,569.620016907733,0
2637,10812,5.62586081507106,6063.30641219745,27.1364876070106,10.2858744613345,10.5031970097891,15.8021656166443,31418.4962549207,17254.4650901986,-30.2824961697385,0
2637,10813,6.15582828737158,3522.19192355656,28.6957635962785,14.9665931095511,15.4597450663964,23.0419348652173,32772.0654781399,21320.8837905624,570.625701245046,0
2638,10814,7.20849855031511,6502.35813799912,26.256840803274,9.7837410736387,9.9728870002385,15.0258827676446,26456.8454038292,35644.7907050687,1061.6827579187,0
2638,10815,5.8238174394675,5853.1166545146,26.0031677947604,10.4573465344726,10.6769215714307,16.065219069932,24761.457904801,23913.736396272,-7.05969886328149,0
2638,10816,5.64252390080609,5976.54599819745,27.1364876070106,10.3828064631084,10.6048446545025,15.9518191480747,31370.6756481776,17244.3513702189,14.3298671030924,0
2638,10817,6.06428503196409,5935.63215744798,26.8307530286418,10.4115058640366,10.6333283028967,15.9956828149901,27569.2827880683,26690.514844491,204.743598972909,0
2638,10818,5.90155091978164,2144.47923595013,27.6936009361102,21.1977699269235,22.1215713744572,32.6973014646016,29773.6989931645,22553.4656496118,370.009739986306,0
2638,10819,5.92525203351469,1392.54801190712,28.7666365375117,29.7404682988261,31.3867607885332,45.9713466196766,32828.9877970691,21361.0183689062,544.810691261373,0
2639,10820,7.33073349971509,5448.96468799912,26.256840803274,10.9734893392367,11.2199461424027,16.8625817769844,26446.4574387271,35648.4082341679,1040.95212925314,0
2639,10821,5.7276604174928,6051.67668419745,27.1364876070106,10.2987257587905,10.5166715265891,15.8220062200294,31370.9820131519,17237.712315469,1.937887064584,0
2639,10822,5.98607830730303,4175.71307913979,27.7370443255825,13.2275840443185,13.6066248833848,20.3489794332578,31865.3006335401,24262.6874281471,160.411042880297,0
2639,10823,5.80618722570441,4619.9029405146,26.0031677947604,12.2196941614197,12.5297486526393,18.7874099352306,24745.6238895825,23909.4525201044,26.1821358098864,0
2639,10824,6.28373442176236,3444.71806795013,27.6936009361102,15.0945269811545,15.5875443881905,23.2376983381942,29761.5741779204,22554.4700406369,335.139106472485,0
2640,10825,5.88636539831147,5463.45651488832,28.0591356933179,11.0697147506219,11.3313562099447,17.0140438675673,31874.0420775627,24272.3407514453,145.406042311999,0
2640,10826,7.17094911196652,5250.7829521213,26.2574081981281,11.2438509433323,11.5040382511926,17.2801518277452,26441.7934561914,35670.0772540101,1071.56604994781,0
2640,10827,5.84935676708953,5158.48086295659,26.0339410340004,11.3605356071567,11.6253565477968,17.4600128685852,24755.2533187386,23907.1220285373,-6.80621466020893,0
2640,10828,5.50340807765358,6146.01768650839,27.3142709258936,10.2056733592397,10.4200292825471,15.6786013064915,31377.947415869,17241.7243268608,-2.79812495857438,0
2640,10829,5.94954077759254,4040.31462505976,28.107822404712,13.5608462832115,13.962301536035,20.8652065396808,29782.0641775733,22559.5815808265,328.019530182753,0
2640,10830,10.2059783455187,4589.17071064804,26.2039947717997,12.2900847120643,12.6053358024154,18.8965740409903,36390.8710933411,25086.4918382434,-1079.73957837246,0
2641,10831,5.82783107782138,3547.57097905976,28.107822404712,14.8319138395266,15.3116916509285,22.8321269757491,29800.1028091173,22577.3577414282,359.690961069336,0
2641,10832,5.42336331558182,4188.64728867178,26.094381266665,13.0578139406928,13.4151134062479,20.0831577505114,24799.2604401908,23898.6725116701,5.99471595928026,0
2641,10833,5.61090981693951,4700.51738450839,27.3142709258936,12.1796049470122,12.4961669627296,18.727849471736,31391.7053400513,17246.5953595379,64.4575951565612,0
2641,10834,5.92214586266088,3415.46955086763,27.9890873104931,15.2160900537205,15.7193908594296,23.4265808169861,31918.0669973324,24464.0238045418,35.8041259991715,0
2641,10835,7.22598099940615,3524.4731761213,26.2574081981281,14.705838872471,15.162235392869,22.632731181116,26438.6265295959,35685.9524025334,1040.38092427224,0
2641,10836,9.39404040103359,3058.38422435975,26.0219780409863,16.2003216312801,16.7494758367149,24.9455591789978,36446.8238224978,25115.8037177157,-1088.53918333827,0
2641,10837,6.48490391940517,3559.10689478481,29.0727229403894,14.896464984158,15.3881549853043,22.934202341055,32835.2355050242,21416.1887903284,565.767920663506,0
2641,10838,5.57914174854847,3969.95758991733,28.6218997155981,13.7711080739883,14.1890044026018,21.1915376632284,31088.2749270917,20200.2446106572,-78.046936848105,0
2642,10839,6.32471513211531,3641.72085789981,26.1042881644511,14.3628821948148,14.7970046065031,22.1017064854629,25128.908718294,23564.1999817867,317.54089790409,0
2642,10840,5.81642209152951,5141.30626105976,28.107822404712,11.5277226719018,11.8137875365895,17.721750251097,29781.2897407733,22558.0837089574,331.987423912378,0
2642,10841,7.55736326342195,3403.24405284745,26.9643019137563,15.1431487908178,15.6329943114935,23.3112395125034,27156.9548421827,27291.8497334932,1212.6413150152,0
2642,10842,5.84519979193017,3838.72116686763,27.9890873104931,14.0340307692161,14.463214418824,21.5970452452267,31896.6411613048,24590.3516433334,30.4300298722742,0
2642,10843,9.54747995302057,3549.83861408166,26.1542159340789,14.6225222901502,15.072908421065,22.5035610420077,36444.7735129989,25098.3554254365,-1101.02068005071,0
2642,10844,6.32317171752804,3866.25946478481,29.0727229403894,14.0655442293793,14.504834423978,21.6480600732563,32914.3031610665,21427.4966555942,619.088275833181,0
2642,10845,5.42598393112531,4524.9195996832,28.6996848481875,12.6028664652528,12.9522395180159,19.3846867932576,31057.1512768309,20214.2480977309,-30.228773922242,0
2643,10846,5.92410376185048,3671.63216589981,26.1042881644511,14.2825535388675,14.7118134082823,21.9774254350156,25109.8863241635,23536.1655751954,341.279702288614,0
2643,10847,5.79933396490488,6290.73021482449,28.0537358959389,10.092807872868,10.3054093303845,15.5053804644463,29771.6524283461,22563.0525533825,371.202477466357,0
2643,10848,8.02246544989208,7375.53370632131,28.9766783666736,9.15056172792233,9.32318616143461,14.0522611408645,31734.6790577705,20356.4351061357,1051.69128974101,0
2643,10849,6.07134280718321,5886.12747607787,28.1694688030607,10.5468859814391,10.7824423643369,16.2066708038598,31491.8067869972,24124.0610490325,-1477.61328691056,0
2643,10850,9.63396565676281,3999.96195008166,26.1542159340789,13.476948115419,13.8588212483531,20.731406060427,36397.8321330629,25122.446463076,-1056.73987352963,0
2643,10851,5.96847169029062,6747.83294078481,29.0727229403894,9.69510098014547,9.89342752192803,14.8927613441919,32860.1209716344,21421.2842345374,480.055012621017,0
2644,10852,5.89437350525311,3252.74169789981,26.1042881644511,15.528244202214,16.034837813104,23.9052341668404,25139.8693211399,23553.2053696501,358.157938748092,0
2644,10853,5.81772967514254,5965.81322171436,28.0348362600548,10.4467553920456,10.6766171417617,16.0518518435973,29780.7333550346,22582.262759744,363.37360727082,0
2644,10854,7.654015630358,3253.88590252294,26.9747711902579,15.6249497672047,16.1457047577505,24.0571407666723,27199.7086578916,27300.7452152129,1243.41049497793,0
2644,10855,6.5651642507722,9817.307441723,29.0840243123418,7.640656169538,7.7500555955742,11.7239216908909,32479.1727670645,20137.2976423618,897.013433428421,0
2644,10856,9.908625843356,4717.04040608166,26.1542159340789,12.0630420784221,12.3656407774855,18.5456018047771,36401.1356620241,25094.853185529,-1101.86864003252,0
2644,10857,6.13856489553402,8488.92216278481,29.0727229403894,8.37059852284104,8.50949920783935,12.8492322666913,32821.74239968,21392.4246545602,510.528072548729,0
2644,10858,5.54432724160914,5331.51384885607,28.0923854211603,11.2522149494331,11.5235776392142,17.2960374696619,30743.4133261614,23839.3905150151,-486.941655132483,0
2644,10859,10.6207741683453,4715.83933425601,27.5565490426619,12.1713087576758,12.4889783947491,18.715457855103,34977.6624685769,24380.2533286672,-684.667633167562,0
2644,10860,5.65065016922655,7265.51712156186,28.8036867026186,9.23140039880419,9.40696792120634,14.1767950771882,31646.3781920293,20396.5703324776,1193.37255436012,0
2645,10861,7.9348876234098,10315.0733094907,28.900995515063,7.40355127844243,7.50331722393396,11.3583754571079,33627.3276787003,19957.0984934804,1104.10138527223,0
2645,10862,6.99884518134555,10300.139387723,29.0840243123418,7.41584289254081,7.51663617609832,11.3774719053945,32479.4009188907,20261.2490591781,1002.63081347232,0
2645,10863,5.90684140066926,5241.68644571436,28.0348362600548,11.3758216092896,11.6533747716701,17.4869218243587,29765.2163493705,22570.8164570736,384.516071264881,0
2645,10864,6.03649721726678,3291.44137989981,26.1042881644511,15.4011504376395,15.8996696414376,23.708495463366,25112.8154134891,23563.8553173039,345.875018986612,0
2645,10865,7.49304125029866,3121.42153852294,26.9747711902579,16.0861356941567,16.6369319690818,24.7712518808995,27170.3090817016,27308.6702145253,1259.32722193195,0
2645,10866,9.7946037268089,4067.28666664804,26.2039947717997,13.3298074424478,13.7035271933292,20.5039634803305,36396.7934355833,25087.8793350826,-1081.91840154519,0
2645,10867,5.69261486884555,3703.21629113205,28.3099313249042,14.4171071827352,14.8724277941238,22.1905363391832,33812.4802188693,23253.2268988837,-672.396361693751,0
2645,10868,11.0911438748734,9589.01073278481,29.0727229403894,7.75332470590614,7.86708908041094,11.8975643978082,32739.6278940348,20942.7668455431,221.60849415492,0
2645,10869,5.64548566744328,4859.23235685607,28.0923854211603,11.9686754794385,12.2785629920667,18.403187047995,30761.183643367,23837.0303554335,-450.031194168766,0
2646,10870,7.59457624869042,11489.1472134907,28.900995515063,6.92713736578555,7.00955024666358,10.624438953623,33622.4497795607,19968.6518652351,1122.26680981903,0
2646,10871,7.23692067455589,11914.314797723,29.0840243123418,6.77935834497073,6.8571117858123,10.396979239101,32477.7245926426,20261.1364176976,1013.53981164774,0
2646,10872,6.13355965113782,3278.07159789981,26.1042881644511,15.4447500437915,15.946034587056,23.7759855522116,25102.9699493345,23514.3250065636,329.40820724747,0
2646,10873,7.37630704833072,4303.89057108611,28.082544151394,12.987523387094,13.3549770583075,19.978378664815,29822.6544243017,22636.7614369871,757.176843049404,0
2646,10874,6.40937401672195,11329.0647327848,29.0727229403894,6.99186401470006,7.07705522695803,10.7242699845534,32819.5721727424,21381.3223682142,508.155578426776,0
2646,10875,6.43486529641994,5410.15254722319,28.227505079473,11.152375538708,11.4192663525372,17.1420023438092,33729.0305918262,19993.4196405465,989.538469872969,0
2646,10876,5.66052654551138,4467.40167709467,28.3221867343898,12.6827376460412,13.0342109636719,19.5075066405026,33825.2911240139,23262.3172364856,-756.891144249019,0
2646,10877,10.165480618252,3814.31317223193,26.070423025612,13.9117595723777,14.3185327906318,21.4037372516424,36371.3904651752,25053.459846603,-1092.51960017959,0
2647,10878,6.04369160620932,3225.23122389981,26.1042881644511,15.620274818321,16.1327405678463,24.0477027598762,25112.3614161156,23545.79184672,298.497662990827,0
2647,10879,8.78818804271746,6082.31386308611,28.082544151394,10.3183177055796,10.5420706676487,15.8535954246139,29938.8505394768,22611.4117007505,739.871912599156,0
2647,10880,7.8755334857625,9088.44536949069,28.900995515063,8.01210769716461,8.13560860924057,12.2963155676605,33603.0143916584,19885.3398822365,1270.61179069669,0
2647,10881,6.92285324629566,9247.296587723,29.0840243123418,7.93184914048664,8.05274548214809,12.1727625613165,32467.5880170289,20194.120146908,848.120081232884,0
2647,10882,5.64810332992417,4478.04975951923,28.2558804409076,12.6571240578818,13.0066893090795,19.4677797013569,33840.0254713558,23249.3118776554,-743.701827592872,0
2647,10883,8.85695061499817,2671.62467203181,27.1244523910197,17.9824460054329,18.6635762269819,27.7094221114716,27892.0199198616,28368.8658183824,-1327.47087879174,0
2647,10884,10.2077262175744,3974.46759035975,26.0219780409863,13.5233037970022,13.9068535391089,20.8028144493693,36402.4227639352,25090.1635483526,-1036.71831794305,0
2647,10885,6.32121445214157,8555.83632057527,29.0525453964234,8.32838813958018,8.46544246502285,12.7841201719947,32820.356354069,21385.0562661466,465.323892081384,0
2648,10886,8.69937993492684,7772.04404174007,27.6767762434819,8.7938898433539,8.9453886445095,13.5005461038001,35265.2557978895,18504.3358959299,-1387.24264285055,0
2648,10887,6.05569594738183,2871.36150789981,26.1042881644511,16.9462387665008,17.5455882370386,26.1009975453752,25105.9906037482,23529.4920033605,352.140493272027,0
2648,10888,5.32707109773041,6598.91256827093,28.5329343372477,9.80906848801932,10.0103418944294,15.0679983392178,30852.2262711394,22476.878065667,-497.04436642817,0
2648,10889,6.39807088665152,5831.76922356052,27.9968424098824,10.6010742854932,10.8384456562335,16.290105243359,29502.3648247347,21725.3470729912,697.426224177972,0
2648,10890,8.77925277297674,2809.6620641042,27.1130767592923,17.345881212359,17.9827177682545,26.7229692043465,27873.729807404,28355.6808582002,-1268.91309658576,0
2648,10891,6.02838744795403,5923.55132930905,29.0954795000224,10.5562478365346,10.7970354501144,16.222443425465,32845.4819653619,21407.9823559706,564.514469083356,0
2648,10892,9.87239666356379,4128.30745208166,26.1542159340789,13.1917159381229,13.5571104356532,20.2903229714787,36400.4905073756,25099.8866070427,-1077.49772914017,0
2649,10893,8.84582606901382,6884.24458713213,27.7281813175424,9.50503784019781,9.68838096000322,14.5977352664783,35270.4973926527,18538.4829663153,-1377.46228916889,0
2649,10894,5.98327504000762,6096.78307179886,28.8465217880311,10.3448054344594,10.5737030290232,15.8955550138513,31618.82773393,22035.2496467852,127.210488344886,0
2649,10895,6.14731268582685,2978.49597189981,26.1042881644511,16.5144970347543,17.0850994028003,25.4323065256574,25118.4872370131,23556.0423817686,352.966037143467,0
2649,10896,6.52849570691346,3921.07980156051,27.9968424098824,13.8317096680797,14.2486469985591,21.2840229979005,29485.602846195,21719.7832268821,668.685642088776,0
2649,10897,9.14884245710506,2634.84125203181,27.1244523910197,18.1619761385942,18.8557215111452,27.9876651931599,27906.1146163202,28359.71933448,-1279.17312738805,0
2649,10898,9.83376415422148,5836.39296064804,26.2039947717997,10.4889281164398,10.7111333075295,16.1142802052435,36393.5915642989,25050.0233590817,-1097.60068925112,0
2649,10899,9.72523638531276,5866.24146057526,29.0525453964234,10.6214452070235,10.8653317681434,16.3230813366323,32419.4412607303,21275.663265891,911.449559235178,0
2650,10900,8.8638629503914,6717.4177056742,27.455545607633,9.64260209962157,9.83102333685981,14.8096755164691,35244.2314737386,18531.5928850536,-1371.53321286329,0
2650,10901,5.58971442745775,3828.13183911827,27.9529399805002,14.0573003884676,14.4876292617988,21.6329744372178,28739.9892923944,23607.3970051405,-101.099389245448,0
2650,10902,5.89927901782001,5925.68966481723,29.1281045422497,10.5556014818922,10.7965217552581,16.2214908343696,31622.5446001705,22054.2008124093,146.258311060355,0
2650,10903,5.85833867391854,2609.47753972082,26.3333654426722,18.1715494318188,18.8573047725328,28.0001151868118,25111.5732866476,23541.2179163255,353.774996006034,0
2650,10904,8.99515717917688,1962.61950132695,27.3777083242992,22.5756291071709,23.6020982450801,34.8344052106673,27865.5468547928,28348.9295544584,-1329.17385006004,0
2650,10905,9.88411277071551,5559.87132738795,29.1550608069241,11.0101396506541,11.2746678019817,16.9236629424018,32475.6414645116,21349.7757353605,985.072451292679,0
2651,10906,6.28009733318518,5847.96760817542,26.1837820306444,10.4742045466814,10.6955847925138,16.0915184229088,36863.3770416418,19296.5987340997,698.934432297461,0
2651,10907,5.58610070026709,5394.29056911827,27.9529399805002,11.1564665695719,11.4220250143446,17.1478957826807,28711.6915915401,23618.7076384272,-83.7309668830325,0
2651,10908,5.85052179792814,7108.77220281723,29.1281045422497,9.37681233978367,9.56044505812542,14.4015720041928,31601.1497676447,22043.7127926549,166.15132564044,0
2651,10909,6.13361036371941,2909.11924372082,26.3333654426722,16.8209130398408,17.414201280184,25.907519265942,25113.0906922349,23536.5157086129,347.891215912878,0
2651,10910,8.74908027736842,2395.10001132695,27.3777083242992,19.4971130821263,20.2896751770861,30.0582971405844,27880.8501529224,28341.2936566795,-1259.0916619372,0
2651,10911,9.65044349384563,6326.55233538795,29.1550608069241,10.1142725948179,10.3332572685514,15.5399950782546,32429.1097224897,21321.0638038764,934.801147949041,0
2651,10912,4.72545045535559,6478.90177132118,29.1197687396397,9.95686146351905,10.1679841804342,15.2969113935997,31406.2758246748,21684.479459674,1160.38374149515,0
2652,10913,6.41777366681191,4413.78867017542,26.1837820306444,12.6132765646143,12.9462060331191,19.3960856621071,36876.7697311258,19304.4332509545,637.931253014923,0
2652,10914,6.06591850196905,3028.43408572082,26.3333654426722,16.3516166466275,16.9137349765709,25.1806842127563,25112.7978933646,23541.4749571127,314.691333328353,0
2652,10915,6.14001594327187,5228.58464289475,27.8039469149035,11.3793680776735,11.6557665561692,17.4920309356117,28675.7981566455,24542.3618737961,-39.815095564249,0
2652,10916,5.82897379427678,5635.48801217476,27.768912458025,10.8280986208545,11.0757216397173,16.640388657074,28302.368319536,23115.7969017394,-272.520092657305,0
2652,10917,6.23897351027654,2503.12507338796,29.1550608069241,19.153497077792,19.9406392539334,29.530908903101,32829.5303046515,21408.9793198872,573.172390604213,0
2652,10918,10.1586438609483,5591.9322047019,25.4912817181283,10.7403987207379,10.970847709849,16.5014236969184,35008.4268687697,14785.6957770015,-1082.37867264875,0
2653,10919,6.42087842156549,3737.14995017542,26.1837820306444,14.1185559655404,14.5385933592752,21.7238895533534,36880.4730455175,19255.9573850834,679.444347834855,0
2653,10920,6.08293268343177,3083.87352772082,26.3333654426722,16.1448669435932,16.693417789898,24.8605205724222,25115.8862357973,23552.8915130828,342.611289173662,0
2653,10921,5.49878077588968,4849.11576017476,27.768912458025,11.9619807609476,12.269489595041,18.3922849050834,28236.5543107781,23083.3221949807,-240.14581510279,0
2653,10922,6.16513502311328,3587.51585615449,27.818533137212,14.6877974074528,15.1561263576625,22.608405902838,28825.5814652816,24679.4212506058,-125.161147679381,0
2653,10923,6.32911690521314,1163.70198738796,29.1550608069241,34.4352809071282,36.5104764667881,53.2754940684699,32858.841070739,21415.723783711,540.019163657086,0
2653,10924,10.3348306136658,2530.86419228805,27.4045878076334,18.7379865715302,19.4757769152832,28.8813744096079,28150.4318082671,29396.7626601062,-1002.19623463141,0
2654,10925,5.45790296122392,3389.80515617476,27.768912458025,15.2725135286818,15.7775627921498,23.5134175254736,28267.0860781884,23061.5256251722,-255.195329622209,0
2654,10926,6.43860874257634,2660.67931550686,26.1593642928003,17.895674815658,18.5603192796626,27.5720783065409,36949.1626930602,19159.7813896108,727.935689678623,0
2654,10927,6.02870004602615,3306.55638772082,26.3333654426722,15.378335865031,15.8774930757085,23.6737538952523,25111.7221123193,23518.9614384409,332.730052752624,0
2654,10928,6.51833183460829,3784.99407660111,27.3809858441705,14.1124928507957,14.5417487252999,21.7171498273707,28138.221578,30170.1389073898,596.453919529992,0
2654,10929,6.43307466354166,2809.45931347774,24.6901347233034,17.0134835753561,17.6023567812853,26.2010289365617,36950.2835257125,19160.7608159783,725.697526430558,0
2655,10930,5.96835478211528,5129.48314260111,27.3809858441705,11.4958909549273,11.7759470561916,17.6713748006502,28094.1870993529,30195.7959339483,566.00166496832,0
2655,10931,5.3571770119642,3085.36178417476,27.768912458025,16.3141795668675,16.8875028569193,25.1264736734438,28255.5458575058,23057.0267634329,-262.021022323126,0
2655,10932,5.80694947174621,3008.35296109716,26.789252791803,16.4857130006605,17.0611533900464,25.3895856336247,36159.4751515451,19130.8300400184,40.8288244117719,0
2655,10933,6.17389419454543,2887.26945172082,26.3333654426722,16.9106896051974,17.5099986820716,26.0465790795497,25110.4097973237,23572.2655662685,372.680456588859,0
2655,10934,8.03886653964903,1826.0609874819,26.1626956799909,23.5595390968149,24.6462855362271,36.3568830990415,29991.092550264,34335.3614108738,-1429.90823888631,0
2655,10935,6.5610983429658,1551.77808138796,29.1550608069241,27.4351730143158,28.8875959986747,42.3895139279975,32904.8413553932,21478.9819453497,386.088330172783,0
2656,10936,6.13532627500461,6782.73267660111,27.3809858441705,9.57899228990372,9.7641318052535,14.7114160148223,28108.547130237,30210.3472321689,562.409987644378,0
2656,10937,6.29576218935618,3839.85351945848,25.9663233853506,13.8385516521499,14.2401536527532,21.2902691470085,36980.0885994416,18878.646649414,690.715005862691,0
2656,10938,5.94521617681872,3057.22206772082,26.3333654426722,16.2434041499313,16.7984085590897,25.0131075186611,25117.2276930489,23561.9437202081,340.098577294322,0
2656,10939,5.38960075610339,2922.78787817476,27.768912458025,16.9511800632653,17.5675312200541,26.1132434271736,28253.087775079,23067.0531508851,-215.581086964483,0
2656,10940,6.51144531738597,2183.48376138796,29.1550608069241,21.1765764563263,22.1166990384815,32.6693729120491,32942.9968809615,21546.8686615621,305.778228757146,0
2657,10941,6.13276015186977,8729.85310260111,27.3809858441705,8.16067774481292,8.28471055730642,12.5238413777811,28117.0250429153,30213.0434411741,568.595782338314,0
2657,10942,6.16495110722428,4313.25833745847,25.9663233853506,12.7916348941524,13.1329694100706,19.6713759574859,36988.5155200601,18874.1773671576,684.954747638785,0
2657,10943,9.0903066010772,8147.14616069529,27.198844413751,8.51569884098111,8.65351781695116,13.0710012106648,28887.7112425121,31391.5078511641,-1252.87647463112,0
2657,10944,5.19810676222742,2470.32978617476,27.768912458025,19.1254522800752,19.8953300086531,29.4832262116728,28244.9956095621,23051.3958543567,-241.606007969264,0
2657,10945,6.59974228130093,2241.47821938796,29.1550608069241,20.7696298101844,21.6784040745715,32.0379031599199,32930.4126064784,21544.2337170049,341.657059103492,0
2657,10946,6.26172241236028,1411.74771172082,26.3333654426722,28.7066532343701,30.221121985785,44.3525888269234,25089.69080357,23511.3767516972,330.749925157149,0
2657,10947,5.28839439720429,3088.36496656568,27.4141007068194,16.2601587895179,16.8265709829269,25.0418922599155,28730.1638512848,27712.3508031625,-409.228848490325,0
2657,10948,9.4871873410088,4177.2667760582,26.5984623626725,13.1258689948506,13.4907705542673,20.189409935973,24907.2371368412,33752.342943873,-1115.38324637268,0
2658,10949,6.17350951331824,4835.75910945847,25.9663233853506,11.8513171991136,12.1413603405278,18.2180992204375,36987.0605857949,18872.1487096341,689.423919134756,0
2658,10950,6.20187276559712,9091.67420460111,27.3809858441705,7.95592228064334,8.07184013230046,12.2082256275227,28099.2219401604,30202.5841280902,536.097170573556,0
2658,10951,9.30436329939932,9184.11884982782,27.226805272465,7.90032207045776,8.01352194421506,12.1223792849393,28891.3406077911,31367.7031008982,-1246.49998562099,0
2658,10952,5.37568146031955,2625.83334617476,27.768912458025,18.3003234730082,19.0107821980891,28.204008585976,28247.3540838009,23062.5056749679,-224.913625365747,0
2658,10953,6.63635909827343,3047.23335138795,29.1550608069241,16.625948363225,17.2331195000929,25.6129537365976,32902.0227859868,21478.1572637222,306.541334684523,0
2658,10954,9.68385025862743,4740.9781940582,26.5984623626725,12.0561432590916,12.3612969483713,18.5357482138933,24932.4989972209,33757.9307297324,-1140.0310305881,0
2659,10955,6.32707771295424,4044.73937145848,25.9663233853506,13.3584946033406,13.7320624993615,20.5478266472498,36981.9019232124,18885.6412958617,677.241530148662,0
2659,10956,5.20244783269858,2306.03785217476,27.768912458025,20.1086759686023,20.9510701229157,31.0080189643536,28240.0103480875,23058.0324188856,-265.778759856587,0
2659,10957,9.49781603739333,5281.9587800582,26.5984623626725,11.2230351127551,11.4841923776162,17.2485617216491,24935.5133251238,33788.9712871657,-1164.62761233755,0
2659,10958,6.58033968517607,2636.8123992233,29.1179552515311,18.4381189132053,19.1725998912339,28.4215227101684,32936.8440756252,21514.6166194708,317.216018707448,0
2659,10959,8.85174766850362,9233.68874069529,27.198844413751,7.8728608041493,7.98489729837075,12.0800288875578,28943.7801106707,31417.5043086929,-1382.76532707761,0
2659,10960,9.849096072099,9468.63781781204,27.3958462498072,7.75751860641442,7.86580400918356,11.9024643292833,28557.6724714123,29968.3118151121,-1090.22604143101,0
2660,10961,6.86797883874706,14524.3456698991,27.0479681102268,5.9681617737119,6.01491436757307,9.14688748130433,28700.4518139676,31392.299075662,1037.94238785474,0
2660,10962,6.27923801125445,4324.9256358533,25.7245492825249,12.747963232536,13.0851091715086,19.60338267793,36980.6806408389,18893.1833273464,700.52111146747,0
2660,10963,5.38603610298701,2213.29109966216,28.0821390450053,20.7783803438854,21.675004834189,32.0479411756479,28237.2987698403,23061.6165011256,-285.983946331279,0
2660,10964,6.61798522941326,2562.97931271691,29.1344739613117,18.8240623483026,19.5867881774355,29.0199857590978,32927.1939755747,21526.845622061,272.23586351271,0
2660,10965,10.6748749794513,11251.4065750268,27.1039706920572,6.96587083938447,7.04445784977647,10.6826568492628,28056.4940691082,30700.4425675187,-102.622577464802,0
2660,10966,9.0462158694025,14738.4464239267,27.2287163456783,5.92004218703897,5.9658190109732,9.07297247851536,28632.853306694,30003.5218911344,-1077.75445499348,0
2660,10967,9.71176278480862,4493.81844656097,26.5715345356352,12.4934785035084,12.8224452666178,19.2116452292968,24955.6020030119,33789.6862327947,-1121.78253386756,0
2660,10968,4.4148047255722,12755.9756233133,27.1179638681958,6.45439039091885,6.51611208046259,9.89518633403588,29510.9960498986,30142.2025469421,869.634893223661,0
2660,10969,5.93547965402115,5600.3808190018,26.2237894883307,10.7762908350118,11.012707779945,16.5580038997555,31818.8489999601,31899.6420720593,178.207901294707,0
2661,10970,6.10349540743262,9485.08886466502,27.110227061433,7.73927328732962,7.84587657943811,11.8740745859692,29170.8391186415,30691.3467416414,144.053731642725,0
2661,10971,6.20228235761082,4711.9665078533,25.7245492825249,12.0386831636729,12.3371062116792,18.507169186066,36953.10680416,18875.0034067979,633.888344401284,0
2661,10972,5.28354626216675,2707.42238366216,28.0821390450053,17.9462242281527,18.6348550412563,27.65605242517,28249.8343000569,23050.0620181465,-235.163840180817,0
2661,10973,5.34852988763492,3538.94969105946,26.1643371885958,14.6545463191154,15.1069862391148,22.5531389738678,32300.0987904874,31564.3550831752,-157.067370446659,0
2661,10974,6.23006872876787,3133.69499871691,29.1344739613117,16.2968275871844,16.8814066912766,25.1030172185858,32912.6310518523,21542.4668150987,354.28266844584,0
2661,10975,9.61618495532472,5117.15424656097,26.5715345356352,11.4583890691587,11.7315765206568,17.6120837558663,24935.9472881071,33774.4945197417,-1147.0208545737,0
2661,10976,9.97320198944002,5621.14019455753,27.2674274634445,10.8153330446482,11.0595536435871,16.6199118632553,28509.3918034918,29976.0519732505,-1062.73789755094,0
2662,10977,6.03545255574591,5585.01757145251,26.2384846448555,10.7965855360862,11.0340933108758,16.5893654791321,36524.5312827007,19145.9509455529,387.394084775477,0
2662,10978,7.05306977440954,10165.8406159102,27.0617748319824,7.41254025517936,7.50681176762858,11.3706089999441,28601.5663294198,31399.1722254857,880.511077676922,0
2662,10979,9.18549266921062,10565.1361519267,27.2287163456783,7.24380497510413,7.33251467079172,11.1108268693246,28516.8274349728,29993.5775647851,-1048.12851830295,0
2662,10980,5.27044965726363,2767.31107766216,28.0821390450053,17.6669442616315,18.3359240081262,27.2232055929104,28234.4501685999,23050.2522647419,-267.034428933709,0
2662,10981,5.44411592727124,4108.95194659043,26.261887995593,13.2433127126637,13.6124783809351,20.3703300957406,32091.7853940607,31323.1032794426,-224.069408954585,0
2662,10982,9.33603955237742,4973.69890856097,26.5715345356352,11.6761228271656,11.960753618997,17.948476301835,24934.7594494749,33786.4847352483,-1115.14241968241,0
2662,10983,6.35765539913872,3189.04633671691,29.1344739613117,16.0962502389167,16.6673001284026,24.7923106165766,32920.8862936297,21554.1511849168,361.103029498523,0
2662,10984,5.5624885566171,2287.47763880861,26.4593280232036,20.0043361037542,20.8231470798021,30.8418250898511,24985.1050556887,23162.5649720004,54.0620198533645,0
2662,10985,3.60150861873232,6188.48590255753,27.2674274634445,10.157522436603,10.3693195868555,15.6042011653887,27703.4995009446,29683.3519699511,-675.997569060149,0
2663,10986,6.71099031084681,7376.44612389912,27.0479681102268,9.06258230531938,9.22307209574696,13.9142552554912,28615.3580291756,31391.9445260951,910.426041725097,0
2663,10987,5.43906621324301,3959.52980990809,26.2978085677827,13.5835851613121,13.9727932027876,20.8966331071527,32034.0797888765,31220.7590403171,-285.82241481531,0
2663,10988,6.66882351112849,2561.19520671691,29.1344739613117,18.8335851762558,19.5970074498629,29.0347522081296,32907.4924663352,21526.2956861225,297.563027218492,0
2663,10989,5.33276886108586,2275.71278366216,28.0821390450053,20.3577791471299,21.2225742495939,31.3954431110042,28240.5994113041,23063.9689552325,-244.114417752627,0
2663,10990,5.78953093322795,2637.68178359173,26.4111617301491,18.043845625616,18.7215449793226,27.8024475371537,24985.2511024037,23160.9315682161,14.3649834303171,0
2663,10991,5.2493183034059,3208.20612224379,26.7264784395512,15.7510644644431,16.2777040878888,24.2517778764341,36071.5798568603,19290.9263806743,-95.1374358828261,0
2664,10992,5.78401807356996,2262.75700825604,26.8711230911185,20.2349184648392,21.0758587157175,31.2008275859019,35895.4575503531,19298.3920422192,149.85211966076,0
2664,10993,6.83171576811108,5446.36359921301,27.0868652659586,11.0305821265433,11.2847194758716,16.9520810951001,28613.0493009531,31407.8974094935,899.204543444619,0
2664,10994,5.3911490652086,2692.29052166217,28.0821390450053,18.0185999581666,18.7123502194222,27.7682326347715,28239.4087260326,23076.2812996629,-281.369973624455,0
2664,10995,6.50589595601915,2528.05572730462,29.0823826237781,19.0049969227308,19.7804303584306,29.300404922496,32956.1606854065,21519.4904321524,379.205413479907,0
2664,10996,5.74859650895223,2624.27505062223,26.3819612414918,18.105390082459,18.7870611992721,27.8977343677525,24968.3922086965,23159.0516054233,16.4244855226059,0
2664,10997,5.37363483386423,1515.70105790809,26.2978085677827,27.1669171115049,28.5502844526647,41.959813495493,32013.6209330745,31211.6669949233,-302.350391544808,0
2665,10998,6.47297160072036,3348.83793581743,28.9917058262843,15.5359243525104,16.0684927621906,23.9241426557205,33078.4659080842,22261.5806089068,-644.640590112972,0
2665,10999,5.74742192247879,2913.91695062223,26.3819612414918,16.8077369534778,17.4006340924879,25.8872457789005,25008.4774269351,23158.5058553695,16.0814377779583,0
2665,11000,5.51174674830314,4556.28482366217,28.0821390450053,12.4965624752062,12.8358393428475,19.2192079465187,28193.4972099229,23090.8685945536,-377.404198089385,0
2665,11001,8.53701176166514,5065.58710094706,28.6067121347997,11.6762469036127,11.973261131529,17.9520827831144,29888.4638960585,23675.3286003327,-1449.41178347402,0
2665,11002,6.97291881683638,1369.58713866502,27.110227061433,29.629290604456,31.2372081034473,45.7905309177674,28998.0100086275,30639.1684179573,-155.027321783499,0
2666,11003,5.85203715343923,4300.33045231375,27.8043640157275,12.9718004579519,13.3364159134578,19.9535328328028,27763.2319406045,22557.7362857492,-127.194368369129,0
2666,11004,5.80744072349365,2956.81344362852,26.4879007902888,16.6490830378289,17.2324398412365,25.6418010226504,24983.8666210699,23165.9303379196,10.3315228505372,0
2666,11005,6.62660006783192,3297.10589271691,29.1344739613117,15.7224747582587,16.2685708262585,24.2133806838759,32924.9091810999,21513.9029909224,320.079723706489,0
2666,11006,8.05501965287411,4327.29760694707,28.6067121347997,12.9826733703212,13.3534320912303,19.9718666947477,29912.6559201745,23671.3625619574,-1355.09590980305,0
2666,11007,5.81694931984815,2146.24882489255,25.5116017273545,20.7813992567124,21.6455194056716,32.0435920224362,34902.9867338054,29334.15212135,213.272960057316,0
2667,11008,5.57519741559959,4485.05760889255,25.5116017273545,12.4239199333218,12.7416831825829,19.1020978963897,34877.6414087983,29339.6927574097,178.706035531294,0
2667,11009,5.54389219785033,3573.40637431375,27.8043640157275,14.7264955634732,15.1971393306126,22.6682703302449,27788.413914993,22559.6625386053,-105.502664462293,0
2667,11010,5.92675533068533,3292.22234634077,28.9559618950145,15.7192120029335,16.2635672084684,24.2079076026977,33009.957835261,22392.2211469474,-582.01822975083,0
2667,11011,5.83656358059817,2431.60347362852,26.4879007902888,19.142047770459,19.8984336244797,29.5049054770255,24979.6261137214,23181.6765527586,-5.01048131666863,0
2667,11012,8.29783699757212,3385.84028894707,28.6067121347997,15.375418085842,15.894241771032,23.6747049723734,29886.6992275758,23683.6978905926,-1369.63136457333,0
2668,11013,5.78871137963849,3422.98591489255,25.5116017273545,14.9233886229913,15.3866637934063,22.9675818118837,34871.1616260561,29333.8182807851,194.333079716216,0
2668,11014,5.75326351059923,3170.61691231375,27.8043640157275,16.0082401350711,16.5615583319609,24.6527287192034,27799.5306751758,22576.5444723723,-117.754670841865,0
2668,11015,5.5110817425082,2576.25126959173,26.4111617301491,18.3507606004593,19.0499514146454,28.2780961035198,24975.0925491397,23174.7862590603,20.71503929425,0
2668,11016,7.22833168162464,1654.62707271691,29.1344739613117,26.1042869797297,27.4432800287,40.3212616830435,32914.4564856949,21534.6680184466,342.904568408329,0
2669,11017,5.62034399343881,3063.05904889254,25.5116017273545,16.1192219615602,16.6580922642978,24.8186051094046,34896.0394104603,29344.9879263789,203.698007287298,0
2669,11018,5.6178484358902,2680.97893231375,27.8043640157275,18.034018076194,18.7259651530939,27.7913327672081,27764.9543721423,22580.8549061216,-119.092061916835,0
2669,11019,5.97741269927984,2671.90713362852,26.4879007902888,17.8895789306663,18.5573834632769,27.5636193361362,25028.3830228319,23169.8933731568,-0.33196861089769,0
2670,11020,5.74428550556812,3401.54907556657,27.852890928293,15.2448077548445,15.7487954035173,23.4707219286012,27786.3860760554,22567.7477049163,-104.566508751113,0
2670,11021,5.62677115456066,3093.99757895628,25.562663874682,16.0128605375283,16.5453629449304,24.654066934914,34870.4086648939,29329.6059213695,189.602867130614,0
2670,11022,5.60484773850975,2263.55646339096,26.3927007966912,20.1464758807602,20.9749353361612,31.0620265342048,24978.3427865523,23175.2621126736,18.2283862181088,0
2671,11023,5.32467429304117,2898.60063570949,26.127034079943,16.8367131790379,17.4289615740005,25.9314146723544,33823.6443209204,15603.8756484069,-329.942500952036,0
2671,11024,5.64305715595047,2955.29985695628,25.562663874682,16.5351330596912,17.101638773585,25.4627612548363,34893.7508819658,29364.8561106985,183.732168556074,0
2671,11025,5.74591765165209,4332.23567956657,27.852890928293,12.9109988633936,13.2724348113475,19.8596010695525,27742.2770270969,22567.219663808,-149.474317972832,0
2671,11026,5.83612404765641,3176.33505088289,25.6440672725242,15.7323013049896,16.2475872413431,24.2199340809492,33884.1241784625,30797.8507370099,181.825790191658,0
2671,11027,6.52120293060184,4047.70637882266,27.309748342734,13.473010229976,13.8633770810119,20.7277199543231,26667.1526067237,23758.8859693094,229.734656235288,0
2672,11028,5.96316100650297,2332.40610805064,27.3096245371627,19.8659308101664,20.6848360931534,30.6300262626267,26648.3042535004,23813.8589963191,242.184749524092,0
2672,11029,5.91117846972613,3504.48499557114,26.558999043941,14.7956948002523,15.2602398518492,22.7724986093072,30199.7236335482,32492.5207384486,230.329693689103,0
2672,11030,5.10044854017102,2181.54420570949,26.127034079943,20.6484341152538,21.5107439705946,31.839594097494,33844.2617955432,15579.3020902946,-324.006499312776,0
2672,11031,5.50073243204083,3731.28306765314,25.6935173788093,14.0848099815208,14.498800941568,21.6705760449881,34044.1653292582,30012.5138422728,810.672976110136,0
2673,11032,6.62412471456684,4900.06432631065,25.7687393069442,11.7334376658676,12.015975017616,18.0356170722082,33960.1139180336,29962.3386364268,919.925297029338,0
2673,11033,5.75571580542642,2768.01431005064,27.3096245371627,17.558308876486,18.2118226840841,27.0526800773966,26651.7628426466,23833.8745306991,289.010935191383,0
2673,11034,5.79078375093675,2308.53927357115,26.558999043941,19.8883869901162,20.6998979252447,30.6623553607076,30168.4943019376,32448.7035171354,185.914812169572,0
2673,11035,5.5059429917143,2537.97694703866,25.7128441701412,18.4413802972934,19.1389903949321,28.4163519438007,34257.5125462137,15179.2366526226,-146.917629752437,0
2673,11036,6.36044955458796,1833.29921297355,26.096475020397,23.4751739083251,24.5542621234028,36.2256501630229,28953.9851113273,17649.9477497671,458.087689410797,0
2674,11037,5.3427590576375,2913.16783103866,25.7128441701412,16.7226430511823,17.3030596324516,25.7535734576155,34302.5198728279,15129.3609503697,-239.623242484184,0
2674,11038,5.90680662301412,2612.57682805064,27.3096245371627,18.3000584334449,19.005563347812,28.2022376568765,26647.4517979615,23800.3510859293,257.334230535633,0
2674,11039,6.10451449226814,2461.38544544016,26.0039196680843,18.8976394856508,19.6308491057615,29.1244565582483,28940.7979131017,17643.0643499609,481.861597875483,0
2674,11040,6.8107607611821,3472.84560431065,25.7687393069442,14.8034681182986,15.2616356289105,22.7826387465299,33957.4409775878,29969.394531467,914.907645935072,0
2674,11041,6.0624712431213,1112.91791100623,29.1488836280616,35.6946196324467,37.8857741399385,55.2350464820399,32855.162774145,21420.4964149798,500.498963666665,0
2674,11042,6.04599697310607,2959.75998957115,26.558999043941,16.6465379242033,17.2304310472335,25.6380534963581,30150.5436259681,32486.0620763697,279.383322790444,0
2674,11043,5.3763668399561,3120.21468094791,27.0631900300307,16.1011340562698,16.6537451727111,24.7947064688396,31782.9113819691,27977.4105333742,-578.677474004282,0
2675,11044,5.65089718465796,3890.02093103866,25.7128441701412,13.6926350661827,14.0836348747241,21.0640253273594,34274.9495161636,15143.35879455,-208.133760950306,0
2675,11045,6.40844056762916,5930.39478128968,26.1651886325479,10.3782668899138,10.59491218455,15.9433812763569,32663.291324415,30535.0765524303,761.146111825189,0
2675,11046,5.87860720981362,3023.80224805064,27.3096245371627,16.4911754652288,17.0719994444155,25.3994286966164,26664.0842018866,23815.0435349977,243.337164550833,0
2675,11047,6.29090261249222,2745.02143097355,26.096475020397,17.4937683712493,18.1300988580682,26.9491681727943,28958.9868087119,17652.9145358299,491.569899059552,0
2675,11048,5.87666433976015,3360.87547557115,26.558999043941,15.2305572475221,15.7223726196974,23.4455591608315,30164.5718247756,32474.2059129773,187.700650320476,0
2675,11049,5.45506369658351,4466.35990230259,28.058011765247,12.6638593248389,13.0124923378209,19.4778308816409,33744.9325963493,24409.1750868826,-599.752982224747,0
2675,11050,6.45540769983085,1510.04669100623,29.1488836280616,28.0204597156697,29.5231453546392,43.2991839216338,32866.8689108294,21464.5378126037,495.055741422726,0
2676,11051,6.39677264251582,6423.98734498633,26.2245544057043,9.85865298546308,10.0510911982538,15.1414425506026,32636.6066242906,30531.7930075806,751.88858681747,0
2676,11052,5.40741821325581,3845.50638503866,25.7128441701412,13.8002008358271,14.1975072799877,21.2303903406109,34275.4854855822,15144.7582874642,-175.520567102209,0
2676,11053,5.53494351293701,7885.74105453097,27.3991829699815,8.70149430409774,8.8479145074926,13.3577333847436,33447.7589421055,26185.0181839674,-534.840297198762,0
2676,11054,5.90708408169313,3154.66806357115,26.558999043941,15.917515341082,16.4533913380704,24.5090719550802,30203.823861015,32456.3323771819,199.876059581477,0
2676,11055,6.45690485036505,3249.2734232269,27.89858986304,15.7459542567018,16.2828561261893,24.2467832789376,34927.7483520401,21990.6229692969,841.183571681451,0
2676,11056,9.24369207293945,8678.10294618386,28.2313944058932,8.22336273259428,8.35306811127125,12.6213489050791,32934.6062558977,24614.5840995075,609.073021738717,0
2676,11057,11.7371511958529,6508.83727086644,27.3380639010823,9.83467038270506,10.0314803013598,15.1059470410849,33872.3334478276,25611.0375703819,116.408192079113,0
2676,11058,6.3763839838798,1666.98088697355,26.096475020397,25.2162437274421,26.435022841935,38.9288806226152,28965.4340805823,17659.9910940987,485.4949649665,0
2676,11059,6.3275185772269,2762.90759700623,29.1488836280616,17.831247083504,18.5225048412411,27.4808066236896,32856.4206313487,21426.8175319302,547.966657974663,0
2677,11060,6.60137494806026,5612.68166098633,26.2245544057043,10.7609013125031,10.9965598463084,16.5342413290575,32641.773260783,30545.9923586457,771.723227547313,0
2677,11061,5.4211863160692,4048.34381903866,25.7128441701412,13.3273237091907,13.6971533102441,20.4990899186111,34275.1896658241,15158.2148675152,-213.338908892415,0
2677,11062,6.50189946933499,5153.7294872269,27.89858986304,11.4951234923042,11.7782154812977,17.6710379531305,34903.2512678263,21962.4761053448,782.107229327632,0
2677,11063,5.55681941531723,7586.60594853097,27.3991829699815,8.91768650265825,9.07337604913342,13.6911707625621,33481.0949791516,26160.77498582,-545.188891183649,0
2677,11064,6.35643932193865,3813.98831700623,29.1488836280616,14.205468976189,14.654024054832,21.8647643772815,32842.8313498922,21432.3931023913,536.741107295349,0
2677,11065,5.4549113147595,7612.70792430258,28.058011765247,8.92712360618934,9.08597348817782,13.7064884953593,33730.8870933352,24423.2569775048,-522.879247524132,0
2678,11066,6.42696468704772,5858.81028128968,26.1651886325479,10.4604796591123,10.6810933026083,16.0703012021769,32646.3600367829,30525.947427268,763.913740979637,0
2678,11067,5.44507321168783,3862.35627503866,25.7128441701412,13.7592224003948,14.1541223775711,21.167010583262,34262.6185243455,15150.1222835531,-205.581544539004,0
2678,11068,6.6063859173072,4380.6389132269,27.89858986304,12.817981652299,13.1743715885381,19.7158495805032,34905.1355291205,21984.1877780432,802.870412242586,0
2678,11069,5.83773047968724,2355.37390020463,26.0941206045789,19.5226959895963,20.3018633689618,30.0937576848586,26857.4991453847,19680.891036134,78.8891104411154,0
2678,11070,11.2601465677078,5259.63676090787,26.9556406935338,11.2783657191114,11.5444964283064,17.3346162622354,33864.1416305499,25607.8542121271,112.634832257956,0
2678,11071,9.29415121792301,7137.8800213489,27.7641593046719,9.28854426614119,9.46220008816285,14.2637222918892,33588.5860223048,25308.574642714,472.954351346719,0
2678,11072,6.23303890441033,3156.09731657039,24.4860220954792,15.6610969655388,16.1606355168535,24.1066197187151,36621.232619427,15158.0637660638,451.98753411414,0
2678,11073,5.47059893918525,5985.91494316572,27.947110579996,10.4188020980217,10.6468253219283,16.00856254243,33742.1178846213,24412.1507185715,-570.695159698329,0
2678,11074,6.00525724424318,3367.98242513689,27.1858071777865,15.2775329447617,15.7778565504245,23.5197980748207,30029.5519875095,28467.8035654579,100.287404634199,0
2679,11075,6.4712764005244,7365.00414298633,26.2245544057043,9.03350022886801,9.18911161652908,13.8683962506222,32619.0328241765,30502.1682253361,728.201435501445,0
2679,11076,5.3976109758496,6692.12459903866,25.7128441701412,9.57640378683559,9.75345970272702,14.7052183826584,34301.2472064351,15129.3695113114,-183.147911666189,0
2679,11077,6.55998761118271,3807.5003672269,27.89858986304,14.1044824148024,14.5372797500205,21.7058656335861,34901.1989891194,21957.4723483055,801.928311340686,0
2679,11078,6.97221631219654,7316.20391353869,25.9112252311602,9.05701805322341,9.21223935005436,13.9042811078776,32901.2312147812,29680.7410000206,-164.779937007586,0
2679,11079,5.40487628536643,5630.42518976659,28.0506293337079,10.8517415628464,11.1021042392011,16.677329784078,33765.4382140379,24410.7680101088,-620.328827287479,0
2679,11080,8.8995490334593,5035.54597990781,28.5990402981534,11.7221664582601,12.0216342674834,18.023038115588,29607.756150051,23873.9141554142,-1262.8724276517,0
2679,11081,5.57222877849178,2514.2943613706,26.0024775003252,18.6108116733326,19.3236775280855,28.6798667726135,26855.8145333169,19666.6609460382,83.011038133727,0
2679,11082,6.47689376217122,2502.68013879676,27.3457927250809,18.8811340340158,19.628566949774,29.103115918133,29898.1576194728,18811.281969309,156.193942184531,0
2679,11083,5.74370539895791,4362.03783113688,27.1858071777865,12.7965838463271,13.146840813851,19.6814101527093,30019.1063391729,28477.1670069131,103.14100425199,0
2679,11084,7.06564735644078,8181.08258085841,26.8220512744907,8.4779963573561,8.61276137474401,13.0124536795711,32436.5620307053,28730.9966990798,-508.9017017374,0
2680,11085,5.43847581051715,5392.79817073176,25.6244310591902,11.0065395141687,11.2509289355697,16.9125928457891,34267.1773056625,15148.5328396339,-211.909372573987,0
2680,11086,9.0515811287315,4844.41516627831,28.7173939912149,12.0381234124416,12.3556992067463,18.5115954629663,29605.735834935,23867.0222817367,-1226.2182969146,0
2680,11087,5.67583729438233,2839.76307758118,25.8734205736512,17.0479289339342,17.6517082588615,26.2578526780646,26849.0449665609,19660.9796400021,92.2385886905452,0
2680,11088,5.74822906301267,7826.76436538844,26.7708125532143,8.71602200916468,8.86047539898606,13.3794226953272,32877.054832562,29528.9220136847,-158.30403114467,0
2680,11089,5.36573615035322,4888.03388956655,28.2409755924708,11.9320832655441,12.240876211796,18.3468818153132,33716.5578849184,24416.7123343881,-585.731444559217,0
2680,11090,5.90225816750337,5209.26403767049,27.438759603999,11.3828445992587,11.6572835749029,17.496810867516,29999.5199676542,28469.5499553665,128.175973166043,0
2680,11091,5.85682002968039,2903.7136719984,26.4454547509478,16.8577571564091,17.4546495033787,25.9649012526038,29965.8115466333,17612.0031958664,445.981568735805,0
2680,11092,11.118243744101,6663.64606801353,28.3300410254844,9.73703714767914,9.93395161049694,14.9565525093537,33214.1796256219,24989.7636582601,190.15491619844,0
2681,11093,5.48735695293793,5260.64217073176,25.6244310591902,11.1869870143869,11.4404468784876,17.1912660510801,34283.0885764733,15151.309898733,-215.626631005733,0
2681,11094,5.24117852531242,4433.66245863376,27.5990756110428,12.6901402701482,13.0371803144329,19.5176140829742,32269.3572243284,18094.4574068975,-425.602517015592,0
2681,11095,6.29290513112111,6601.54191147872,27.7663874523908,9.76737376632193,9.96307531187792,15.0026460673861,30643.1843758311,27231.4706757907,746.998679170381,0
2681,11096,5.76011682628516,2760.55758158118,25.8734205736512,17.3925748579903,18.0196265029535,26.7917373724288,26859.0315243159,19651.6642485773,99.2488210339966,0
2681,11097,6.09813783918864,3473.1518499984,26.4454547509478,14.8756063504234,15.344144813508,22.8959017649283,29977.6531728576,17610.1749431479,433.601137419665,0
2681,11098,11.3793751660284,6278.60729883001,28.0245562069009,10.1038938211181,10.3168882088944,15.5224556379046,33827.2208517703,25561.3308432677,190.244437184049,0
2682,11099,6.5242189398266,6320.22583947872,27.7663874523908,10.0467103853398,10.2556765399972,15.4338255138336,30636.3556722452,27245.3631951011,749.225601316506,0
2682,11100,5.22953837072193,4378.28909463376,27.5990756110428,12.798284114248,13.1514943616474,19.6848264925313,32264.7764008198,18116.3364263897,-423.841925049598,0
2682,11101,5.70162208889655,2802.84750158118,25.8734205736512,17.2063391641952,17.820782249485,26.5032339682557,26861.9199984088,19662.4609247142,101.037729456556,0
2682,11102,7.40974764846381,5383.64595072416,25.2699122904543,10.9951456163893,11.2368441924997,16.8944116667819,32876.3729798239,14518.2779143054,1072.77795946569,0
2682,11103,6.2660539026094,3729.49309246677,26.3368073134737,14.1535919764673,14.5769844441006,21.7784358362234,29986.4343131288,17581.4673470262,467.789351974177,0
2682,11104,11.2597508200037,6417.85793401353,28.3300410254844,9.97709175426549,10.1854506888301,15.3271092690005,33250.4915036923,24982.8431471738,200.887743001056,0
2682,11105,6.04902807880072,1451.35477551766,29.1256362131062,28.8937559203772,30.4718553137254,44.6566082388143,32850.5144519979,21421.3640042564,502.272650155592,0
2683,11106,7.23987621822726,4995.06325872416,25.2699122904543,11.5492897663765,11.8190263206014,17.7502515831962,32864.8573670417,14500.6029732448,1037.60593929415,0
2683,11107,5.28407715542321,4104.13147263376,27.5990756110428,13.3720743340846,13.7586126261528,20.5721847469838,32255.189686335,18123.1103102652,-442.65626207365,0
2683,11108,6.2503760506422,4395.17745943153,25.1394973908691,12.5620159068155,12.8846606677316,19.314796244311,37017.8926089716,17050.5691450388,408.647445890488,0
2683,11109,6.40225900565689,7035.69639747872,27.7663874523908,9.37492855602384,9.55250289311908,14.397013391134,30647.1766948394,27224.2333662463,753.239890609453,0
2683,11110,5.85678847311418,3257.66237558118,25.8734205736512,15.4851041073596,15.9868183522665,23.8378650821326,26868.0857078228,19665.70891055,71.2744178396917,0
2683,11111,6.50185884820051,1658.28904551766,29.1256362131062,26.0578522942931,27.3928049860391,40.2490775690365,32825.6684046141,21441.1534147827,469.98105745091,0
2683,11112,5.97032813307943,3222.7162299984,26.4454547509478,15.6687271327543,16.1874630758251,24.1235851582298,29999.9804471042,17624.8730202851,424.594716250816,0
2683,11113,6.42614562343777,3523.47241503407,25.5304040799405,14.6312758693361,15.0768071121433,22.5156207862267,27961.4728804392,18016.9979099121,493.788474390665,0
2684,11114,5.6317987641485,4737.11495690939,25.6530461676288,11.9906977650931,12.2860806184494,18.4328901838582,36151.7266440949,16786.091555508,42.0778134490916,0
2684,11115,6.33351096143647,5437.15944747872,27.7663874523908,11.0864058320423,11.3472709613968,17.0393746977028,30656.8177934705,27226.8578982663,754.212365207438,0
2684,11116,7.10459658949806,2318.77210272416,25.2699122904543,19.6041575044527,20.379005410782,30.2172415094619,32831.6112944396,14494.2759382872,992.074591828254,0
2684,11117,6.2516435417262,1316.88570903407,25.5304040799405,30.04129295617,31.6556584325243,46.4228363377168,27963.2438264979,17979.6759405274,508.378758716206,0
2685,11118,5.5363829400283,5241.26807090939,25.6530461676288,11.2160751156797,11.4711825281412,17.2362392863088,36162.4596753595,16800.1288122073,-1.83445460088543,0
2685,11119,6.24782030461974,5469.66982347872,27.7663874523908,11.0429031385102,11.3015194563247,16.9721745322554,30636.3010359055,27229.0271239638,749.057606887359,0
2685,11120,7.41358803277303,2482.7951298079,28.8138315138212,19.2158717281468,20.0039227675904,29.6266219684467,29477.1635289337,22915.6843124496,1080.52241912856,0
2685,11121,6.14549488655437,1278.80309151766,29.1256362131062,31.9248374313688,33.7714507868129,49.3699577348504,32855.9609670085,21421.6105226112,538.674860299287,0
2686,11122,6.4669494399042,2638.18347147872,27.7663874523908,18.2382882248036,18.9443082711785,28.1078418062824,30634.2363231745,27227.3361168002,759.830216027838,0
2686,11123,6.89307283344642,2770.4767158079,28.8138315138212,17.7512684723032,18.4335294328317,27.3559217687678,29463.9077980162,22871.8934790706,1138.69747640267,0
2686,11124,6.27219852026668,1884.18770151766,29.1256362131062,23.641434054409,24.7766089410184,36.4956138034324,32837.6374328135,21410.3999962276,556.502357317514,0
2686,11125,5.45381712702812,2277.33539813764,29.0000583681165,20.5017816760194,21.3882782206233,31.6218228437208,31799.5755161054,20674.2713065731,-451.353236135177,0
2686,11126,5.92937050889739,1918.6851436017,25.5020743598287,22.5656716078863,23.564932221624,34.8116488071707,36955.8061315615,18055.1681319301,534.447041473171,0
2687,11127,6.11001509984413,3229.8929236017,25.5020743598287,15.5337311655988,16.0350504388523,23.9121791373043,36992.2362834414,18115.2678765681,512.583009695484,0
2687,11128,6.54672378026515,2623.35997347872,27.7663874523908,18.312373092909,19.0236627403761,28.2226792477656,30618.5374735765,27222.4131422249,753.409612346179,0
2687,11129,7.14298132337819,2235.2669418079,28.8138315138212,20.7538748127552,21.6574184987597,32.0123466622836,29501.0700871707,22886.2334840521,1098.83775569742,0
2687,11130,6.06664452771426,1846.08272151766,29.1256362131062,24.0097770750426,25.1749139351095,37.0676282092831,32839.6391155313,21434.9435822582,568.991522963365,0
2688,11131,5.91700394202219,2986.3514416017,25.5020743598287,16.4065499603859,16.9640125561402,25.2634763628507,36984.5512920006,18108.7876775488,510.126350695981,0
2688,11132,6.31323830704636,2731.37547747872,27.7663874523908,17.7895556648459,18.4639014571575,27.4123382552419,30631.7738237602,27255.6305385575,713.424705169353,0
2688,11133,6.27505363562434,2169.04995951766,29.1256362131062,21.2758173810605,22.2232722473184,32.8232814940857,32850.0731032757,21420.9055949256,536.406065725271,0
2688,11134,6.94541594338488,1983.7079958079,28.8138315138212,22.681317935578,23.7352556873981,35.0037489671035,29486.592542541,22877.093794742,1120.3118376992,0
2688,11135,5.66966151497367,2734.7731828554,29.0635997765356,17.9515256830289,18.6505009412398,27.6670171276338,31821.4035553941,20695.7077798891,-540.800220557025,0
2689,11136,7.51388370868952,3136.81602186937,28.7387299922819,16.2392226550562,16.8163782695163,25.0128090928906,29436.0170192557,22912.7127423142,1120.82395140348,0
2689,11137,6.24548585626387,2732.45475147872,27.7663874523908,17.7845242150521,18.4585172594441,27.4045405320531,30635.7286374043,27228.1589860857,730.312714278024,0
2689,11138,6.13908722600633,3705.0377956017,25.5020743598287,14.1335229295863,14.5488233533174,21.7454909953341,36967.935467391,18121.8562891931,486.215609392354,0
2689,11139,5.57115975388793,1719.15825266244,26.9590489102607,24.8414724950559,26.0431938004161,38.3506004972064,26336.3710159627,26370.636471506,-76.6578816873007,0
2689,11140,6.09223102083359,2062.46614551766,29.1256362131062,22.0890268364744,23.1000520782228,34.0854198854555,32825.5999329255,21438.6018330075,552.960137771179,0
2690,11141,7.29656171978187,3024.45578348524,28.6796159892273,16.6571079393742,17.2620405523623,25.6600261887517,29444.2479583027,22926.1216216703,1133.54705691411,0
2690,11142,6.51235395317935,2758.39361917559,28.1448412790508,17.7163643560222,18.389445928666,27.2999722272255,30622.8899923458,27213.3155492201,771.454686573779,0
2690,11143,5.97497248807527,2772.3688140052,25.752188196495,17.3230897960557,17.9441336484339,26.6837368660322,36968.8078696215,18109.035181253,496.29353672198,0
2690,11144,5.66419894514409,2087.80163497219,26.8711507754056,21.4663746627583,22.4001277956892,33.1111366918484,26329.1496879103,26325.5562137251,-129.394185066501,0
2690,11145,6.35911447505947,1888.32210802948,29.0605697546717,23.5888355458037,24.7188747566571,36.413694364002,32819.7072276542,21425.8100667608,583.170207126439,0
2691,11146,7.47194425908381,3936.97093748524,28.6796159892273,13.8554727637156,14.2789341440951,21.3221892855871,29454.7199744633,22931.2325371645,1145.50858295408,0
2691,11147,6.15965665855973,3851.0921640052,25.752188196495,13.7903816963247,14.1874272489495,21.2152904692848,36971.0836736562,18114.2536143514,494.393365160797,0
2691,11148,5.79072409690964,2164.55582491054,26.8613081763324,20.901504542698,21.7922345643134,32.234750837198,26358.5773617937,26337.3983333056,-106.818776112376,0
2691,11149,6.58528920598377,1687.68727402948,29.0605697546717,25.6934504920291,26.9968606725474,39.6826504343335,32842.683154504,21435.986209803,546.268029649758,0
2691,11150,6.35612832137384,1157.47786117559,28.1448412790508,34.2166617942087,36.2527464098292,52.9300173156763,30636.4762021233,27196.9272985035,730.042278951929,0
2692,11151,6.29829020384641,7059.37759187705,25.3139620637873,9.23576327312045,9.39592441252785,14.1792091782739,36183.2624720235,15767.39267205,697.366551507798,0
2692,11152,7.49864295464971,3408.14870348524,28.6796159892273,15.3127190617622,15.8280771109615,23.5777906915646,29433.0620067114,22922.468618942,1151.7583983886,0
2692,11153,5.74684785266373,3842.09255513392,27.3004216692576,13.960629377846,14.3800458593227,21.4820150497988,29207.4253911739,31218.1957476378,-134.766345539749,0
2692,11154,5.61560723857911,1797.73482091054,26.8613081763324,23.9952946378069,25.1271366225269,37.0362496662742,26352.6149596689,26347.3560273588,-133.799415739415,0
2692,11155,6.83383611342957,2235.18847150998,27.9390750837496,20.6035531427707,21.4851810421508,31.7762360039843,29381.2170556128,22932.3614323922,1151.71360232284,0
2693,11156,6.4999034591842,7123.78161587705,25.3139620637873,9.18264530037643,9.34051962951951,14.0972817411067,36176.7773284397,15763.3184662652,677.044439037299,0
2693,11157,7.15314989049079,4079.72144348524,28.6796159892273,13.5211187177337,13.9243181877212,20.8048848927445,29444.4301595264,22923.3316843669,1163.62938256813,0
2693,11158,5.53549011927203,3757.77702713392,27.3004216692576,14.1748159078501,14.6072348836763,21.8134054487681,29211.6392311849,31203.170420791,-106.28306374085,0
2693,11159,5.56648483741526,2028.63337891054,26.8613081763324,21.9255942143306,22.8944783536841,33.8236518208517,26327.5398195448,26354.049815096,-91.1093675350732,0
2694,11160,6.45939681912732,7827.64447187705,25.3139620637873,8.65194164322742,8.7875951994797,13.2789138341669,36178.9110418231,15764.1679177622,686.582300669437,0
2694,11161,7.54433299547402,4166.59198748524,28.6796159892273,13.3277855473752,13.7194161280061,20.5058049164145,29451.7142095285,22923.2576580709,1092.35131075193,0
2694,11162,5.5576749665662,3970.54818713392,27.3004216692576,13.6501295876563,14.0509256177861,21.0016711271397,29226.5998696315,31223.5131389241,-95.1473960679303,0
2694,11163,5.79279604773653,2254.9067001439,27.3950563652275,20.3772765585313,21.235259222306,31.4234033563892,35121.8510713816,25947.9418937611,21.2743585909621,0
2694,11164,5.43781906463578,2312.85688291054,26.8613081763324,19.9126377142223,20.7296105992032,30.700976685191,26353.8460445414,26345.9256641139,-81.2152682859918,0
2695,11165,6.45162998109328,7924.36063787705,25.3139620637873,8.58542631174478,8.71837670428179,13.1763668265034,36180.3601834838,15756.6476265137,691.253328714679,0
2695,11166,7.27322257058475,5632.44338797324,28.7607928367601,10.8923471533602,11.1486258190667,16.7411084701664,29456.1834410216,22900.4260560792,1145.18774836466,0
2695,11167,5.48760868187445,4461.63988313392,27.3004216692576,12.6125447539358,12.9531584665256,19.397084427912,29232.2049698706,31229.5795428102,-101.713323066423,0
2695,11168,5.61083911187346,2525.99876107752,27.3467155848027,18.755234772498,19.4936209223785,28.9079365674178,35138.3228465674,26035.107297783,45.6356008055246,0
2695,11169,5.62956095302092,2562.21322891054,26.8613081763324,18.4908160789432,19.2049264595796,28.4965593213172,26345.6795713437,26358.7210825129,-96.6049285614832,0
2695,11170,6.13168627188099,1216.44100402948,29.0605697546717,33.2004877025437,35.1612115923829,51.3539309418621,32841.7992637244,21432.0707580662,531.262886475346,0
2695,11171,5.48102654958475,1610.75219664127,29.1204190461723,26.6465863963345,28.0312182193525,41.1638544812952,31714.2599158947,24702.2558339842,-464.4359879913,0
2696,11172,6.46082901104625,8450.71595987705,25.3139620637873,8.24660110846439,8.36607251516355,12.6540783661381,36170.3932486065,15754.1152130418,681.975672683681,0
2696,11173,7.44102775779056,5992.17201997324,28.7607928367601,10.4578787237178,10.6920033189812,16.0700530930141,29454.2583160491,22901.7008128428,1146.23308122632,0
2696,11174,5.62211455265399,4505.11920713392,27.3004216692576,12.5304957572406,12.866489194516,19.2702366953996,29224.0860532173,31229.0397000622,-113.050581583732,0
2696,11175,5.70613039823604,2646.7336288506,27.2274693465647,18.1183234269921,18.810102702235,27.9203139169019,35157.2170675527,26070.6676539393,36.6242604576357,0
2696,11176,5.68563254191582,2672.60754091054,26.8613081763324,17.9399912673042,18.615334628877,27.6428515200186,26352.8111065955,26347.0904657141,-92.8038632175864,0
2696,11177,6.18307638965877,1321.19666002948,29.0605697546717,31.0896202047419,32.8603279328668,48.0706485845702,32858.1840782992,21424.1034746283,506.263045165521,0
2697,11178,7.29374223421296,5842.66045748524,28.6796159892273,10.6279939496775,10.8702918723151,16.3326652929817,29451.3811233215,22905.0816155218,1131.01568030601,0
2697,11179,5.55533692288276,4377.41245913392,27.3004216692576,12.7756295773194,13.1254884582391,19.6492304230705,29201.8081326165,31214.9010625924,-92.2697160137726,0
2697,11180,5.61544050492209,4046.9044228506,27.2274693465647,13.4674727567754,13.8569024858598,20.7189867330222,35158.1983586651,26050.2039752133,46.0961654081386,0
2697,11181,9.61259977367709,5373.54914512483,29.1946166254121,11.2642785310791,11.5424654821545,17.3163835608562,30243.9512378699,22045.3895190092,256.494041764141,0
2697,11182,5.5091349998979,2571.64677697218,26.8711507754056,18.4435206758879,19.1543870297411,28.4232807915598,26337.5607778141,26336.1811579584,-101.147064615155,0
2697,11183,6.32799773006495,4171.13023787706,25.3139620637873,13.0258358411671,13.3754926076255,20.0321090135458,36193.264700877,15781.627927572,700.11940915906,0
2697,11184,6.64972887187157,3081.25822526495,28.623528461351,16.432114572442,17.0212436134901,25.3113247381004,30772.8195141535,20872.1526093318,414.980519344945,0
2697,11185,5.63115593551631,1523.63936664127,29.1204190461723,27.8184094021072,29.3032251522604,42.9850069521403,31727.2706550806,24724.371513841,-488.542147379668,0
2697,11186,5.9322528104803,1058.51458402948,29.0605697546717,37.1403364339123,39.4642435901185,57.4845169948513,32862.1107511279,21430.0596081286,525.090907294783,0
2698,11187,7.3493074959301,6498.48368197324,28.7607928367601,9.91886798693776,10.1264685327216,15.2377906083362,29467.7037303387,22915.735538445,1127.71182485256,0
2698,11188,5.5349350113621,4113.21058913392,27.3004216692576,13.3258233165275,13.7074661311077,20.5000495070602,29223.0679182521,31229.4257477753,-116.55200605139,0
2698,11189,6.10260857714846,5413.43115307752,27.3467155848027,11.0914741226726,11.3502194977861,17.0465463641734,35134.8769036822,26030.894087716,6.106854468337,0
2698,11190,5.63432528540012,2896.45777891054,26.8613081763324,16.9422488231238,17.5490215521885,26.0969357737309,26332.3690562643,26350.3895288509,-108.997119591798,0
2698,11191,5.8419317905893,2608.2118958485,25.337381143497,18.0287062521733,18.6933482576401,27.7756795238075,23802.279143355,21653.4234056122,368.067683704019,0
2698,11192,6.29314522714253,1109.81313802948,29.0605697546717,35.7418584453513,37.9356957464749,55.30808467698,32893.3690058508,21440.5082399013,531.792733015137,0
2698,11193,10.0528486720309,5850.29166525675,26.3828166848617,10.4834447126869,10.7063597058184,16.1060842116913,36350.5186886737,24970.174760794,-1262.95712301254,0
2698,11194,5.2402792351815,1544.01341664127,29.1204190461723,27.5330683036186,28.9933528067265,42.541513990559,31733.5437194607,24726.9394244679,-447.489132357167,0
2699,11195,7.47024143600883,6480.26817997324,28.7607928367601,9.93697112456306,10.1454447952782,15.2657380080603,29464.9121799656,22903.9639178354,1102.52998836496,0
2699,11196,5.52352849279888,3298.86531713392,27.3004216692576,15.5127513047016,16.0291822003309,23.8842320217176,29218.2246721619,31236.7476676242,-88.9609283786815,0
2699,11197,5.94825482259422,2097.15626491054,26.8613081763324,21.3938305926312,22.321915691791,32.9985463476004,26334.8105363407,26358.1799057717,-96.3636366081488,0
2699,11198,5.56373504247395,1879.2156328506,27.2274693465647,23.288754111875,24.369465876331,35.9407949544296,35157.9751815362,26074.022346713,29.40129974695,0
2699,11199,5.75844532967323,2953.07857687898,25.3170571628964,16.5117216520878,17.0741835531739,25.4258167300341,23651.4002109212,21906.8816348351,364.179877058222,0
2699,11200,5.90818496098512,996.863810029477,29.0605697546717,39.0051292751779,41.504242352063,60.3871843252192,32852.8188470389,21444.6679306528,574.529148807581,0
2699,11201,9.83012350055471,2909.18677788735,25.7815383413243,16.7478424011891,17.3306354289118,25.7927951689625,29952.5213712251,35657.2239140653,-1143.21804549213,0
2699,11202,6.27945631205601,3257.90674526495,28.623528461351,15.7983486177821,16.3450696436153,24.3296764083813,30764.8676514643,20861.3904216276,416.880274085811,0
2700,11203,7.90485590626892,7866.65495760918,28.4037054348018,8.75722732307074,8.9100806086395,13.4448108875995,29508.9307180899,22910.4403995203,1158.58814154523,0
2700,11204,5.85597170116302,3967.54964313517,27.3702751721137,13.6635505569385,14.0656726483938,21.0225770215056,35173.457168548,26043.6057559961,39.7736804375986,0
2700,11205,5.57922353666498,3365.63528788232,27.3853022916613,15.3068903605662,15.8108313273446,23.5657254066173,29227.6393689299,31230.3488782316,-134.657559124797,0
2700,11206,6.11906205219437,1577.62012288364,28.6014857341535,26.9454289123362,28.3475052664383,41.6260404615592,32832.1630183134,21440.600816946,517.261521723471,0
2700,11207,6.04149618247904,2706.72564619923,25.4169922923866,17.5716294976805,18.2058884927787,27.067762484413,23568.1932545158,21999.2453207014,395.612982985853,0
2700,11208,5.51159452153632,1373.04755652624,26.7409013074936,29.4578850902838,31.0443193349921,45.5222462092996,26358.7299361521,26334.5770007729,-97.9975546941527,0
2700,11209,9.97046264519509,3117.45538089244,25.8986045428902,15.9698983149043,16.5028885466088,24.5884483659887,29928.8743524342,35625.1577245273,-1139.11389792115,0
2700,11210,4.9175426444096,7475.61222213796,28.445203519019,9.0483928046351,9.21420839541725,13.8940127139778,30309.9927722031,22505.7561334747,483.347276729708,0
2701,11211,8.45089657376073,7983.30157801522,26.1933234469046,8.58321021753609,8.71975020271064,13.1739695772194,36271.2064549371,27412.4181143845,-1333.85875413876,0
2701,11212,5.37496727661165,4618.09972588232,27.3853022916613,12.33029735436,12.6556647683549,18.9609083585043,29207.2762715085,31234.0544512238,-127.322747693125,0
2701,11213,6.07415585849997,6126.58122194102,27.4047701236319,10.2317846565921,10.4478654655491,15.7190402381969,35245.3749254701,25994.966936322,63.1046052989577,0
2701,11214,5.91373299396878,2078.2914728881,25.3573110230891,21.2465488623643,22.1433105919069,32.7644924197643,23541.0191633345,21980.1207348995,397.823261229097,0
2701,11215,4.00130830117087,6724.76793514939,28.8774541934317,9.70696393006994,9.90496903321012,14.9108282315608,30127.1959668024,22901.663282937,-765.727830447289,0
2702,11216,5.51015647571021,6791.26364582403,28.6923284042012,9.63626930913885,9.83009357451176,14.8014773873324,30461.7081359964,22655.9595719222,147.945529010302,0
2702,11217,5.83343108817924,4087.26100557705,27.2782895074019,13.3813409744649,13.7660782114178,20.5858708124112,35340.0629961327,25895.1740930446,97.9282348558244,0
2702,11218,5.62119373228299,4261.14636988232,27.3853022916613,13.0173636563118,13.38167631716,20.0231827785468,29223.949441859,31232.7288112913,-106.167015015074,0
2702,11219,5.55187772531578,3133.80327369684,25.90062379119,15.9119418622773,16.4412098892788,24.4987218417037,35940.4774253773,16318.2321723099,-22.9013013696036,0
2702,11220,6.28449178922721,2206.42708219923,25.4169922923866,20.3493623963112,21.1803058959913,31.3732229767738,23564.3024602094,21998.746500825,383.214337202281,0
2702,11221,6.00399765555816,1003.38027688364,28.6014857341535,38.6015979828184,41.0532520326429,59.7563838415157,32850.4002756343,21429.6783424326,569.213975693042,0
2703,11222,5.47896764560408,5253.27714969683,25.90062379119,11.2161162927935,11.4727327386494,17.2367189957671,35920.3494175062,16316.0248389929,-41.9255759292863,0
2703,11223,5.43406377613434,6086.91621782403,28.6923284042012,10.3472218002187,10.5754714782558,15.8990742048088,30470.969126011,22645.6194816757,72.4646257449906,0
2703,11224,8.23653202510401,2932.26265911546,28.4508693888044,16.998987775122,17.6251990319044,26.1891285290466,33929.9615550088,21811.7055220027,-1449.96173912354,0
2703,11225,5.89291933201955,3038.0303708881,25.3573110230891,16.192360242253,16.7344321086941,24.9314237572208,23559.3208243431,22012.5109639137,379.903119878933,0
2703,11226,5.52721468729146,3055.28894788232,27.3853022916613,16.3804425738884,16.9545899095138,25.2281149833543,29246.5233118493,31231.8390676411,-111.467773444327,0
2704,11227,6.12477901156599,5703.47157398847,25.42318722573,10.5989550336597,10.822132096841,16.2829404815599,23514.6936345949,22208.2371043017,294.589111628797,0
2704,11228,5.3212923349629,3972.13117181095,26.7429637463419,13.5953484968186,13.9886690073931,20.9157699298613,35019.8604348625,17458.5548324575,-225.662739265672,0
2704,11229,8.15637187710007,3601.39051311546,28.4508693888044,14.712311192632,15.1872941210549,22.6477565805447,33938.0940604912,21823.5406179931,-1409.31737582617,0
2704,11230,6.06777719419737,4281.62937089789,26.95792212151,12.9392579022059,13.2960530618054,19.9015716413435,36164.5156415676,21315.1029029108,343.538835922367,0
2704,11231,7.88714463247001,3976.54907880693,28.4303715697638,13.7382655583438,14.1527638469536,21.1403366899918,29610.107036202,23029.0210010364,1232.11887568062,0
2705,11232,5.33405619038178,5133.49607381095,26.7429637463419,11.4461127952964,11.7197034081633,17.593406605383,35019.061618897,17461.0677533768,-172.429603825428,0
2705,11233,5.981114782933,5255.17639598847,25.42318722573,11.1808531890887,11.4327733939093,17.1814532717315,23494.3081813445,22260.9555513552,273.728594490677,0
2705,11234,8.2354657528042,3772.17616863505,28.3908686525852,14.2423126494825,14.6873959242271,21.9201966066635,33948.6732171612,21827.7555415148,-1416.8262253483,0
2705,11235,6.03867814987667,4004.21190089789,26.95792212151,13.540684154909,13.9324126180484,20.8316686334016,36168.2483213951,21311.3462056514,364.896084273246,0
2705,11236,7.4735783747014,3083.35664160918,28.4037054348018,16.3979315601848,16.9827396321582,25.2578180299475,29589.4076203891,23003.1093240105,1205.95833648183,0
2706,11237,5.32401701342099,5800.48740581095,26.7429637463419,10.5637025135828,10.7925044477326,16.2305420970801,35050.7427151068,17465.873273471,-212.405263480171,0
2706,11238,6.1459543739164,5351.29785998847,25.42318722573,11.0488639557586,11.2941611759807,16.9776195370011,23474.679924793,22290.9235873714,292.613069118834,0
2706,11239,8.21591679690555,3431.21763711546,28.4508693888044,15.2164677739297,15.7236788795343,23.4282359092981,33886.4434871357,21830.6166499226,-1386.69033776665,0
2706,11240,6.25403620320917,4240.63898489789,26.95792212151,13.0236707735328,13.3853042138475,20.0320971770286,36180.3455312623,21320.1620637971,377.07903151391,0
2706,11241,7.65173515106437,3070.77979560918,28.4037054348018,16.445414700614,17.0334276021305,25.3313728836296,29542.767957853,22994.6541881398,1164.64111793534,0
2707,11242,5.44070264553489,6508.07265581095,26.7429637463419,9.80404322858223,9.99652493251532,15.057876786093,35145.3243143115,17425.7316337264,-272.348017964154,0
2707,11243,5.92819435429847,2911.30163198847,25.42318722573,16.6917368590261,17.2671246927308,25.7048869997545,23487.3154784476,22260.9031370099,277.414557343224,0
2707,11244,5.8945151111293,3808.00429289789,26.95792212151,14.0133413764724,14.4332594413277,21.5628278917501,36183.5772974404,21308.5784363523,366.728922645564,0
2707,11245,8.33254679519888,3056.92202633506,28.415342729906,16.4995541378632,17.0913350762184,25.4152702204488,33953.9413191428,21866.6111071516,-1407.96326697991,0
2707,11246,5.91353719120068,5253.05379619162,25.6818200610792,11.2015120262008,11.4560569308752,17.2137956782745,36470.6019912792,16663.7343524965,348.07216349454,0
2708,11247,5.15528578069638,4777.03548027086,26.6732526391767,12.0010220436438,12.3036800174242,18.4506983621549,35161.9500401368,17395.7148438158,-237.313113997047,0
2708,11248,5.87368008814889,3833.15580998847,25.42318722573,13.8022437064806,14.1973271900065,21.2329043023547,23495.0504689373,22294.4205739204,283.442218655978,0
2708,11249,5.86506078109853,2619.37120289789,26.95792212151,18.2144625384581,18.9100990996683,28.068515584359,36165.4927168729,21310.7709373819,376.93890547948,0
2708,11250,8.64679357246331,3779.08670566011,28.5837672003205,14.242663087987,14.6892493824714,21.92114696724,29805.6461781007,23250.3637382846,1037.16575085421,0
2709,11251,6.11060046828312,4125.77121998847,25.42318722573,13.1318827628284,13.4883515870387,20.1962892235088,23491.7897371359,22273.3899433874,303.186806103191,0
2709,11252,5.28238145433387,5214.91236027087,26.6732526391767,11.3230186038835,11.5897824640243,17.4031307514485,35147.2135053901,17407.9891909764,-208.865945940562,0
2709,11253,5.79001881548912,2519.74760489789,26.95792212151,18.7293572283778,19.461538246072,28.8666212427073,36180.929269541,21310.5682529477,386.623644575408,0
2709,11254,5.17417211829535,4135.36922563878,27.9240572292765,13.3314191393574,13.7179069162909,20.5099489389108,28933.1979832026,23132.8889308996,-235.5947640506,0
2710,11255,7.31898734746527,4148.95523962208,26.3573898303818,13.1652252648508,13.5306119851988,20.2497774924098,36424.4489513466,27474.943699144,1133.48066452588,0
2710,11256,5.35969997105054,5554.01458001176,27.8123785650215,10.9350074479904,11.188328998888,16.8055822003495,28931.3471230678,23123.5380757143,-263.254443337402,0
2710,11257,5.90967510668146,4449.15570823422,25.3542386203505,12.4778185810441,12.7974067832081,19.1850915913325,23482.7036339621,22271.7998059225,301.892313482632,0
2710,11258,5.32182821700504,4886.12400672874,26.4580425400125,11.8063039518186,12.0971279534094,18.1494233375705,35158.7216810912,17399.6092382022,-221.766326642959,0
2710,11259,5.50402988037662,4096.91969693627,25.589929751212,13.2092365097103,13.5713699862131,20.3162388389338,32680.2340397897,15462.9325661957,-200.460072638336,0
2710,11260,5.97390285139839,2218.32290987342,26.8085679117264,20.5194216595981,21.3807865271441,31.6418844268786,36176.7305035858,21330.3129595539,375.282858440381,0
2711,11261,5.92149868737264,3675.85883613113,26.273319791489,14.2883923363442,14.7194061944354,21.9868448300609,34101.3022229192,31180.8370531202,442.737627184842,0
2711,11262,7.24989012538848,4995.03997762208,26.3573898303818,11.6277361227943,11.9084704458854,17.873346721734,36429.6838081168,27468.6938659604,1104.45813629828,0
2711,11263,5.41217201120442,4595.27067672874,26.4580425400125,12.2991415060722,12.6166089617133,18.9110465179509,35135.9962778697,17400.4869639359,-254.509281321581,0
2711,11264,5.90731796027984,2788.71344298075,28.4785550884695,17.6230540650077,18.2929385922191,27.1562819440326,33653.181943371,26986.3420972848,483.734720081177,0
2711,11265,5.86716960285789,3795.79847023422,25.3542386203505,13.887677250853,14.2872090922849,21.3648843253322,23450.485573058,22308.113095221,320.193455882387,0
2711,11266,5.27282254904557,4291.43130293627,25.589929751212,12.8031567197598,13.1423979674042,19.6884326065273,32692.4024419485,15463.4301330568,-224.570753150118,0
2711,11267,5.21526764583833,4777.90644401176,27.8123785650215,12.0841305883035,12.3986212413427,18.581157374934,28951.2253676093,23144.1360546318,-241.928301907228,0
2711,11268,5.82033879626739,2329.59826187343,26.8085679117264,19.7995146534137,20.6075272013985,30.5253742321303,36171.3258025088,21317.2923048568,370.737438542308,0
2712,11269,5.98640791428155,7445.95253081717,26.8993644392874,9.00189044505912,9.15909495621932,13.820460052815,36287.2045360662,25723.5915264206,624.74052127113,0
2712,11270,7.10382253567183,6734.63143162208,26.3573898303818,9.57088562038228,9.75081684191283,14.6975685388436,36414.0370597998,27464.2296943451,1144.04690488075,0
2712,11271,6.06767966930288,3245.48863098075,28.4785550884695,15.8244988245365,16.3716831043119,24.3698264300941,33632.2883841194,26969.0219063578,489.291985340793,0
2712,11272,5.85577658583915,4348.42274598637,25.3264592500738,12.6680397826836,12.9978644408328,19.479043036336,23341.7448519888,22380.8211868844,348.061074062304,0
2712,11273,5.28993744937868,4417.08033672874,26.4580425400125,12.6294936543721,12.965251556922,19.4216854194625,35168.371864246,17397.9675239096,-252.640127603859,0
2712,11274,5.46744046665492,4327.20152693627,25.589929751212,12.7320391189308,13.0673223966745,19.5784976107807,32702.9939812659,15462.2135793164,-193.261935898451,0
2712,11275,5.94493938261458,2469.04486787343,26.8085679117264,18.9826556262927,19.731298273922,29.2588254997244,36173.6928013823,21319.7824689356,387.451335879563,0
2712,11276,5.23633416912744,4378.24348873607,27.6028710985089,12.798683398781,13.1519425620838,19.6854510718234,28946.9363981909,23127.1204233606,-292.140255624884,0
2713,11277,5.39433531485827,4704.91610472874,26.4580425400125,12.1069882762766,12.4139749002032,18.6140706312028,35151.2930321737,17396.2943581219,-227.967877582236,0
2713,11278,7.30675650783364,6617.49716362208,26.3573898303818,9.67925966433196,9.86411435502111,14.8647918820044,36412.7484957897,27463.3327010247,1118.30469397114,0
2713,11279,5.93442137870346,3921.95533398637,25.3264592500738,13.5801339892307,13.961508374621,20.8891921845852,23357.0739231834,22385.2181507897,353.393048964498,0
2713,11280,5.90488058925463,3303.50511498075,28.4785550884695,15.6288236883106,16.1631177238697,24.0667987371697,33645.9434877305,26974.65561977,494.479386498181,0
2713,11281,5.32334173935754,4152.18293093627,25.589929751212,13.0904059003307,13.4457893972647,20.1325107210845,32690.8221013158,15476.2063626194,-174.948277289489,0
2713,11282,5.57808888037969,5366.61462205316,27.7154604457576,11.1791092045399,11.4444977782337,17.1825026847335,35348.3767324683,23001.1525711593,-119.979245711946,0
2713,11283,6.16703478504416,5015.91124787343,26.8085679117264,11.6277025132552,11.9112475219124,17.8740709390266,36187.306313872,21312.6035331895,365.150199458315,0
2713,11284,6.36124619946478,6506.63236920279,26.9272236068974,9.81518674820106,10.0090882866912,15.075324053647,36256.5953134114,25463.3511276765,469.766353194377,0
2714,11285,5.87118221541607,3840.56926398637,25.3264592500738,13.7747079541532,14.167394386069,21.1901008494859,23320.8999839026,22367.1325253784,360.143925834308,0
2714,11286,5.85450394424373,5674.45641822151,26.4986416539418,10.7012664741219,10.9355129964588,16.4425824627564,34908.7193485196,17382.8089745091,339.331026061792,0
2714,11287,5.27368059954227,4681.40163293627,25.589929751212,12.0804282994919,12.380176647005,18.5714244854458,32686.376747965,15461.0608802703,-169.781574955147,0
2714,11288,6.09511716717596,2931.02342898075,28.4785550884695,17.0076092834263,17.6346790138297,26.2025600824961,33635.625745535,26988.3797327759,493.570071082137,0
2714,11289,6.1624364234646,3874.18137490968,26.6105564985373,13.8162703597327,14.2216532561102,21.2572099431928,36387.0114165253,26501.8317353228,699.012762206164,0
2714,11290,6.10926489765909,3723.07315187343,26.8085679117264,14.2170759055741,14.6481356985833,21.877709102749,36175.8937287586,21299.1965213169,332.000736911174,0
2714,11291,9.63874030516984,3586.18102567249,27.2051109290193,14.6289606713293,15.0885788481857,22.5159579756647,29321.8774193581,31706.3861939195,-1167.9298317167,0
2714,11292,9.99048077783723,4602.19298237527,28.2505609765526,12.4253394263717,12.7616845880685,19.1093946236035,34561.3003728548,23258.0306993591,-1243.385399861,0
2715,11293,6.29350287010168,5019.90781690968,26.6105564985373,11.6075496828605,11.8888020854218,17.8425950105132,36372.7253737512,26508.1563012012,715.288330633584,0
2715,11294,6.67254201872088,5548.86468354426,28.5234325825211,10.9857753875533,11.2456174624572,16.8850808361347,33663.3209417302,26953.3252132887,456.642483820901,0
2715,11295,5.98032684710388,3794.84328798637,25.3264592500738,13.8873108224346,14.2865928944067,21.364254683809,23334.3409255151,22379.3152410488,352.324003482925,0
2715,11296,5.64185094774447,4580.67512428299,25.557293395993,12.2539887041414,12.5628462850599,18.8395665308168,32614.8094078821,15412.442644106,-110.813776297845,0
2715,11297,5.41479767543765,4883.91837888147,26.4732024502087,11.8109546943813,12.1021233196287,18.1566362437818,34927.8540729098,17430.273076402,376.94691283858,0
2715,11298,5.3982038402901,4612.9421298775,28.4405304655145,12.4202806418192,12.7575662412868,19.1019115579649,34109.0448439781,23421.4600795018,-675.242195246277,0
2715,11299,5.91150223506573,3037.18351187342,26.8085679117264,16.3778094087474,16.9462724070253,25.2225192936581,36178.7623837903,21322.7607462734,367.20830634574,0
2716,11300,6.78209633623125,8975.5583278689,28.4276387868936,8.05820249214247,8.18190679390738,12.3669175198584,34307.9214786788,25962.7344799582,378.81316642013,0
2716,11301,5.39729127786859,3840.67891488147,26.4732024502087,13.8852992237226,14.293711332202,21.3636918362673,35183.3198595459,17547.6482486054,-193.357670107458,0
2716,11302,6.11574848892741,5165.85209290968,26.6105564985373,11.3895969824643,11.6594384041235,17.5058762111803,36375.8594226214,26499.9793703225,683.475042238736,0
2716,11303,5.36714004212749,5759.5275858775,28.4405304655145,10.7144459775704,10.9598892548267,16.4658455096842,34138.1799247996,23422.2326572638,-678.723434909732,0
2716,11304,6.12394615684397,3129.62663387342,26.8085679117264,16.0365825977657,16.582568756024,24.694086901054,36195.551123619,21340.1019777247,364.906217470661,0
2716,11305,5.47718747241725,3997.82889693613,27.8040280441886,13.6319724960464,14.0354500085856,20.9746209243518,32392.5341928049,29361.1003498514,-373.306647797653,0
2716,11306,9.23813299991386,4047.75764693071,26.6309949457952,13.4119746300696,13.7936894696228,20.6319219989983,29874.5918359921,33948.3852571509,-1185.97518777897,0
2716,11307,6.24138820547009,1549.93134198637,25.3264592500738,26.443013429076,27.7495206030904,40.8306441528464,23339.942623493,22385.5122173696,350.125481101012,0
2717,11308,7.39116956788056,11309.8049822956,28.3362947049887,6.9786662696708,7.06129230892907,10.703360048219,34357.4235266046,25967.1008685991,429.630849064402,0
2717,11309,5.26568453607295,3444.98182488147,26.4732024502087,14.962596033939,15.436802947074,23.0305992590048,35195.1998237986,17549.664063164,-204.181477620825,0
2717,11310,6.22188368020837,6509.32796290968,26.6105564985373,9.79580934349895,9.987259292976,15.0449898832645,36367.1054518909,26519.5935213092,719.814987918137,0
2717,11311,7.00200716482232,7879.70005554426,28.5234325825211,8.75300814248617,8.90615493553158,13.4384348831862,33718.6126234132,26906.6197274616,479.290705692956,0
2717,11312,5.72872470541738,2344.28960387342,26.8085679117264,19.7092161534086,20.5106035699441,30.3853481299332,36185.6055166979,21305.49183592,374.852506944824,0
2717,11313,9.40759471767169,4173.24485485973,26.5763498454854,13.1324973896287,13.4976179230809,20.1996148937126,29843.508267383,33970.3344818756,-1234.15830286523,0
2718,11314,6.08205291041862,7424.44218490968,26.6105564985373,9.00526549519433,9.16136023875292,13.8253182079724,36363.6947684132,26507.8198044162,719.372037750417,0
2718,11315,6.57642222041881,8766.72707429561,28.3362947049887,8.1748839284661,8.30299132452973,12.5467120167155,34421.1916389303,25908.9702321661,443.578878564833,0
2718,11316,5.54769617977654,5028.37520357828,26.5208542723015,11.5882486664499,11.8679272626211,17.8126211023386,35185.511407598,17562.8317164244,-225.374646313037,0
2718,11317,5.90771557072387,6107.88257663617,26.6339237998681,10.2085146540711,10.4195018770292,15.6820187805968,35976.1981137631,19180.4341004092,-2.67373422782891,0
2718,11318,5.96972243881622,3986.06359187343,26.8085679117264,13.5689877451219,13.961253938679,20.8751348401399,36196.1349455183,21305.7747251059,376.317684070689,0
2718,11319,9.00638164966569,4164.20910893071,26.6309949457952,13.1565452324879,13.5234505790854,20.2369115076739,29883.9468234651,33944.3814377004,-1203.72488426443,0
2719,11320,6.4685897118477,7843.57874477571,26.5596094614269,8.69510807906123,8.83780664929881,13.346929065304,35659.4098543522,18354.3275170528,-530.127297335296,0
2719,11321,6.21510494133415,4553.74955290968,26.6105564985373,12.3861242778432,12.7094111400885,19.0457761769771,36370.1008672348,26522.8024357122,704.090088218627,0
2719,11322,8.41583280686219,6417.09272381968,26.8245194013126,9.89784295609408,10.0950975909748,15.2027528578403,36190.8775283675,20290.8172590009,-248.032577795308,0
2719,11323,9.37655134784216,4235.5953749307,26.6309949457952,13.0062043977206,13.3644835052214,20.0044406786598,29859.8196861238,33935.2442316256,-1209.17344043338,0
2719,11324,5.50628410506864,3278.53572126836,28.0774890609637,15.667420081439,16.2007560148812,24.1256059501889,34910.1586549169,25032.7379206559,-71.5322979856651,0
2720,11325,5.32535475351547,4116.54283933424,26.3921572773301,13.2383599377434,13.6082137888054,20.362939679146,35210.1813922378,17554.9532412641,-226.679637795111,0
2720,11326,5.87722730822797,4133.4016399144,26.8014277896437,13.2378571773401,13.6107137736874,20.3629978480783,36375.3343506094,26525.6369223972,713.622478094758,0
2720,11327,6.13908701298671,2973.34978791563,26.7315438587166,16.6149057888463,17.198391901777,25.5895289779463,36164.1917734941,21320.0415867111,373.791348711093,0
2720,11328,9.2780091397965,4545.57307739513,26.6077921358435,12.4008258313816,12.7249062930077,19.068495357166,29880.6559981009,33938.6031336802,-1182.88121465908,0
2720,11329,5.85819771314249,2450.35097152355,26.7560066557336,19.0788225887993,19.8337800520549,29.4077472600392,33802.7904736463,30788.4144962628,168.344446404958,0
2720,11330,7.15626187326902,2261.4572935201,26.4090806853841,20.1629622570047,20.9928431555078,31.0876504501234,26983.6855380474,22218.2952948814,1058.35194778049,0
2720,11331,5.3977800322832,3322.69081895764,28.1820113526664,15.5328505878085,16.058305658502,23.917479107928,34896.0206688362,25041.5544525051,-89.1330447604974,0
2720,11332,6.30690284803233,1404.93537484433,26.7174770896391,28.929654775643,30.4700960521969,44.7010788357421,30242.556042692,19655.307817493,553.707339483027,0
2721,11333,6.14743841100008,5024.1110539144,26.8014277896437,11.6146123135405,11.8974206123896,17.8538335097176,36367.7678900084,26527.2651477687,723.200484789975,0
2721,11334,5.40570305294489,3879.30079333424,26.3921572773301,13.7831278546944,14.184829736608,21.2054717455922,35201.9416024807,17556.4025304568,-191.16775972981,0
2721,11335,6.1251146209248,3079.78797352355,26.7560066557336,16.2117893212092,16.7687807581607,24.9652688652247,33832.3023473248,30837.7062351701,181.816702590127,0
2721,11336,5.87574471114965,2724.23572791563,26.7315438587166,17.6782744355387,18.3340487782965,27.2369076891617,36173.3577915557,21313.8492975289,400.475492263153,0
2721,11337,9.38628714254845,5474.62975739513,26.6077921358435,10.9623824066803,11.2103089894815,16.8459889251273,29871.6104389151,33954.673562101,-1220.09580911129,0
2721,11338,5.37242190291269,3096.95164087864,28.2877764910625,16.3331891303334,16.9125758337234,25.1572376071278,34876.5537029519,25051.3819565887,-111.413429760764,0
2721,11339,5.98223018118102,1640.33922641699,26.7711696480177,25.6958137489567,26.9646167846315,39.6766756949213,30263.2284366557,19656.9972350107,596.044648169164,0
2722,11340,6.09661884712759,4618.9207579144,26.8014277896437,12.2837137462777,12.6026366000344,18.8878361719546,36370.0709527095,26509.6600543939,711.532248759751,0
2722,11341,5.50042669067283,4079.2523151675,26.438497172889,13.3243697985355,13.6995427877962,20.4960418380155,35087.1248747908,17511.6381996371,-226.465770967663,0
2722,11342,5.94227220044734,2934.96702352355,26.7560066557336,16.7711131402136,17.365301743219,25.8315494327951,33840.9674641719,30855.7227901157,162.516569954862,0
2722,11343,5.76250265841447,3184.09455591563,26.7315438587166,15.8349237496733,16.3670450664457,24.3816328387347,36194.7858436355,21321.9753412248,384.928217606102,0
2722,11344,6.6210226181358,4344.36754187509,25.0837981339345,12.6553165374919,12.9826683099062,19.458888452276,31432.6463469288,15102.9864266672,876.934428121715,0
2722,11345,9.09939156982511,4482.93113339513,26.6077921358435,12.5167415272943,12.8472506638606,19.2476739795559,29864.3571214875,33963.1603073778,-1186.3884397843,0
2722,11346,5.301838389107,3637.9135484028,28.2892876472784,14.5936571684115,15.0598679211702,22.4637425292865,34562.2457633895,24269.4734721741,-352.787707190181,0
2722,11347,5.45459729440046,3009.08161873849,27.6405356174424,16.589274082369,17.1798431376315,25.5522510987918,33740.555412563,20545.2966941457,-385.286782915517,0
2723,11348,5.37353548229864,4289.2702251675,26.438497172889,12.8798324474542,13.2295350017283,19.8086671999771,35081.6557546831,17485.8165672225,-252.235855453157,0
2723,11349,6.14141796849521,4043.9981059144,26.8014277896437,13.4358079104081,13.8201967459394,20.6691352290831,36369.6290300061,26514.5900927251,701.745162401237,0
2723,11350,6.82845526388409,4430.53325387509,25.0837981339345,12.4903342370813,12.8086667989772,19.2039000881697,31420.2185826439,15108.3560169044,891.501523252349,0
2723,11351,6.03250418655384,3352.88834752355,26.7560066557336,15.277686062541,15.7742375151117,23.5189934508748,33847.1341995009,30837.6514262952,185.353238396204,0
2723,11352,5.50819536917256,3318.6026264028,28.2892876472784,15.5580829184338,16.0861112621719,23.9568054929801,34541.8964481247,24246.2701728359,-367.712174393023,0
2723,11353,5.79784813601012,3242.17711791563,26.7315438587166,15.6362570581192,16.1555307094338,24.0740383781812,36183.3316919624,21324.672277337,380.434291796884,0
2723,11354,9.07492004628459,4259.16899939513,26.6077921358435,12.955574032288,13.3107963629292,19.9261095007845,29893.1613411113,33941.8442585296,-1205.04159298749,0
2723,11355,5.2582255573143,2422.19884873849,27.6405356174424,19.380287233949,20.1673209264091,29.8779742081503,33729.1024670422,20545.077722231,-390.324879856222,0
2723,11356,6.05627703318938,1415.60794841699,26.7711696480177,28.7761910670892,30.3043918944636,44.4628218253178,30257.7580981021,19639.5641004501,562.91858293465,0
2724,11357,5.30333284302125,4138.3480731675,26.438497172889,13.1951986960614,13.5629100627904,20.2962918809693,35077.8493340912,17490.0826552783,-255.752979324606,0
2724,11358,6.01991970937712,5290.05302152355,26.7560066557336,11.2222418482901,11.4842914298315,17.2475940020795,33834.5009932877,30835.8010966403,193.655925554187,0
2724,11359,7.42630853703026,3582.64533914291,26.9342768026114,14.6110837048663,15.0673455823967,22.4876730887768,27704.7910831038,28668.2646042193,1151.46979012904,0
2724,11360,9.29792092483552,4630.21899539513,26.6077921358435,12.2486455083691,12.564350089482,18.8332776120723,29883.9739877668,33947.7681042395,-1220.97040793635,0
2724,11361,6.05410329245138,3241.71457191563,26.7315438587166,15.6378135489626,16.1571874777706,24.0764481791153,36175.8579879696,21306.0942573282,400.912663207956,0
2724,11362,5.36566447710466,3807.02274844082,28.1946096651114,14.1337491597606,14.5706212890131,21.7517803359525,34809.541877185,24192.3707649306,-159.690687070144,0
2724,11363,5.28491580294726,2915.25085873849,27.6405356174424,16.9657707744393,17.5818638619612,26.1355031351725,33734.4764570117,20535.4338846028,-391.592863006653,0
2725,11364,6.07172096537138,8838.01194148712,27.6714325762774,8.10877615798399,8.23179730476495,12.4441285054338,34630.6138164996,28460.0675329873,508.262732074229,0
2725,11365,5.9221969937487,6523.99359352356,26.7560066557336,9.78930908466405,9.98117151670711,15.0351555919568,33850.9694905744,30854.444579122,176.223979558432,0
2725,11366,9.21228629676544,4702.19996339513,26.6077921358435,12.1230833166955,12.4319323123114,18.6392173486448,29852.9441086263,33942.2362328334,-1203.61616423558,0
2725,11367,5.65697645083297,5756.7014017428,28.092862846925,10.6972421377736,10.9399702834856,16.4387659236199,34857.4721027891,24215.1993584787,-197.82090120075,0
2725,11368,6.08944240959686,3764.19331791563,26.7315438587166,14.102845566625,14.5263661126063,21.7008047687029,36176.5369166869,21324.4328032103,368.669358205981,0
2725,11369,5.54198676423858,3320.74951873849,27.6405356174424,15.479242627703,15.9965064939494,23.8331770004282,33739.2442525409,20536.7336666029,-387.509969028328,0
2725,11370,5.28748747299726,3462.16915994654,27.0072411221654,14.968520969928,15.4477123855276,23.0410402213166,27985.8030639874,28214.0689784891,-168.195886579863,0
2726,11371,6.06976965504388,7755.19175548712,27.6714325762774,8.80579026122706,8.95777910351506,13.5188947524952,34649.0587787275,28448.9857873919,532.71732565707,0
2726,11372,5.92112583018223,5322.67352752355,26.7560066557336,11.176884039219,11.4366000871873,17.1775312322861,33846.1423476228,30839.3135730464,188.220057979978,0
2726,11373,9.43976211574151,4468.01953139513,26.6077921358435,12.5447618847947,12.8768313121943,19.2909886356691,29875.1477674152,33933.6783151832,-1238.84370207501,0
2726,11374,7.7239799202143,6839.49024889895,27.6655954595961,9.54190832103611,9.72665939612507,14.6545532530058,35575.6134171719,24730.6538535191,-1095.46946386914,0
2726,11375,6.56584312178911,2375.88274724685,25.8273717337434,19.3563003079691,20.1202121821143,29.8348879635538,29556.5089451367,18319.1379987101,718.147962198253,0
2726,11376,5.9254761327392,2567.58681591563,26.7315438587166,18.4434756607491,19.1527868905824,28.4227833176222,36179.7829438344,21318.909571954,363.331834077848,0
2726,11377,5.73276574226217,2418.82761732571,27.3261240027166,19.349769248698,20.1309608833642,29.8296563940551,28476.1288873474,26632.8501487931,118.315905897925,0
2726,11378,5.19175228001781,1967.38397473849,27.6405356174424,22.5878630788003,23.6188574346354,34.8543792548859,33698.1384876867,20484.3737261651,-385.864678230508,0
2726,11379,4.72960208534528,6142.29877235159,28.0698655822262,10.2517884504115,10.472210018897,15.7508546412942,35224.4404821065,25750.4052988364,-39.4013623785456,0
2727,11380,5.98620585348394,9241.88067748712,27.6714325762774,7.88528352240261,7.99946601460972,12.0996359629437,34638.1985576161,28444.5973122091,516.399054902601,0
2727,11381,6.35496026774622,8481.52218447586,28.6001137235513,8.35711834181613,8.49371010566277,12.8279621584598,33654.4852517534,27191.9507075139,876.769075506712,0
2727,11382,5.79999368379448,2985.40241532571,27.3261240027166,16.6427438742938,17.2338941549578,25.6342457269972,28457.3185547413,26615.097707541,135.213745660988,0
2727,11383,7.93884207477014,5589.05689896309,26.8496008330982,10.829936235452,11.0725642256411,16.6418216779338,35969.650254345,21348.5667154021,619.911838636946,0
2727,11384,8.78541679465277,4244.30873807348,26.6284769371673,12.9879491053461,13.3451671959807,19.9762089184937,29773.8588448071,33871.2290985406,-1274.86127437061,0
2727,11385,6.7820926599521,2288.02103324685,25.8273717337434,19.8915490919435,20.6942313209526,30.6647602672135,29563.2590958125,18325.5137972609,686.689498467093,0
2727,11386,5.81128197884669,2895.67263952355,26.7560066557336,16.9316817347371,17.5366827342933,26.0802750042571,33861.3904401774,30859.3725017724,191.158043847491,0
2727,11387,7.67646505378572,3889.9503797156,28.7971113246401,13.9812155656599,14.4132536419401,21.5169989247268,31451.7397603665,25697.8626275067,220.37247805178,0
2728,11388,5.63013262943344,8429.62787548712,27.6714325762774,8.35342807781598,8.48637842141008,12.8213058680642,34609.9158234548,28418.4080553761,503.776065489248,0
2728,11389,8.51539659434068,4204.17736607348,26.6284769371673,13.0715899509877,13.4335941237694,20.1055385123765,29695.9154515915,33823.2390129509,-1304.4264649757,0
2728,11390,5.56250685733592,5568.17953768377,27.4348515320857,10.8931977714972,11.1422919983145,16.7404267926098,35408.4556554041,22186.0364451801,-32.9763566808963,0
2728,11391,5.84945415795419,3160.13467332571,27.3261240027166,15.989284156838,16.5369812923849,24.6221687203433,28471.0956143795,26619.4903849547,98.6377068683077,0
2728,11392,6.81427215597902,2850.67520324685,25.8273717337434,16.9955888722434,17.5953773905455,26.1766479146374,29543.2396209016,18324.6292352657,707.253315480555,0
2728,11393,7.91978132586098,5563.95980391563,26.7315438587166,10.8544920011421,11.0976886994106,16.6795604254052,35862.5849655279,21343.5261908866,646.210505098005,0
2728,11394,5.76661900794613,2131.50954806682,26.1982908513831,21.0155979131744,21.9063242065843,32.4093652951817,25827.523045305,26776.0153710072,-45.4731077968328,0
2728,11395,7.6966933855518,4542.07416171561,28.7971113246401,12.578169349625,12.9267581090198,19.34667226511,31426.1933695485,25740.7843235569,208.022932177844,0
2729,11396,5.76733199123165,8885.41189348712,27.6714325762774,8.08164060672523,8.20357669749824,12.4022983704691,34611.5021514023,28428.414168651,509.332456287697,0
2729,11397,8.8584228840654,4545.02971607348,26.6284769371673,12.4034573303646,12.7278237465367,19.0726016539794,29686.7851698772,33825.3246328683,-1346.67251345549,0
2729,11398,7.24325534632439,3556.46021764655,24.7953396712702,14.4596584454484,14.8883692683407,22.2483296116213,34826.8675455021,14072.3003335217,1064.180174474,0
2729,11399,6.19229520339351,4320.45819515003,26.9617937388825,12.8609440447137,13.2132970188885,19.7804896509298,35950.1145554594,21281.981888993,379.000482546455,0
2729,11400,6.80812459952124,3612.29023124685,25.8273717337434,14.4144386858485,14.8493526468351,22.1808307415727,29550.9524111586,18273.5891438465,719.637967745131,0
2729,11401,6.95739098123482,5521.9888757156,28.7971113246401,11.0380046636987,11.3020584588561,16.9661784994778,31419.5348983821,25738.7184947464,177.797480777841,0
2729,11402,5.94124414888084,3874.04163928773,25.2667496044648,13.6880282441475,14.0751798648828,21.0559141311091,27891.0596995073,18321.3686163318,254.39011615785,0
2729,11403,5.66942537310829,1604.84586206682,26.1982908513831,25.9800636540887,27.2630617318819,40.1156275843927,25811.2363619447,26762.2059104426,-7.81880309469419,0
2730,11404,5.60816289478162,9160.40806438008,27.5348600982189,7.92411727113466,8.03933710147199,12.1593563646928,34611.9743904682,28425.4354345264,518.837591075946,0
2730,11405,8.71292443678058,4628.85169723115,26.7882969047331,12.2650551829239,12.582864052352,18.8589725312184,29691.8804275434,33833.9075084741,-1308.5134801101,0
2730,11406,6.05718708390391,2830.19602981325,25.7632180208595,17.0735710401921,17.6779166713194,26.2972534395935,29938.4996567524,17902.7959197097,506.349905000254,0
2730,11407,5.69221108457854,2115.534509372,26.7076604353497,21.2278796772572,22.1413255825137,32.7405243963898,36032.8640325552,21265.2124216356,218.863722870935,0
2730,11408,7.18793404595513,5533.16180311694,28.5583119760554,11.0085108464012,11.2697250209076,16.9202554250285,31394.8831524199,25745.2582641733,209.720103160864,0
2730,11409,5.71431402214044,2848.8144469797,25.2221241305669,16.9210393261084,17.5094957357429,26.0594298615738,27871.1707383562,18315.199984546,283.007765906633,0
2730,11410,5.66661763767655,1457.57504319232,26.2309853558718,27.9770825180758,29.4276073409301,43.2183151565441,25821.0564905318,26755.0901484594,36.6288021826773,0
2731,11411,5.64007510211228,9212.43347638008,27.5348600982189,7.89615509278847,8.01028245396807,12.1162590199746,34617.3358551014,28428.0231241665,516.602277444926,0
2731,11412,8.81669794977769,4083.90643123115,26.7882969047331,13.3453146569592,13.7243195846381,20.5291535789188,29686.651788176,33831.9880200557,-1338.03281143198,0
2731,11413,6.28074985827304,2746.94806827468,25.6918048676156,17.4279601187273,18.0554606155336,26.8460174855436,29940.1457646562,17893.9499773049,504.965980171345,0
2731,11414,9.65178095829988,4448.84548602427,26.3927354943493,12.563562417847,12.8951888888606,19.319640196786,36365.9037817954,20597.4278187019,-1176.97070345031,0
2731,11415,7.75133519727943,5500.48683109375,28.3715230203521,11.040027044513,11.3018570856696,16.9686598955146,30893.5760236948,25143.3347471647,225.299058067854,0
2731,11416,5.37809706967706,2378.40730462803,26.0965492181471,19.3861374710982,20.1554603854618,29.8820446111229,33704.8898398974,16759.3448343279,-509.352569238209,0
2731,11417,7.05373247375503,6587.36515321221,28.6631935092021,9.82683714315635,10.0295647388041,15.0955944595086,31454.6753770603,25702.1743561153,225.182826547499,0
2732,11418,5.55512965368081,8980.67590438008,27.5348600982189,8.02285976653849,8.14196555410385,12.3115532309474,34609.6379146348,28426.0053478426,516.034628002163,0
2732,11419,8.42619391328892,5198.64229123115,26.7882969047331,11.3542208077765,11.6232940528608,17.4515221358157,29718.9772863937,33821.3678765989,-1353.60196903155,0
2732,11420,6.23740002603404,2725.77076381325,25.7632180208595,17.5340325647303,18.1695186085731,27.010559116814,29939.8627018916,17912.2353985004,516.62909399635,0
2732,11421,9.82671688848601,7040.20438602427,26.3927354943493,9.30476067124265,9.47295903632432,14.2870307483393,36346.7673271935,20566.3626220577,-1190.6398060007,0
2732,11422,5.27826110500126,3721.81589926693,26.1631478335491,14.1562758303726,14.5784104586715,21.7821968646637,33699.5037032404,16777.994685147,-496.330170849553,0
2732,11423,7.17316490107798,5425.55437909375,28.3715230203521,11.1405728390783,11.4076510953006,17.1239904382539,30845.2048107029,25147.114451173,206.396976389866,0
2733,11424,6.1469184701526,8014.61554438007,27.5348600982189,8.61832065714987,8.76176973318943,13.2296177073993,34647.1083338324,28449.0974566858,531.617526029714,0
2733,11425,9.00889624761721,5256.68080123115,26.7882969047331,11.2713285418675,11.536103259249,17.3234717877532,29678.5921899211,33838.5200828899,-1326.64517810569,0
2733,11426,6.27480488708329,2591.65444981325,25.7632180208595,18.1751604090746,18.8547736245844,28.0039493398365,29945.1301849616,17912.3881575226,497.186851412554,0
2733,11427,5.30453341851843,3175.90268662803,26.0965492181471,15.787994307823,16.3111428419347,24.3073368182662,33710.1663611948,16764.8542990539,-458.105510421314,0
2733,11428,9.33996041865994,5519.55137202427,26.3927354943493,10.8900555087666,11.1331081342124,16.7339492516974,36335.2210102219,20581.0427713576,-1143.07107449035,0
2733,11429,7.79031692134627,4783.60660909375,28.3715230203521,12.1154610933147,12.4351994031005,18.6305550170128,30904.6946804192,25123.5682760993,288.963592624925,0
2734,11430,6.00720435774624,7002.19045438008,27.5348600982189,9.39254354353724,9.56987743701401,14.4239058027753,34640.5516663146,28453.9211427953,496.255870045474,0
2734,11431,8.93697504089267,5314.23473923115,26.7882969047331,11.1907130274366,11.4513297536919,17.1989446714936,29685.9570782036,33821.3116870864,-1348.71630117984,0
2734,11432,5.23376704390463,4423.82452525939,25.3294706695295,12.5234495643015,12.8453541234087,19.2555674032593,34462.6188931918,15176.6426189458,-244.933166230503,0
2734,11433,9.72800036105359,6504.42193602427,26.3927354943493,9.78898752881378,9.97904818305131,15.0341652034355,36330.5506596568,20577.0086785718,-1141.5666975832,0
2734,11434,5.45159369357183,4000.99776053111,26.1008596274379,13.4696704444979,13.8507097085502,20.720037932302,32951.1472687188,16816.0081513169,-491.32787281488,0
2734,11435,6.87561950840549,5323.03376311694,28.5583119760554,11.2942780567646,11.5705048873269,17.3617560242459,31434.256888564,25703.1645170795,233.00167770011,0
2735,11436,5.97705944236049,7574.38188238008,27.5348600982189,8.93284047481291,9.08975837642001,13.7147031649101,34643.30848356,28441.5756801644,538.498826055625,0
2735,11437,8.85800470636568,5499.01085323115,26.7882969047331,10.9420140815261,11.1899444767039,16.8148170039429,29710.4306872173,33837.7733449964,-1348.06769067597,0
2735,11438,5.24438086543462,4857.23012725939,25.3294706695295,11.7690503920645,12.0505843198614,18.0898442310095,34474.4779006718,15175.1973101242,-258.781942751339,0
2735,11439,9.12294496915586,6855.38422002427,26.3927354943493,9.46432958618904,9.63963122630255,14.5332087714695,36375.0165326654,20561.382914361,-1148.87405515359,0
2735,11440,5.08151759615059,4357.0446795406,26.0339359754864,12.7108080803394,13.0481091224991,19.5465604855217,32946.2518464268,16807.3238333527,-453.810223780173,0
2735,11441,7.15292051811155,6810.69182911694,28.5583119760554,9.61192655314857,9.80400092380941,14.7637380652853,31433.9103205005,25768.7399893176,282.924524108641,0
2735,11442,6.03652219044292,7773.09596401287,28.4502363371601,8.82611748489296,8.98215236941025,13.5511244936241,34201.5588039488,26720.6359439644,-302.749474221132,0
2736,11443,6.03019594292516,7992.91993438008,27.5348600982189,8.63311514779373,8.77718848162751,13.2524327705473,34643.0867262289,28455.8186788602,490.487684229034,0
2736,11444,8.90220791236592,6103.95494323115,26.7882969047331,10.2215566248235,10.433971201555,15.7023734704954,29699.1153825088,33830.1226473206,-1324.39368178795,0
2736,11445,5.2287450925499,5007.51352525939,25.3294706695295,11.5346750299682,11.8040412751142,17.7277820073981,34449.0898577914,15184.9041093455,-207.373590485537,0
2736,11446,9.81296030937902,7238.65864602427,26.3927354943493,9.14134604448622,9.30237476100325,14.0349484400587,36323.7194641525,20582.8589136452,-1152.82135116323,0
2736,11447,5.13413878619916,5031.6570075406,26.0339359754864,11.5486582473738,11.8232213499849,17.7506174028726,32946.8414264593,16815.6241197298,-471.328191378892,0
2736,11448,6.41087383468204,8813.53356498875,28.634606770079,8.15856261505172,8.28707764329196,12.5218460340045,31454.9124752771,25674.6654217144,172.911064725767,0
2736,11449,6.44266447265624,8778.54488047187,28.4981628230713,8.17396237883897,8.30261678760909,12.5454531633389,33771.3104931598,26744.0735987073,284.057391361692,0
2737,11450,6.01817013032294,8833.78451038008,27.5348600982189,8.10612424536856,8.22854071848186,12.4399023552163,34641.8339408832,28457.4572342843,521.917652242371,0
2737,11451,5.37150151190928,4270.89800725939,25.3294706695295,12.8219656511434,13.1603375327958,19.7169794381917,34472.8410912563,15176.6546673127,-179.743841646878,0
2737,11452,5.52972577198788,3940.1513706793,25.9466667567653,13.5961016833968,13.9833084641227,20.9152378342839,32224.2441425325,16901.0575887721,-37.0856471383522,0
2737,11453,8.96692173228361,4354.87028323115,26.7882969047331,12.777936064816,13.1243557651045,19.6518123117873,29737.7948752259,33816.9142989936,-1403.62386049692,0
2737,11454,6.60275121301143,9397.05082711694,28.5583119760554,7.83443485913806,7.94967545574883,12.0221081295403,31424.798281937,25777.2614469944,177.791626817414,0
2737,11455,5.91790415642162,7928.53190240824,28.5625010799484,8.72031215974887,8.87219716360423,13.3880460441983,32585.2933367153,23887.5300106365,-443.894710971975,0
2737,11456,8.89231600710345,9052.03720002427,26.3927354943493,7.94148997370091,8.05326924125621,12.1849907000468,36336.6999240523,20552.7700648779,-1138.46102651731,0
2737,11457,6.95220608755808,9795.11085847186,28.4981628230713,7.63231908609509,7.73949855426031,11.7105469142097,33794.2151238411,26805.8401619736,241.594213236708,0
2738,11458,6.12054368006075,8254.74299638008,27.5348600982189,8.45908599617398,8.595875006546,12.9840729592582,34621.1870605759,28444.6871185976,487.147518693072,0
2738,11459,6.00911837847355,10900.8654492919,26.2211719170552,7.07583279904245,7.15551457737979,10.8512508608257,36562.4521392636,20091.8237724783,531.340345174264,0
2738,11460,5.62811314098217,3647.9985066793,25.9466667567653,14.3298091639809,14.7606089457083,22.0501734768014,32228.0225865116,16901.0868571433,-51.6432583618334,0
2738,11461,5.57867977751383,5278.4739232462,27.9649664970018,11.3186138972092,11.5927412629308,17.3984218784603,31083.5475310131,28986.7673477618,-751.436802702258,0
2738,11462,6.73568777329681,7481.86810111694,28.5583119760554,9.04855828520455,9.21485232267203,13.8943983537526,31414.7555955779,25760.0053782927,208.049403611594,0
2738,11463,5.96238094914682,7654.03104055686,28.4756868522622,8.91446101376691,9.074471024662,13.6874300775997,33952.4208209909,26628.523086215,-294.928827107513,0
2739,11464,6.25665575373592,11069.4744792919,26.2211719170552,7.00978448658741,7.08721125887568,10.7495421599432,36555.8225403387,20092.5087443728,496.81946960671,0
2739,11465,5.46381172023062,3873.45740924619,27.9649664970018,13.9452040904893,14.368788297413,21.4595551645203,31061.5850665525,28998.7233350899,-705.423225743693,0
2739,11466,5.90282226972769,5076.44411737496,27.8469754579688,11.6075879268935,11.8963818780872,17.8447345262056,34619.0803034647,27644.5884069838,537.57036440432,0
2739,11467,5.56739195311537,5163.94170959559,28.4204844729504,11.5150962181664,11.8023143880971,17.7027440521684,34005.6841058542,26564.9731068958,-358.65255848952,0
2739,11468,7.58256946887597,3630.28119709375,28.3715230203521,14.6230967792289,15.0918146910371,22.5094898976924,30831.2978128768,25164.0762307768,202.567407796176,0
2740,11469,6.25329641926069,11388.5053102416,26.0539040740501,6.88458256802817,6.957293230755,10.5566194277673,36549.726723336,20086.7394476899,510.480410012115,0
2740,11470,5.53656811714079,3395.99266674725,27.7378082446369,15.2497467550302,15.7530676312651,23.4780973344062,31070.921000796,28993.5989167352,-727.128238664358,0
2740,11471,5.98310200997215,4653.96265602578,27.7786088480429,12.2964231922664,12.6224717369908,18.9092526902315,34609.1029825164,27669.3253814758,529.992136788064,0
2740,11472,5.44945776110897,4626.09575606049,28.27994630572,12.3842996652736,12.7185172334675,19.0459977378646,34031.8404793513,26552.1393757036,-335.188968771832,0
2740,11473,7.41866232186513,3865.50799547791,28.0982379874898,13.9773053589237,14.4038569771402,21.5095030201854,30865.6828837029,25130.328406049,234.912750917722,0
2740,11474,6.29347811044692,1908.44504328885,25.3674419932088,22.6264474066473,23.628431421195,34.9054153876511,29914.6352000747,17442.1845248458,532.940359408305,0
2740,11475,4.73107974178049,8717.99468690518,26.8641145792316,8.14797604121182,8.26957321313656,12.5037272277162,35981.5600995659,20401.4182864847,-1364.70488254993,0
2741,11476,6.15254987649659,4174.85310402578,27.7786088480429,13.2330006123423,13.6126557731414,20.3574386665813,34605.5864112966,27661.1320669065,508.349581459648,0
2741,11477,5.44495766501433,3299.10029274725,27.7378082446369,15.5610332435689,16.0844516409046,23.9600512169762,31066.8283889104,28983.7337534971,-736.419232475767,0
2741,11478,9.18765921231805,8037.88686147544,26.2351945426458,8.54823523054999,8.68351180953264,13.1200922558313,36315.8484632572,20601.246391207,-1118.87389116858,0
2741,11479,5.59901285463316,4027.89162206049,28.27994630572,13.6047034935585,14.0100434308246,20.9333994226773,34033.3893138284,26561.9819343366,-370.980631506899,0
2741,11480,8.06214535886904,2947.75065347791,28.0982379874898,16.8909088993852,17.506326606992,26.0207424382877,30830.9791267398,25147.0771445305,272.156807481544,0
2741,11481,6.24958189580396,2089.41414089086,25.4162555773223,21.1750542778448,22.0672637510684,32.6538165357917,29916.7794186546,17425.5365894427,486.261529806365,0
2741,11482,6.38096212329957,5519.60248888604,26.9369076403303,10.924650115729,11.1725464487304,16.7882326837969,35325.1587898128,20880.679416509,413.018600011125,0
2742,11483,6.06386726218867,9353.92272568889,25.7773850482946,7.75922354092919,7.86186675705138,11.9035093706853,36426.6804965789,18389.1622466639,181.526175014189,0
2742,11484,6.06018278550509,5170.09791402578,27.7786088480429,11.4628612050054,11.7435305456987,17.6209930481419,34621.5334410134,27648.4978815784,530.673745657431,0
2742,11485,5.41574646153894,3696.63099052625,27.7078956565054,14.3758594343137,14.823862167875,22.1253916620302,31063.0596745076,28999.2101173135,-723.205478452049,0
2742,11486,5.57591806030282,4236.65405006049,28.27994630572,13.1436832210656,13.5216310858316,20.2202698881657,34027.8163527008,26568.4694528202,-376.179243667554,0
2742,11487,7.1347061231499,2284.11995112481,28.2714489854923,20.3347034546338,21.2000038897483,31.3602661121794,31426.400976101,25748.5934629815,179.875183094449,0
2743,11488,5.97831482407794,4991.87407503629,25.3512878686293,11.5600679503834,11.8308840314218,17.7670452374644,34672.6267345162,15645.117794146,197.556254681552,0
2743,11489,6.22762045705852,7330.65841768889,25.7773850482946,9.03939260428261,9.19325754764242,13.8769307472124,36412.9312537666,18379.0551513471,144.813193655197,0
2743,11490,5.79046843334614,3798.45173874725,27.7378082446369,14.1122653825589,14.544293867751,21.7175655109415,31079.8335985018,28989.3963077111,-763.679875829837,0
2743,11491,6.74827309967195,3800.18287420639,26.587471577392,13.9973011190442,14.4133177067397,21.5372036796318,36497.6542410871,26286.1929418894,986.730164860729,0
2743,11492,6.16281695990178,5906.44912002578,27.7786088480429,10.5004450297194,10.7316437238292,16.134391071512,34611.9771359917,27666.3326845177,515.489463177764,0
2743,11493,5.77876967560036,4637.41712006049,28.27994630572,12.3639382527877,12.6970078171557,19.0145186069259,34033.5186964616,26579.4179290403,-359.867308987266,0
2744,11494,5.99952662128691,7233.34521823026,25.8207733660271,9.11844551664717,9.27589646985462,13.9989099920187,36416.0366544871,18388.3067301578,184.866990092323,0
2744,11495,5.36836089757603,7135.4956729219,25.292011610463,9.17200183451885,9.32931690390808,14.0808376295698,34953.035223157,15514.2436087752,-290.889315049017,0
2744,11496,5.63800035410918,2721.49046874725,27.7378082446369,17.8318366433005,18.5088529979051,27.477784239402,31079.3315596881,29007.4785913334,-729.659567926105,0
2744,11497,6.8667728819169,3947.31655420639,26.587471577392,13.6390893539746,14.0337967938556,20.9830965478488,36494.1468167116,26269.5578937718,971.896074042457,0
2744,11498,6.17889870642571,5379.34491402578,27.7786088480429,11.1657060774432,11.4307569486034,17.161896437389,34615.4932459521,27659.2357155262,510.428716485095,0
2744,11499,6.36293222413986,1507.65698401195,26.1699890200103,27.2425627039145,28.6300913349832,42.0767353205239,30538.7200791199,18750.768442687,447.2869579749,0
2744,11500,5.88193209384532,4576.11876206049,28.27994630572,12.4752590261908,12.8146209161835,19.1866269973968,34017.7998709125,26565.9382593988,-346.332023284591,0
2745,11501,7.5264392677426,9524.02281149492,26.7508095639932,7.70717833966285,7.81132136477925,11.8242730011278,36445.0384835994,26390.1645067538,1268.15854839952,0
2745,11502,7.29463031456202,3604.88310508607,25.1248559823419,14.3613661011643,14.7870671295562,22.0970659318245,22143.9211453053,23817.4170684239,1070.43846465246,0
2745,11503,5.40224279777299,5500.69256611062,28.0819687746593,11.0216399073839,11.2809162507363,16.9398140929963,34517.74009493,24615.7147268434,-329.477288494427,0
2745,11504,6.29669962640953,7735.55782013071,25.5394544336013,8.72665098134821,8.86633859866927,13.3943699374255,35602.2334833356,16644.57524313,412.608261418482,0
2745,11505,6.21764803768166,2401.94686041409,26.1268288988635,19.2536343226986,20.0137730218037,29.6767202634596,30474.6403122093,18750.1904921245,479.095487602494,0
2745,11506,5.75803958208868,5941.26821606049,28.27994630572,10.4890387094293,10.7222707584435,16.1174957685082,33995.6084005238,26567.3151768524,-304.827466035498,0
2745,11507,5.46155832327063,5690.53604424026,25.2163671942755,10.6016235454615,10.8237478011173,16.2867335865099,35016.2407521723,15508.9935095594,-340.21629720187,0
2745,11508,6.00904591853747,6794.10394630204,25.7243306040522,9.48483086011134,9.65785769549242,14.5639555968069,36439.5825058957,18383.5682928045,138.988125160903,0
2746,11509,7.86949445252816,9876.51578989329,26.7308370765976,7.53500296650494,7.63266761859861,11.5589721036513,36396.9608921576,26409.6499004355,-1414.54356998147,0
2746,11510,6.10160572731943,7472.91979613071,25.5394544336013,8.91901524332487,9.06671441719907,13.6909921598427,35655.0512372482,16652.2829328245,434.842467535291,0
2746,11511,6.03693747067689,8801.79698368889,25.7773850482946,8.05797933253877,8.17194203251882,12.3638763801078,36393.9849549267,18369.5041402643,146.078102179856,0
2746,11512,7.52457511801173,3859.21732708607,25.1248559823419,13.7098975924332,14.097169030542,21.0894176866182,22138.6452749329,23831.1258803176,1068.43823871692,0
2746,11513,3.81291428084601,6815.02345534885,25.2245864826062,9.44060845116365,9.60925824595272,14.4950641059427,37002.4810904295,26328.8784385033,44.7569943812546,0
2746,11514,5.35718420881945,5693.25545606048,28.27994630572,10.7866636288328,11.0349364012577,16.5771532955522,34054.3651661824,26550.1161138249,-308.087028002044,0
2746,11515,5.51361982214105,5849.9422432484,28.1033826556943,10.5857241890648,10.822884415008,16.2665541803236,34441.9027390133,24702.7538405386,-189.397096328423,0
2746,11516,6.27444961278972,1704.64767268002,27.2882877224318,25.0800869897881,26.3063116167044,38.7225652710191,28717.3858742617,25937.7803307507,526.972341572378,0
2747,11517,7.55264658715514,10851.9371998933,26.7308370765976,7.11066878533005,7.1931331044432,10.9053372685193,36411.6954730848,26449.0339156075,-1389.156376803,0
2747,11518,6.21639157234813,3446.79414268002,27.2882877224318,15.0449227520792,15.5313410658825,23.1599623408337,28673.503971403,25945.7677993109,490.459681704152,0
2747,11519,6.37093608591764,6416.25801847097,28.2299863454071,9.9734399375724,10.1811426163672,15.3213389466483,33983.7898668291,26903.9962753053,617.424980183133,0
2747,11520,7.48555821314027,3478.72627743283,25.070903060185,14.7102931669792,15.1565745791267,22.6367618741282,22131.4652805759,23827.469167048,1080.29226364666,0
2747,11521,5.3669713683634,6433.89938606043,28.2010878643979,9.95416508703225,10.1608036183632,15.2915454849225,34270.0215737027,25143.6627344236,-202.71709299502,0
2747,11522,4.68165110870904,7527.02987865787,25.1916336133741,8.86244670469888,9.00623221142633,13.6033331349602,36944.2834268402,26256.4131783434,-100.71161233481,0
2747,11523,5.93653743695908,2423.69016330409,26.5405572413183,19.1956702193485,19.9565377989381,29.5882086824816,36856.5479884535,25024.8177622437,-530.194482015653,0
2748,11524,7.29549236696791,11409.9990614949,26.7508095639932,6.89655143735485,6.97173467826311,10.5756231899218,36378.3013757496,26227.4683563318,943.0955499627,0
2748,11525,10.6123410819792,11455.6917263462,27.8231340661683,6.90980466217324,6.98855855788311,10.5968971850038,35137.0724153819,25961.5293417149,-771.989836239432,0
2748,11526,5.53191632130008,3713.11649015596,26.7954708906582,14.2419361354465,14.6744014064085,21.9161443961346,32046.5378201,32192.0300488168,-24.7327310491947,0
2748,11527,4.70797520710202,8503.12042833944,25.3222724668615,8.21518589794209,8.33346557328101,12.6056688318093,36946.166146963,26293.4375820552,-125.038220729146,0
2748,11528,7.39853931489129,4027.14355108607,25.1248559823419,13.3204691671322,13.6853429772457,20.4872330944901,22135.7122537243,23830.4951111699,1060.00918042577,0
2748,11529,5.78664427347811,3323.07410068002,27.2882877224318,15.4324670723682,15.9436187596756,23.7599043825268,28677.4679200228,25954.9561306798,491.334187926087,0
2748,11530,5.55508821754164,6299.33746435087,28.1855775221327,10.0909417546535,10.3040994228615,15.5026781489759,34277.2676545174,25117.8843479152,-257.347717381676,0
2749,11531,6.96150978267731,11654.0691674949,26.7508095639932,6.8081672943474,6.88038576960514,10.4395338365878,36387.9885849628,26249.6691828984,990.166152890914,0
2749,11532,5.67111240177222,4776.95026415595,26.7954708906582,12.0103048861818,12.3142568985267,18.4652624535613,32031.9204610008,32189.4391494872,-20.769341140658,0
2749,11533,5.48753603380917,7271.52614006043,28.2010878643979,9.19899078403521,9.37051614623781,14.1260755070746,34295.2807684985,25123.9191332217,-268.314824944559,0
2749,11534,7.5746369573711,3994.25873308607,25.1248559823419,13.3944177145126,13.7635108008487,20.6015726388036,22154.8457198695,23837.981066004,1055.28388650787,0
2750,11535,6.97589809971242,12180.3821512247,26.5422879728215,6.62235768423669,6.68789187443449,10.1533083268407,36346.0606851006,26223.5420918649,912.569055970418,0
2750,11536,5.68335911524206,5244.66538124026,26.7846584765102,11.2881110161645,11.5537324825944,17.349390532444,32037.517671663,32192.587273018,-40.9713642234205,0
2750,11537,6.99797809887618,5591.33305522757,27.3308119451193,10.8570758498819,11.1037585178337,16.6844775935914,34278.6028970667,29003.1480480514,1043.96385692788,0
2750,11538,5.75473337973026,7275.52755283685,27.7708789130012,9.17598165590443,9.344618414426,14.0900619466059,34547.1663231768,24911.7295319635,210.449835811129,0
2750,11539,7.312836085718,4101.78464561068,25.0949700683067,13.1538526434795,13.5090482643349,20.2295625428582,22135.4538887585,23832.1161374898,1041.40537719548,0
2750,11540,4.8840065125093,2800.22369815587,26.3109723096515,17.2779819046365,17.9018790148004,26.6154860661798,36799.4818101231,25139.5419908816,-413.03745296703,0
2751,11541,7.32967504829972,8128.92648922757,27.3308119451193,8.53315029047241,8.67221786937017,13.0980555418308,34286.227403291,28973.2458393204,1022.79197355527,0
2751,11542,6.47381221360591,11118.3584660422,26.9865737833879,7.01334192793389,7.09321248038554,10.7556646567999,35663.3477943997,27658.4521432877,485.037922273737,0
2751,11543,5.50388193403273,3673.77106124026,26.7846584765102,14.3454570742562,14.784145148205,22.0762954843379,32031.6806294164,32186.1289853085,-8.24149059322935,0
2751,11544,6.820707834176,9917.1225472247,26.5422879728215,7.50966185836644,7.60576212139159,11.519755168533,36410.1756936588,26216.5443613065,720.92372577862,0
2751,11545,5.77729845572598,5727.72543090629,27.8185749020877,10.716283025094,10.9585076428569,16.4677682542799,34520.1079639666,24874.9429455644,185.793138052887,0
2752,11546,6.27617404776161,10822.8978725775,26.9007669778765,7.12746008348703,7.21103460637904,10.9313433564776,35711.0263437306,27527.6504582972,488.085039452326,0
2752,11547,7.145457096857,10399.4546732276,27.3308119451193,7.31783703119089,7.40953172139764,11.2249565444403,34278.998418902,29000.9989678964,1026.67188888643,0
2752,11548,5.83789162939668,4425.98883090629,27.8185749020877,12.7226218152683,13.0730022206847,19.5682471214297,34522.6759448572,24890.0343666943,192.285869091264,0
2752,11549,7.12275370480896,4901.45915105453,27.6697053690847,11.8694032022976,12.1712470177677,18.2490350416776,33888.2030830439,29706.0278750929,-216.562546972435,0
2752,11550,5.89058788818726,2507.12081603519,24.441221213939,18.4023230910299,19.0822160541565,28.3516941883025,33812.3122802828,14034.9068208256,206.470066274371,0
2753,11551,6.15744910304296,9426.62568057752,26.9007669778765,7.76175388691653,7.86848293094312,11.9085147375172,35704.7018528485,27534.5402510208,500.082978010885,0
2753,11552,7.05248957424056,11769.3837692276,27.3308119451193,6.78331898401199,6.85636497595681,10.4017346135508,34263.2891706309,28960.3628318004,1051.60192645355,0
2753,11553,5.45283923652164,3591.16832868331,27.7498179655482,14.670473749642,15.1371559998877,22.5814387842104,34545.9625540919,24900.1717403893,210.833065809564,0
2753,11554,4.80790310206363,6655.72548344477,27.7220165052133,9.71369542286914,9.90667356666017,14.9197407396016,33712.4431668558,28751.6775064981,6.02393055724566,0
2754,11555,7.28695970484673,7811.81816722757,27.3308119451193,8.75065437291341,8.89888480917735,13.433471566877,34267.8774235307,28980.0306613279,1050.11607323923,0
2754,11556,6.33717994388088,6763.77038457752,26.9007669778765,9.57204130961883,9.75461062115065,14.7000669945985,35688.9667743439,27524.8889913374,475.196512324901,0
2754,11557,6.82194487840084,6678.13832842351,26.5822330063163,9.6343524487142,9.81824642198667,14.7957977233961,35106.0757661664,28368.8624734934,443.956045226318,0
2754,11558,6.40230290337308,2677.90429068331,27.7498179655482,18.0411603712506,18.7330402414398,27.8022453623315,34603.0319710944,24929.0371422429,114.076956276459,0
2755,11559,7.13316864895849,5097.64229122757,27.3308119451193,11.5400054835074,11.8220960340055,17.7394520833541,34264.8899242931,28994.6117154795,1044.92399290489,0
2756,11560,5.81095017262822,5370.55038343907,27.1739108952481,11.1385230264844,11.398699649276,17.118948195561,35623.7259225756,24610.2760100032,96.4439336490131,0
2756,11561,6.79274325716862,3865.28759122757,27.3308119451193,13.9060465858403,14.3224046705625,21.3976345684184,34270.5790777537,28988.1147454474,1007.20680446298,0
2756,11562,5.49125843220267,3704.00517826468,28.2291634210293,14.4071143906199,14.8611782873419,22.1748963897287,32410.7162089469,25697.2291941088,-338.870695062187,0
2757,11563,5.79023843905203,5835.29858240558,27.1536509286916,10.5470446337545,10.7772431153299,16.2054336708761,35625.6761393952,24592.8667635476,80.7870975847539,0
2757,11564,6.03619741253059,4540.778994155,28.223818458679,12.5363078027936,12.8787690734425,19.2809150658284,32387.393741674,25686.4716119279,-243.103497626085,0
2758,11565,5.74651988399308,5308.51532926053,27.058156180958,11.2165422481286,11.480074037121,17.2392801389069,35649.7725896259,24616.0515845025,29.9698988571895,0
2758,11566,5.65624697774034,3750.111672155,28.223818458679,14.2840552506554,14.7304324616441,21.9844393071512,32418.9175822086,25676.4949813576,-261.08294592581,0
2758,11567,6.69588131396311,2382.75626224738,26.7041905084633,19.460581835047,20.2425699714366,29.9994714456654,26600.8867789379,31041.1755010969,853.690605038334,0
2759,11568,5.98792915039898,6009.12817543907,27.1739108952481,10.3482687654042,10.5688182328285,15.8985492438038,35625.2592590279,24601.2064986956,51.3783038038561,0
2759,11569,5.86554225247919,4301.74676626468,28.2291634210293,13.0040062148098,13.37342967593,20.0041481376622,32412.5600340218,25702.5766042783,-271.565634111504,0
2759,11570,6.46088823589577,2636.42753916535,26.7452170978606,18.0988872895858,18.7840867449207,27.8887542033075,26630.6919698932,31047.7942410971,888.87544618567,0
2760,11571,5.85598122892582,5810.19263502144,26.9490422872701,10.564551816031,10.7945133309865,16.232162269015,35660.970725178,24609.596601081,43.8345876227933,0
2760,11572,6.75818467453474,2961.78329205999,26.8652283651502,16.6777459905043,17.2667512831317,25.6872249890038,26603.4741211029,31076.6931673261,805.606182343506,0
2760,11573,5.61284483148215,4714.20168488075,28.2465335521899,12.225668645619,12.5507653273487,18.8007022781475,32413.9297867345,25692.0282874905,-279.273573036161,0
2761,11574,5.87819373992469,5711.14171302143,26.9490422872701,10.6839180035199,10.9197962802959,16.4164820331503,35653.713496059,24621.9905781639,90.6208502906492,0
2761,11575,5.55971364095393,2589.0862992706,27.3544026185019,18.4259053078415,19.1408333685532,28.3974403157968,28800.6675136603,25183.1103175629,-169.401695104144,0
2761,11576,6.80536899366319,2236.42306005999,26.8652283651502,20.4077553570125,21.2614893106915,31.4688778313883,26601.5301259171,31024.2897977341,874.769138162921,0
2762,11577,5.8944281165193,7184.10843702143,26.9490422872701,9.2118939406813,9.37850956394044,14.144464725323,35657.3034825997,24613.7521477608,45.8276687406414,0
2762,11578,6.39166065769786,4663.35787005999,26.8652283651502,12.210187630957,12.5254928491077,18.7743087785869,26601.5263247609,31051.2198478147,819.286055289033,0
2762,11579,5.34261060089092,4139.4744132706,27.3544026185019,13.2730142889296,13.6519594611881,20.4184830379034,28817.706310975,25201.5993097479,-186.776908188803,0
2763,11580,5.67027113284578,8029.45119091747,27.0624708811112,8.58860449241824,8.72891241836994,13.1832688117533,35635.7586365271,24612.2797955543,72.2423309761544,0
2763,11581,6.31732588350957,4612.52186205999,26.8652283651502,12.3000724535037,12.6203219050117,18.9132385810097,26608.0817109943,31040.6817823139,849.556454499786,0
2764,11582,5.92299824431766,5095.05936691747,27.0624708811112,11.5253358533559,11.8050270905192,17.7163385791749,35637.0519718701,24606.7602850306,85.4107044679297,0
2765,11583,5.66230715182879,3869.41129609818,27.0335293753975,13.8679108089048,14.2796754381641,21.3380029576821,35626.3669590997,24600.380896248,69.5324308281326,0
2767,11584,5.51842842742129,2139.63769753859,26.2214223970129,20.9613319819437,21.8482833361663,32.3252716758822,32842.9848465339,19321.3308615835,-310.284384710144,0
2768,11585,5.29983680485262,3682.03037353858,26.2214223970129,14.2667326141699,14.6960067535374,21.9532157587948,32804.7924712803,19292.3100576376,-303.995240867076,0
2768,11586,5.80051987229834,2568.62037278887,27.6354580744125,18.573337066404,19.3018546313988,28.6268265722735,31616.3731050449,30482.9299832763,447.738812091739,0
2768,11587,10.1605022244162,5223.2444908652,24.9864267484784,11.1954149754225,11.4453688138008,17.203196481319,22254.236167479,24170.9732847021,-1134.24918343078,0
2768,11588,5.59318893381168,2406.30824255351,26.2620424642502,19.2505026644822,20.0120291861784,29.672309920387,30802.7550857207,19975.0379946228,-86.6660511270155,0
2769,11589,5.96642179221651,5164.09813478887,27.6354580744125,11.4620171748702,11.7417959061046,17.6194555257898,31603.6314125947,30474.5538049194,447.505451834108,0
2769,11590,5.84274575317481,3016.57427657532,25.3212883893937,16.2681712209005,16.8147971344116,25.0487054302456,36234.7572950791,18256.726571895,41.6733955297745,0
2770,11591,6.11168033936717,7419.56340071509,27.1818444183387,9.0351099230641,9.19498010027013,13.8720386354587,29820.6829530717,32569.8233530306,626.229867966614,0
2770,11592,6.24486662761734,3664.90034578276,25.5314516644425,14.2420891859564,14.6641196095965,21.913503729079,36078.0248999714,19582.4819468254,657.575581735925,0
2770,11593,5.97492943392968,6452.39461745689,27.6338006402575,9.90581961586869,10.1074169664694,15.2161613705313,31598.0487365484,30477.8722190617,448.319453262605,0
2770,11594,5.41842027778306,842.087546435025,26.1503587676003,43.3126744572469,46.1556234763464,67.0751122535325,30753.2358722566,19985.2966251327,-89.2239777953183,0
2771,11595,6.29122752934177,8259.92137871509,27.1818444183387,8.44153067888701,8.57621652533079,12.9566229555553,29827.5746244945,32576.9448655158,657.727684153475,0
2771,11596,6.006612987097,6777.43229945689,27.6338006402575,9.59646594299467,9.78358568767654,14.7387062868136,31584.7708635102,30483.7842936697,477.477437656133,0
2771,11597,5.40550290881061,1832.67217441509,26.5421333029414,23.5801944879107,24.6741888914961,36.3904988277874,27485.1447783464,22555.1105856892,-337.228801285101,0
2771,11598,5.51607639475662,2116.49775871615,26.1065904466715,21.1075592102284,22.0039936079232,32.5516837023895,30765.3697339197,19977.6481068579,-39.700017205369,0
2772,11599,6.26126560620316,7616.14545071509,27.1818444183387,8.88609847240164,9.03950848340968,13.6421958577395,29825.7597656318,32583.0373185089,627.107733056135,0
2772,11600,5.77269223312176,3875.50585380416,27.6815332900662,13.913740877781,14.3332566676585,21.4102805000038,31594.6455503771,30455.6704538599,490.564792625198,0
2772,11601,5.32470676921001,2714.97022187558,26.824446664841,17.7343905141405,18.3950359683918,27.3241342454725,30175.9010451477,21947.9738722075,-364.334641151399,0
2772,11602,5.82110641482333,2802.90495173171,26.0900046850854,17.2359211199205,17.8546470393055,26.5496883452854,30730.9759627746,19990.4217405929,-101.272013400483,0
2773,11603,6.26647446009164,8472.47227871509,27.1818444183387,8.30766636532059,8.43687882209508,12.7502345728681,29826.9392152022,32572.0067626449,620.09837894483,0
2773,11604,5.54463887636669,2790.46185985189,26.9419391416346,17.4073865246087,18.046689188664,26.8177812535236,32981.552586603,22201.3501989969,-653.973540452135,0
2773,11605,5.35674530875203,5839.99628367377,27.0412674880965,10.5348238497118,10.7638158278884,16.186396936732,31427.7883235762,32361.8666553483,-174.27052253777,0
2773,11606,5.32757294686269,2786.66485187558,26.824446664841,17.4081717268736,18.0463116766513,26.8186626710865,30155.5182037207,21981.8189904711,-338.910381385337,0
2773,11607,5.90028404050278,3031.30361671615,26.1065904466715,16.3122552951106,16.8695636159477,25.1191175446715,30789.9535489227,19972.6119933893,-33.3287662409894,0
2774,11608,7.72036666663695,9352.29182066094,27.2319014374861,7.81169565612469,7.92149022557977,11.9857976110162,30782.5800712816,32113.3046761973,1066.9695951481,0
2774,11609,5.99821479512307,2182.12564683207,25.7185132675007,20.569595862103,21.4207320256394,31.7158525079703,24019.5729549523,25193.5465764126,219.474992623422,0
2774,11610,5.63388346925114,1592.71255214346,27.8416997857718,26.5551352559623,27.9123808369654,41.0163001932583,29232.6870666476,26996.8392959528,-427.955905658414,0
2774,11611,6.14730447158073,7948.22007686332,27.3354980211204,8.65545063167455,8.79966477700569,13.2866550718813,29816.3248462989,32585.2585583461,634.681715757088,0
2774,11612,5.56509736840692,2793.61317243503,26.1503587676003,17.2848358641315,17.9075129561396,26.6256398444153,30740.4631566172,19996.1598861688,-94.360042669385,0
2774,11613,5.16909786030941,3057.71680787558,26.824446664841,16.3023494379974,16.8659701393162,25.1056954226532,30159.9069061513,21968.070638312,-330.568922765359,0
2775,11614,7.28736102819386,13099.1346806609,27.2319014374861,6.35447924245439,6.41334888323489,9.74148671141238,30792.7132948586,32100.5277666032,1076.09177384882,0
2775,11615,6.06178810783599,2777.57653083207,25.7185132675007,17.2953885980329,17.914199060849,26.6407254923656,23991.2596018258,25177.9921150622,211.02697603423,0
2775,11616,5.50833713038733,2115.57109643395,27.5990050978164,21.3938909191524,22.3315223704483,33.0012744035299,28223.3844202773,27584.4318888958,-329.99173749812,0
2775,11617,6.09844916327025,10354.0100208818,27.6058691748368,7.34622310443468,7.43981980686613,11.2689272861986,29687.5954113966,30983.753115585,-307.532528896071,0
2775,11618,5.29149191879096,3087.76027187558,26.824446664841,16.1907470836599,16.7470046232853,24.9328619556302,30153.3775600256,21957.2108036855,-340.314972229431,0
2775,11619,5.9953895395062,2411.13168243503,26.1503587676003,19.204485964632,19.9613716857647,29.6006032783155,30755.6291792926,19974.7521708454,-85.5941432026038,0
2775,11620,8.78752815434263,8979.57967039654,26.6273855185669,7.99005078809128,8.10456818853844,12.2600692772078,30882.4161489655,32461.1611105039,-960.027052341745,0
2776,11621,5.78779472677604,7815.14566158116,27.1110598358353,8.73886719674078,8.88569264793875,13.4150428931653,30417.1249559848,32571.6312093604,203.052972870849,0
2776,11622,6.19329178138557,5054.70955654826,27.6878585011836,11.6297541129934,11.9187798675082,17.8787231456158,32297.6124980266,29834.4878662552,422.605577399308,0
2776,11623,5.68782212754623,2442.78133083207,25.7185132675007,18.9551171570744,19.6890353987207,29.2126200375,24003.5830121009,25172.4055160595,233.361410898524,0
2776,11624,5.40693245313914,2866.66328387558,26.824446664841,17.0618937443162,17.6763999933912,26.2821803687115,30144.3174308383,21942.774651533,-339.50352237231,0
2776,11625,5.46659899721462,2012.3411995535,27.594113910543,22.2015792491441,23.2016779735431,34.2546555209171,28210.6368383622,27584.5492467445,-287.431518101329,0
2776,11626,5.77121432159168,2467.98866671615,26.1065904466715,18.8775698311242,19.6105552225363,29.0936786433166,30725.7780955096,19990.3582918141,-100.082894296373,0
2777,11627,6.00008075346452,8073.80770020663,27.7675594683592,8.58787505274471,8.73096398040413,13.1829225499272,32277.6770899523,29847.3508218548,407.062114002307,0
2777,11628,5.99292143281111,2705.55151083207,25.7185132675007,17.6205177210789,18.2614163244715,27.1444140094014,24015.0960618697,25157.895191252,218.580532338683,0
2777,11629,5.35374316322064,3222.38318387559,26.824446664841,15.7140365848304,16.2391806463577,24.1946954403275,30155.7790521497,21974.3905481228,-291.922992789434,0
2777,11630,5.42270858602711,4578.73332558116,27.1110598358353,12.3800080776673,12.7063222335816,19.0372503435622,30506.0927833214,32604.4405231792,208.925671345029,0
2777,11631,5.26360739420552,1508.4523975535,27.594113910543,27.6236420752028,29.0673013007195,42.6755095618773,28250.6109241172,27590.2518180674,-309.941329247414,0
2777,11632,5.69324730125127,2525.05803271615,26.1065904466715,18.5699880302135,19.2811715308869,28.6169235116044,30735.465269838,19999.2220227323,-91.2529112470268,0
2778,11633,5.75769781849985,5771.26984113815,27.7204607465209,10.6573337483083,10.8960634183005,16.3765833837157,32268.0090673391,29854.3481265012,393.067667864173,0
2778,11634,5.77348998115851,1774.42205744704,27.0315504316338,24.2712147380131,25.4277856655697,37.465367648679,35285.4765869414,25046.1887649031,-98.4542467482427,0
2778,11635,5.77482990757006,2474.03622483207,25.7185132675007,18.7827223770182,19.5044194214525,28.9454058188326,24028.0989776047,25186.391761896,263.623793592797,0
2778,11636,5.52637656891584,2852.80892987558,26.824446664841,17.1205871365964,17.7390804477111,26.3731077969189,30135.4972031332,21950.6863066223,-308.215838201319,0
2778,11637,5.50057778440426,2458.31137443502,26.1503587676003,18.938012986876,19.6758185149484,29.1875139203698,30765.1990335461,19985.1938272353,-148.666731701504,0
2778,11638,4.66014175211248,3605.83493151891,27.5731000354894,14.6112611859794,15.072799521685,22.4893981545794,29201.6363979285,31830.1742920338,-398.401517328983,0
2779,11639,5.46049600234065,5193.4870781578,27.5094056520223,11.4104901694052,11.6868011712491,17.5396381469705,32919.140558899,30127.1330856425,-122.033847937841,0
2779,11640,5.46621649720472,2352.93494744704,27.0315504316338,19.6935404330734,20.4964406587534,30.3617741130062,35275.965867384,25046.3707274889,-52.8107876495919,0
2779,11641,6.07543959075618,2539.58560083207,25.7185132675007,18.4338956490707,19.1310471246996,28.4047704817147,24017.6072032623,25199.2583659481,245.765326921363,0
2779,11642,5.57446626019009,4557.42149625433,27.1749019191276,12.4238281981137,12.753008300456,19.1051061509058,31167.9098964105,32222.3995371335,855.501187235356,0
2779,11643,8.73291394178985,2456.70682189547,24.7133759769547,18.7152801422657,19.4201922412802,28.8375616923901,23920.557201338,19682.4088957121,-1432.96972182916,0
2779,11644,5.35030857425506,1244.52139973171,26.0900046850854,31.5919479771714,33.3525829160902,48.8365716212309,30774.6029726554,19991.731919902,-43.5408215506499,0
2780,11645,7.16492423829679,4246.50604261389,25.3983132094356,12.8773429290024,13.219311219924,19.8027245823419,35316.6817919318,30945.9070757714,1060.21888893731,0
2780,11646,5.54280994104411,2102.77001862705,26.5575421836564,21.2943005036838,22.2108185808554,32.8430267162363,35264.671403263,25057.1652498637,-90.5372960875827,0
2780,11647,11.1313287710396,3935.06190657089,26.3566945665916,13.6464725281696,14.0398295628611,20.9940242021471,33921.156310379,30800.2496130108,-1078.23475731634,0
2780,11648,5.41459584982807,1365.27611926254,25.9254294670782,29.3350022137116,30.8959388599865,45.3271049565872,30721.3746575585,19980.6618316511,-41.0910390501215,0
2780,11649,5.75058768750236,1531.12791022543,27.1743258711762,27.194536258569,28.594908303106,42.0067984826613,32964.4362798376,30138.2416716467,-149.528812884915,0
2781,11650,7.18519949368691,4473.66018061389,25.3983132094356,12.4357603907206,12.7533682789679,19.1201765178192,35313.4495249363,30945.4970403222,1072.35559031394,0
2781,11651,5.51474504983333,3062.88335862705,26.5575421836564,16.2500905063775,16.8077006465184,25.0240585613846,35259.6140760611,25044.858314316,-97.1396180236927,0
2781,11652,5.62871420449586,1991.57421642597,26.0379988198319,22.0613252275341,23.0293779267267,34.0311521398105,30666.8036329123,20214.3220250889,-95.8267271860051,0
2782,11653,6.12411002885171,8196.15226002779,25.8968711529587,8.43006765042238,8.55916395561322,12.9375309845661,36174.5771844502,27147.09251245,682.500914994122,0
2782,11654,7.20704195407702,4462.05247861389,25.3983132094356,12.4573521026739,12.776137128395,19.1535466992705,35324.1705522395,30945.8449035476,1085.87899230464,0
2782,11655,5.69621834175906,4903.94859462705,26.5575421836564,11.7850449986997,12.075370479586,18.1167496226509,35287.3406302529,25068.281060395,-100.261494977886,0
2782,11656,5.34686713400084,1306.98411042597,26.0379988198319,30.3854141423776,32.0393435795695,46.9604649965586,30672.9936535061,20218.078619822,-81.3126949490129,0
2783,11657,6.27685661951092,8314.49795802779,25.8968711529587,8.35463605242821,8.48070822847234,12.821249109886,36179.7939547492,27145.5111606901,653.499872339755,0
2783,11658,7.32109379073555,4651.56030520114,25.4782746956719,12.123156523233,12.4244328298814,18.637240284758,35329.2213233507,30944.0474595372,1105.62749897946,0
2783,11659,5.78174010970648,5169.16366062705,26.5575421836564,11.3811405743311,11.6502214951314,17.4927240431224,35277.6204022721,25053.9013126974,-92.0484660095758,0
2783,11660,5.4208132215969,1715.39020242597,26.0379988198319,24.6626505761244,25.8356513973795,38.068978122975,30690.3671853739,20229.5436499971,-84.196357218321,0
2784,11661,7.50774272254814,6562.99861120114,25.4782746956719,9.68415860642828,9.86489139650937,14.871149289515,35292.4058418915,30936.5214502246,1132.64021957411,0
2784,11662,6.32432979672212,3852.74466906073,25.9171691440142,13.8022646335936,14.2013317770593,21.2340341376243,36177.7387508938,27122.9882943985,644.765504803646,0
2784,11663,6.71483810750232,4567.44874595469,24.2435168223772,12.171474705831,12.4666893304724,18.709517096443,35355.5869452081,30942.4562440723,1066.56344374616,0
2784,11664,5.56539839974148,1730.50003842597,26.0379988198319,24.5002181248581,25.6601387016023,37.8167677810875,30704.1644494342,20187.1810982216,-10.7763914786828,0
2784,11665,5.95819515602262,2118.02617649308,26.6473730908409,21.1981917977872,22.1085975008311,32.6942491632972,35298.3326652474,25046.7543113896,-46.0752472607992,0
2785,11666,5.77549219711121,6358.64806770698,26.2727201659317,9.92644249366458,10.1222673704876,15.2461278640938,34469.6286976175,30398.7906667022,284.371808862814,0
2785,11667,6.54118291491359,3704.2263847597,24.8648811456141,14.0708030556898,14.4770196578228,21.6469964774156,23923.7668907881,19831.8459106692,899.732915648748,0
2785,11668,5.50174880186894,1692.70342242597,26.0379988198319,24.9116629781739,26.1047846865572,38.4556413107546,30711.3686731283,20218.9449989337,-22.3093965303602,0
2786,11669,6.66021790665033,4124.52651675969,24.8648811456141,13.0841733642466,13.4336747552384,20.1213502222411,23910.2572823288,19839.8950906142,866.996527848824,0
2786,11670,5.30157048291923,3337.5575550915,27.118552730967,15.3668810994438,15.8723269126727,23.6579546521582,30263.113858137,23295.5105212111,-462.037694141851,0
2786,11671,5.30095986332452,1837.14993042597,26.0379988198319,23.4253805191627,24.4996677030956,36.1481171994551,30669.0721578197,20205.3535234886,-76.5679585443257,0
2787,11672,6.67491609179006,3946.82074875969,24.8648811456141,13.4783320506165,13.8501544565336,20.7307538404967,23916.6030708785,19818.9088990952,893.423325648665,0
2787,11673,5.56434356618733,4250.88585064091,26.7086229994114,12.9812136170547,13.3386244797166,19.9659535597239,27618.736191566,23134.086532871,-275.311089499388,0
2787,11674,5.65900581058106,1672.90980816908,26.2297521322209,25.1815094954183,26.3995829593013,38.8755272606351,24640.2992129447,26805.944879887,135.39087102821,0
2787,11675,6.65441908305184,3204.34137528137,24.4653183384219,15.4950703243255,15.9840192710912,23.8496020924691,23917.5160391115,19825.0050437887,901.268329929502,0
2787,11676,5.33355634793846,2535.02171442597,26.0379988198319,18.5070254428426,19.2129844521799,28.5191209861713,30700.8182806571,20216.5269526164,-137.625357954852,0
2787,11677,5.6911826971333,2178.28989340735,26.659946449482,20.7681421906764,21.6462604344137,32.0271645950935,35357.432117531,26200.0856435465,111.876456831487,0
2788,11678,5.75809132371825,4391.09393765604,26.5606892616527,12.6881298115157,13.0278905361251,19.5125302149348,35356.5188372936,26208.5814574415,110.894918000413,0
2788,11679,6.59292965437341,4219.37047275969,24.8648811456141,12.8859914701075,13.2244438936617,19.814991419409,23906.5906507092,19832.686717973,908.66010082088,0
2788,11680,5.80342160484491,6737.31057499958,26.7546042180636,9.58873533978703,9.77137338917085,14.7256354527002,27610.5594125668,23168.2188538184,-254.914149144511,0
2788,11681,7.59217346203281,5708.59844463679,26.8747021828233,10.6824866852778,10.9178850853841,16.4141589038501,26857.1551615051,24605.8422645778,1004.13094248858,0
2788,11682,5.45817179640526,2643.30153042597,26.0379988198319,17.9616852453885,18.6295628992111,27.673996690314,30679.5988220686,20214.1587607401,-67.6212335064785,0
2789,11683,5.71117004581186,2748.32877965605,26.5606892616527,17.5438797719072,18.1885795121472,27.0281683030332,35354.0158174236,26216.1771643202,129.095834003682,0
2789,11684,6.31260717927516,4551.54457875969,24.8648811456141,12.2503113533334,12.554132069382,18.8325488388269,23914.9374170326,19834.5902355803,898.451290865063,0
2789,11685,7.04481958328589,5669.17190463679,26.8747021828233,10.7310235974458,10.968839640966,16.4891105854214,26831.1309948577,24616.3162640555,1059.17673538933,0
2789,11686,5.30365900855777,3968.86639617227,25.4750776829389,13.4851877311048,13.8622542598154,20.7426918116942,33877.8972650735,17820.4737071047,-469.171310604415,0
2789,11687,6.00176333624436,2670.65124777606,26.0455761336957,17.8314887179636,18.4904500752106,27.4722770570663,32880.1302815125,32787.0111854776,473.119443619362,0
2789,11688,9.41551305041261,4846.39848476093,27.1968523262194,11.9248058554697,12.2266938900086,18.3338393621015,27106.2471875668,23764.6919258458,-248.975888386601,0
2789,11689,5.59537204793551,2059.74468642597,26.0379988198319,21.5202148914597,22.4469339622193,33.1915950589795,30674.3712968632,20204.377425204,-108.611785740939,0
2789,11690,5.50315290593283,4720.90440942405,26.1357048036054,12.0550526955306,12.3570982624386,18.5332216969454,26692.1616679087,22656.207409496,-316.517821688634,0
2790,11691,6.19156185089883,3744.8914632644,25.9587852953434,14.0762642810782,14.4919289268267,21.657958192431,32875.2889155019,32805.242993447,499.188503836495,0
2790,11692,7.06226481758578,6082.37991801541,26.9208771934497,10.2526319710254,10.4672293737113,15.7505362635472,26848.5848359984,24639.5969336356,1052.39771758326,0
2790,11693,5.53016418940631,2457.8927945613,26.112343668259,18.9342717609792,19.67136446283,29.1815915960694,35345.1691535373,26191.6229935464,138.271110954039,0
2790,11694,5.4383294720811,6275.89780516967,26.4132073185718,10.0184880076315,10.2193297709921,15.3883866010202,26570.9909512983,22760.9859698274,-371.649791491286,0
2790,11695,8.97777140780884,5156.2643805384,27.1554156574529,11.4409102220727,11.7167160009118,17.5860556134862,27821.0265290979,23927.7411453193,514.48897370079,0
2791,11696,5.84546141762979,3272.3456592644,25.9587852953434,15.4467092656657,15.9467793173408,23.7786495941692,32861.2044895493,32809.5941800575,489.185424099815,0
2791,11697,5.44188410036577,6534.19363041056,26.4243358479834,9.7619407915636,9.95091199471065,14.9924701017384,26400.2616952458,22907.9368663906,-264.205715206083,0
2791,11698,7.12103804873979,6103.1504360154,26.9208771934497,10.2299592578869,10.4434648382977,15.7155348742436,26834.9145086989,24637.4906369541,1016.82541657264,0
2791,11699,8.93288348223793,4758.1884825384,27.1554156574529,12.0688100222016,12.3782676877808,18.5563215435346,26959.732804558,23876.5995591039,-443.164623007192,0
2792,11700,5.87070952127112,3973.3010832644,25.9587852953434,13.5201258031805,13.9029998246283,20.7977643706486,32878.6165765751,32805.6031722428,495.864940862074,0
2792,11701,5.41704989368785,5695.99420041056,26.4243358479834,10.6702369791316,10.9025351392286,16.3945547964567,26411.0093682443,22913.2134237712,-245.441784596003,0
2793,11702,5.90381140903359,3510.0282252644,25.9587852953434,14.7156808807765,15.1701070648709,22.6472514181399,32862.1690549391,32801.3031096184,524.459643538942,0
2793,11703,5.98153320114633,6109.92744207181,27.5703163620042,10.2592183537103,10.4774758874742,15.7616278840451,27950.3200469994,28185.1249282064,-30.2399130157132,0
2793,11704,9.51482357741833,3748.14502937031,27.2109632933577,14.1911176732382,14.6238211613322,21.83843336237,28913.2866865357,24331.0571149314,-1171.0195229512,0
2794,11705,5.91124824285502,6997.5786024401,27.4687869190187,9.39332192894073,9.57039268112772,14.4250242950984,27908.7681400007,29626.3751889857,289.902586281018,0
2794,11706,5.95998779892655,5073.946207096,27.0044574054589,11.5530608608221,11.8338628736617,17.7590773408833,30999.2082019693,23650.8348724779,293.546561627803,0
2794,11707,9.69281938565067,4797.02314937031,27.2109632933577,12.0075931746814,12.3140681862385,18.4618082245216,28988.9599928039,24250.4083935065,-1112.48474604428,0
2794,11708,6.24956230320241,1273.1337432644,25.9587852953434,30.988878903054,32.6939690455307,47.8982096854352,32847.0702810501,32819.0479539656,458.150734328387,0
2794,11709,8.94823926424792,6359.59423449109,27.5665088022498,9.99559907244574,10.2011359781314,15.3546539804908,28042.0453682608,28510.2938362936,-48.8251416723994,0
2795,11710,5.93040351849437,8357.8603104401,27.4687869190187,8.39052313689023,8.52422371994601,12.8782857026801,27944.8887730586,29680.5182601053,309.982257905362,0
2795,11711,5.71771596215511,4778.4810106212,26.9681478751888,12.0206218742742,12.3262483133881,18.4815141947275,30876.2491106684,23587.443234983,299.20749404014,0
2795,11712,9.87882534423436,4984.80194752135,27.2233932735858,11.70524822827,11.9954823199687,17.9945979418348,28982.1869202334,24288.7592596989,-1140.84124948189,0
2795,11713,5.95863815404478,7797.9368269323,27.5398198756099,8.76948464822215,8.91937584463769,13.4627501378883,29247.9290486869,30179.7660841713,-217.464529595128,0
2796,11714,5.84951257313244,4324.5252684401,27.4687869190187,12.8948831961547,13.2527295592255,19.8339469997305,27935.8563834002,29670.5527409345,366.05635487966,0
2796,11715,6.73242872985581,3719.87946989804,27.1983136370498,14.2639005642438,14.7009486904887,21.9510230471691,30161.9900657502,24183.2024111597,725.514869074593,0
2797,11716,6.02794837644421,3888.93713650043,27.4485437253283,13.8590850805395,14.2735185750442,21.3252306862236,27923.7601558568,29680.3366123165,375.07402657672,0
2797,11717,9.76862462574079,3049.00952628551,27.1777203712977,16.3786859419295,16.9507452433147,25.224851363409,29002.0420647122,24252.9858877044,-1085.94012697958,0
2798,11718,5.6405225328762,4005.37938179653,27.5376620735888,13.5904458189676,13.9894665518686,20.9098372109634,28311.7514642683,29711.1095143347,-112.920764605132,0
2798,11719,5.36872273244637,2976.18266491997,25.2693730855133,16.415607501558,16.9713009073622,25.276851489711,33649.1241005461,18008.5821227562,-479.705764336413,0
2798,11720,5.98700687660747,2005.82409272038,26.2936743082753,21.9967386666134,22.9633732724642,33.9319138123092,28466.1946944948,21649.7552250314,136.936358347938,0
2799,11721,5.48685230961509,4748.71282979653,27.5376620735888,12.1134241577329,12.4277812088751,18.6259535142591,28436.1530672655,29722.9831841974,-87.1489598570536,0
2799,11722,5.3982125166675,4525.20516691997,25.2693730855133,12.3306157658677,12.6416069816593,18.9574305548807,33654.839160391,17993.7488490037,-543.028338140354,0
2799,11723,6.36222611383224,2102.76051872038,26.2936743082753,21.2443165570607,22.1535560871268,32.7645193632906,28466.1762977364,21683.9436978803,125.33139147489,0
2800,11724,5.60149778928507,5142.99887737854,27.5288792615245,11.4859359316825,11.7663485424973,17.656237336984,28438.8284749849,29717.9062055762,-82.2688867486207,0
2800,11725,5.5367426921715,2287.92362172157,26.7932148046864,20.0588797169357,20.8858176418443,30.9275438021194,33408.3974028272,29435.2814712686,-108.28757845544,0
2800,11726,6.43711908277384,3181.04168289406,26.2633240470774,15.7900584473596,16.3149094002791,24.3109648380392,28488.3278556551,21574.2223414914,171.199058755736,0
2800,11727,5.69975440923962,3652.03768918344,25.6113053895761,14.2845783673672,14.7098307705313,21.9794202801526,32261.7967238625,19741.1877233136,-453.266023079201,0
2800,11728,8.00838986718699,2891.65290436705,25.8230428150309,16.8248174980817,17.413155273595,25.912131403288,28913.7998572354,20541.9688430858,387.428940023332,0
2801,11729,5.52866842383185,5855.05540537854,27.5288792615245,10.5459566199302,10.7781017961892,16.2043062560691,28420.7650431741,29721.1889227954,-77.8943887685877,0
2801,11730,5.57207608498412,2912.00830572157,26.7932148046864,16.8693015655255,17.470467363788,25.9837468866354,33414.9010276123,29428.8255637622,-110.01841498642,0
2801,11731,6.43622550447579,3275.37904089406,26.2633240470774,15.4718867233951,15.9763538143355,23.8183943346425,28463.9669963963,21565.0217249716,164.104162572108,0
2801,11732,8.44624836518861,3201.55183983559,25.8353934544252,15.6687656022761,16.1818096520241,24.1220763290074,28895.5258966197,20499.8388105914,382.332497554588,0
2801,11733,5.71935728531646,1908.59168518344,25.6113053895761,22.6774922474268,23.6869995008297,34.9856149556202,32247.760541407,19756.5401265476,-447.687601092344,0
2802,11734,5.55878442508701,6018.68655937854,27.5288792615245,10.3578955973763,10.5807598254511,15.9139222902716,28431.6451963269,29721.4952433446,-84.5718890219197,0
2802,11735,5.41953920058706,2472.56757972157,26.7932148046864,18.9607160012375,19.7076055814427,29.2247642320337,33377.0349525615,29441.3540452359,-132.67411968419,0
2802,11736,5.67132725547701,2970.27854970463,27.4564508568392,16.7190900975462,17.3166466647715,25.7528568459012,28282.0482043911,25643.738116549,79.4251184198779,0
2802,11737,5.91444529116307,2846.92631041345,26.2776145888433,17.072252896978,17.6818682438958,26.2966876016798,28448.9170372425,21633.2919487706,138.917524553441,0
2803,11738,5.62149030038672,2787.25304172157,26.7932148046864,17.4012796964621,18.0386226010685,26.8078949771751,33397.9189286013,29417.407989032,-133.788948759722,0
2803,11739,5.57124747922685,4595.60872537854,27.5288792615245,12.3818639439864,12.7110515002133,19.0408830383211,28420.0291215232,29727.2210001696,-75.5346980522493,0
2803,11740,8.70080041683265,5249.50434258079,27.1333086463267,11.3046340663232,11.5731791972671,17.3754855315669,28888.1358385915,31653.2810032458,-1272.06526001885,0
2803,11741,5.64192253134844,3323.13140889406,26.2633240470774,15.3171008198043,15.8117433332736,23.5787912470539,28399.4296886423,21618.9449841705,169.387297168199,0
2804,11742,5.8679980857403,6822.49757218171,26.9528267523201,9.52167611978268,9.70219722096684,14.6224188546502,30529.6825179154,31990.492031386,55.8770129868492,0
2804,11743,5.39696833541471,2766.98912172157,26.7932148046864,17.4918367000099,18.1354004711348,26.9482044701859,33383.9135278617,29429.4300007223,-122.639718843294,0
2804,11744,5.71731415106396,1962.23911762811,26.0171216693565,22.3006597296868,23.2868498107968,34.4024510721667,27785.013447128,21162.2757620473,-81.0577784384261,0
2805,11745,7.08718352434939,3978.08950131092,27.1662914534852,13.6202323070363,14.0182391477034,20.955145423294,28779.9701530447,24183.1789773367,1133.38737656117,0
2805,11746,5.66942826694513,2961.78706572157,26.7932148046864,16.668521615784,17.2561998299457,25.6727417138139,33400.7431217408,29426.6624144532,-133.563615501071,0
2805,11747,6.06089963172225,2871.45166618171,26.9528267523201,17.0587183098965,17.6743063089289,26.2776184139105,30484.7753333035,32008.0080735484,156.729208488101,0
2806,11748,5.61408799055209,2603.11568172157,26.7932148046864,18.2716290532,18.9694897541477,28.1566205361238,33399.9972990993,29423.2162868938,-139.368778546816,0
2806,11749,5.67231006401235,4033.5772245536,27.7184709819209,13.5416943437627,13.9391524220016,20.8347935308787,28856.6016535216,28773.5975479779,-475.371784995598,0
2807,11750,5.47821080956192,2799.17709191413,26.7122116627379,17.3375010782032,17.9696350616336,26.7088480725357,31987.1563280469,23328.9898995287,-216.04044487914,0
2807,11751,5.39751421061752,2219.55491772157,26.7932148046864,20.5083594697635,21.3687049507304,31.6246728957333,33402.8096315047,29429.2401386697,-85.9861120954839,0
2807,11752,5.69164136401343,5410.29993761348,27.7487240568903,11.1215630359928,11.3841503296819,17.0936569864912,28939.7318392908,28680.2781870438,-318.035145875806,0
2808,11753,5.39211806735887,3743.53385772157,26.7932148046864,14.1622072024633,14.5898137286091,21.7927822711128,33386.402323818,29430.0104506957,-101.883771702758,0
2808,11754,6.46448251271421,2138.53246129189,26.9368465804344,21.1021314410336,22.0090084681002,32.5462587588499,28924.2574607538,32228.17044809,676.362846758353,0
2808,11755,5.30404382480972,2558.60560410345,27.7499262766913,18.6428313311346,19.3775829382508,28.7349041589054,28729.7670529806,27696.9895236338,-402.584603105512,0
2808,11756,5.74615670023652,2564.24777591413,26.7122116627379,18.4578072392925,19.1679170896059,28.4449375520227,31929.1986399078,23373.2987592859,-289.835665465902,0
2809,11757,5.6840808972817,2391.53392572157,26.7932148046864,19.4233115124988,20.2036420527321,29.9419732544402,33392.278795546,29432.3376253415,-156.338825798119,0
2809,11758,8.20022504467446,3007.66466869272,27.0875323496814,16.5258016873243,17.1068060338661,25.4524731817768,27889.8118115259,31531.586889001,-1356.93359227402,0
2809,11759,8.93348987951295,4387.84275774804,27.5160839646831,12.7727029131343,13.1238811472223,19.6451149426727,27911.5445864025,26489.2364568099,-1184.63313787562,0
2809,11760,5.86669547475781,4025.75746410344,27.7499262766913,13.562455266628,13.9613816112779,20.8669722533712,28771.1924619571,27648.3906906682,-390.078382944974,0
2810,11761,5.61674001331509,2701.67601201384,26.6373370650035,17.7700391616825,18.4311620786937,27.3788253067106,33375.546197447,29437.2066171907,-99.9142413298,0
2810,11762,5.81574024549151,5658.49701709908,27.719790178542,10.796154033008,11.0418867022235,16.59097664124,28864.9250530866,27646.8107039927,-404.979760683352,0
2810,11763,10.6915593190572,5548.0223859362,27.5089978584673,10.9238364493883,11.1749039860184,16.7878630519427,27934.7172321091,26795.1523000652,-782.593725597077,0
2810,11764,8.76346788130301,3193.37964171226,27.0535721284724,15.8405130575528,16.3759691685504,24.3911056630515,27877.6054415959,31471.7227934006,-1421.67821982535,0
2810,11765,10.1140336075056,3726.98946106519,25.1667979695358,14.0428564125635,14.4499729733768,21.6044727506113,36091.7458500882,25596.3970529383,-981.898401396692,0
2811,11766,5.6213990268072,6508.7093077097,27.7282451601771,9.85522036660291,10.0548784359158,15.1381852984623,28945.6297432253,27611.3072917354,-501.257426307074,0
2811,11767,5.30253174862286,2727.07199001384,26.6373370650035,17.6519122746806,18.3048657791872,27.1957837785498,33401.8199015013,29416.8369711724,-129.733732758026,0
2811,11768,11.2231934431236,7049.9092479362,27.5089978584673,9.35048851356366,9.52580341434444,14.3589840296838,27933.1821725716,26797.2045528559,-797.654172629873,0
2812,11769,5.7138113685997,5929.67083792369,23.6900775581648,10.2296966574852,10.4255968807047,15.7102655338779,36690.0650662222,15711.6287346781,207.131046629344,0
2812,11770,5.50217905665887,6434.56110109908,27.719790178542,9.92813318992251,10.1312065244526,15.2507193437823,28897.318094673,27651.1837158974,-518.436261481024,0
2812,11771,6.80594568573544,3403.84226412291,24.7914616941873,14.9005758983426,15.3559220853396,22.9304831258394,25639.4259020551,18780.0237642282,770.553480974208,0
2812,11772,5.49238534756312,2543.41920201384,26.6373370650035,18.5549029993634,19.2710525749817,28.5952048184502,33402.1990899045,29434.1511715868,-129.363415416281,0
2813,11773,5.75828167436218,6142.57415392369,23.6900775581648,10.0008639823227,10.1863996244718,15.3571806860592,36683.8199492988,15733.2966773078,214.902777958957,0
2813,11774,5.55489590702004,7836.00940309907,27.719790178542,8.75008788508553,8.89988213312627,13.4330375310436,28863.1168580324,27670.527274428,-419.99904549915,0
2813,11775,6.88183993741475,4173.51172194635,24.8268689419555,12.97741124067,13.3206554269268,19.9562282717968,25646.8809986221,18817.8830670815,779.488993164797,0
2813,11776,5.81132133984548,3740.93300429746,26.55901575432,14.1458974883888,14.570629556556,21.7670286530026,33362.8845840525,29396.8463724681,-61.9198772688006,0
2814,11777,5.6754769192879,6316.95399592369,23.6900775581648,9.82349575707017,10.0011312960905,15.0835412032124,36678.5155081731,15715.8105451095,245.287800888914,0
2814,11778,5.45011481501382,7571.60929909908,27.719790178542,8.94309094809246,9.10123118317293,13.7307293239026,28887.7015602048,27663.5978326449,-481.523403998293,0
2814,11779,6.68360257757586,3379.12909212291,24.7914616941873,14.9754193024109,15.4353436131569,23.0462907014091,25658.9837826527,18783.7676451733,826.21000630625,0
2815,11780,5.78650926745099,6781.39423192369,23.6900775581648,9.3900900460488,9.54892270851079,14.415030749276,36686.6087516776,15721.5551452056,215.864315150946,0
2815,11781,7.05405165001494,10762.0223682292,27.6109253702643,7.17349870678705,7.26087805820443,11.0028582219223,28217.5273119645,26949.033161442,-658.277250197976,0
2815,11782,5.84132614527651,7830.200652412,27.477272527766,8.74388180682304,8.89242329999016,13.423192617581,27863.8571066969,26161.2718807325,145.746168922433,0
2815,11783,5.6238131084271,6830.01693988397,27.729669396676,9.55359295349017,9.7391765907868,14.672666303165,28890.3737060748,27656.4901259607,-476.89108526849,0
2815,11784,5.53833908461718,3533.89690482424,24.9225090159549,14.5364498690011,14.9708952998955,22.3674373167765,34984.4235729247,19865.2773763143,-199.024191158524,0
2815,11785,3.21897762254303,6503.41307449367,27.25827340116,9.83577353990272,10.0322485342933,15.1075427761554,27853.3432785545,25623.4626192512,-608.723203329451,0
2815,11786,5.74719137157749,1413.45028488278,25.3366168037762,28.3800633969515,29.8486390893676,43.8400414090905,26419.4848622382,19810.6213719073,-14.4447090277397,0
2816,11787,5.73424227316684,6561.02410192369,23.6900775581648,9.58908591102309,9.75646251046686,14.7219491582357,36689.7163713648,15718.2011588291,213.862705233325,0
2816,11788,7.24742213628459,10671.1210662292,27.6109253702643,7.21103607558133,7.29975786202252,11.060679331419,28243.3424085313,26914.284239484,-667.108859311812,0
2816,11789,11.4985493742159,8032.30475231251,27.4924692467708,8.60455312361238,8.74725309316162,13.2083397758073,28856.6352534673,26113.0474588737,-896.567471754646,0
2816,11790,5.49409521539293,2783.09664282424,24.9225090159549,17.1595281520395,17.7606290245953,26.4279154874537,34992.2034434948,19864.0232675621,-191.589628314401,0
2816,11791,5.68538756458263,6829.95086188397,27.729669396676,9.55365244079347,9.73923882040751,14.6727581041867,28929.8675782008,27631.5684045255,-476.660746228632,0
2816,11792,5.94545110343637,1871.89944888278,25.3366168037762,22.9466086343845,23.9729451129203,35.4021327857255,26427.209977152,19812.8280338812,-37.3411042974555,0
2817,11793,5.77447609967495,6318.38568592369,23.6900775581648,9.82207486844116,9.99964759575362,15.0813492204969,36684.4639642851,15715.4114253991,214.511347319404,0
2817,11794,5.47371209730092,6856.57926109908,27.719790178542,9.52927449956316,9.71369299764861,14.6351257841481,28929.2812957698,27649.4630869267,-462.51380308271,0
2817,11795,5.31675765897355,2798.16242682423,24.9225090159549,17.0943837579823,17.6911463108332,26.3270182233456,34988.4395976194,19832.3305745857,-177.275584905495,0
2817,11796,5.95096608165485,2885.43742947471,25.4257265353993,16.7971179019917,17.3794986070243,25.8680968753007,26425.5961921481,19850.9838007832,-11.4753610325288,0
2818,11797,5.81315888835648,5525.25145192369,23.6900775581648,10.7065048595537,10.924610788903,16.4461394028297,36684.3629758767,15720.4389199245,199.519663974491,0
2818,11798,5.58623123466464,6332.27235709908,27.719790178542,10.0317953533704,10.2398166636084,15.4107375436026,28910.5846169704,27667.8439341578,-473.041842996439,0
2818,11799,5.47739718857688,2227.95333882424,24.9225090159549,20.116828579215,20.92429680099,31.0108636114915,34972.5171620964,19840.3204658781,-175.482578399197,0
2818,11800,5.54545278715294,1497.81631882147,25.3971254221831,27.1620853023873,28.5294361431808,41.9479780607376,26418.0890021462,19850.3507531904,19.679424768617,0
2819,11801,5.7631929154858,6212.00010592369,23.6900775581648,9.92920901278455,10.1115389497637,15.2466292219609,36690.4724823427,15713.8959523702,220.724695008578,0
2819,11802,5.6413554063342,6556.22204448888,27.7303506717193,9.80908725153602,10.0065790003946,15.0669816742094,28925.6405223291,27647.3633477376,-525.530532596305,0
2819,11803,5.714010910605,2936.41962882424,24.9225090159549,16.5251503457061,17.0844171977144,25.4454891095096,34965.8391414223,19841.186748592,-207.668182756057,0
2819,11804,5.47180742159018,2140.6943174747,25.4257265353993,20.804601548886,21.6692982819924,32.0792613887588,26411.0201201528,19824.6349873477,-10.8864193525897,0
2820,11805,5.78893985973098,6294.47657541786,23.6392593247164,9.84294977717901,10.0211697856646,15.113476375733,36688.2405178443,15712.5214137987,233.730140771889,0
2820,11806,5.28984408079245,5375.99475215497,25.2177430550249,11.001877806356,11.2435961668488,16.9047204895536,32613.5018569075,18625.4476122201,-419.806873417082,0
2820,11807,5.54866233353883,4063.73465651676,24.8717490619048,13.2161727908929,13.5731520685646,20.3254336895546,34968.2035927392,19852.2816021139,-185.813415342516,0
2820,11808,5.52301462314892,6175.43108638535,27.519968869633,10.185504412939,10.3999298198564,15.6477527623757,28527.1179721349,28407.5643765168,-209.0130355157,0
2820,11809,5.25850663359707,1710.88491160725,25.3606082088339,24.5474266563367,25.7004448623327,37.8871078080131,26433.0773868203,19834.9915719674,-7.15174411861074,0
2820,11810,9.12116246484453,6740.0145540449,27.5334039158825,9.62569444534164,9.8136980946724,14.7836836314901,29127.4299219906,26952.1572560192,627.970453246524,0
2821,11811,5.82681518636109,7066.13545941786,23.6392593247164,9.14641276824412,9.29474450906274,14.0391874413048,36679.2749001143,15706.3122975061,207.818132585413,0
2821,11812,5.70032886088859,8140.30446838535,27.519968869633,8.53335066069248,8.67317373031855,13.0985714210374,28506.8872684359,28428.9381085836,-273.647227549595,0
2821,11813,5.35233236139292,5514.37230536459,25.1988791250331,10.8196542090777,11.0522745155429,16.623320982297,32621.349967941,18629.5950953452,-435.358905739241,0
2821,11814,5.45818060510548,4156.15575251676,24.8717490619048,13.0178017618734,13.3636423687607,20.0187608364093,34998.9710096036,19848.3332888494,-153.15356413227,0
2821,11815,5.53442482002216,2249.83910560725,25.3606082088339,20.0532534955811,20.8617929364767,30.913859153242,26409.0251840524,19838.2267662368,31.3554588908488,0
2822,11816,5.75462438886922,6343.57252941786,23.6392593247164,9.79426702390727,9.97033766362415,15.0383749921807,36699.2100825233,15721.0305136043,216.774498642093,0
2822,11817,6.44348034076089,3656.57643527288,26.2591055055957,14.3385900429789,14.7725295393521,22.0644774360219,23481.2979486448,26690.509057346,738.933762036163,0
2822,11818,5.2441439644894,5145.91115615497,25.2177430550249,11.3217296853854,11.5794992852919,17.3986748876673,32614.2491694023,18631.2735668325,-415.96504586855,0
2822,11819,5.89618741923077,3896.12849791415,25.7595196906742,13.6824995702364,14.0732780481453,21.0484521825509,23601.8057043695,23047.8829717721,263.433856236473,0
2822,11820,5.36591987129834,3268.41984851676,24.8717490619048,15.332685784711,15.8154266935803,23.5993655236293,34970.9442409896,19839.5021361256,-183.017496429973,0
2822,11821,5.75132228029924,3982.88737770239,26.252604245308,13.5252260971916,13.9106709802909,20.8062787853158,24557.6543339285,23783.8187647603,83.5876496917057,0
2822,11822,5.53131886390111,4458.9053516434,27.5467125787021,12.637458762225,12.9811520704687,19.4360637185259,28726.5994447469,28424.7505753841,296.924575955403,0
2823,11823,5.67298986393714,6410.42143941786,23.6392593247164,9.72902537793095,9.90222958030205,14.9377325608919,36696.5143443646,15707.9592745106,222.705682498942,0
2823,11824,6.37353273320386,3539.48621927288,26.2591055055957,14.6630143766789,15.1167864223292,22.5664661386225,23492.5760044328,26684.4457500629,741.438605655938,0
2823,11825,5.40729109199394,3545.52402215497,25.2177430550249,14.5354106381728,14.9723906626881,22.3665451038408,32608.3396031132,18624.8585708523,-406.56705004509,0
2823,11826,5.65414790823829,3039.23931851676,24.8717490619048,16.1260572490312,16.6589752541168,24.8274269801582,34975.8822547972,19824.3563395986,-208.592078347589,0
2823,11827,5.45939511274402,3252.15134208029,27.5665736226708,15.6984488027972,16.2292915503684,24.1724081749977,28741.4674561511,27703.9282430895,-442.409976220387,0
2823,11828,5.60121640262419,1924.42344570165,25.4211357116346,22.4985868502161,23.49148969011,34.7072229340028,26419.3987420181,19823.980166406,95.1080275869491,0
2824,11829,5.7846778210266,5342.49082941786,23.6392593247164,10.9390969374716,11.1680066901817,16.8050979267203,36692.5632028014,15714.9268448317,236.248296006792,0
2824,11830,6.43110467181528,3292.57475927288,26.2591055055957,15.4151958701722,15.9160192135698,23.7306263855041,23474.8639193585,26702.6325881324,754.028267851987,0
2824,11831,5.18905094695569,4879.75792687718,24.6844128250934,11.6847804445705,11.9576623234259,17.9584836731807,34704.7779210042,17437.5577489964,-334.257758032835,0
2824,11832,5.38340522167324,3856.69896408029,27.5665736226708,13.9494452590328,14.3702419840789,21.4652782441223,28747.1603173287,27704.0223377857,-422.520073741711,0
2824,11833,5.71014695125389,2956.84041486591,24.8165290725081,16.431231981776,16.9832883391,25.2997627474496,35011.2520002777,19830.0652844569,-175.659677484083,0
2825,11834,6.13782675657501,2928.28674527288,26.2591055055957,16.733476239453,17.3201704929413,25.7718825625917,23469.1362134511,26686.054863551,754.629233944124,0
2825,11835,5.44979123082141,4060.77390069008,24.6236523147156,13.1997417116774,13.5538488369859,20.29949446078,34689.5812332578,17420.8549135573,-341.67202027247,0
2825,11836,5.63446604390949,3262.10709408029,27.5665736226708,15.6649011772197,16.1935588360537,24.1204622933649,28770.5656379938,27688.7307215303,-443.4492862554,0
2825,11837,5.30253343085918,2479.10021860647,25.589178241735,18.7345999056247,19.4513719317424,28.8703982531896,33192.2866891501,21109.4358774367,-467.080837642397,0
2826,11838,6.38853163015789,2992.40443127288,26.2591055055957,16.4802686705679,17.0501466820553,25.3797211113028,23469.2452832094,26698.9666652395,750.751012606447,0
2826,11839,5.62479582858631,3485.05426608029,27.5665736226708,14.9595173383513,15.4428871235307,23.0284112080404,28773.49766612,27678.4005539716,-450.395700424935,0
2827,11840,6.41318666013957,2793.64180727288,26.2591055055957,17.299697650654,17.9245274432797,26.6489785264937,23484.2920668597,26697.6242273046,756.420632655756,0
2827,11841,5.52518332147502,3529.98730608029,27.5665736226708,14.827183604963,15.3021997360118,22.8235758899221,28764.9020029277,27710.6483440862,-416.196359545317,0
2827,11842,5.32225664693045,1162.02822280462,25.7041161323559,33.2050649486451,35.1010289810408,51.3428706433241,32763.6875783459,20536.6649802037,-534.733944073399,0
2828,11843,6.21706536074335,2714.98696127288,26.2591055055957,17.6542127393355,18.3032830397038,27.1982347682322,23494.0635655918,26685.9207910853,762.549094685719,0
2828,11844,5.40375041448281,3819.10058208029,27.5665736226708,14.0435277218542,14.4700350528948,21.6108428493751,28739.4022444726,27723.6575335239,-409.763948479811,0
2828,11845,5.25933546235255,1205.01138822316,25.6111521914618,32.2324633211747,34.0400811989435,49.8298579485624,32809.1866394869,20577.5259161361,-465.79213829951,0
2829,11846,6.35171800397878,2653.95291527288,26.2591055055957,17.942576487142,18.6115648476668,27.645057153507,23474.3484971928,26675.4345847457,723.748976697736,0
2829,11847,5.5108789178861,3928.28720423354,26.4038673074822,13.6669001127113,14.0618263257841,21.0257205922942,31848.6550724322,32082.7135874635,-109.891468310163,0
2829,11848,5.86913303743952,4662.16775808029,27.5665736226708,12.2658069427406,12.5887754257201,18.8615460064978,28779.0727568204,27689.7141993104,-425.445146697253,0
2830,11849,5.5672494024803,4521.94225847584,26.2180633108049,12.4130808727941,12.7351723187142,19.0867028067018,31852.2042070971,32086.8913292225,-99.8758060736621,0
2830,11850,6.41604455029846,2928.54134321641,26.1340045302771,16.7161035028446,17.3003767603494,25.744627064404,23491.1842536053,26700.4897395477,769.050723288205,0
2830,11851,7.25331304841135,1840.01232530173,27.3182424391038,23.6799319703771,24.7931425704336,36.5484548423159,28767.2998540984,26837.9166292068,466.777310146519,0
2831,11852,5.4185876988078,4322.36467247584,26.2180633108049,12.7947716564749,13.1380936266926,19.6767246820824,31859.5237183814,32079.5273954199,-112.855497513192,0
2831,11853,6.38818593669914,3404.03863121641,26.1340045302771,15.0496001616719,15.5262630257936,23.1644339737468,23485.0929142064,26702.5071683584,759.810477787437,0
2832,11854,5.60252552130045,4235.75844047584,26.2180633108049,12.9703737870712,13.3236129357152,19.9482134331657,31842.7617179863,32081.9162411487,-152.310411669274,0
2832,11855,6.33418178138126,3084.83783921641,26.1340045302771,16.1167794125175,16.6615737818482,24.8164984681528,23482.673501339,26697.0083336072,766.977906475365,0
2833,11856,5.52355533090448,4289.41377647584,26.2180633108049,12.8608350551258,13.207877016583,19.7788586513567,31850.8333321968,32083.9480686542,-125.623149148897,0
2833,11857,6.09489965738808,3631.28517223187,25.1724450509181,14.2948795664573,14.7170133380051,21.9943267842563,30262.1658673268,18656.2177899457,354.259591187349,0
2833,11858,6.4727978146782,3380.86727921641,26.1340045302771,15.1208934575847,15.6020181260629,23.2747760544565,23485.7994379635,26653.5538309295,772.031700447377,0
2833,11859,6.00477138176835,1823.32902882583,25.6434650951669,23.4692466389831,24.5410761260717,36.2145724210412,25342.4770552211,21518.8304695778,108.248887878508,0
2834,11860,6.21529266324804,4527.67729423187,25.1724450509181,12.3182595007474,12.6279009342904,18.9381472955547,30271.2969188432,18662.5312887547,296.644077246695,0
2834,11861,5.45777489665538,4389.45586847584,26.2180633108049,12.6630039881521,12.9989459605969,19.4730228457934,31853.9513377457,32075.6811852836,-128.886612982218,0
2834,11862,6.26807572090484,3434.06006921641,26.1340045302771,14.9585280311987,15.4295104583427,23.023485066613,23492.8463634581,26711.1261949889,764.814435606836,0
2835,11863,6.19604401998632,4742.62902823187,25.1724450509181,11.9444983192489,12.2341995669105,18.3606155821829,30260.5942979438,18651.678484024,359.749520865912,0
2835,11864,5.55131841268404,4629.84763247584,26.2180633108049,12.21897807016,12.5304472426116,18.7867042140111,31847.997234898,32078.50293947,-130.670578639866,0
2835,11865,6.38659847020806,4283.06261140165,23.9225644040653,12.6748505760593,12.9945782224081,19.4866817209171,36362.3148245189,15823.187071656,685.074306623791,0
2835,11866,6.47904726397284,3024.70685921641,26.1340045302771,16.3406609776402,16.9001036401205,25.1631797985183,23499.1528889811,26692.9439766233,749.239683353921,0
2836,11867,6.19714772644213,4320.94125823187,25.1724450509181,12.7087783810726,13.0397232152959,19.5417012554567,30264.0919150967,18655.5298934529,303.847467666093,0
2836,11868,6.19476513772542,5349.05493340166,23.9225644040653,10.94990487114,11.1811167186616,16.8222752040366,36349.6043435323,15828.4103596285,688.765340158052,0
2836,11869,5.38129164676233,4232.91708647584,26.2180633108049,12.9762437215925,13.3298159848948,19.9572890551355,31857.7322049344,32084.4812800971,-106.353173374943,0
2836,11870,6.37995924092517,3294.50333321641,26.1340045302771,15.394613778677,15.8929902888529,23.6984519206639,23478.0477620631,26668.4500719603,725.462112782676,0
2836,11871,9.26119358037395,4024.31071303601,25.1582192625005,13.3298917023116,13.6955637467204,20.5018741019699,19764.696006687,29098.0179989609,-1123.85729062171,0
2837,11872,5.97684467864935,8335.60372504909,23.8375453957356,8.25620745195471,8.36999781183909,12.6672056192473,36408.6876376599,15569.8801060714,327.774832603,0
2837,11873,5.55731051158893,5377.67438447584,26.2180633108049,11.0661444252978,11.3170488161496,17.0056152084643,31857.5157164298,32079.1216920655,-117.593464896814,0
2837,11874,6.00457565149888,4500.56328823187,25.1724450509181,12.3676547358645,12.6799645329958,19.0144813425186,30256.0653886238,18640.6860046103,301.473705256609,0
2837,11875,6.36206794052284,3514.52104721641,26.1340045302771,14.7214033177624,15.1776975879415,22.6565241034871,23487.2458177647,26676.1731925097,752.444667735099,0
2837,11876,6.65364528767965,3668.97601101723,24.6080782327307,14.1361419362181,14.5440080838568,21.7474507654045,25439.08137138,18693.0805611836,849.642074464363,0
2837,11877,6.05017785801254,1919.15558778942,26.0451676814277,22.6769281060807,23.6926757157738,34.9864754050521,34309.6948482024,28218.3194395386,30.8405655458863,0
2837,11878,5.84380492154474,7423.06915066534,24.2813288090065,8.89770962600154,9.03882395017468,13.6565613370751,36413.9342551419,15596.2095991828,356.536506083713,0
2838,11879,6.09395407620614,5875.27809940165,23.9225644040653,10.3049041293867,10.5055944376957,15.8266919216758,36385.5556994504,15814.2844709809,663.56262419713,0
2838,11880,6.15007666497582,3748.72780423187,25.1724450509181,13.9879241090964,14.3918484864177,21.5195203996948,30276.5126389638,18659.0362700785,300.950004145703,0
2838,11881,5.71084541943256,4056.49254978942,26.0451676814277,13.3394359693178,13.7125058745608,20.518520597363,34279.3466052668,28195.5978125522,93.8525744168612,0
2838,11882,5.38119354973416,4509.91606247584,26.2180633108049,12.4352260776924,12.758536947344,19.12093173193,31844.2298468934,32079.6358994899,-100.577555211663,0
2838,11883,6.22308569329563,3149.39604521641,26.1340045302771,15.8851024089356,16.4148655778171,24.457780903858,23502.2115068426,26696.4064600427,733.685098871182,0
2838,11884,9.33844793889404,3392.44938925622,25.1213607625217,14.9721385534836,15.4348882370023,23.0420479003709,19720.679053127,29119.0076910371,-1075.27395250575,0
2838,11885,6.62659865100886,3068.08470501723,24.6080782327307,15.9868999833401,16.5082564657117,24.611264864645,25434.1767093687,18698.4462403315,818.673083610765,0
2839,11886,5.78478263977799,3128.09664978942,26.0451676814277,15.9497840986878,16.4828814704751,24.557693419795,34298.7994708248,28205.8066745107,102.0027222308,0
2839,11887,6.43478964579524,4450.74654940166,23.9225644040653,12.3552819050409,12.6578902719243,18.9928684520233,36357.6016877594,15829.1216770995,695.503811830305,0
2839,11888,5.55351104080688,3960.68325440685,26.2717405011303,13.5784749832318,13.9671819494212,20.8886740048998,31830.1959296427,32087.2658444904,-137.682584541424,0
2839,11889,6.31152795473044,3739.89107921641,26.1340045302771,14.1065367688564,14.5254465919486,21.7051837479594,23484.8690386893,26698.6839719113,756.638047634744,0
2839,11890,6.77000402080196,2852.67042501723,24.6080782327307,16.8207375993987,17.3960208749061,25.9022915551564,25426.0389456465,18692.2121202152,815.658263326818,0
2840,11891,6.25787069501104,4559.48422002324,24.1359721642546,12.1767565667777,12.471478661556,18.7174648893155,36363.9316223322,15841.9239732912,705.484716990976,0
2840,11892,6.51030034531089,3716.56397097973,26.2259004777945,14.1762323227166,14.600082096685,21.8132124208928,23491.5675404758,26686.967724105,751.553763827918,0
2840,11893,5.95016234646353,3379.26776959086,25.9622103396481,15.106708566838,15.5854082882522,23.2523983931547,34272.9608869779,28177.4739649558,122.861866408217,0
2840,11894,6.78342246627961,3336.04338333291,24.5887628605227,15.0849233983727,15.5496775420192,23.2152151299169,25408.1863321808,18705.5232170734,874.981746748252,0
2840,11895,9.90500082715705,3575.5387826094,25.2086977505119,14.450761531287,14.8825569513059,22.2355629396514,19703.1562746017,29108.7703341393,-1097.18939186707,0
2841,11896,6.47924477607348,4596.53750718623,24.0967305557013,12.1084927757734,12.3993459132792,18.6119216291201,36363.9104613153,15820.7470753086,705.306996668617,0
2841,11897,6.47157385630435,3522.86732697973,26.2259004777945,14.7071181723491,15.1633230443476,22.6346363323392,23478.9622495592,26685.2446815126,757.444630913834,0
2841,11898,5.94365944374563,3372.88442636521,26.0447177938123,15.1356981243297,15.6169517446865,23.297469846753,33986.595665781,28714.4514557612,-23.1027843102879,0
2841,11899,6.77870904944444,2764.69304658645,24.5268131711632,17.18360943122,17.7819683858452,26.4640162242535,25426.0134901962,18691.6156480952,822.046635705587,0
2841,11900,9.42260317323445,3897.70526338513,25.1933668734378,13.624572454449,14.0074514371878,20.9576189149994,19757.9591595195,29073.8317013786,-1018.47769820953,0
2842,11901,6.39456267637407,4820.73460602324,24.1359721642546,11.7368995569639,12.0087580524689,18.0379676138129,36370.8714427247,15826.792884405,701.805692510897,0
2842,11902,5.25928209513675,4146.45590301389,25.0377975099615,13.0531874262772,13.4022801605851,20.0738143819015,31597.4620186838,17753.5646374225,-241.292168550597,0
2842,11903,6.07089811086076,3940.74245630259,25.4359635899166,13.5466071524571,13.92691307625,20.8375856544541,22789.8543339291,23047.2983740979,417.45379691098,0
2842,11904,5.69774526895501,3352.75266236521,26.0447177938123,15.1985648657389,15.6837620159612,23.3947724769522,34000.3920205757,28703.5781245061,-45.6507599029096,0
2842,11905,7.24349265718626,4716.40864301525,19.6783930533615,11.5421135108424,11.7717610352792,17.7281930353758,39208.9448769776,13291.4294438118,959.610511005551,0
2842,11906,6.45895052024482,2959.75061097973,26.2259004777945,16.6036848991706,17.1814088782232,25.5707684942456,23481.1907056222,26703.9972436554,780.848879564573,0
2842,11907,6.52993142970637,3143.65037658645,24.5268131711632,15.709066374924,16.2120231416517,24.1809775536575,25433.9341765372,18705.5894434398,839.847943126481,0
2842,11908,6.12011753064982,3632.41328130088,26.9880561541043,14.4782469813461,14.9267488352604,22.2822313630126,31378.7871007966,25685.5988359723,-76.0176434440286,0
2843,11909,5.90641064014331,3757.00156430259,25.4359635899166,13.993292999021,14.3997229592688,21.5284278212814,22777.5987078897,23038.5151824517,420.768587556589,0
2843,11910,6.48565307720207,3197.91774897973,26.2259004777945,15.7274630465086,16.2479341843094,24.2139573606831,23484.476332491,26683.2400575901,780.939987953788,0
2843,11911,6.76374187049155,3329.80425756359,24.6196835175509,15.1079513075373,15.5744103374444,23.2509285581621,25437.5147287777,18684.8030900041,855.89430489316,0
2843,11912,5.80192322431584,3929.28165762171,27.0189883688738,13.7218349970357,14.1247605436681,21.1120015127325,31401.547856445,25679.9453468832,-23.3109545480483,0
2843,11913,7.14220711651379,4218.45494049571,25.4881188010681,12.9426771648909,13.28897044099,19.9039094466933,33969.001955393,31025.2421038335,155.287249361552,0
2843,11914,5.17868773400438,2243.69584101389,25.0377975099615,20.0352088937866,20.8382545074733,30.8847276293433,31611.8256608105,17727.466266062,-279.113487802613,0
2844,11915,6.01179142844384,3603.69033389333,25.2958006569776,14.3825482332635,14.8109948223245,22.1302412164144,34199.6777951736,31364.4118584067,537.932230539028,0
2844,11916,6.48985419219446,2651.18837697973,26.2259004777945,17.9510734499128,18.6202868952481,27.6581235924164,23490.5375637853,26698.7030905619,739.628928754444,0
2844,11917,5.96913530994629,4022.4832357357,27.0132505835813,13.5037854159942,13.8937556109051,20.7747113976988,31404.6694133533,25694.450657877,-73.8002054695494,0
2844,11918,6.87456627361292,3595.84415658645,24.5268131711632,14.3227869871809,14.7409744387452,22.0359511226907,25437.5512953441,18672.4806153997,860.460771197322,0
2844,11919,7.98261169811083,5675.27750895993,27.1846749409372,10.7425084867907,10.9826087603836,16.5073186703079,31205.6168395569,27774.473346185,-293.735521284019,0
2845,11920,6.16154256318344,3765.16293989333,25.2958006569776,13.9586578197296,14.3618836632895,21.4745364910252,34192.7152952434,31373.4188013601,514.16502680968,0
2845,11921,6.55559044865707,3470.88655533291,24.5887628605227,14.6800335387202,15.1201453187553,22.588750366682,25433.6411767554,18713.4743332053,893.28339421524,0
2845,11922,5.93456602506425,4288.4471857357,27.0132505835813,12.9300110131403,13.2866700032647,19.887381967466,31398.4478848585,25685.0220753019,-78.9435242014638,0
2845,11923,6.69993921568757,1804.99350897973,26.2259004777945,23.7794694643328,24.8846137132242,36.6985596364609,23430.6951540671,26724.2399843048,835.949998209073,0
2846,11924,6.23954427875067,5137.52212956359,24.6196835175509,11.2915130947189,11.5439746924207,17.350963656553,25443.3006202327,18689.8286309866,854.718379361579,0
2846,11925,6.00027724101391,4150.28859330088,26.9880561541043,13.2176310065402,13.5906825334446,20.3320958892444,31394.8151024412,25688.9200786079,-82.874796114142,0
2846,11926,6.13157995891855,5248.6668746981,24.3313156626209,11.114392924499,11.3562141237562,17.0769489238335,24620.5133726511,19200.0063929449,714.275897375431,0
2846,11927,9.87316235486233,6159.17106504979,27.3346161326449,10.192643038863,10.4064734635621,15.6585137143397,29771.4325772989,28783.335067515,284.148808113667,0
2846,11928,5.64621808905954,4242.16119107005,27.0167148583219,13.0255146738909,13.3876751859178,20.0350645064925,29841.8877373271,29760.918906509,-715.695142410828,0
2846,11929,6.94026755886437,6102.97258593782,27.3394477245981,10.2538280849704,10.4706432665721,15.7529797397093,30379.5760001897,27609.8017435264,475.610354609653,0
2846,11930,6.97340753860758,1458.29553572993,26.3257509140812,27.9937660693236,29.447365175476,43.244700628132,23382.3089295769,26775.206605585,893.407013992473,0
2846,11931,5.64640196152545,4675.26481591621,27.2152263732845,12.216084054273,12.5340116843446,18.7840563491293,29841.8969364007,29760.9134945139,-715.647759258419,0
2847,11932,5.8387406440922,5319.1758817357,27.0132505835813,11.1987461257332,11.4610956971313,17.2117174303487,31403.0023726982,25677.5925474242,-51.4312788243764,0
2847,11933,8.00844395333441,5128.88327594388,26.5678525024739,11.4408101749037,11.7130581937476,17.5849205505388,33111.4542569515,26821.8935775336,868.120790476243,0
2847,11934,6.71033064416152,1551.2196905114,26.1786652887005,26.6570918180341,27.9958428773983,41.167206452491,23396.7944076136,26787.2143632179,894.719259117681,0
2847,11935,4.22040000500226,3557.92686880681,26.2283222858702,14.6074141506687,15.057505126134,22.4803570154924,33700.7626698037,26646.6970926664,1.20996560103302,0
2848,11936,7.50073817347769,4651.49809815819,26.5643000376384,12.2078082523703,12.5209881981475,18.7700810208384,33189.2125912869,27099.5646088512,1177.27740130496,0
2848,11937,5.29469561488373,3625.5596246951,26.3709114435945,14.43414825543,14.8748349135737,22.2125861944077,30872.1912164989,23041.7158310432,-580.053916100722,0
2848,11938,5.74226106165509,4028.79317730088,26.9880561541043,13.487114295444,13.8759141645162,20.7488741052511,31435.5186128,25598.9666209328,-91.2300318983208,0
2849,11939,5.34407505840046,5008.2638006951,26.3709114435945,11.6083653692876,11.8881660423457,17.8434427477107,30864.4644845452,23055.7464360043,-533.380906636403,0
2849,11940,7.21335421748617,4189.56882615819,26.5643000376384,13.0968222297448,13.4598055961203,20.1444258191354,33189.2459296176,27091.7660279647,1196.65638384735,0
2849,11941,5.9980054923229,4791.22316730088,26.9880561541043,12.0007660563505,12.3054422819102,18.4508633350747,31449.6675285688,25576.1952812466,-111.300859656189,0
2849,11942,6.762813378275,2234.0917685114,26.1786652887005,20.3019249782494,21.1391758422371,31.302361122093,23399.8075782266,26772.5703674841,904.082792121749,0
2850,11943,5.34104611992887,4862.56192908603,26.5614007282998,11.851875376668,12.1457927254832,18.2200224932994,30885.2440523114,23050.1961934437,-540.473419253429,0
2850,11944,6.69186660409146,1576.4990901025,26.2637003367324,26.3525349152573,27.6674042206502,40.6944919017878,23383.340911616,26788.2159603796,895.867792778985,0
2850,11945,5.6868910238734,2952.13672440771,27.2754834223333,16.768690761503,17.367836658136,25.8292075292029,31441.7478297461,25567.9967671479,-119.761060925115,0
2851,11946,5.43930230050674,4450.96206708603,26.5614007282998,12.5732567537185,12.9065942367253,19.3349489314537,30885.4802132372,23056.1797871603,-559.446452891736,0
2851,11947,7.07345186253666,1526.0815761025,26.2637003367324,27.0157618187855,28.3858840315298,41.7248127877165,23403.8973155664,26782.6515091937,926.308866609739,0
2851,11948,5.82166839841023,2006.6650578166,25.1682042127173,21.7625569796681,22.6955701548307,33.564226946879,28569.9756330024,19138.2935305482,194.614590602024,0
2851,11949,5.52164655576642,3127.41963240771,27.2754834223333,16.1004992471014,16.6550495784433,24.7942690221505,31470.9514950491,25580.5090887109,-186.202780744205,0
2852,11950,6.89045852946925,1603.3267581025,26.2637003367324,26.0157435527055,27.3027551303508,40.1713443917381,23393.1708630207,26764.5336212031,929.540228400781,0
2852,11951,5.55658325417355,2457.67505040771,27.2754834223333,19.1196028816822,19.8834757431256,29.4726182376135,31455.4966880284,25573.84087245,-133.279497047568,0
2852,11952,5.94737162628238,1578.1051758166,25.1682042127173,26.0409880638669,27.3117480458403,40.2054776232934,28567.8288808145,19103.9402333492,81.1692141302376,0
2853,11953,5.34199974675247,3113.1714938479,26.4736596855782,16.0553802375081,16.5994284561112,24.7223225990157,33508.7769037156,29010.2131776621,-145.395734086816,0
2853,11954,6.70428712787994,1677.5103261025,26.2637003367324,25.137567410355,26.3526010624905,38.8074358252746,23408.8977971233,26785.873787644,885.110617692839,0
2853,11955,5.76348375466208,2394.04366147563,27.2519837820494,19.4830331124828,20.2731012902546,30.036060449622,31670.9835790303,25708.1541663658,39.5270082350871,0
2853,11956,6.05763001276448,2142.3452178166,25.1682042127173,20.7443037972151,21.6010697572498,31.9847900636003,28536.4659632966,19142.497285679,32.7819248367577,0
2854,11957,5.47076735849994,3436.6453298479,26.4736596855782,14.9877463722652,15.4635304205346,23.0695258111022,33533.9110246849,29027.8394573435,-175.508662924211,0
2854,11958,5.98315135929594,3466.09748937621,27.2199371163652,14.979449734456,15.461146288781,23.0584565135559,31837.3160709566,25805.1264963342,140.521299559379,0
2854,11959,6.25282912144362,3327.96409050258,24.7655815227332,15.1305725211721,15.599791866026,23.2863102832531,29764.2850552016,17066.5115089753,571.82645685803,0
2854,11960,6.86087878819792,2081.84741991415,26.3161942413525,21.4054380696474,22.3271906444781,33.0145630106271,23395.7163442707,26793.9284381259,929.930014921812,0
2854,11961,6.10748751893037,2461.2596718166,25.1682042127173,18.7642035175618,19.4780446220796,28.9148982347457,28577.5467037889,19104.9246274862,50.659316939981,0
2855,11962,5.83037758414337,3837.8709458479,26.4736596855782,13.8922791811511,14.3011109428246,21.3744901451791,33523.7586779262,29017.1555133706,-180.294479716648,0
2855,11963,5.80653902289138,3060.84556094486,27.166022587401,16.3326249696011,16.9015106616514,25.1534817418607,32058.2376804279,25618.5228884622,-18.5970184910082,0
2855,11964,6.17699611172757,2664.10716654135,25.4269574977225,17.7721163035488,18.4201552851571,27.3783997211252,35783.4740145462,28099.336881205,645.508407923659,0
2855,11965,6.84914298235532,1799.0057421025,26.2637003367324,23.8473759361538,24.9584924273492,36.8041376309056,23395.3088419391,26782.4591890665,897.567705004877,0
2855,11966,6.08189428524539,1596.0563658166,25.1682042127173,25.8186086592687,27.0711957098507,39.8601121062438,28547.886686253,19084.9865752962,95.1190318269151,0
2856,11967,6.16285101117284,7560.00239454135,25.4269574977225,8.84881532902086,8.99307737699858,13.5826030018147,35794.0138721224,28089.0628184653,607.63135539637,0
2856,11968,5.39328714890239,4553.7379718479,26.4736596855782,12.3753141821672,12.6970750245698,19.0288107689523,33524.2785732089,29014.6484694869,-149.575050716192,0
2856,11969,6.40092016467365,1787.4641181025,26.2637003367324,23.9628343402251,25.0831574384757,36.9833852905661,23386.0902585559,26777.1945687551,892.395691041664,0
2856,11970,5.98910147223877,1306.1721798166,25.1682042127173,30.1129740058061,31.7265014751067,46.5323017453793,28602.1695588994,19128.3853604693,64.5098233112264,0
2857,11971,6.05926602626267,7294.03844454135,25.4269574977225,9.05153251020296,9.20432673532013,13.8952138154647,35789.53060435,28094.3559177359,626.913638893922,0
2857,11972,5.49439070318902,4698.1404278479,26.4736596855782,12.1198253961935,12.4276118618057,18.6339381019609,33520.1123906317,29029.4673679649,-170.403998679873,0
2857,11973,6.16648720919399,1514.93687175631,25.1449065699029,26.8565085641332,28.1940204706301,41.4720516553743,28658.8362626154,18911.2868320956,178.394321753907,0
2858,11974,6.02875486857205,6487.13796054135,25.4269574977225,9.75381763251276,9.93743632893559,14.9785575191374,35779.5555619443,28090.8670268945,630.214650646897,0
2858,11975,5.58064198934819,4492.0651718479,26.4736596855782,12.488883756189,12.8169225241224,19.2043571847918,33517.023957746,29021.4346360934,-148.763588779394,0
2858,11976,6.18677704158176,3407.7678740211,24.8495066726387,14.8952998268523,15.3508553021076,22.9224658566869,26822.1210590219,18774.8253901643,344.663693830341,0
2858,11977,5.57872337122802,1269.39692758442,25.6678426795931,30.9613826039834,32.6583863880564,47.8538811441853,23474.9357814791,23066.8245569584,106.876185305566,0
2859,11978,6.10351915340505,3388.0325780211,24.8495066726387,14.9549066271629,15.4141089265867,23.0146975474469,26849.5040952759,18787.9492208025,295.422016328839,0
2859,11979,6.50060782540188,1754.3370141025,26.2637003367324,24.302156061994,25.4496441731372,37.5102081648507,23404.4679476622,26800.8151889192,897.166192872507,0
2859,11980,5.34887678648248,1863.6585398479,26.4736596855782,23.2712289084164,24.3397497584377,35.9106033287894,33547.3454402703,29005.6261571575,-148.616526570941,0
2860,11981,6.10429989548938,2826.13441857929,24.9655772991828,16.9810834906671,17.5707864086002,26.1516697147746,26837.8264206606,18768.5426256087,326.637964774064,0
2861,11982,5.69689675999302,3391.56386457929,24.9655772991828,14.9572903678023,15.4177039200854,23.0186794907284,26850.4825679389,18781.4719806813,303.329892629775,0
2861,11983,5.46037948431515,3189.41922614421,25.7906003269281,15.704881051891,16.219808406595,24.1778691040671,23473.6628149973,23066.5631853024,115.335162824798,0
2862,11984,6.1130152111459,4067.56383057929,24.9655772991828,13.216423151023,13.5741491756463,20.3260227392148,26830.902849519,18768.0952529255,349.765285956275,0
2862,11985,5.38221099909932,3299.02060214421,25.7906003269281,15.3406182271335,15.8324365146952,23.6140063175757,23467.4363139508,23073.1663114416,83.6037641391675,0
2863,11986,5.66748946380695,5641.35354614421,25.7906003269281,10.6979128573246,10.928000918325,16.4363010524827,23462.7256625737,23072.0632250071,97.5636334065181,0
2863,11987,5.30719250311113,5116.39519591578,26.1519446380929,11.4302963070311,11.6994457732088,17.5679741342339,35299.5134176011,26172.3207035335,28.593518104168,0
2864,11988,5.70458969765343,2624.93689814421,25.7906003269281,18.0145202273276,18.6833016077355,27.7551085250599,23467.639611421,23064.1495624212,112.35530253138,0
2864,11989,7.2722044426846,1912.81425652443,26.5426314456761,22.8380767699944,23.8735141807696,35.2385450956972,30405.3826862805,32780.7097831333,1232.39033244467,0
2864,11990,10.5711479018641,3487.10893598643,25.8248807870579,14.7678028432329,15.2242678856444,22.7275847391976,35903.1401965326,26151.950668996,-923.416872033494,0
2865,11991,7.44096064897155,3131.90930452443,26.5426314456761,15.996393425422,16.5372487091214,24.6311649018173,30411.3554190175,32768.4360306506,1208.46697283297,0
2865,11992,11.100390820272,3475.60369803061,25.8162487172208,14.8005225488032,15.2589261472543,22.7781956435554,35814.298933458,26148.4100628693,-965.08902715838,0
2866,11993,7.41019833440776,3287.3491943773,26.5161417726747,15.461617331479,15.9677323071913,23.8031310897646,30426.7750234199,32750.2610083172,1176.60687585463,0
2866,11994,5.74593767856806,1279.25005655984,25.6416720675225,30.7658656200675,32.4452924854801,47.5497820967026,31686.6093193186,18534.7705543607,81.3286452201699,0
2867,11995,7.10451857036799,3735.5122163773,26.5161417726747,14.1557238379678,14.5807022105349,21.7821355421732,30423.8666051137,32769.5223921339,1172.51810951323,0
2867,11996,5.6376567874436,3177.88802039551,26.9503801487112,15.8823836307676,16.4196181618908,24.4556776632294,33866.9109498341,26951.1638956275,-461.186894297217,0
2868,11997,5.75118487604127,3145.45973062501,25.703762716242,15.8469149142884,16.3701096198359,24.3975264875575,34108.9001464907,19972.5632373075,-208.309958798099,0
2868,11998,7.18030878078701,3320.8727663773,26.5161417726747,15.3529163673948,15.8521080446635,23.6348592993557,30426.5984072007,32784.1601125411,1186.15833343862,0
2868,11999,5.94191857991496,4340.16283665384,25.8257601014126,12.7264588298476,13.0631384218351,19.5703421733384,35849.3137806418,25466.29064845,299.749619519588,0
2869,12000,5.92122492553457,5103.34171065384,25.8257601014126,11.4266792565666,11.6936185243787,17.5618282247164,35872.6128781397,25475.8036475453,245.666425876615,0
2869,12001,7.24513091927053,3926.7860003773,26.5161417726747,13.6809582759726,14.077585173343,21.0477049560156,30405.7508456589,32787.4639023571,1156.36314633293,0
2870,12002,5.98875135474517,3259.51336211409,25.9532713954386,15.4882799471494,15.9909357591904,23.8429849877508,35856.9070033322,25468.2520783757,211.644813551365,0
2870,12003,7.39109787479173,4719.66746700973,26.5383124973771,12.0878491869328,12.3943269702251,18.5846384558201,30420.7573213926,32761.8399629864,1163.37101114236,0
2870,12004,9.54365529137439,4671.81131347619,25.7319163310113,12.1079674825575,12.4101529869763,18.6142447723515,30433.4044979714,35140.5465268464,-1186.31307350954,0
2871,12005,7.20531604023787,5021.59987500973,26.5383124973771,11.5998375764385,11.8802345106483,17.8305557962001,30410.8264237476,32767.5038331397,1185.84606954955,0
2871,12006,5.7297732205672,2569.46080811409,25.9532713954386,18.3161136378352,19.0077102762355,28.2229770808181,35843.8128749002,25463.4023668116,238.600670758168,0
2871,12007,9.04655334691662,5158.78414747619,25.7319163310113,11.3391117939818,11.6009711141706,17.4264068183179,30445.0010998118,35141.55738515,-1190.10646637509,0
2871,12008,6.06189349907002,995.935610797343,26.6685564626638,37.9922838768758,40.3456654488097,58.7964573976782,24242.0354181871,25966.1574459809,549.943350554694,0
2872,12009,7.17305413446528,4258.97165100973,26.5383124973771,12.950056409238,13.3044640017263,19.917440313724,30440.5104574983,32774.1063949326,1152.14986539719,0
2872,12010,5.11732364986439,2887.34072753892,25.20361025325,16.7594607271005,17.3370309567147,25.8091382787634,34506.7800633307,15709.589707918,-342.484900519298,0
2872,12011,9.41119628658287,3756.47683147619,25.7319163310113,14.0240914698796,14.4347863280623,21.5767394282254,30429.409602858,35121.9337031127,-1181.07586873915,0
2872,12012,5.87246045228698,2526.84049811409,25.9532713954386,18.5368537715103,19.2439391092191,28.5650829444389,35807.1224237675,25458.1321199353,279.139831598778,0
2872,12013,5.75181468804455,799.224206197916,26.4917027734987,45.4227232986115,48.4767578917914,70.3631992241756,24123.8016058855,25037.6081455585,182.643588298659,0
2873,12014,5.8198393891412,4815.32819682177,24.6585201673741,11.7856806689135,12.063603710799,18.1142996218612,36434.8745568084,16400.9505812193,174.144850023767,0
2873,12015,7.09618752774923,3336.01617300973,26.5383124973771,15.306953674913,15.8034253468389,23.5637650366895,30429.6017639006,32773.3480074524,1166.48392882857,0
2873,12016,5.84713012213653,869.112704197916,26.4917027734987,42.3769357576729,45.1389815815194,65.6205303651017,24152.6541013458,25033.4955127649,218.976247227826,0
2873,12017,7.1762454886921,2692.42998632635,26.6505770121864,17.8154456472965,18.4798588191011,27.449225510121,30436.3212201156,32771.9914467276,1165.84850652429,0
2874,12018,5.84428449957211,7020.74752482177,24.6585201673741,9.23528649483144,9.39230852221591,14.1776104777846,36434.2688842601,16382.6287849478,184.970877393347,0
2874,12019,7.23014991715492,3976.31199300973,26.5383124973771,13.5667884873788,13.9568628214017,20.8711649060523,30428.1275497587,32798.1520933119,1114.85483267777,0
2875,12020,5.75242720326493,6809.25387282177,24.6585201673741,9.41642970040355,9.58124663127128,14.4569988927217,36434.2644038446,16368.7943979218,196.88442871956,0
2875,12021,7.1823909595493,3392.40273300973,26.5383124973771,15.1299535557591,15.6152341302055,23.2897870847647,30425.0185198084,32758.8223341113,1210.60991535687,0
2875,12022,7.16303896308187,3034.94159747718,26.6086713705765,16.3614110267161,16.9268559739559,25.1965905907964,34926.24086926,25479.2771472381,963.224854727749,0
2876,12023,5.82726743398361,6267.13147739695,24.5696032230377,9.92382816934222,10.1106814788396,15.2396455092631,36445.2867821318,16375.1208575258,187.718436113623,0
2876,12024,7.27145887442541,4572.86417700973,26.5383124973771,12.3457430096132,12.6663137348386,18.9832246918651,30432.3171431159,32756.3681428036,1158.06206228183,0
2876,12025,7.01578017286382,2314.09669547718,26.6086713705765,19.8620708759767,20.6722553020081,30.6217135430353,34908.2366818459,25501.816724542,1013.54394475752,0
2877,12026,5.55957073446149,6630.62655539696,24.5696032230377,9.57245475517454,9.74363802931948,14.6975495763896,36439.8509024859,16374.9879534861,207.956766028671,0
2877,12027,7.2504439600248,3628.96197300973,26.5383124973771,14.441959386605,14.884517567778,22.2250565546702,30442.8911861603,32760.3739489496,1190.59390948285,0
2877,12028,5.99351552019971,2267.06942277114,26.3351139385249,20.1136903459751,20.93901334987,31.0109842749866,32842.2291884451,21461.3440592014,455.894538893947,0
2877,12029,6.9556564252904,1832.78454347718,26.6086713705765,23.5938419242493,24.689897372594,36.4119552636268,34899.2196859437,25491.0463985798,957.338038762292,0
2877,12030,7.33160636157246,2539.89276501344,26.2783292383119,18.5184943360565,19.2280055667096,28.5376527636677,31377.6032486984,33097.3344187533,-542.163891689545,0
2878,12031,5.67083500259671,6937.77558282177,24.6585201673741,9.30520817216313,9.4652237470316,14.2854508211991,36433.6117979873,16378.0108918432,202.432431864119,0
2878,12032,6.1773717937422,3237.18256677114,26.3351139385249,15.6070453604058,16.1208038859231,24.0278113750243,32833.5529303485,21452.8688155067,469.057556677121,0
2878,12033,7.08101034661993,3644.07180900973,26.5383124973771,14.4007671303456,14.8408074631957,22.1613189781715,30432.8090473946,32784.1999015639,1185.83946219377,0
2878,12034,6.8145055720406,2010.22599947718,26.6086713705765,22.0239772307226,22.9970289909959,33.9753733009624,34912.1057380172,25498.6117163889,966.556967749003,0
2879,12035,5.82607187325819,6397.56590682177,24.6585201673741,9.79869782485272,9.98038260397476,15.0467095421322,36423.2347534463,16379.0596197565,165.893039434597,0
2879,12036,6.03109677015614,3433.63246077114,26.3351139385249,14.98176207057,15.4559601139815,23.0599300841137,32826.9326222644,21448.8158211927,483.238316464564,0
2879,12037,7.21503946944129,4003.24979100973,26.5383124973771,13.5046498011598,13.8910800502411,20.7750587859228,30429.3902241986,32779.0273157381,1153.95292021621,0
2879,12038,6.71639486065647,1542.32768147718,26.6086713705765,26.8907211947696,28.2561739261775,41.5321559550883,34915.3171216579,25489.2915952804,952.71408849385,0
2880,12039,5.79654775520408,6386.01887254168,24.7389315403044,9.81452053200755,9.99733638324456,15.0712383684353,36435.7872817777,16376.2934067172,189.537984827844,0
2880,12040,5.65724232983721,6252.27898801183,27.1174483915809,10.0819045799506,10.2893215019455,15.4872605633437,28899.1835639985,30956.6859734443,-125.031649422442,0
2880,12041,6.05885913799759,3157.58568725167,26.5706034877111,15.9086127630906,16.4440191059485,24.4953173609449,32825.0911307135,21448.3947722917,468.698473140138,0
2880,12042,5.60916650061368,1341.52226341099,28.0495061904951,30.4054399504691,32.0979078821965,47.0018336955592,29397.9202634302,25423.7054694343,-310.820770649196,0
2881,12043,5.79111743237662,7236.98175164921,24.6470037745458,9.05905869708439,9.20856823212842,13.9058227476396,36444.7863576927,16382.0724039182,191.478383337114,0
2881,12044,5.5615493330347,5818.6312465359,27.1559733052741,10.5669058815335,10.7980993939439,16.2361054119496,28913.7084306514,30940.4272592424,-72.9618300258079,0
2881,12045,6.07550359770139,2970.23253125167,26.5706034877111,16.6066341338533,17.1879812748501,25.5762801996186,32834.3884849121,21453.3066625725,476.935048901777,0
2881,12046,6.93034172717222,1678.97114320133,27.2205388796046,25.3545914445659,26.602318482917,39.1486264298765,34910.6332408869,25509.1014020201,940.398426595418,0
2881,12047,5.33142362803143,877.522547410991,28.0495061904951,42.8319886587103,45.6738128755442,66.3392620806261,29419.8038267209,25404.102786845,-288.324044665233,0
2881,12048,7.24010222632472,5856.13428109125,26.6454650476292,10.4923307207538,10.7171037189382,16.1201972706422,30394.9598002683,32772.4861113381,1198.05244943928,0
2882,12049,5.87572646765887,7447.30802564921,24.6470037745458,8.89671799386357,9.03946850246919,13.655496891927,36438.8755243989,16374.4768779366,202.430674995691,0
2882,12050,5.40384667484905,5172.74067601183,27.1174483915809,11.4141944696701,11.6883705489402,17.5447182558735,28913.7710702469,30958.4102474796,-82.0598281002826,0
2882,12051,6.17544246085275,2776.75614725167,26.5706034877111,17.4173503878676,18.0534736001057,26.8321548432313,32813.0113011785,21453.2767381016,452.953439946674,0
2882,12052,6.74466205801219,1445.95808920133,27.2205388796046,28.4367811511721,29.943655376122,43.9374738358721,34914.9184368768,25474.2994429041,977.837166365547,0
2883,12053,5.69905511677631,8176.93090654168,24.7389315403044,8.39391785070807,8.51680744152789,12.8804858313683,36427.588744352,16375.3912316607,201.132644324858,0
2883,12054,5.44017805792565,4518.5906485359,27.1559733052741,12.4939433956536,12.8269132723039,19.2134605880066,28922.4108651303,30938.5801263503,-79.57855658397,0
2883,12055,5.88325660446722,3412.60271525167,26.5706034877111,15.0713695018999,15.5532468840016,23.1991878686319,32837.6472336065,21450.9394756897,506.884339391387,0
2883,12056,6.88408315641735,1758.79336720133,27.2205388796046,24.4773394210013,25.6533989674058,37.786219564571,34909.6761034316,25502.3115524282,1013.33293983219,0
2883,12057,5.51018144051695,1309.18809541099,28.0495061904951,30.9950015809832,32.7395616945808,47.9185664378357,29389.3559997471,25407.6808628657,-359.403501735537,0
2884,12058,5.65064419937534,5900.99434775589,24.7572673458847,10.3270885565991,10.5335515199967,15.8622404016272,36128.1859494512,16015.021460254,-5.12958949786882,0
2884,12059,5.67458979743431,2601.8220505359,27.1559733052741,18.331763921557,19.037845447261,28.2509210639299,28890.0494666146,30955.32174267,-98.329079605288,0
2884,12060,6.72399062885126,1624.96339120133,27.2205388796046,25.994244456057,27.2948439677246,40.1422071299484,34904.1901815689,25495.1833553651,1003.9355612829,0
2884,12061,5.10852489125481,3368.33820719929,25.8637340225684,15.1295716075145,15.6088149544238,23.2875395996706,34111.2734908154,19564.416060034,-357.101282332777,0
2884,12062,5.43817973645883,1134.80825341099,28.0495061904951,34.7281699759742,36.8091250406067,53.7253053135787,29427.5096716476,25393.4592713589,-391.587919319488,0
2885,12063,5.68987150562656,5722.5337020398,24.8022016566044,10.5371188000718,10.7537693038818,16.1864989248187,36100.8520326337,16001.6813786058,-79.1971612073608,0
2885,12064,5.31752493412922,3704.34483719929,25.8637340225684,14.1718538231369,14.5924553430306,21.8056162572481,34144.35010253,19562.8274601639,-404.637304475515,0
2885,12065,5.25585838580493,1260.90710341099,28.0495061904951,31.9291993777721,33.7569133148964,49.3713633878438,29412.7146107953,25400.8178951644,-318.07669301603,0
2885,12066,7.12762224082669,1624.47881920133,27.2205388796046,26.0001656797051,27.3012569725403,40.1514053028167,34914.1941774149,25516.5109370041,915.15975912364,0
2886,12067,5.95718561245672,3640.80348889906,24.5208316056311,14.2013952833777,14.612350702913,21.8481708918011,35923.6825958295,14864.4351505104,144.861194588974,0
2886,12068,5.2678988982843,3419.90107319929,25.8637340225684,14.9715718801909,15.4409733220492,23.0430129440318,34117.0225691988,19571.0500342288,-407.143337047332,0
2886,12069,6.8544056307251,1751.89922920133,27.2205388796046,24.5501274408034,25.7320950611112,37.8992513626633,34904.5638277041,25511.2454817403,977.157342162588,0
2886,12070,5.177301276937,907.323725410991,28.0495061904951,41.665391449847,44.3955850282595,64.522786544336,29399.582203413,25412.6044567678,-317.773092634157,0
2886,12071,9.57346906902186,2358.30988362616,25.9386936292054,19.4790743839799,20.2531924401533,30.025603963386,22536.9750617706,25403.3268551784,-1101.87730433353,0
2887,12072,5.39199217477732,3988.81062719929,25.8637340225684,13.4756380705626,13.8551904103184,20.7287614303084,34119.5408485833,19569.2743881801,-395.111836813659,0
2887,12073,6.99574986332405,1948.43722720133,27.2205388796046,22.6659685524917,23.6973800603087,34.9740305241071,34906.4566257708,25489.053356562,929.624091237937,0
2887,12074,5.38876093690059,945.626939410991,28.0495061904951,40.2710964050682,42.8687034092309,62.3520137905453,29397.6047677202,25419.8074247175,-292.850603321058,0
2888,12075,5.24072198973142,4478.29442519929,25.8637340225684,12.4651888513141,12.7876850336544,19.1665642224692,34139.2587234019,19558.6553096051,-395.827945894775,0
2888,12076,6.85113999972508,3027.38083720133,27.2205388796046,16.4663728478964,17.0446864389003,25.3607772721212,34915.8216527342,25487.4605299345,968.340701230881,0
2888,12077,5.33525926972192,2405.35902099745,25.551649496875,19.1394945621784,19.884531302419,29.4978695476497,32262.5990539464,16068.4177625145,-212.356397692761,0
2888,12078,5.40213373369313,1341.65441941099,28.0495061904951,30.403086154531,32.0953467276108,46.9981738623801,29408.7490612892,25421.1841958312,-310.05331345565,0
2889,12079,5.31573313720188,4516.6637171993,25.8637340225684,12.3942899562428,12.7128996032727,19.0569835319846,34135.1796458518,19558.9327316253,-398.315885752021,0
2889,12080,5.24292295335288,2434.21009741099,28.0495061904951,19.375223941787,20.1665300715414,29.8714032177238,29426.5471575272,25422.6113990225,-325.948030058251,0
2889,12081,5.38510696955357,1925.45653299745,25.551649496875,22.5173785468576,23.5136310176742,34.7369078103061,32264.7548847298,16073.6027390176,-224.284007109643,0
2889,12082,6.82236200364877,3268.5342752155,27.2285320253803,15.6049676524158,16.1267159959918,24.02683208491,34885.675204529,25506.5506351866,1016.04658094828,0
2890,12083,5.51932547799566,5539.3156133945,25.3438124912194,10.7972691827949,11.0296446197346,16.5889939343359,35908.2499589973,16175.1837563712,-65.8698999745952,0
2890,12084,5.96107957239797,3594.23833065118,27.7296986392837,14.6597571453385,15.125603980417,22.5648071045601,31571.6868023719,29112.7418897769,288.887271447004,0
2890,12085,6.76087775148145,2629.7294685252,27.7216293799376,18.2739758545381,18.9820560758487,28.1630286568522,34885.6790473718,25487.7842160282,964.615849992739,0
2890,12086,5.26713415586207,3543.54343299549,26.2884122422353,14.6545342005159,15.1080344851286,22.5534125277311,34124.1639752741,19568.4123594456,-430.233017637673,0
2890,12087,5.56765312442703,1694.61123079752,28.5083650914657,25.4830767667737,26.7608365802127,39.3535830676968,29413.4807667248,25431.6062918969,-308.354211645179,0
2890,12088,5.4215889111584,1577.59530066247,26.1500242801169,26.308551101726,27.6178900512325,40.6256462085494,32252.3939445112,16037.6213932442,-187.697345169928,0
2891,12089,5.53983465256727,8355.7361813945,25.3438124912194,8.30623879322605,8.42816772363062,12.7460316306389,35908.1843082423,16180.9020449537,-66.4480200551033,0
2891,12090,6.04103118492055,2811.14795265118,27.7296986392837,17.4223470910899,18.0707215383834,26.8431774164596,31586.4204625431,29133.7494314649,301.522764554185,0
2891,12091,6.8615828116774,2981.8591305252,27.7216293799376,16.706441519902,17.3056974590054,25.7339665433406,34892.524564601,25475.1341957704,1003.91589256072,0
2891,12092,5.42945236396388,1964.85643266247,26.1500242801169,22.3060157818926,23.2944929428223,34.4112799113985,32274.903508794,16054.0390322726,-190.597031532564,0
2891,12093,5.41440677864182,1045.08651679752,28.5083650914657,37.3031545634721,39.6312383718757,57.7348375062366,29406.1463417031,25399.4677096069,-320.096168760887,0
2891,12094,7.33677179834213,970.716503215923,25.8779276011675,38.4295142130332,40.8056774229018,59.4719061421743,35840.1881096679,19044.4460942806,481.001844160025,0
2892,12095,5.49670581830239,8190.5632073945,25.3438124912194,8.41062449139364,8.53668272585723,12.9069325061826,35910.0341114711,16187.1490955738,-52.3602038701213,0
2892,12096,5.83448443219379,6291.24831763735,27.0532368222803,10.0378859767461,10.2428846486912,15.4192235201113,31213.5312839417,30774.7567012125,-174.074096754051,0
2892,12097,6.84657696049705,3355.28655874316,27.7231955612449,15.3769266967368,15.8883025742778,23.6749625605787,34889.7246722161,25506.7659770514,984.212837998771,0
2892,12098,5.36593340085189,1959.19575066247,26.1500242801169,22.3537731862041,23.3459431781442,34.485390231658,32251.7254356562,16052.6578911528,-168.4278504656,0
2892,12099,5.71453394321196,1499.17453279752,28.5083650914657,28.0052904690229,29.4964802225577,43.2727751705204,29407.8359229072,25417.649381794,-325.003187096976,0
2893,12100,5.57301464874674,7879.9305293945,25.3438124912194,8.61711205791163,8.75147507869493,13.2252515075823,35907.163140369,16173.2477160629,-63.3598701442803,0
2893,12101,5.78332258282126,6515.31881563735,27.0532368222803,9.81338604069211,10.0078180573988,15.0727148295562,31217.8144999692,30774.6982513332,-177.207044386229,0
2893,12102,6.8870656682559,4562.5770465252,27.7216293799376,12.4570190803079,12.7916916484627,19.1574183690348,34895.3926195335,25504.1643235309,990.79452557059,0
2893,12103,5.50376753067066,2623.47788466247,26.1500242801169,18.0750290810489,18.7520167423672,27.8499770550879,32250.293883633,16053.6688603302,-195.254364197589,0
2893,12104,5.66292623486876,1666.39592479752,28.5083650914657,25.8124674602762,27.1176832069893,39.86529462191,29388.7785332352,25426.3148910093,-323.86986663701,0
2894,12105,5.45294596261065,8221.7960753945,25.3438124912194,8.3906091085921,8.51587195613737,12.8760796543224,35899.802151548,16182.537411823,-65.2811913618006,0
2894,12106,6.69766402415971,4700.1954945252,27.7216293799376,12.21084686059,12.5317668844222,18.7768662080861,34878.5362966238,25505.9925908132,1009.53802966648,0
2894,12107,5.49583802281605,3648.6116955193,27.0810477786599,14.4433174721174,14.8904295968956,22.2283895824609,31206.3877295404,30802.8159872089,-180.086192563614,0
2894,12108,5.77396562164429,3357.01416816275,26.1982893022228,15.2024187896352,15.6892388727884,23.4011178618637,33566.4452240208,31277.808593191,244.055741704224,0
2894,12109,5.34716610575244,2222.93507466247,26.1500242801169,20.3710697583478,21.2130725107055,31.4094956228215,32245.7759281402,16035.4947722309,-154.410670933397,0
2894,12110,5.38683501329031,2397.15252679752,28.5083650914657,19.6660642817728,20.4840443357505,30.3238820494449,29404.169387889,25410.0664496986,-362.27609740522,0
2895,12111,5.49673861059527,7215.2078753945,25.3438124912194,9.11009518507067,9.26500212870004,13.9854259485628,35893.6993454349,16179.6038689737,-81.2174634116152,0
2895,12112,5.84798899296879,4968.01783416275,26.1982893022228,11.6581252428282,11.9394548626809,17.9200205655309,33541.7521954564,31259.0310640322,169.154265343277,0
2895,12113,6.70912090023669,2356.5630165252,27.7216293799376,19.7850160165695,20.602789145099,30.5058765691859,34905.0996556518,25509.1201156262,969.624620640236,0
2895,12114,5.33191384529923,3255.38271163735,27.0532368222803,15.6289291465047,16.150650439685,24.0634972811764,31238.5531860936,30792.9903343758,-199.965390663789,0
2895,12115,5.54590804493225,3918.46632079752,28.5083650914657,13.8848275104439,14.308814055802,21.3672608301672,29443.8090111767,25420.1929166964,-329.584312054605,0
2895,12116,9.58327325302402,3470.791008251,27.1393542056367,14.9568253147356,15.4364090967202,23.0232483056537,26159.315847428,29102.8635706287,-1113.22585027297,0
2895,12117,5.50847378051413,1124.74074066247,26.1500242801169,34.2491076897201,36.2481187536756,52.9693193768442,32257.2494005427,16032.9096428794,-209.672879809137,0
2896,12118,5.85314416837741,4896.34523016275,26.1982893022228,11.7709266019623,12.0582089861611,18.0943021540832,33539.3483161961,31266.788895012,195.730748619153,0
2896,12119,6.70053064628982,3225.0702225252,27.7216293799376,15.8084690222225,16.3478904315305,24.3431549772594,34907.9800033464,25481.6867156582,954.808878035335,0
2896,12120,9.98293615872329,5060.275272251,27.1393542056367,11.583154433997,11.866371603521,17.8058010619384,26207.4989238954,29150.350498496,-1092.75058465624,0
2896,12121,5.55722270912646,4297.73201479752,28.5083650914657,13.0352374641088,13.4084020346878,20.0529778836519,29428.0148549826,25384.1659114917,-389.028497102912,0
2896,12122,5.28893393223628,1689.22306866247,26.1500242801169,24.9778192551754,26.1780736521232,38.5588626081148,32270.7194037815,16071.0414251002,-178.63346895201,0
2897,12123,5.98477658701733,4804.10034216275,26.1982893022228,11.9204938904862,12.2157335625204,18.325405842386,33561.4938536992,31246.8869449703,192.912829207904,0
2897,12124,8.85838305883596,7603.4246150581,25.2550917062787,8.80907363528774,8.95092680923578,13.521113272197,36539.25077777,19706.2011550966,-1331.2534213152,0
2897,12125,6.3583896643021,6791.86583540993,27.1464928251697,9.55895463956156,9.74208095653238,14.680192507689,26776.9374880425,29917.0826257767,512.823003619877,0
2897,12126,5.85510208616618,5270.29004479752,28.5083650914657,11.365910825253,11.6456600746108,17.4723596747373,29416.7314857124,25371.3060049045,-440.950717077443,0
2897,12127,6.94338239080623,2180.13338074316,27.7231955612449,20.9468483282325,21.8518744717629,32.3080935346802,34897.1521673768,25528.2678225471,924.752248313923,0
2897,12128,5.30072233656369,1781.29174866247,26.1500242801169,23.9990292094139,25.1205211242189,37.0391024159809,32262.1973289758,16078.5974046262,-160.135764411982,0
2897,12129,9.85603943448834,5400.24821456152,20.1449242050412,10.6168180930609,10.8078595185921,16.3013924015457,40267.0350124349,16088.4643261835,-1109.99589385449,0
2897,12130,5.59981668054267,2643.29651372967,26.3049394936444,18.0008964007258,18.6744387286981,27.7355692770794,35255.3360969806,29023.7465244368,388.614236034962,0
2898,12131,5.80364863870135,5369.38845572967,26.3049394936444,11.083091263346,11.3353660227246,17.0319301406744,35232.9607924964,29018.6029650437,342.799479312928,0
2898,12132,8.93849413803162,7874.7408830581,25.2550917062787,8.6167988710894,8.75077065637545,13.2246638086593,36553.2098212929,19723.1712824692,-1293.11455133683,0
2898,12133,7.41261514624736,6677.6633975937,27.9295408573839,9.70360746750824,9.89708640431218,14.9044400302476,27975.8679551312,24735.3124600675,1153.86096193409,0
2898,12134,5.8968498868677,4786.50156816275,26.1982893022228,11.9496099245095,12.2464070948268,18.370396759019,33567.9106901061,31268.6439233026,174.076893770748,0
2898,12135,6.7882720698469,2393.19087874316,27.7231955612449,19.5641374053488,20.3656200610268,30.1633358971159,34875.3876988645,25531.5824862003,951.996986810822,0
2898,12136,5.37976777409898,1651.91102466247,26.1500242801169,25.403712979595,26.6386360729437,39.2202569559059,32262.0468145295,16065.7522724003,-164.433867408236,0
2898,12137,5.71553125243707,6824.20949732666,28.3138291708601,9.58763739440126,9.77746780392002,14.7259441417509,28935.5444017369,24782.1008720939,-891.102414922004,0
2898,12138,10.8188125618683,5370.445404251,27.1393542056367,11.1364129275954,11.3962812045996,17.1156336381946,26237.3363751363,29211.6876680809,-1039.46833397689,0
2898,12139,9.91397397634564,4946.11649774864,28.5587472305797,11.8605679399496,12.1673664433977,18.2368795596175,29116.2468041482,25184.2362206363,-616.848615074158,0
2899,12140,5.75703314156273,4778.51897972967,26.3049394936444,11.9709079226931,12.269544749812,18.4035002525333,35226.746365326,29011.1238350404,332.492767979402,0
2899,12141,6.71267662964932,3235.5766245252,27.7216293799376,15.7724631504181,16.3095257794383,24.2873989520256,34913.1665406868,25508.7154408205,978.807206450696,0
2899,12142,7.1018891538101,7079.4616895937,27.9295408573839,9.34545221221888,9.52241385049131,14.3517317315487,27968.305927773,24743.1245119324,1194.85716278096,0
2899,12143,9.18442718326428,8141.2995350581,25.2550917062787,8.43872258800801,8.56553302694931,12.9501435430197,36543.870692549,19714.5941682246,-1268.5940949534,0
2899,12144,5.26854156613842,2758.54131666247,26.1500242801169,17.4403608877066,18.0736173195709,26.8665822205806,32258.2519692745,16041.4536934798,-189.525357573245,0
2899,12145,9.96090238513516,6845.21512279752,28.5083650914657,9.57816263877229,9.76843131380698,14.7115646251611,29077.8977235365,25196.1831073231,-610.502033117618,0
2899,12146,9.45543928935583,3983.490210251,27.1393542056367,13.6051807711979,14.0020914886809,20.9318073312454,26137.4843425968,29133.1986005512,-1123.42398496255,0
2900,12147,5.84860553666514,5709.05700768585,26.5311429946725,10.6608635269986,10.8932924133298,16.3802452068235,35230.4950566863,29022.4792281543,317.095288751911,0
2900,12148,7.37496975114809,6916.92855912812,28.2688473800031,9.50241595352293,9.68808549113205,14.5943659600442,27962.7411125872,24713.0945226732,1180.38918238689,0
2900,12149,6.62679197191832,2543.27339855304,28.0365796331931,18.7668830358064,19.5136983424194,28.9280876037618,34891.141889605,25526.7031773007,988.633484241965,0
2900,12150,9.69998406458181,3947.53735298,27.2977120568106,13.7041621812112,14.1081582781477,21.0852486187382,26132.5658299282,29103.1442947196,-1087.74830029094,0
2900,12151,10.1014976329907,6718.71044229128,28.7424246538593,9.70592489727394,9.90326552582233,14.9090543556091,29082.4922176387,25182.4913654558,-578.443071445624,0
2901,12152,5.70770347984605,4912.11227568585,26.5311429946725,11.7701172586472,12.0594804582318,18.0936376644464,35222.4512302481,29011.3143577628,347.419820942158,0
2901,12153,7.37886086538488,6947.12620512812,28.2688473800031,9.47579892587471,9.6602386008381,14.5532896884969,27952.4846645633,24724.1752160918,1167.83477634372,0
2901,12154,6.70101716985974,2791.04387255304,28.0365796331931,17.5531986950122,18.2137643143286,27.0468020210817,34901.5996501922,25496.0068080925,1019.29900104518,0
2901,12155,5.38278345655277,1712.82816413827,26.3084444349085,24.7554938352636,25.9402171915941,38.2143118237044,32280.9322341385,16029.705930435,-168.666117020599,0
2901,12156,6.18630426021502,7011.85447629128,28.7424246538593,9.44193513250193,9.62690794092384,14.5016101018377,29392.8166472398,25367.7912999258,-441.627264900962,0
2901,12157,9.74675875079783,3656.48578898,27.2977120568106,14.4436235245245,14.8925178212632,22.2293489223413,26178.279099145,29139.3587641434,-1109.7209883438,0
2902,12158,7.20512977046759,6756.29294112812,28.2688473800031,9.64749583607732,9.83991779031509,14.8182713973016,27969.8506858603,24717.9292080913,1180.5909853335,0
2902,12159,6.99854173410152,2943.61797455304,28.0365796331931,16.8999409326045,17.5153834718428,26.0345726294427,34897.979716188,25498.439598804,987.224563477445,0
2902,12160,6.42928487083229,4804.5448161927,26.0616096033583,11.9095161108574,12.2032766899251,18.3081965837565,36006.8953173407,28631.5155252609,827.521651475111,0
2902,12161,5.25101002240299,2019.43457177061,26.3527594084569,21.8987800246848,22.8586995356464,33.7801383632229,32267.4415514309,16064.8346676855,-239.566231593596,0
2902,12162,10.7999760453789,7118.2112138035,28.5716483079549,9.34290728422779,9.52257078861649,14.3485841538186,29212.8166866655,25101.5511232924,-723.100626683352,0
2902,12163,6.25556582799468,2710.78673107999,25.4004292678999,17.5505757489437,18.1832221933169,27.0350959163396,23954.1134479641,21542.3009701766,347.592692869729,0
2903,12164,6.32139864706602,5004.1224021927,26.0616096033583,11.5926000409453,11.8696304786604,17.8185498624086,36029.967583932,28626.1348523778,803.175640220478,0
2903,12165,6.9091296959656,3185.30927255304,28.0365796331931,15.9832656444219,16.5370300630615,24.6146286094488,34911.728446103,25498.5823882383,990.978692019279,0
2903,12166,6.12195145209191,3536.62957507998,25.4004292678999,14.580002206315,15.0212801288438,22.4359756906749,23954.6022470398,21525.4767096742,371.837057780033,0
2903,12167,6.91075847306229,6890.23304712812,28.2688473800031,9.52611593856875,9.71288290202265,14.6309411991065,27929.9713924254,24724.928282388,1168.03361965303,0
2903,12168,5.27168875290678,2228.63751977061,26.3527594084569,20.3691237260642,21.2135554586821,31.4071872944563,32271.4239774481,16029.9605199864,-197.09148506885,0
2903,12169,5.96328542017306,5024.7728015417,27.965082780657,11.6950897083886,11.9892990623738,17.9801473821368,31620.2952918301,28672.8251012416,135.161288988654,0
2904,12170,5.52378534068659,7060.21466181265,28.2986997071936,9.37930343164468,9.55943950682293,14.4044174994509,29659.9855424076,23658.7387879234,-247.627698981607,0
2904,12171,6.37760097982052,3774.0143541927,26.0616096033583,14.0121125922419,14.424786223301,21.5589512446875,36042.840604154,28660.7127581867,796.402114969177,0
2904,12172,6.8669281928014,7655.28413112812,28.2688473800031,8.90459680923994,9.06332762402702,13.6719793820899,27914.6810659459,24743.7563946391,1166.43622604168,0
2904,12173,6.8330986912348,1885.66514255304,28.0365796331931,23.4000498437458,24.5009448933925,36.1167076246654,34889.4606860966,25485.7758466922,942.029378709264,0
2904,12174,5.65894600417626,1675.67478977061,26.3527594084569,25.1803271831625,26.4002522369615,38.8742304291267,32286.6221622875,16018.7203767984,-156.944412292478,0
2904,12175,8.15732287023554,1847.95658749538,26.5240389464273,23.4300082026838,24.5118215568397,36.1572801501087,30363.672467947,19150.0960542418,-1429.64829126616,0
2904,12176,11.1616795674681,4128.20367995315,27.9811073534111,13.3521192897112,13.7402396971939,20.5420799601738,30948.6808267055,28752.8293919204,713.51652716769,0
2905,12177,5.61275514914555,3882.47531933665,26.4298101993344,13.7790136112926,14.1807674229447,21.1991892939521,33214.118317999,31268.8317469037,30.9865434902393,0
2905,12178,5.53881869980362,6570.24629181265,28.2986997071936,9.82479530462241,10.0257207391323,15.0919713806322,29656.0374220824,23663.2825600638,-210.739076588494,0
2905,12179,7.1249456752649,6588.76318512812,28.2688473800031,9.80538135827946,10.005244752471,15.061965589621,27935.1645856435,24742.5317589443,1140.9886965436,0
2905,12180,6.80959418846824,1302.43868855304,28.0365796331931,31.117458600914,32.8726450225303,48.1089261116945,34904.8565138795,25500.2370572345,982.561208385809,0
2905,12181,5.24866334962965,2481.42992177061,26.3527594084569,18.8427427843871,19.5761117034522,29.0404824144886,32257.3036143217,16055.4270416159,-182.707817452528,0
2905,12182,11.2762893779696,4536.23532995315,27.9811073534111,12.5259044339863,12.8661784983597,19.2643899897952,31002.8161714272,28874.0474482667,654.617576693581,0
2906,12183,5.69264924544309,4107.29470133665,26.4298101993344,13.2618864828113,13.6333791208147,20.399398199447,33218.0019132208,31263.2948838016,29.4778661748829,0
2906,12184,6.81285621434322,1434.57266255304,28.0365796331931,28.8472756384468,30.4033827452425,44.5793618735997,34900.9265551416,25514.0272490277,973.807748331743,0
2906,12185,5.47968837309473,5504.49625581265,28.2986997071936,11.0301699104292,11.2910863347334,16.9533217004284,29681.4553364728,23651.5518557105,-207.647515182173,0
2906,12186,5.60616096423021,2447.39526413827,26.3084444349085,19.024127948051,19.7699424847644,29.321518238995,32270.4146443169,16024.0965657414,-179.552503100075,0
2906,12187,5.87734615375559,3289.50204106498,27.0328936790687,15.5133163172648,16.0273992831434,23.8844500828475,28142.5029571934,21851.6025595758,118.74309691754,0
2906,12188,5.57648658756709,3154.17722271205,28.3980820425863,16.1363778498758,16.7035772925365,24.8526646010445,31355.9628751474,27937.9513742349,-742.347742431975,0
2906,12189,6.73096209189463,3577.73975239314,27.6592931198739,14.6993325434999,15.1670831564298,22.6259009190613,29293.1329576466,29795.0303491,538.587798585492,0
2907,12190,5.61010525636924,4229.89141733665,26.4298101993344,13.0007568675359,13.3572663492159,19.9956155407188,33221.7685888719,31275.1125093524,60.5076507056801,0
2907,12191,5.36010402849109,3929.08531964304,26.8882227328722,13.7101648238368,14.1113932102441,21.0936729158894,33991.4777145711,21290.0013207397,-541.031209075776,0
2907,12192,5.74328431440739,6485.20188622934,27.7200363412851,9.87788831757837,10.0785792151833,15.1731631394462,30076.4515440038,29533.5340586967,320.312467736778,0
2907,12193,6.6469135994513,1893.48437255304,28.0365796331931,23.3273756695815,24.4224519311856,36.0038752175468,34873.73037785,25499.038952489,1025.2537142577,0
2907,12194,5.37085478891834,1992.60241613827,26.3084444349085,22.1076404602065,23.0830170857462,34.1040579363681,32243.3389780552,16032.0813057152,-231.955883793491,0
2907,12195,5.16487452110109,2892.43564939919,28.4286403681443,17.1625646944759,17.7998529341567,26.4425314357592,30363.3051004813,23838.0553750269,-420.914849614026,0
2907,12196,5.72257611535527,2187.45315706498,27.0328936790687,20.7715909610843,21.6547035611105,32.0338209980056,28174.6193229629,21851.6293885921,181.018928744735,0
2908,12197,5.96326756673599,9981.30076222934,27.7200363412851,7.51835795105844,7.61868053447133,11.5342348733675,30125.7117093134,29551.6036842565,290.593472943915,0
2908,12198,5.77232987905317,6015.38505533665,26.4298101993344,10.2982871317049,10.5125043048476,15.8203045135756,33210.658250252,31265.2497072563,39.6227421308915,0
2908,12199,6.59906411695281,1713.17953655304,28.0365796331931,25.1615972071775,26.4057536653382,38.8522764995324,34900.1071959546,25505.4825236581,950.863956335789,0
2908,12200,5.51917163904236,2369.42322413827,26.3084444349085,19.4744682143879,20.2527348058687,30.0196980753618,32281.3708172722,16032.9113484268,-180.846097229219,0
2908,12201,5.59462075668095,6201.07785471205,28.3980820425863,10.2063404952928,10.4261691700597,15.6811345417606,31326.8558805265,27973.1056445593,-705.271510348671,0
2908,12202,5.47185546098865,2358.98393564304,26.8882227328722,19.6331249623475,20.4298912232494,30.2676185355442,33973.6161221137,21305.787657893,-539.033124098548,0
2908,12203,9.73703161766715,11480.362552859,27.8333040282723,6.90099694630155,6.97947623615108,10.583341308994,31442.5056089633,28981.0009189715,186.362012153053,0
2908,12204,5.9334928159954,2776.56055306498,27.0328936790687,17.4818499374248,18.1272187765683,26.9334172269264,28159.1462245981,21843.3749940866,201.791342002828,0
2909,12205,5.78903749900628,9953.79028822934,27.7200363412851,7.5312286297001,7.6320327843941,11.5540662381435,30129.5577121671,29556.3574119675,278.881223377682,0
2909,12206,5.76482169033458,6662.48690933665,26.4298101993344,9.64099562931029,9.82445738076067,14.8058452548318,33225.5037578236,31258.6963433597,11.4760048393956,0
2909,12207,6.83471988121805,2202.92764655304,28.0365796331931,20.8423387663741,21.7432735538921,32.1470166726907,34867.3047502255,25493.6671453576,952.170745408527,0
2909,12208,5.46046260827056,3577.66394177061,26.3527594084569,14.564875338674,15.0134106975192,22.4148236428893,32277.8753209467,16057.5040127421,-159.396558176607,0
2909,12209,10.0338091589034,8287.75866565654,28.3007953304158,8.46829395143475,8.60841615183889,12.9990883312655,30632.361637204,28427.1097472399,343.404544855276,0
2909,12210,8.55359328818965,4198.42642363524,23.3874553552552,12.79630011391,13.1184366374591,19.6732211312001,34354.100775066,35251.3457693036,-1428.54116813124,0
2910,12211,7.1240254645146,1648.42069906522,28.2774545055708,25.9715480659086,27.2865877028069,40.1114754158013,34878.6803632726,25506.8158036159,965.616741552388,0
2910,12212,6.83604675988951,5799.21509721273,25.9757540262329,10.5187639453966,10.7411598743519,16.1599954357996,33453.8461514831,14805.7044020062,701.874863808971,0
2910,12213,5.74542067748119,3617.71941923036,26.5584334396109,14.4748715336782,14.9196123656151,22.2760292391772,33206.236680239,31262.4017770295,-14.8005181255118,0
2910,12214,9.09196499904603,5988.71727663996,26.4342087399121,10.3282903136415,10.5439732346305,15.8666282276531,32709.6039453865,15783.0154572201,335.224438619303,0
2910,12215,8.52650048817485,4508.55194886337,23.4489126913079,12.2104476816838,12.5019330700826,18.7681347265015,34380.2093673477,35265.9876281981,-1419.34337869804,0
2910,12216,5.39199332789341,2527.57699914609,28.6944700954019,18.9498230946735,19.7170574886937,29.2137020536976,31338.6754574004,27963.3202412755,-664.2961915783,0
2910,12217,5.63146469899479,1904.71220146979,28.5949275715979,23.3396376635557,24.4433058784077,36.0250180756935,30410.3718356317,23801.7966224423,-469.5797257206,0
2910,12218,10.1154768044829,3560.09062223525,28.0635077876945,14.791162926659,15.2680002042453,22.7689485035605,31424.2413323852,29006.1991073158,201.198039241001,0
2911,12219,6.65995523647281,6056.96334921273,25.9757540262329,10.226118546523,10.4344790872909,15.7082347516564,33457.294000274,14785.4222780822,744.669917599698,0
2911,12220,9.34196971243924,5676.91722063996,26.4342087399121,10.6942472240787,10.927786678679,16.4316444499574,32701.3443956537,15746.1994131214,332.648620425787,0
2911,12221,7.06761226468781,2867.75803306522,28.2774545055708,17.248143414274,17.8898861298871,26.5747351638481,34908.9026117426,25492.7839576088,990.129872923918,0
2911,12222,8.26704772466757,3315.00706086337,23.4489126913079,15.0170051359702,15.4667465590323,23.1071316602483,34361.1612235516,35282.4439810365,-1368.39972841493,0
2911,12223,5.52813823505334,1627.54547263833,28.5713240654833,26.2992692300387,27.6462556952967,40.6218785955264,31309.5172155022,27941.140838343,-727.620292574402,0
2912,12224,5.84063756459978,5866.82131481429,26.0643367942036,10.4451424934214,10.6644633009384,16.0464710298769,33308.6838500087,14901.7643967422,317.840886614821,0
2912,12225,7.00427283596566,2829.03632506522,28.2774545055708,17.4163537564709,18.0697823909889,26.8353972959394,34888.3410428633,25495.7232119826,946.320699080341,0
2912,12226,5.2524491475281,5048.34887216477,26.455960814139,11.5533001987146,11.8307406976007,17.7585159358616,32336.319408792,16035.0901166223,-136.126687231071,0
2912,12227,5.41724428963518,1997.74156914609,28.6944700954019,22.538548910886,23.5796010390581,34.7816870970992,31322.6498146609,27930.2682012954,-732.87111350146,0
2912,12228,8.18294078388275,3067.21456086337,23.4489126913079,15.8416052360446,16.3419289085156,24.3831005918391,34386.2539701385,35259.4219686375,-1385.80031940307,0
2912,12229,9.36379881644324,2016.90611557216,28.8808748536207,22.4141035805026,23.4477041497027,34.5891710247457,34680.4303932084,26375.4492381189,-336.191892320847,0
2913,12230,5.82605142206639,6039.74744081429,26.0643367942036,10.2501322878703,10.4601053166745,15.7454324877962,33293.278534794,14901.5453615357,342.521095785545,0
2913,12231,7.02283544113283,1785.88496506522,28.2774545055708,24.4337399072498,25.6216537258749,37.7227755631292,34901.1008020278,25501.5898347397,967.758751256284,0
2913,12232,5.89574434873984,4779.73816762555,28.7606714023733,12.1504002977953,12.4745081432813,18.6852334119433,28454.9220513508,25642.8283379324,3.61795418367295,0
2913,12233,5.45692956853475,5466.04993616477,26.455960814139,10.9638754004985,11.2110024394527,16.8480530970759,32283.5081652864,16054.0701863382,-166.750215659905,0
2913,12234,6.70235953167153,3293.10393787361,24.4080460791118,15.1989246706498,15.6689772169103,23.3911514739672,33505.7206742848,12051.842416659,848.928107457126,0
2913,12235,8.35142350968497,3443.52877086337,23.4489126913079,14.6317044890406,15.058412578437,22.5110906216293,34367.0578163325,35263.4595512237,-1429.35216708017,0
2913,12236,5.27258453527407,2463.57526312404,28.5825160510841,19.2894114980597,20.0803458295997,29.7399674477203,30385.602713636,23782.782524184,-503.985117766642,0
2913,12237,5.2285440826666,1819.7889218898,28.564314482704,24.1507844980685,25.3196699013682,37.2844666585154,31326.6823802548,27927.1383932596,-723.748784459558,0
2914,12238,5.89983526209933,6967.43850881429,26.0643367942036,9.3504675246411,9.51915994822691,14.3571195950803,33300.2154109605,14901.0086520793,322.789723487351,0
2914,12239,5.77519922837466,5289.63667236335,28.7938721157596,11.3568514940224,11.6377392721479,17.458808799036,28531.6031912939,25638.599426373,0.805927218729106,0
2914,12240,6.73449551129766,1703.17733506522,28.2774545055708,25.3308473395842,26.5925616298872,39.1161633374674,34892.3223056652,25483.0784320718,967.093925245873,0
2914,12241,5.47080677020613,6687.87620816477,26.455960814139,9.61883426208326,9.80141366625259,14.7716842444178,32317.6221671844,16050.4871836,-115.772167486492,0
2914,12242,9.53992010280158,3477.88372595183,26.8575592087477,14.9056889255532,15.3796535847945,22.9434372397341,32011.0569593499,18833.6344936003,-1132.39365078952,0
2914,12243,6.75806240582765,3118.5038358736,24.4080460791118,15.781955967291,16.2883210191394,24.2934725404852,33478.2406455305,12071.1995030859,899.285288579884,0
2915,12244,6.10641745616048,7306.94727281429,26.0643367942036,9.07150361311847,9.22803478491371,13.9268131441595,33288.9647425245,14905.2801807171,309.935140593537,0
2915,12245,5.72266667777234,5154.46311036335,28.7938721157596,11.5541733355332,11.8456638728171,17.7637290626111,28536.6188728787,25642.763371909,-13.7287284725018,0
2915,12246,7.05781782862423,1419.68068906522,28.2774545055708,29.1528046958714,30.7394912313466,45.0554332281249,34896.4095757771,25488.129839602,974.881710999159,0
2915,12247,8.30669887002618,8197.55063463996,26.4342087399121,8.45135860745068,8.58348446149376,12.9709549561016,32728.7522776258,15886.6664820734,466.551596105365,0
2915,12248,5.51654645482755,1334.29984959798,29.0561042165101,30.8466412675977,32.5956322793193,47.6927603955089,31753.3749706755,25275.8802564554,-470.523938501817,0
2916,12249,6.03341737425162,8280.62862881429,26.0643367942036,8.38289221591146,8.51076693222671,12.864993074113,33295.6381591376,14904.5913840039,324.235145913579,0
2916,12250,5.67839705034685,5653.83658236335,28.7938721157596,10.8671369749654,11.1222879600988,16.7022138626144,28510.6610219228,25635.4767412352,-3.84183733184347,0
2916,12251,9.55732674669206,6288.64530058916,26.7599393288881,10.0244806470571,10.2273664197837,15.398123159087,32181.0627713908,17874.4431492931,-1136.1863617457,0
2916,12252,5.59515655641957,3727.58417048685,27.3237778117236,14.2559285725589,14.6934909779207,21.9389637421194,24877.3856979263,26140.4943249015,37.336623240277,0
2916,12253,5.4756822466825,9177.27675416477,26.455960814139,7.87618764035997,7.98569413333432,12.0844191192988,32324.606644641,16031.3474317772,-128.496373329893,0
2917,12254,6.00668770788256,6227.58516881429,26.0643367942036,10.0491088568843,10.2495922476046,15.4351513926793,33322.3864559576,14916.1045487288,316.145884389871,0
2917,12255,6.79467911931333,1692.12028306522,28.2774545055708,25.4570589610564,26.7292380120236,39.3122185407682,34891.9135098155,25498.9498237291,994.580348678768,0
2917,12256,5.62515076408746,5677.55858436335,28.7938721157596,10.8371764592719,11.0907800855056,16.6559331687837,28539.7721811918,25620.3051790426,-85.9825397185211,0
2917,12257,5.58583442813641,2517.76206848685,27.3237778117236,18.7960066888852,19.5370665652679,28.9710739483708,24877.402455359,26133.1995161756,33.351530851142,0
2917,12258,5.83175015582761,2109.33498298151,26.7050221861627,21.2733005593288,22.1901614799604,32.810981811143,35538.1245992054,22195.8696237758,-92.1809610280343,0
2918,12259,6.06150551333707,6796.01015081429,26.0643367942036,9.50050040589357,9.67586101647879,14.5885828136143,33291.7854975879,14891.8636291318,312.132767532526,0
2918,12260,5.68903252343326,2730.99577448685,27.3237778117236,17.729874255144,18.395457423837,27.318582674781,24872.57890204,26142.5211700493,29.5994304282259,0
2918,12261,6.80507988159579,1652.80387306522,28.2774545055708,25.9187807628013,27.2294097741053,40.0294974240133,34878.3889755786,25492.2166955042,949.793652309932,0
2918,12262,5.59909194420104,2531.06680498151,26.7050221861627,18.6303281037972,19.352597272811,28.7123277048829,35563.8477307288,22162.1056611246,-107.210915046086,0
2918,12263,5.45068081555756,5557.62701436335,28.7938721157596,10.9909662833289,11.2525462230702,16.8935050217003,28559.5106047325,25651.8962896212,-67.7991078402143,0
2918,12264,5.277815574778,5852.78244416477,26.455960814139,10.4849202998452,10.7083048350761,16.1084722796944,32300.0604707964,16040.2879891528,-177.844796105819,0
2918,12265,5.5025463116777,1876.93238559798,29.0561042165101,23.6959783242281,24.8346416600481,36.5800551994802,31723.4344258185,25281.3933190009,-468.510924536403,0
2919,12266,6.0030450773569,7130.32077881429,26.0643367942036,9.21375005588776,9.3764435094862,14.1462199703601,33305.4815725583,14904.0707002291,341.747838202877,0
2919,12267,5.75729120979257,3409.99230898151,26.7050221861627,15.0940620618758,15.5785444015677,23.2346359339765,35586.2802064483,22150.3071919768,-118.861336847491,0
2919,12268,7.15559201821095,1958.92122106522,28.2774545055708,22.7890150341937,23.844447447378,35.1689858905695,34885.8255843156,25497.7512539156,983.325971315381,0
2919,12269,5.67591289302967,6317.21565036335,28.7938721157596,10.1048553946874,10.3216449161033,15.5249759464648,28539.0262075722,25630.1177379613,-71.9542370726528,0
2919,12270,5.57334826797149,2812.75628648685,27.3237778117236,17.3607219644791,18.0007289146357,26.746556110289,24886.7553817727,26133.7100633267,5.51504448166047,0
2919,12271,5.61538966148233,6357.42013016477,26.455960814139,9.93769176142832,10.1349666198024,15.2637452956746,32296.8413334347,16018.6657993557,-176.329915411595,0
2920,12272,5.98886127411833,6326.07488182716,26.1451366330448,9.95235151358745,10.1487335747879,15.2859345379571,33341.2556128273,14815.6222208456,306.646684312979,0
2920,12273,5.87998970992272,3230.30393950362,26.8634100226048,15.6916342020769,16.2156857670969,24.1601080851428,35584.8476395551,22160.6050568684,-83.6089836429595,0
2920,12274,6.04230096480392,6689.94385423432,28.6618298536305,9.72889366173973,9.92695373932492,14.9444059464705,28045.9688040974,27223.7091755651,278.069525481744,0
2920,12275,5.67004397353798,3317.29078396468,27.2944105688543,15.4519095776634,15.9643662504378,23.7900202226428,24874.273780697,26135.7241964629,11.2140830374467,0
2920,12276,7.07959867829056,2247.0241943355,28.4965431988217,20.6194969326181,21.509026994782,31.8028184532115,34888.6085324628,25502.3424419759,989.775242350387,0
2920,12277,5.63857736602488,5503.56100392057,26.5753327465477,10.9224708944861,11.1681981526782,16.7842984637726,32292.7679493669,16015.4564495116,-163.042901947313,0
2921,12278,5.91546927531153,5609.75532248475,26.0716570400999,10.7549323247293,10.9894268930329,16.5247844854232,33369.2916123387,14723.209315132,321.301817943985,0
2921,12279,5.5474435884607,3110.76883750362,26.8634100226048,16.1113214906326,16.6627246988268,24.8099654648693,35606.9150284026,22154.1018049309,-88.5237183262605,0
2921,12280,5.68093127998023,3979.71723047659,27.1991603497116,13.6194305322598,14.0176378542103,20.9539735667322,24731.1999007165,26101.8997453785,-49.5911364919669,0
2921,12281,7.17686522734705,2467.1520383355,28.4965431988217,19.2558223827052,20.043336071169,29.6876169779728,34892.2088287344,25504.2363194972,969.571968840639,0
2921,12282,9.54481106235014,5736.54103846824,26.5612860861724,10.6293362994219,10.8603758451259,16.3316102032021,32791.3364690261,15795.9807026772,412.278279776853,0
2921,12283,6.03530648663748,5183.72426527975,28.6146923752608,11.4987810268119,11.7862491821153,17.6778431198668,28039.4680645272,27258.4585772366,343.947960620512,0
2922,12284,5.93997490385673,6263.35484648475,26.0716570400999,10.0124361106581,10.2112422524556,15.3785616241268,33392.3655297866,14741.8886923713,325.410284580243,0
2922,12285,5.57608398479781,3371.00669447659,27.1991603497116,15.2694628160379,15.7693878261059,23.5073371004244,24723.3445233808,26108.1404525621,34.830542930498,0
2922,12286,6.02367970673699,4474.68778830523,28.2865278086559,12.6659642890249,13.0162392109228,19.4815050844053,30109.6340935873,22536.4386251017,471.966994562845,0
2922,12287,6.75006349866742,2891.77098420007,28.4940647380749,17.1737890468004,17.8124872535736,26.4600985399847,34888.5677300802,25532.7035968237,994.967524658122,0
2922,12288,6.68566739663012,3125.37703393605,26.1974619560086,15.9779876904711,16.5143679764544,24.6017627197673,36116.3996937014,21643.2549014592,944.619413105461,0
2922,12289,5.53998775276088,6165.2317007538,26.5262027740095,10.1407917482483,10.3479915887012,15.5773248761758,32260.6809308154,16023.3751539994,-175.860829419962,0
2922,12290,5.6892118818944,4707.81378853859,29.2451579259241,12.3106625366847,12.6468181604925,18.9338322925506,31853.749565417,24304.0792904617,-729.254605664994,0
2923,12291,5.91867656632302,5686.97847848475,26.0716570400999,10.6594192128635,10.8892112417264,16.3773062671092,33367.0041335403,14724.3083160224,319.477198739574,0
2923,12292,5.6780917428637,2847.62488247659,27.1991603497116,17.1926587972861,17.8198649949232,26.4858122766723,24721.5616223536,26093.7710609437,15.1327545233986,0
2923,12293,6.7786879773907,2646.70644683759,26.3208930345222,17.9866669002059,18.65939508528,27.7135670100964,36133.3968088634,21642.5034514712,871.09918419605,0
2923,12294,6.81266038322396,1946.32696020007,28.4940647380749,22.9431518421047,24.0137306183383,35.4090707255278,34891.4719474616,25503.1242058408,954.458235720341,0
2923,12295,9.47779833719395,5543.56920497664,26.5248543900188,10.8675362440797,11.1102151576908,16.6993811479308,32787.3957620818,15794.1771510768,418.68312917656,0
2923,12296,9.41001900058892,3434.55985780763,23.8473602439508,14.7029412409956,15.1376175360721,22.6223125443197,34183.0728140605,11314.110549831,-1243.69434864534,0
2923,12297,6.03789900493481,2518.05428146294,27.9604671999528,18.8912367663657,19.6462228949269,29.1206602014318,29387.964872606,22355.4315915573,256.753207767251,0
2924,12298,5.94080863982568,5760.34708448475,26.0716570400999,10.5707646258792,10.7962208719742,16.2404260032843,33380.5129937556,14727.4763340627,331.807612265814,0
2924,12299,5.73502361303806,3430.89538847659,27.1991603497116,15.083702232661,15.5718131136061,23.2197798358862,24706.117537059,26095.1138578883,31.0906975488023,0
2924,12300,6.96026842496969,2294.07344820007,28.4940647380749,20.3071722149933,21.1730128835676,31.3182797185008,34886.9528173441,25497.625772531,955.359255424294,0
2924,12301,6.66993907586265,3256.51983793605,26.1974619560086,15.526522092653,16.0338655104055,23.9028050284745,36152.2399409259,21665.9349435148,909.781003477716,0
2924,12302,9.00094956138777,3327.90996580763,23.8473602439508,15.0239374068448,15.4779419174786,23.1189158683927,34218.2103472104,11317.5619386425,-1278.44666797879,0
2924,12303,5.56021864102543,5278.2667067538,26.5262027740095,11.2233605295178,11.4841049760441,17.2489457900509,32318.0104395331,16018.1458602702,-135.963057827228,0
2924,12304,7.9749610582765,2962.22392402969,28.2233866468383,16.8479865641472,17.4616669874451,25.9545720526423,29099.0013729318,22881.4790342466,-1317.36912087616,0
2925,12305,6.00403091292478,5502.46667648475,26.0716570400999,10.8915428768349,11.1328194189715,16.7357350610316,33371.6772624544,14722.9325681218,325.702514961072,0
2925,12306,5.7361542239006,4339.00534247659,27.1991603497116,12.8435004926829,13.196524666086,19.753977756124,24711.562765553,26098.5969825235,30.895783533662,0
2925,12307,6.7768231353979,1314.9279263355,28.4965431988217,31.0296539328183,32.7852094067487,47.974658746667,34906.5728121212,25509.9619926608,1003.68873595456,0
2925,12308,6.84732522387043,2656.9385744525,26.2519746744823,17.9271477083135,18.5949877466341,27.6211273453626,36130.6635733854,21676.0977480326,882.246050073073,0
2925,12309,8.17752305220607,6277.03994250417,28.5236366863956,10.1324601530074,10.3492892064699,15.5672348492937,27459.7154687711,26918.9182898482,-1448.44338508823,0
2925,12310,9.53215182268542,5128.92975497665,26.5248543900188,11.4377638295019,11.7095906515689,17.5801419629609,32791.0105914997,15801.5280919933,410.807096823447,0
2926,12311,5.79820663074835,6266.37240848475,26.0716570400999,10.0093246425657,10.2079854929575,15.3737594868262,33388.4505324957,14732.0385701448,338.406912706916,0
2926,12312,5.88718696065972,4419.34338827947,26.9824702762566,12.6679498810642,13.0095103673668,19.4821415799582,31565.3674748594,31692.2791143525,314.344672666386,0
2926,12313,6.60547998203662,2749.87778593605,26.1974619560086,17.4860093465303,18.12288799906,26.9374441455279,36135.7053925532,21670.6006371274,877.950839999233,0
2926,12314,8.11036249105059,3813.35306177755,28.0971096937531,14.108379778876,14.5429446061549,21.7123173803795,28966.6983174621,22803.4466978349,-1502.03031238299,0
2926,12315,6.84630681500888,2175.9242663355,28.4965431988217,21.1146828397655,22.0420701662555,32.5711305743669,34896.8712621924,25520.220742171,1019.80309040731,0
2926,12316,8.95061734097484,3327.31526380763,23.8473602439508,15.0257793308532,15.4798955296713,23.1217656665701,34223.0693116128,11306.1574234635,-1213.63587185013,0
2926,12317,5.00925635445755,5113.28296958867,26.7234821031956,11.4746662791777,11.7496321777244,17.6374863451413,32581.6344162841,16791.522695403,-411.820770915573,0
2927,12318,5.37904769946442,6480.73553626632,26.6081978670897,9.82350385433367,10.0162249105247,15.0877265926718,32518.3804670187,16090.7050612313,-215.933062945979,0
2927,12319,6.84266162744148,3249.1296104525,26.2519746744823,15.5574132533926,16.067230241152,23.9507646987184,36135.5360182996,21668.2432433727,914.818082269994,0
2927,12320,6.57760381510356,4441.5186263355,28.4965431988217,12.7465055317225,13.1028060747604,19.6064324428925,34885.1455594883,25457.032570452,1020.52912639397,0
2927,12321,7.93740914096793,2897.24766977755,28.0971096937531,17.0995937534744,17.7293167829912,26.3440714398693,28962.4266167926,22806.1396042299,-1476.81055960424,0
2927,12322,9.31454447644042,3544.57972780763,23.8473602439508,14.3900936175595,14.8061962053945,22.1383879581672,34200.4461428962,11302.6824683235,-1198.11251540058,0
2927,12323,6.71561691971389,3696.98469819765,28.6544951969215,14.4674562632538,14.9286204278167,22.2692042812729,34116.0724969331,24847.0965852806,-418.434073285751,0
2928,12324,5.3116682839789,4483.50596026632,26.6081978670897,12.5156973374708,12.8461511659654,19.2460606237525,32498.1502244933,16078.6432446427,-242.698791172201,0
2928,12325,8.64330524820314,4497.0289067799,24.9187314592116,12.3533209587606,12.6630530289031,18.9918328014845,36921.2673230737,15709.3480325056,-1439.32134741649,0
2928,12326,6.99114101056069,4241.0159483355,28.4965431988217,13.1525817592235,13.5325580275074,20.2344478799731,34893.7549086948,25498.6664616515,1009.82571781097,0
2928,12327,6.6473911947659,2763.48829883759,26.3208930345222,17.4420276245101,18.0772107104286,26.869663881596,36138.2914548083,21686.9434630967,885.530174196558,0
2928,12328,9.29783888471231,3502.0516031039,23.7960297246883,14.5032463804841,14.9255661100871,22.3132790143884,34195.4376890634,11283.6942544809,-1238.51837438941,0
2929,12329,8.59342893963251,6165.3882767799,24.9187314592116,10.0488557728755,10.243283265377,15.4330894766744,36909.3419874408,15729.5523978675,-1447.40099414167,0
2929,12330,5.20273605263848,4480.64258026632,26.6081978670897,12.5210637818456,12.8518162317371,19.2543561682368,32515.5496498961,16084.53535322,-229.9005440525,0
2929,12331,6.68324360176946,2992.27236083759,26.3208930345222,16.4886494542788,17.0596928983101,25.3928687498824,36145.1288652702,21674.5956623919,887.107991432481,0
2929,12332,9.62058263943212,3162.45065380763,23.8473602439508,15.5604568674582,16.0473632582985,23.9491123518231,34206.6313652333,11301.4929066844,-1244.21062877669,0
2929,12333,7.03946556255975,4023.22215962361,28.6129343857462,13.6450013503287,14.0551884225118,20.9964099261201,34880.2689322028,25511.4522198388,914.842090224282,0
2930,12334,8.44415157401229,6767.337894648,24.9324280379109,9.46779276366415,9.63620157902848,14.5366016757338,36921.3238474371,15695.3731467101,-1477.77021520963,0
2930,12335,5.3501085078485,3229.80595478974,26.7008473282966,15.6744612305286,16.1959167145147,24.1331101265823,32437.0186818841,16068.0578178271,-232.763748407732,0
2930,12336,6.83366687055579,3647.28207085552,26.4775306337322,14.3858818929968,14.8245105022917,22.1381485008325,36149.0692615815,21695.4376439986,866.247526607472,0
2930,12337,5.26448679475763,3389.39331862555,28.7823836014635,15.3829546270012,15.9037455378775,23.6867813405637,30783.4076267018,23045.4001901473,-307.409537997024,0
2930,12338,9.15952684902541,3087.9768602683,23.8908107168161,15.8244038773797,16.3282082348057,24.3577329752619,34235.1832083582,11297.9672242489,-1197.07044929756,0
2930,12339,6.12447794938049,3012.55393514312,27.8458878854122,16.6011990808698,17.19452406909,25.5712612246047,31064.3449610809,21080.6653836912,444.243579914888,0
2930,12340,6.92276413621465,4402.68561143951,28.9472478737281,12.8585032461094,13.2242956373867,19.7804584382115,34898.8259587598,25538.0760731276,907.838078762166,0
2931,12341,8.56698160521479,8209.91478894971,24.7999570061938,8.37540775962981,8.49782505870468,12.8520262681819,36951.9138993188,15697.5541328212,-1444.95084651151,0
2931,12342,5.12889115273588,4392.08291662555,28.7823836014635,12.8664160018893,13.2315721359444,19.7923933778345,30748.0092276527,23050.048169273,-310.186663983619,0
2931,12343,6.55345677271427,5415.40100312398,26.4091691609256,11.0279992767113,11.2780937267281,16.9470117929418,36132.3382989899,21688.0613125248,894.477253961354,0
2931,12344,6.1700918784308,3571.33152914312,27.8458878854122,14.7366631898376,15.2082859754827,22.6841013613797,31020.4881266463,21106.4937272809,481.252615585844,0
2931,12345,5.84193962659877,2628.51988846064,25.9151707855482,18.0154967862628,18.6857378133584,27.7570052814509,28395.7718796973,18355.1228258909,266.867722981059,0
2931,12346,6.26950382952277,4929.59991589531,28.9405055474799,11.9139503788889,12.2259898188899,18.3200252886818,34875.9558901575,25500.3476933487,959.007830645801,0
2931,12347,5.38377552959661,1739.37339182831,26.6339138948517,24.5465624213797,25.7193970064032,37.891267654968,32296.9397662095,16026.4777312328,-198.229297254416,0
2931,12348,9.50444901414412,3970.4815298713,23.9417380812595,13.3361050395699,13.6923966545774,20.5087972743841,34217.6570524299,11279.7769415098,-1297.50722956518,0
2932,12349,6.82491891556282,8705.37103660189,27.5878776519897,8.18290256727109,8.30859546078658,12.5583152133788,36175.7068495347,24943.0104238417,737.918260147849,0
2932,12350,8.96247390821884,8531.84055516622,28.8079303769785,8.33388988577386,8.47027906144482,12.7923561104131,35064.9074332453,25475.059400468,1006.11843777479,0
2932,12351,5.48685767803571,4441.92137056962,28.7570857883032,12.7663216252693,13.1254954443986,19.6375524565392,30729.0678543478,22990.5323713558,-328.133159106983,0
2932,12352,8.6370462245619,5883.324384648,24.9324280379109,10.3577890035507,10.5666772772539,15.9098966179557,36912.9509145859,15699.5383769039,-1465.89492828535,0
2932,12353,6.22301954137219,4152.31133114312,27.8458878854122,13.2876213205944,13.6709668028533,20.4420514196069,31059.3068832156,21079.0275377575,453.460145292399,0
2932,12354,6.30072399852868,2483.61083446064,25.9151707855482,18.761850371552,19.4843798870054,28.9136911268886,28386.9816415361,18342.2442435788,235.964117292696,0
2932,12355,6.74821350755792,4064.35670756251,26.7401319939845,13.384552578386,13.7654862399364,20.5897378814415,35895.6971210666,21877.6936042909,892.521018534837,0
2933,12356,7.70628081412636,5035.17053389531,28.9405055474799,11.7461624402859,12.0489601065404,18.0606817301491,34983.8135326947,25462.932690671,986.135965335211,0
2933,12357,7.73020548524733,5487.84413320879,27.7479467498363,11.0176185570679,11.2748277368224,16.9330888978343,36076.8348897262,24943.592730197,789.896685071416,0
2933,12358,5.41506614729768,3558.90514563624,28.5891078267138,14.8481168510084,15.3328336406346,22.858285753275,30625.4445578616,22778.0957970566,-406.021222374248,0
2933,12359,8.51221960726236,4504.94335494971,24.7999570061938,12.3291174589091,12.6367000515585,18.9541970658919,36921.4006968947,15705.3702638222,-1424.6450408382,0
2933,12360,6.66386691449579,3837.33472556251,26.7401319939845,13.919129646477,14.3316698086611,21.4166060099759,35881.1183859096,21874.600036571,854.13990504303,0
2933,12361,6.17627014793839,2986.31023246064,25.9151707855482,16.4598785350589,17.0249903709588,25.347201619213,28380.0585705072,18358.2702683812,223.37618923607,0
2933,12362,5.77324852033993,3380.45398177539,26.6833370946483,15.183035802976,15.6729452158157,23.3723034698899,32247.5667348099,16074.4838505842,-228.144123013925,0
2933,12363,9.19819019829547,3080.8293638713,23.9417380812595,15.8563142412558,16.3626420002241,24.4072662642293,34198.9244993568,11279.6025563237,-1211.03077376033,0
2933,12364,6.18354410789662,3442.70420934472,27.4189660328251,15.0713282403795,15.5605361092392,23.2011438090025,32166.9762966098,20004.8109289969,48.2155045706859,0
2934,12365,7.35774392661796,4247.91724189531,28.9405055474799,13.1748941761829,13.5592483853648,20.2698029420098,34931.0530674988,25457.42750368,1006.90030687865,0
2934,12366,6.81211284005488,3762.40330581224,26.6704867618348,14.1014710761578,14.524419195683,21.6985434298799,35896.1931413873,21862.4151512362,886.025889041878,0
2934,12367,5.74880946046477,4374.37954348307,28.134221337842,12.8494947377107,13.2093044295103,19.7650222143717,26524.5036095712,27047.931458259,214.397801658236,0
2934,12368,9.17515322244401,4423.63481165184,27.6724832364655,12.7154530687144,13.0644334651301,19.5568895962063,35846.1095833872,24641.1837065678,405.630489096977,0
2934,12369,6.26862101126833,3129.19289446064,25.9151707855482,15.9300711404992,16.4606484094656,24.5268289827365,28355.458005447,18366.7239690668,270.150389495056,0
2934,12370,5.47873474604969,4756.19445363624,28.5891078267138,12.1782463354699,12.5028461617033,18.7279866910048,30658.482603927,22764.8470872682,-441.644966152399,0
2934,12371,6.12066413241809,4295.73674846457,28.5090610810871,13.0394098614881,13.4128236071057,20.0594323135331,28465.2544821453,28257.2803375085,348.562823558145,0
2934,12372,5.27695205216254,2408.79901777538,26.6833370946483,19.304553429558,20.0749693140949,29.757483799063,32265.3231751501,16046.927814383,-208.108422031815,0
2934,12373,9.18529368516295,4267.48042088576,28.9331094781195,13.1330842378045,13.5149119686057,20.2051175452696,28456.3531999779,24959.2196081462,-1114.2652895966,0
2934,12374,8.86328448197165,3582.0089678713,23.9417380812595,14.2977803549338,14.7092994947582,21.9958414695753,34221.4626727555,11314.1783644724,-1251.31798282537,0
2935,12375,5.58255971186324,5213.74948889953,25.3886273012703,11.2366713299483,11.4911969480285,17.267600380887,36006.657550217,15252.1174374973,62.6759316695007,0
2935,12376,6.06269496799952,5210.30893353452,28.4451117283581,11.4484874585753,11.7322796262294,17.5998561541812,28466.308886902,28280.7589064767,323.585172419616,0
2935,12377,7.08503625900533,4455.48193343952,28.9472478737281,12.7549166026427,13.1146825082334,19.6202605238152,34875.8413767043,25546.4053359194,897.288077101678,0
2935,12378,5.80270970571257,4207.42246348307,28.134221337842,13.1934421733691,13.5732938551439,20.2969495111742,26550.3987021895,27077.3031786372,176.242659780805,0
2935,12379,6.594018383009,2802.97277181224,26.6704867618348,17.3151310011415,17.9453033729938,26.6740707187286,35879.1250665821,21888.0521313354,881.260476625064,0
2935,12380,5.21473728338618,5191.34691832075,28.5285035972575,11.4818169816511,11.7678759912894,17.6514913929646,30787.0702871021,22492.2678164481,-487.625401930337,0
2935,12381,6.1876268634778,3093.13633246064,25.9151707855482,16.0595582398169,16.5985135769326,24.72731424963,28380.9871454984,18352.2522209057,240.867625377345,0
2935,12382,5.16149453653962,3565.61101600426,27.1181973077153,14.6782422570538,15.1402047922925,22.5920282969505,31194.3352051206,18896.2156960724,-138.160353224355,0
2935,12383,5.97002920596175,6699.43004162025,26.6600192608795,9.6186731517071,9.80222502580075,14.7717066572112,32186.3361612398,16012.4087251002,-131.803407254738,0
2936,12384,5.57857077185145,5205.53379089953,25.3886273012703,11.248307955758,11.5034222559414,17.285572373315,36011.7186716607,15266.143215735,56.8789734573118,0
2936,12385,5.20107942440134,4792.28888443758,27.1039968163506,12.0075875265126,12.3133781295967,18.4616107924295,31364.1860016001,18698.5856944053,-283.050229353787,0
2936,12386,9.38934271898702,6281.54158934394,28.9867048525183,10.1525317806018,10.3725909015732,15.5988460935099,28485.4444285765,24902.9849749772,-1235.70283991767,0
2936,12387,5.7816831992561,4411.75766548307,28.134221337842,12.7756989927142,13.1312551316641,19.6509071543704,26519.3559777941,27040.9536219828,192.898856312434,0
2936,12388,6.18760705663467,3218.54097906978,28.4846021481506,15.9182635830628,16.4717113074998,24.5150568856086,28451.7094572035,28269.967571316,320.287002882189,0
2936,12389,6.88164983583082,2645.17850781224,26.6704867618348,18.045133519631,18.7257578009633,27.8052245623814,35903.62042333,21873.4784782451,848.345939431003,0
2936,12390,6.10446249366494,3387.93231646064,25.9151707855482,15.0747448226487,15.5510267719951,23.2028124933303,28372.1019056804,18324.7580807642,239.991979090853,0
2936,12391,8.00658192751881,6080.55714245126,28.9698974417374,10.3696977391433,10.6004515696171,15.9341644422218,30960.570988989,23434.0903653016,69.3565631004113,0
2937,12392,5.89287243706088,5441.24615746887,25.4919210985323,10.9336114038169,11.1735827025328,16.7997587960779,35937.9973071771,15222.0777233656,50.2842577450748,0
2937,12393,5.33123728676585,5176.24582150744,27.0780468601872,11.4064002259367,11.6799321624081,17.5326116433808,31366.835891147,18703.5329403126,-255.448684750139,0
2937,12394,5.72469223903729,4669.70415148307,28.134221337842,12.2954017864749,12.6236847808049,18.9083055798936,26545.4054020981,27043.5380329686,199.533938465043,0
2937,12395,9.69539452315867,5349.01317531509,28.9498167055043,11.2829614273092,11.5607847719531,17.3448768193094,28489.8543816673,24896.0816119036,-1178.45112976951,0
2937,12396,5.83157934577668,4246.39744789531,28.9405055474799,13.1781092142919,13.5626540338647,20.2747760121494,34930.1376767327,25500.0200515322,965.2978954181,0
2937,12397,6.2025417507647,4998.32674881054,28.4918194046254,11.7729616428135,12.0745609848651,18.1013666154588,27870.2177834956,27754.1315744569,684.316003385344,0
2937,12398,5.38598603307543,4811.90267460709,28.4433663517351,12.0728370576983,12.3906532923114,18.5647900569263,30771.4317092582,22496.2791390016,-448.491774015281,0
2937,12399,6.31552657087976,3573.32515846064,25.9151707855482,14.5313224193765,14.9740865734293,22.3618816817652,28383.2332112925,18364.658729678,216.227791020912,0
2938,12400,5.78874750397442,4791.59603548307,28.134221337842,12.0845861057052,12.4011274576274,18.5824200792731,26542.9716986009,27054.0154627757,211.492117628247,0
2938,12401,9.42274685870921,4798.28872334394,28.9867048525183,12.1351526588489,12.4598002258711,18.6620461196982,28508.7308824878,24915.4387866784,-1197.39081929127,0
2938,12402,5.4737364181595,4339.90210546887,25.4919210985323,12.6987359538985,13.0314602108635,19.5268223317257,35948.4599515891,15291.4395773259,61.6578133888624,0
2938,12403,5.1531725709545,3101.41864750744,27.0780468601872,16.1713971446368,16.7287773538759,24.9035564334112,31344.3829089459,18693.760165088,-290.419678219775,0
2938,12404,5.50250675021313,4553.92782631063,29.1596321350081,12.5837692901017,12.9350165906623,19.3559756459834,34630.9647645472,25249.0321960756,57.1600034325115,0
2938,12405,6.30306968544531,4996.45453881054,28.4918194046254,11.7759080063868,12.0776682017959,18.1059203075406,27869.0697958755,27741.08226001,709.280230583516,0
2938,12406,5.89381631532167,2763.73750246064,25.9151707855482,17.3842397156926,18.0111718470465,26.7789476736318,28397.8286208112,18353.2819701209,228.914730395765,0
2938,12407,8.03494887251021,5346.08493484899,29.049031823452,11.2934070357668,11.5723402120495,17.3611697253284,30961.1218260997,23452.5152602997,64.9426802629863,0
2939,12408,5.80266572805032,4699.02075748307,28.134221337842,12.2438062021591,12.5692024165763,18.8285439181934,26523.2632721634,27038.4681715609,206.523095766103,0
2939,12409,5.5011532928911,5082.39100982505,29.4751079803735,11.709192945992,12.0130787221227,18.0044010741632,31055.0475893143,24447.1168928528,-153.306603006117,0
2939,12410,9.49632973902324,4843.93496931509,28.9498167055043,12.0555524543544,12.3755196838297,18.5389295835297,28508.7950717989,24904.4892041486,-1200.98875421168,0
2939,12411,5.54933876076706,4565.55418789531,28.9405055474799,12.545366069884,12.8929981721819,19.2962039368529,34964.9164570775,25490.7875174259,910.28329693094,0
2939,12412,6.03573926031926,5219.86425681054,28.4918194046254,11.4376432437672,11.7211248240897,17.5831737254579,27874.6668186874,27750.169222456,717.01441885464,0
2939,12413,5.12892248469084,2410.82796151076,27.1113522386286,19.36184982026,20.1414341624806,29.8477021680734,31353.2317515909,18712.6932700374,-291.047593835701,0
2939,12414,8.09512131833637,5000.78125683923,18.9692378127961,11.0582901394172,11.2603618443597,16.9800963306483,39298.1723127097,12209.8207535921,1259.26244248505,0
2939,12415,5.01468062507076,5720.2064447459,29.2913300265982,10.8133327906151,11.0683201183868,16.6198232283559,29378.2483301247,25426.3446641802,-329.695656073278,0
2940,12416,5.67922497050709,4000.8387537699,29.3106415779627,13.7590622109927,14.181215019627,21.174274311698,34967.1076122455,25510.34683394,930.504188325196,0
2940,12417,5.44970572326187,2833.48446898562,26.9902220553902,17.2255988101009,17.8529385911606,26.5362631219026,31349.8230752619,18706.4237239619,-303.149328168776,0
2940,12418,6.15337442701135,6415.78359488847,28.5742810526553,9.99201495076479,10.2022628443433,15.3504706297256,27294.7553646861,26221.3279903526,170.411167336455,0
2940,12419,5.99729327895552,4012.93850545996,28.4965251981952,13.6586334274835,14.0687990362258,21.0172676327293,27853.1288552617,27744.9165685706,674.55220325315,0
2940,12420,5.12534343108058,4726.64174560496,29.3085091542115,12.2822025450961,12.6171340980797,18.8899375348203,29381.4668009472,25438.4601144879,-339.466655734364,0
2940,12421,5.74009107578826,3803.66387443806,29.4246974406999,14.2578577991157,14.7117548009731,21.9464159371281,31043.1683685634,24370.3449366974,16.1307355214111,0
2941,12422,6.48619469324567,5951.93806088847,28.5742810526553,10.4935421669542,10.7285093642109,16.1248673699147,27342.3328344538,26171.4190366226,117.215050935445,0
2941,12423,5.13634810632113,2648.93296710028,26.9680522862877,18.0700254560765,18.7556178028918,27.8446900711946,31367.0454660772,18698.5166709783,-301.636292163203,0
2941,12424,5.30864605577698,2745.07506240523,29.1758479663187,17.9181830715896,18.6158996781932,27.6156401769435,34991.3833695176,25498.4085505687,924.461164466989,0
2941,12425,5.41145327023953,2518.95373960496,29.3085091542115,19.0886249300639,19.8726220237014,29.4307567369588,29390.764208016,25429.7427393859,-316.271965000441,0
2941,12426,10.9462418203244,5121.05739491318,28.7279521839514,11.5999280961005,11.8935121138593,17.834332872449,28394.2083915869,24813.1333615567,-1182.5646470326,0
2941,12427,5.69164980113869,1620.6282578488,26.1927194246182,25.785974147701,27.0529065583264,39.8141402104577,23573.6528434479,23928.3090609306,223.389384188948,0
2941,12428,6.53399760381919,3465.7832141904,28.4824609558055,15.1137329077514,15.6145848124233,23.2692505115133,27869.1611085645,27748.4306207511,679.106282859822,0
2942,12429,6.26642738917146,6990.75029888847,28.5742810526553,9.45228824198284,9.63699956549508,14.5173827639042,27329.1877786969,26185.7326460192,97.1637590812707,0
2942,12430,5.66469281058211,2888.32751976989,29.3106415779627,17.2929327768732,17.9477562699321,26.6468885155521,34964.126538857,25503.7940908404,935.691765412529,0
2942,12431,6.58711231969693,3825.55184279526,28.5552703295575,14.1204251966465,14.5592265768438,21.7319197125274,27863.3294082512,27774.6167377246,656.439278694572,0
2942,12432,5.24288082784756,2850.60302310028,26.9680522862877,17.149140580608,17.771036302299,26.4177455658551,31364.0576901104,18700.3783242618,-317.932925444489,0
2942,12433,5.66892124725265,5299.85281184613,26.5669226282773,11.1959605106691,11.4555402614185,17.2066894713391,32248.5673119437,16007.004656783,-214.899918297671,0
2942,12434,10.9778433619635,6051.67996640538,28.7765453748939,10.3912972485434,10.6221660562079,15.9672534317954,28385.9268730937,24840.5953806499,-1187.57491553364,0
2942,12435,5.47358899262747,3085.66069360496,29.3085091542115,16.4968164382094,17.0965469058153,25.4132700791405,29381.3112662269,25459.9485381764,-305.332569468456,0
2942,12436,4.61033334751485,1814.95331377025,28.0936080484727,24.096517519511,25.2543632072735,37.1983593224698,30636.0503919128,22183.965929791,66.9848077065708,0
2943,12437,6.17947262283827,5650.19614580286,26.3036874322415,10.7191249115328,10.9531628463538,16.4698564877169,30523.6373899645,16735.5092450198,323.392410446746,0
2943,12438,6.15992280540216,6717.05522288847,28.5742810526553,9.69910475025562,9.89535390068774,14.8983146847976,27355.2070177517,26175.6485896703,120.892142065927,0
2943,12439,5.84459962442741,4544.13206976989,29.3106415779627,12.6136735436313,12.96761513051,19.4024860245371,34950.624981314,25496.4343804985,926.453248942852,0
2943,12440,6.14357458175933,4227.65849879526,28.5552703295575,13.1857763901548,13.5681177982917,20.2859032913222,27894.8298925369,27759.0510921792,669.419901528379,0
2943,12441,5.33974612292496,3971.43573298562,26.9902220553902,13.6196737630805,14.0163142664391,20.9539140850497,31342.7596299824,18676.2196348676,-300.38981940805,0
2943,12442,5.32088371276735,4131.15116797369,26.6112500243301,13.2260014654117,13.5967687960184,20.344277111541,32292.3577497287,16052.3985464013,-193.962756766277,0
2943,12443,5.50457731725688,2755.44864166771,29.4007671983359,17.8998221781888,18.5984554110338,27.5877919340133,33753.7512754059,28024.456683845,-213.752621376095,0
2943,12444,5.40118074391541,1802.04380155508,28.6306410072935,24.3453447525754,25.5310393820813,37.5868794894348,30890.7599830153,22821.7533978202,-589.366877023535,0
2944,12445,5.87920671484614,4519.68966980286,26.3036874322415,12.4240802399917,12.7473665620086,19.1038665694881,30522.5510508038,16734.7467895377,360.371463158007,0
2944,12446,6.28232913007291,6812.69211488847,28.5742810526553,9.61088721415363,9.80298511579223,14.7621539081543,27334.4657423988,26171.2213489761,138.676740958096,0
2944,12447,5.47477454780658,3841.43828098561,26.9902220553902,13.9328033325795,14.3481260801679,21.4382999728087,31353.5627165412,18681.9271726201,-333.838816782839,0
2944,12448,5.36109276088793,4552.7222097699,29.3106415779627,12.5975463069903,12.9505556831198,19.3775467269444,34971.2935556337,25499.6888130802,923.016640734331,0
2944,12449,5.63489811262239,2582.55077031182,29.3388796458831,18.7499868503676,19.5094378494608,28.9057123911309,33782.4571621281,28002.7403873102,-255.169269470987,0
2944,12450,6.0421186502878,4124.88518279526,28.5552703295575,13.4090047583508,13.804601881446,20.6312021460802,27851.480946743,27756.1708434271,649.351162644772,0
2945,12451,6.46286073345393,6520.12075688847,28.5742810526553,9.88788591154338,10.0931196538501,15.1897197140734,27308.9983093395,26184.489996721,123.646411106163,0
2945,12452,6.04706534020917,4290.99371180286,26.3036874322415,12.8649171818722,13.2128068093986,19.7853399467889,30537.7866047066,16735.1085614705,392.376243659901,0
2945,12453,5.24748005318125,5118.37945759908,29.5144794747274,11.6566782046002,11.9579042711408,17.9232951933147,34650.7857253531,25276.0392803253,120.026104829923,0
2945,12454,5.34045971823658,4318.45536298562,26.9902220553902,12.8673418310545,13.2202597135588,19.7904370338301,31375.3854437457,18693.2967056987,-286.115342306512,0
2945,12455,5.54017601313404,3211.43712231182,29.3388796458831,16.0400217849107,16.6090749836825,24.7057040135,33783.0262302336,27981.8159705382,-223.634725160424,0
2945,12456,6.16828436385716,3230.67363479526,28.5552703295575,15.8841881314794,16.4359976793219,24.4624538046377,27875.0304964566,27753.679434909,689.760942267092,0
2946,12457,6.14050210995935,8666.1437877699,29.3106415779627,8.27089042860558,8.40647169131651,12.6957149766466,34926.736089911,25499.4902757543,920.920071190118,0
2946,12458,6.38391757257586,5468.66559488847,28.5742810526553,11.0951523137282,11.3609763391881,17.0541296647315,27333.2051269455,26179.4312151902,130.259249769227,0
2946,12459,5.17948864547935,3313.84950298562,26.9902220553902,15.4289827557748,15.937269477843,23.7537826085372,31381.7000233273,18693.5288182759,-237.66780602281,0
2946,12460,6.72834054232727,5412.86974431182,29.3388796458831,11.2189388565639,11.495501983246,17.246544558816,33812.1359937839,27873.4524943517,-116.880056636031,0
2946,12461,10.0640878436307,8806.69020662205,29.9975197948963,8.21228794381206,8.34784256060549,12.6060195306012,34156.9252748029,26403.0628372421,326.610706001193,0
2947,12462,6.13212408537638,9166.3982997699,29.3106415779627,7.98361896078626,8.10737443278726,12.2527856095436,34925.4415707702,25509.7327878705,930.775064254312,0
2947,12463,6.80969661322707,6781.0304913403,28.6451497998262,9.64334326528123,9.83728669006849,14.8123367135306,27372.3993164336,26125.8060872083,172.123103274223,0
2947,12464,5.20628162682892,2302.83842910028,26.9680522862877,19.9938460896747,20.8181060519523,30.827273332054,31364.7190327674,18692.3333735583,-283.074411205979,0
2947,12465,7.00674357474183,6498.14219312805,29.4314326947105,9.95363681900073,10.1660544579402,15.2923340130816,33897.5655834673,27839.0952973873,-8.22410140816359,0
2947,12466,7.58159900968159,9318.42026462205,29.9975197948963,7.92505651302957,8.04874172673144,12.1631394531733,34045.9392527849,26094.8775801979,627.762501693605,0
2947,12467,6.00756993541628,5900.67617351967,28.4955811464702,10.5486832371847,10.7860193510882,16.2099129569939,27496.4551624535,25140.082380718,15.6175826735593,0
2948,12468,6.87374045709698,6764.0484453403,28.6451497998262,9.65898596873347,9.85366598791317,14.8364808320819,27403.4916428755,26133.6381151584,185.897167366661,0
2948,12469,5.75692068170768,5930.47053576989,29.3106415779627,10.5603715101629,10.8024578448581,16.229113166614,34928.6688665386,25504.5716833272,953.884493463065,0
2948,12470,5.03886537043445,2212.52945818853,26.9995121428294,20.5927061577839,21.4619508045965,31.7562178086222,31359.0155215606,18713.2823288736,-287.533927628387,0
2948,12471,5.51848353186666,3674.44566831182,29.3388796458831,14.5955289884864,15.0700899897916,22.4689072856221,33768.4337417951,27978.4396303835,-191.956015807518,0
2949,12472,6.45663180516508,7786.6896597699,29.3106415779627,8.85251942185693,9.01314598548401,13.5928020833239,34925.9700819297,25487.0507557203,988.507562766903,0
2949,12473,5.40788575873065,4517.95554091153,27.814356554566,12.5469863810606,12.8873497593536,19.2966799976264,32888.074020836,30691.0156270157,-146.922171815483,0
2949,12474,6.57032318351182,7286.32353062205,29.9975197948963,9.26820496342901,9.45046836040674,14.2349746075397,34934.2936032771,25493.3765261653,1003.6651023227,0
2949,12475,6.95578817070702,6282.33468675959,28.5746772524601,10.1296380696753,10.3465778351497,15.5629463532437,27370.6846218993,26127.4625584079,192.050348332479,0
2949,12476,5.06124027461458,2612.71985218853,26.9995121428294,18.2538280135657,18.9526934195,28.1296533259105,31355.5959086394,18702.1891473459,-281.402261297557,0
2949,12477,5.55943543298789,3556.43036031182,29.3388796458831,14.9311010721335,15.4271379117057,22.9884094993899,33803.9552995472,28004.8991133379,-227.486746547562,0
2950,12478,6.28614272109035,8343.1834725427,29.5254340377495,8.48040898165935,8.62564057626824,13.0190444366187,34933.6421091558,25483.5458761887,948.074085447955,0
2950,12479,5.74078098951481,4543.7597369512,27.8872789183823,12.5046225599739,12.8430730350166,19.2313158671145,32791.3397523149,30668.3248204752,-180.326748797388,0
2950,12480,6.790167685068,6683.07435712757,28.2902895242359,9.71672471266518,9.91249699708736,14.9251494462718,27377.9127736928,26147.4332169298,170.987840386338,0
2950,12481,5.2093757268124,2528.06851109072,26.7112274530332,18.6471735550257,19.3707111483479,28.73845884865,31262.0898734394,18733.0632153653,-246.580740381647,0
2950,12482,6.66634448201473,3604.90601399439,25.411174435433,14.3913019109942,14.8212669154401,22.1440568922698,28524.1997381001,17507.1328914298,834.657423383814,0
2950,12483,5.54492205663003,3578.16375037959,29.5065222695735,14.8845257085484,15.3788872959644,22.9166653151264,33772.1295680502,27987.6149055608,-149.043788136117,0
2950,12484,6.72250183786549,3736.00680137971,28.422156127679,14.3403775809191,14.7917926155851,22.0720272946609,28310.81885897,27733.0079151399,856.539284838237,0
2951,12485,5.42905737655148,4527.7027829512,27.8872789183823,12.5344828840097,12.8746223887377,19.2774819925791,32658.2032352525,30633.7756413769,-260.550084827063,0
2951,12486,6.31398303953171,6702.7090185427,29.5254340377495,9.75973050893016,9.96318796475303,14.9930922779488,34908.3188791081,25496.4028025748,915.373806553773,0
2951,12487,6.05534612168084,5211.4223220317,28.2481827865523,11.4337959634051,11.7156647912781,17.5768405943889,27505.5356895187,25157.4968098228,24.6717451537304,0
2951,12488,6.73244625555306,4285.86277770071,28.406631749486,13.0513766561733,13.4247882804602,20.0777466399525,28308.0883907576,27732.4106177783,861.733494144943,0
2951,12489,5.36270531529794,3545.14677637959,29.5065222695735,14.9811582306341,15.4817578176605,23.0662777995019,33773.3899382776,27992.2961269271,-203.114851222565,0
2951,12490,4.97896513980903,2362.14665309072,26.7112274530332,19.5847597140144,20.3758798280031,30.1920400433481,31258.5655629544,18740.12286136,-206.776019525851,0
2951,12491,6.68794241440525,2894.01708072306,25.5507788637851,16.7788129978235,17.3612807756753,25.8401055286477,28658.5288846023,17502.4137654477,741.138247302598,0
2952,12492,6.31746959442794,7771.70733632383,29.5544166622266,8.87362179650016,9.03614683716885,13.6256235676273,34915.1983194564,25505.9558118989,963.339211259641,0
2952,12493,5.43499710678005,4486.3820069512,27.8872789183823,12.6122037679546,12.9567524969089,19.3976474115438,32638.7512833031,30627.5923860022,-233.355365874283,0
2952,12494,6.69544345653228,6551.50341662145,28.2247463083585,9.83918759328408,10.040448783705,15.1140909762262,27371.7934042834,26148.9533270649,163.451965342768,0
2952,12495,6.69822289894894,5039.32471576006,28.5507286627134,11.7129795100508,12.0116603219537,18.0087606758393,27372.150211314,26148.6681412421,163.911965007416,0
2952,12496,5.56492518727639,3691.37739037959,29.5065222695735,14.565141465192,15.0390602003786,22.4222228201621,33776.4104154846,28000.1238888679,-218.833353835712,0
2952,12497,6.36912159913033,2878.18743832803,27.4190043422687,17.0916931382465,17.714198135923,26.3299912124878,33223.9391031492,21131.8730756982,230.642914451149,0
2952,12498,6.31087805055566,1950.72389989644,25.4937427573503,22.2889928845614,23.2668189821925,34.3822857470994,28813.8804937479,17451.2843060733,618.463094701111,0
2953,12499,6.29581103671143,7228.7339505427,29.5254340377495,9.29441379906547,9.47592311932641,14.2748775370098,34916.8174208193,25488.094980979,969.645056081814,0
2953,12500,5.54125459261927,6547.3328009512,27.8872789183823,9.8258237390789,10.0248523547222,15.0930210153385,32665.4956276963,30641.9618928823,-279.835634352579,0
2953,12501,5.85481388322401,7548.64415577017,28.0453259678456,8.97478622175227,9.13567551572728,13.7799982067547,34544.576071886,29629.7080409432,155.25995878345,0
2953,12502,6.61948942595831,5489.10133262145,28.2247463083585,11.0459524826154,11.3072801895604,16.9775899183375,27340.1610445726,26172.6149939673,116.83866309086,0
2953,12503,5.52863274873916,6668.07912210811,30.1150131531457,9.82174738689854,10.0308499530955,15.0895665526538,34590.7198970458,25251.7138233214,277.651251902592,0
2953,12504,5.70822378186255,5905.3824465503,27.2552183139165,10.4711404895807,10.6981354667625,16.088380353355,25172.7286025985,26034.9015539301,-39.8465277647124,0
2953,12505,3.43649465706079,4338.19308376006,28.5507286627134,12.9559656304091,13.3247841273426,19.9304563893745,27490.6208180259,25638.3796655945,819.680586306087,0
2953,12506,6.04050889994385,5849.24575282543,29.5554845723289,10.6706884357979,10.9196657750296,16.3998518761057,33804.7178480434,27999.9883946808,-235.245107121742,0
2953,12507,7.24718412670009,3547.85336940954,27.3310900110461,14.7510579268456,15.2193370445136,22.7052112507665,32056.8417301316,20650.220434337,-484.911316999299,0
2954,12508,6.2083093274792,6728.00532632383,29.5544166622266,9.73732042180554,9.93983134723611,14.9585329753951,34916.4191988844,25510.086045652,951.489826243658,0
2954,12509,5.87042537624218,5930.59492009405,27.9389408818012,10.4817491251181,10.7128541019203,16.1057518191198,34549.0664431888,29634.6581039931,164.930754152952,0
2954,12510,5.42245367768879,6196.8110369512,27.8872789183823,10.1829143921491,10.3990605465109,15.6442643396694,32644.1409123164,30622.1675896138,-228.970893050287,0
2954,12511,5.72193660752147,3698.85007862145,28.2247463083585,14.4205565390319,14.8754233026962,22.1956905022763,27283.4779306899,26272.3204256155,-47.5505382384536,0
2954,12512,5.76167102539082,4783.0916685503,27.2552183139165,12.0342143694012,12.3424235957027,18.5030295436202,25170.7379369031,26034.4803088672,-46.3438392479797,0
2954,12513,7.37423927147465,3701.74903140954,27.3310900110461,14.3250376293855,14.7668976874317,22.0459177341521,32035.2440032983,20661.2814002095,-501.642891292806,0
2954,12514,6.19117578599679,5189.1009161753,29.4971940974473,11.549134680755,11.8443792495158,17.7570531012763,33835.2450913768,28074.5782946014,-289.754095744086,0
2955,12515,6.15297701476989,7161.36687632383,29.5544166622266,9.35198265472866,9.53628371482236,14.3637560879021,34922.7021031388,25512.2928757321,948.575780701435,0
2955,12516,5.52866945269883,5105.7971789512,27.8872789183823,11.5659349740817,11.8527392585052,17.7804370080574,32638.8903748298,30624.5988154524,-244.916027846453,0
2955,12517,5.71490701802691,3510.26346662145,28.2247463083585,14.9533713990567,15.4418264492976,23.0204056066359,27287.3283831118,26260.899444398,-24.0331144516803,0
2955,12518,5.53844926101558,4021.1967049232,27.17347514878,13.5211884131373,13.9133853096483,20.8019599096194,25164.7147698571,26042.3233904425,-56.5765415507431,0
2955,12519,6.65829498714008,3434.2322878306,22.5696792866069,14.5579330745017,14.9719381223646,22.3946844533808,37662.8748926009,12874.595132844,784.175171456727,0
2955,12520,6.09564865438634,3796.47100377017,28.0453259678456,14.1466181223936,14.5831328616774,21.7713775865995,34545.2340261903,29628.6135990362,126.651663620448,0
2955,12521,5.61292578140388,4096.98336075541,27.6043269821859,13.3884161156257,13.7759561632282,20.5974715376805,32702.9829750476,21410.2152803613,-548.225485250666,0
2956,12522,6.21482074657863,7121.01524432383,29.5544166622266,9.38612409118129,9.57201483323298,14.4164476037867,34938.4467232247,25514.3009394128,965.23693608221,0
2956,12523,5.39965682956509,3906.07267987176,27.9084727688716,13.8599873506238,14.277971546694,21.3275898411147,32622.7403855533,30678.8280928581,-228.626857280412,0
2956,12524,6.46722952112159,4275.0087598306,22.5696792866069,12.5699231979575,12.8735279171207,19.3216449826511,37652.9724937384,12881.1078009504,782.989366416808,0
2956,12525,5.76291991293125,3284.9932785503,27.2552183139165,15.5533458421442,16.0719954157456,23.9469723297369,25167.485805525,26036.4448902047,-72.4398563939991,0
2956,12526,6.28181298563863,2970.76378933476,26.7029522783651,16.6214536681654,17.205095507143,25.5995932821682,30463.7756127757,19330.7948906146,766.593980140772,0
2956,12527,8.80848359885702,3294.95984585647,25.4894085529103,15.3189936137626,15.8066715503268,23.5797698087672,23184.1997178293,22442.6821296977,-1135.8657292366,0
2956,12528,4.78536768645775,4839.33066092746,27.718389688118,11.9744689612614,12.2823449918749,18.4114990169577,32321.1638454394,21449.0564046181,237.923661166969,0
2957,12529,6.47281067304793,5171.6817585427,29.5254340377495,11.5769598299332,11.8738831581346,17.8001017376051,34910.6880445655,25517.9050824961,988.958995138311,0
2957,12530,5.348401092917,4487.1529169512,27.8872789183823,12.6107420274045,12.9552076568175,19.395387345333,32634.5159934778,30717.7720542115,-186.965209818275,0
2957,12531,6.63482793181229,4065.6736558306,22.5696792866069,12.996061725815,13.3223637838265,19.980099424822,37665.0159728825,12901.335553383,753.024070571256,0
2957,12532,5.70936975914143,2567.2980945503,27.2552183139165,18.5235329326027,19.244328202832,28.5484740909763,25172.1555903706,26043.0315592295,-41.889625770655,0
2957,12533,8.61582622004736,6101.26627892746,27.718389688118,10.2770134405113,10.4968927100555,15.7893106485927,32230.9184721291,21500.4487392732,-1132.36160348611,0
2958,12534,6.77832180528904,4407.5557665427,29.5254340377495,12.894602211181,13.2663225516009,19.8373407541439,34907.1346782517,25498.676509684,959.892277162914,0
2958,12535,6.40888133635043,3379.1637277819,25.3385152260326,15.0371434661276,15.5058819902165,23.1431864245319,23461.5678307642,21611.5211025706,819.186598303694,0
2958,12536,6.46536775787697,4368.3989998306,22.5696792866069,12.3915428013418,12.6858109828042,19.0460628201528,37645.5293250173,12872.2304396449,814.843294656886,0
2958,12537,5.75204271098313,2332.9038049232,27.17347514878,19.8401436837425,20.6555230849359,30.5895874136548,25139.6251261032,26035.3039854724,-74.5859395069854,0
2958,12538,6.90928611433572,4234.49162370346,30.1505819270965,13.303127669362,13.7033602452804,20.4704365901401,34918.9784860381,25499.0025073263,968.203767319058,0
2958,12539,6.19674873685343,6584.49963153805,27.3941945728782,9.76447875745611,9.95827351659839,14.9976881878772,31539.6326148269,20830.1138099593,149.470348079361,0
2958,12540,5.22431274581451,5553.21032475541,27.6043269821859,10.9230801337668,11.1746390111862,16.7868412006806,32695.9321876757,21391.6776753986,-617.506780468733,0
2959,12541,5.51198175862651,6760.86826056074,25.5057303567985,9.50332471096334,9.676111942185,14.5921932484177,35658.8652700542,15844.8548087324,-79.7932199927732,0
2959,12542,6.72570800944729,2825.63688032383,29.5544166622266,17.5989004772568,18.2776184062414,27.121749728088,34892.3973693383,25511.3579713595,996.179476486664,0
2959,12543,6.82506509924656,8627.1344769374,24.4628745564062,8.10717767677305,8.21787976928013,12.4382677974875,36559.2677686958,13962.8317580882,559.021186136756,0
2959,12544,5.69708526192653,7424.70342753805,27.3941945728782,9.0407597849568,9.20179101170786,13.8810068064831,31556.1043281877,20841.1873128078,-20.66560553613,0
2959,12545,6.40312268330849,3739.9275817819,25.3385152260326,14.0270212568858,14.4346367687111,21.5803748803731,23465.5483755975,21622.7354558629,798.001136265123,0
2959,12546,5.60228321084678,2041.5595005503,27.2552183139165,21.8993525140242,22.8714681931231,33.7843826921279,25165.4132055234,26051.1234311885,-93.3339157216956,0
2959,12547,9.3445315128933,6577.0341238306,22.5696792866069,9.51222228119606,9.67037155313412,14.6017586674937,37490.4129372743,13097.2697362367,670.000053154699,0
2959,12548,5.89900560768561,6051.41285721804,27.6947076109874,10.3307641609132,10.553152558017,15.8722672383148,32658.5661684109,21413.4099686697,-660.847145697713,0
2960,12549,6.36969355932249,7658.58597362729,24.4638723433818,8.73307550773937,8.86830624305494,13.4029677438388,36534.7779165516,13995.8535614726,592.072103472907,0
2960,12550,6.84880364560434,3298.92891047254,29.6886365293755,15.7770036797379,16.3314204124914,24.2991280470601,34897.7817586276,25502.0600564237,986.24166950596,0
2960,12551,5.51813060139161,7124.44326037335,25.4891326407066,9.19065818640977,9.34969376573663,14.109866524736,35655.3347349944,15827.2064804412,-47.0541425463922,0
2960,12552,6.51023356554181,3641.97708253252,25.2380050431392,14.2729944321993,14.6943820383131,21.9606264495093,23472.402562017,21611.0334233858,775.952362710863,0
2960,12553,6.0092089212709,5776.1895688664,27.1874286396282,10.619472164272,10.8534432614049,16.317323340668,31565.3551088289,20836.2865912502,46.5660098357252,0
2960,12554,5.53748945959038,2274.41590798152,26.9313283527988,20.1695129423015,21.0063365257556,31.0995910721594,25175.0016665048,26039.563122461,-45.7205039826006,0
2960,12555,5.46001431963031,5522.51739021456,27.40983874128,10.950752615754,11.202640047549,16.829283662455,32720.1650447596,21148.1856589772,-523.715746557922,0
2961,12556,6.73583310773879,3780.52740047254,29.6886365293755,14.3429475557733,14.8041699964641,22.0786620036591,34907.0717654071,25510.2896959767,996.93116545872,0
2961,12557,6.56285779770791,4168.15619653252,25.2380050431392,13.0253274945502,13.3743808382796,20.0311646263375,23463.149996323,21615.1385456467,790.223450349942,0
2961,12558,5.65201208041216,2303.74858371625,26.6013968810517,19.925699953851,20.7404715515092,30.7203609228763,24455.8575806882,26650.1862178863,287.920255167702,0
2961,12559,6.74019018163056,7162.52505087609,24.4230258223469,9.10748214593515,9.25796862919889,13.9802028661297,36362.9625957204,13795.4853988155,1028.43624867737,0
2961,12560,5.82571333827469,5751.70933753392,27.2059709698614,10.6501296004252,10.8857272709017,16.3646926634418,31565.0702064764,20838.8128915027,62.562884741959,0
2961,12561,5.15376736007024,7170.78800121731,25.502953271201,9.1535615514763,9.31106476577744,14.0526677887312,35479.4574065323,15035.6295882756,-265.650044576515,0
2961,12562,5.16945128802271,5383.40269974644,27.5024584925999,11.1423066044983,11.4045670788761,17.1253140923503,32840.2102162449,21212.3381165486,-595.836423226693,0
2962,12563,6.13378136430693,5756.82027177602,25.137014170617,10.5172859887601,10.734905109311,16.1564133634854,35519.6134470449,14215.7593327228,373.92972712587,0
2962,12564,6.59934980441222,4120.46990653252,25.2380050431392,13.1265852083379,13.4813407491441,20.1877091018577,23459.4374581665,21622.7273221673,785.358056152328,0
2962,12565,6.99804038533979,2413.60472722445,29.7154115830194,19.757085168406,20.5952701671671,30.4687608706698,34912.0375545199,25531.2847440644,961.266199878086,0
2962,12566,5.41396650891207,2456.30630371709,26.5981761297555,19.0203886870033,19.7693136286315,29.3166527755763,24442.7535002242,26659.9103430253,267.521681724052,0
2962,12567,5.99710024764474,5265.02284153392,27.2059709698614,11.2874587967034,11.5555373414295,17.3490705725888,31554.7653596637,20825.2424703991,85.1346330104488,0
2962,12568,5.50203779387872,5022.92518374643,27.5024584925999,11.6657017783182,11.9555294724756,17.933961196309,32834.2179438066,21214.4623260064,-649.710129456832,0
2963,12569,6.0018735185206,5333.30434377602,25.137014170617,11.053921164733,11.2977363669968,16.9849500528651,35535.3212887963,14237.2401515486,369.900458068287,0
2963,12570,6.80497225197118,2760.36004522445,29.7154115830194,17.9189344100504,18.6220243021796,27.6182711383372,34883.1602146587,25515.7456696847,961.456943865628,0
2963,12571,6.41520603155,3654.00327853252,25.2380050431392,14.2408889254861,14.6603600690432,21.9109615899148,23450.1026312488,21642.6037472839,788.935438585071,0
2963,12572,5.72597146379485,5938.66602553392,27.2059709698614,10.4299569077546,10.6546680250641,16.0247195342141,31562.5586134917,20825.4356765215,35.4380557521757,0
2963,12573,5.8412828253241,1723.67749171709,26.5981761297555,24.7067030625998,25.8919542875276,38.1397872893234,24435.1994535488,26655.5654765538,296.7526014213,0
2963,12574,5.46752670367607,5741.69086942077,27.4954769969756,10.6797583597818,10.9184043624884,16.4108803051926,32863.5477989889,21202.3834487227,-611.375967821575,0
2964,12575,6.06136296459589,5261.67579177602,25.137014170617,11.1521693287704,11.4008892516508,17.1366698500977,35530.9592796252,14233.9440449241,380.22113585998,0
2964,12576,6.36114445915393,3820.43173453252,25.2380050431392,13.8153191921508,14.2096570207861,21.2527105447556,23445.631094132,21634.4737764721,758.567604412592,0
2964,12577,6.96824148614027,2188.55419847254,29.6886365293755,21.2332240436896,22.1840844838636,32.7590353177027,34899.1324220853,25513.572910436,946.734460456621,0
2964,12578,5.93176288556584,5954.10625153392,27.2059709698614,10.4123184946514,10.6361650676184,15.9974857820163,31561.1337667586,20842.1071645814,55.9697730166262,0
2964,12579,5.94600586504991,1986.66055882958,28.6404549746675,22.622001668513,23.6689677759488,34.9110414803712,35201.4539602809,27946.9079480684,104.266604874122,0
2964,12580,5.56710011018145,2289.75528265204,26.1035091149841,19.9284654742569,20.7372965255597,30.7229552177394,23258.238168048,26047.5696439664,389.901269555628,0
2964,12581,5.45935295127047,2220.8477558566,27.1315018623827,20.5594875986593,21.4278857118984,31.7051444612857,33061.3612511085,31515.1021376838,-50.0591328635819,0
2964,12582,5.21188468204992,5629.93094542076,27.4954769969756,10.8183169138809,11.0639457723653,16.6248674563143,32850.9176443149,21216.3992520965,-591.429772825465,0
2964,12583,6.0972797290375,2487.25591939539,26.5357801853867,18.8396368303383,19.574895562726,29.0362497089133,30968.5707083166,33050.0383533039,397.324080707952,0
2965,12584,5.82324469650439,6478.62764025872,26.6168551939495,9.82602482613118,10.0189055499019,15.0916289795183,30710.147307371,32890.4280346165,232.433292658661,0
2965,12585,6.05452143474089,5060.87772566382,25.1971197014566,11.444938853262,11.7088528042756,17.5889386539335,35530.5238204109,14239.7027789636,400.309321365218,0
2965,12586,6.70217991276947,3056.11428647254,29.6886365293755,16.6552664987984,17.2692771813532,25.6597088019754,34901.6872491342,25492.1889744718,975.743750175342,0
2965,12587,6.03792764351016,3287.62624882958,28.6404549746675,15.6997323672154,16.2400880140511,24.1769927613506,35210.8093049292,27960.5762872648,121.963560167764,0
2965,12588,6.48123895102697,3794.13269053252,25.2380050431392,13.880332177794,14.2784767461515,21.3532605495075,23484.7604956923,21602.6634475672,795.60462070176,0
2965,12589,5.6386311047603,3816.57105553392,27.2059709698614,14.0155388836538,14.4375384311853,21.5667645978508,31571.1104393088,20850.1916538187,59.2598289441348,0
2965,12590,5.79262043098547,2614.66080865204,26.1035091149841,18.1116357528127,18.7906538272624,27.9065622253997,23238.140788781,26029.6684540145,398.132677490374,0
2965,12591,5.61836107071477,2201.5970318566,27.1315018623827,20.6911826206087,21.5694786825195,31.9094299692539,33068.6778716015,31536.3687870165,-32.9587561742271,0
2966,12592,5.69944890961816,6928.42058625872,26.6168551939495,9.41149115799841,9.58547485260959,14.4519774253681,30677.4874213517,32882.3594890892,231.188692891173,0
2966,12593,5.9580529007118,5140.65589766382,25.1971197014566,11.3278768230742,11.5858287370118,17.4081332017028,35537.7624870732,14243.596037226,396.009715132113,0
2966,12594,6.72871387888007,3823.19176247254,29.6886365293755,14.2318265826185,14.6860537684296,21.9066665799592,34909.3966252757,25496.2875515322,959.753576967213,0
2966,12595,5.89071301740055,3461.41138882958,28.6404549746675,15.1435974774572,15.6476796222588,23.3158474030621,35208.2784127515,27934.9833650338,103.5456342968,0
2966,12596,5.79039980777461,2371.4395178566,27.1315018623827,19.5981102428623,20.3951934420606,30.2141169742643,33069.0818331333,31532.9742662522,-35.3108716861799,0
2966,12597,6.68953889565578,4386.13133335434,30.2260458445806,12.9927288040723,13.3748266019938,19.9903809661323,34907.2302469744,25498.3133567566,961.880380141487,0
2966,12598,5.66684010538052,1550.03409865204,26.1035091149841,26.6524148171228,27.989511972311,41.1595903203632,23257.0403058291,26029.3894539226,354.930608115663,0
2967,12599,5.90778399045761,6386.25059625872,26.6168551939495,9.91745193511257,10.114589373355,15.2327311360621,30678.6119134343,32888.2587726757,199.4231085342,0
2967,12600,6.07392268555342,5094.40129766382,25.1971197014566,11.3953536028532,11.6567365213001,17.512351361545,35531.6244177415,14238.0064621154,373.743070712232,0
2967,12601,6.59673647245692,4028.03356247254,29.6886365293755,13.7281160639738,14.1510628833985,21.1271305611134,34900.4716997816,25501.3454629212,966.153296628658,0
2967,12602,5.85398704877133,3491.21256682958,28.6404549746675,15.053305668195,15.5515727102514,23.1760557436458,35180.2941148124,27932.0964205685,111.892273601444,0
2967,12603,5.64250468270089,3217.45642471333,27.2684676764415,15.7823976183679,16.3160280517896,24.3016581645541,32928.6026285247,31362.0203355934,-78.0909331136648,0
2967,12604,10.6877959842892,4562.86795735434,30.2260458445806,12.6477637388352,13.0094865863929,19.4568048473462,34754.9553974506,26459.2227182507,-329.531400448973,0
2967,12605,6.03674755767218,2155.83464906882,26.0247505500984,20.8093719578984,21.6823592221876,32.0888495067689,23244.0245812966,26025.5212590557,362.382066305724,0
2968,12606,6.01713474009531,5378.67790377602,25.137014170617,10.9928799948016,11.2336646579231,16.8906917667266,35525.8330978836,14217.8546038701,370.487456822666,0
2968,12607,6.75512451916531,4031.97621647254,29.6886365293755,13.7188760518379,14.1412557372315,21.1128326674791,34896.981617074,25499.7319723479,974.197150295866,0
2968,12608,5.7475097071413,3594.07398682958,28.6404549746675,14.7521362264815,15.231160132091,22.7098211092619,35221.6138119053,27946.973234582,163.90528557639,0
2968,12609,5.59268714334641,4063.58521471333,27.2684676764415,13.4334671882541,13.8211973455389,20.6664736054979,32843.4137578696,31302.3994161388,-99.8181205375155,0
2968,12610,5.39546101804035,4087.09295216832,27.0448318872827,13.3610437100788,13.7428697751123,20.5540040304516,30216.2430669106,31796.3729171921,-193.389483660517,0
2968,12611,5.88527962551005,2017.00732465204,26.1035091149841,21.8685486973232,22.8227259100172,33.7322851530767,23255.843013618,26041.6404677971,357.652223676448,0
2969,12612,5.97386073780819,5514.44616777602,25.137014170617,10.8155267464248,11.0475796862876,16.6168473068625,35539.2657730818,14222.4728431545,378.887594636658,0
2969,12613,6.67988525387123,3655.39769447254,29.6886365293755,14.6823992068938,15.1651976191285,22.6041294493845,34894.8676212948,25502.0398201624,983.05239897687,0
2969,12614,5.98160388393176,3406.12612882958,28.6404549746675,15.3149051301323,15.8300775173061,23.5810852948951,35182.7311433621,27924.1790897037,117.928286486392,0
2969,12615,5.47039560585945,3247.56596671333,27.2684676764415,15.6798840073049,16.2068464372487,24.1429263433872,32850.3720330572,31291.622220087,-67.6590334704182,0
2969,12616,5.72066829259476,1742.21094865204,26.1035091149841,24.3916225538979,25.5438317128018,37.648436466132,23234.233251532,26023.3783017321,435.074410121673,0
2969,12617,7.00910849361032,1433.69615374076,29.6621943052525,29.3234008515483,30.9477547284251,45.3269839266369,31579.6801078689,26255.0765183195,-1113.46312422902,0
2970,12618,5.98712701270391,4986.33815109249,25.2920528070698,11.5642179791296,11.8348669219972,17.7733505724936,35538.3768247436,14231.6451690982,372.095545301279,0
2970,12619,6.58898896967789,2906.49487238685,29.9242129076093,17.2928143429718,17.953402723175,26.6482958385697,34898.9041362569,25486.9987501669,973.639550028828,0
2970,12620,5.66347424080063,4426.51560955667,27.4030651531081,12.688166984665,13.0337597890168,19.514195041082,32861.8017780565,31285.5398233715,-83.0497841699946,0
2970,12621,5.87225316626578,3382.88606446434,28.8368202872672,15.409504262204,15.9324846969008,23.7280181427722,35192.7537636372,27938.2896642366,112.881122270666,0
2970,12622,5.7060356905973,2144.2820062289,25.9914061932887,20.8851735578972,21.7633912732237,32.2063042091177,23260.4601646574,26029.3683405933,376.472414828691,0
2971,12623,5.99741284436343,5452.38628509249,25.2920528070698,10.905858521422,11.143269550166,16.7565768268397,35537.6209735887,14232.2196858781,373.988395412574,0
2971,12624,6.81238759469179,2696.47696238685,29.9242129076093,18.2531497862886,18.9823840672365,28.1369861053156,34905.5362306385,25509.1418991785,975.515397257493,0
2971,12625,5.59110117468226,3318.51970555667,27.4030651531081,15.4600514067864,15.973990854285,23.8028895438227,32875.1645295295,31289.4851545443,-95.2526462567097,0
2971,12626,5.95503321278882,3108.28792246434,28.8368202872672,16.3560555732334,16.9419751785664,25.1940337944095,35205.9473297707,27918.5592505598,94.6981709291652,0
2971,12627,5.64686952445163,1890.1900702289,25.9914061932887,22.9233056630692,23.9574839139553,35.3686353281622,23241.5599849152,26029.2934803232,351.465037071926,0
2971,12628,7.00207787484468,3443.9910059354,27.4368869976628,15.0693330638888,15.5585670133164,23.198097410339,30636.093625107,21954.589101162,1017.17130672816,0
2972,12629,6.03924749446707,5157.78853509249,25.2920528070698,11.3098154952014,11.5674461292272,17.3804022793241,35536.6216468504,14243.3020237614,354.03334989792,0
2972,12630,7.051272168101,5003.17183838685,29.9242129076093,11.8636996583773,12.1787520800735,18.243948782633,34901.0700196575,25504.7745011393,964.045645081278,0
2972,12631,5.74183380074556,4572.03933266103,28.8299664558768,12.5249009211527,12.8706494426315,19.2643633079419,35531.8232437836,27479.8619020157,266.138998137469,0
2972,12632,5.56515365114665,3409.50911155667,27.4030651531081,15.1714560511483,15.6668966753414,23.3561043457543,32880.7801760514,31295.2717845085,-97.0982273633039,0
2972,12633,5.73482518330588,2421.8096062289,25.9914061932887,19.1175311211788,19.8662858489431,29.4652798436333,23255.7560659573,26049.3039948468,377.436780969205,0
2973,12634,6.02885288678128,5213.16189909249,25.2920528070698,11.2308168997455,11.4844493883839,17.2583937504168,35532.7012013341,14232.8150644983,358.976032894861,0
2973,12635,6.74092384964556,4531.24276238685,29.9242129076093,12.6848073263826,13.0467949354072,19.5135721896009,34899.75206701,25501.4114712446,968.230351810784,0
2973,12636,5.64830131115508,6493.72178755667,27.4030651531081,9.85287164317786,10.050851286062,15.1341266713481,32865.961745807,31295.75787609,-79.3337208501837,0
2973,12637,5.74450705179752,3991.43397266103,28.8299664558768,13.7387444673738,14.1561895870046,21.1418814950145,35541.8640696331,27457.4929375448,239.677201624028,0
2973,12638,5.85370604176668,2342.7817149869,25.9204262893837,19.5693170412013,20.3497378583405,30.1654554770453,23250.1649685126,26025.6635652375,365.485389835377,0
2973,12639,6.23860611099172,2072.6486947782,25.5203387260326,21.3208074129664,22.2253859535677,32.8802992974084,29854.238230633,16880.9086629658,590.076360963393,0
2973,12640,5.95282984991054,7137.19807310648,26.6794528851865,9.23764394334995,9.40418597162634,14.183853493844,34014.5522054921,31702.5050733444,457.56261074465,0
2974,12641,6.07222445334369,5456.99174330154,25.3569673013853,10.9041207056377,11.1418315797174,16.7540000007051,35539.2426608496,14234.9238140363,381.576765251752,0
2974,12642,6.97746631079919,4629.83113838685,29.9242129076093,12.5009010418092,12.8521911037803,19.2291595336509,34894.6513897749,25516.3546798146,953.641076636266,0
2974,12643,6.02522781737039,7288.33547999116,28.3791338039064,9.19352833019036,9.36557076260958,14.1178585223277,33030.2863831887,29922.3308432648,-67.6460118736615,0
2974,12644,5.83664240318345,5030.84091266102,28.8299664558768,11.7453453381353,12.0474461402509,18.0592389722145,35529.2625692722,27472.5990465862,263.111655495294,0
2974,12645,8.60547427309493,8279.32931592211,26.3722497007966,8.39628529343027,8.52592910090536,12.8859805913181,34810.8927707472,31518.8157659005,-1252.66211578278,0
2974,12646,5.75965507672947,2237.4974349869,25.9204262893837,20.2335092345958,21.0624291152273,31.1953552735848,23246.6714785245,26016.9487744772,361.403823209219,0
2974,12647,6.1586549105895,2361.9161527782,25.5203387260326,19.3873473080731,20.149731018645,29.8819833349233,29860.9440524224,16854.2577809288,596.625310413596,0
2974,12648,8.60093000316824,8781.98770946021,27.4753407895142,8.13382351307739,8.25712923790533,12.4825409743429,33020.2183531504,31050.6853288154,60.201803617046,0
2974,12649,7.79476319210735,3709.41410355433,30.4367944604597,14.6044468498357,15.0879223775131,22.4850112348258,34779.1150878211,26174.9940106547,-544.105234645636,0
2975,12650,6.92843098487213,5677.76214038685,29.9242129076093,10.9041572815654,11.1671769009547,16.7610440773974,34897.7062541728,25503.0499349626,958.031517193729,0
2975,12651,6.03352504913175,8024.10823466103,28.8299664558768,8.66509340404819,8.81563780967209,13.3031654033039,35510.3615963717,27469.2021720077,261.47007797405,0
2975,12652,5.56009472380862,5475.46352399116,28.3791338039064,11.0738101813153,11.3374417769762,17.0208611152557,33073.2161071148,29893.9859386997,-102.09453643542,0
2975,12653,8.400410934073,6982.52653992212,26.3722497007966,9.35275985890588,9.52298930091847,14.3610532191171,34820.1858123841,31515.5653361389,-1259.89079101198,0
2975,12654,5.36431740545972,4496.10126957183,25.5864760671645,12.4096335480093,12.7271445034524,19.0801634079308,35065.5705354291,14508.1607774448,-83.2408745167049,0
2975,12655,6.37130234003983,2211.9190927782,25.5203387260326,20.3313550682309,21.1623223718368,31.3456698904234,29847.8884623767,16881.7932192427,597.110094399144,0
2975,12656,5.63642623546494,2234.3683462289,25.9914061932887,20.266784471676,21.0990608218742,31.2472076769434,23252.3622652883,26033.7491163534,377.243937039936,0
2975,12657,10.1487556203029,4031.78663955433,30.4367944604597,13.7840760238369,14.2157234537477,21.2151729569799,34890.716974402,26311.9594791574,-522.515631950937,0
2976,12658,5.92538710448799,9331.01846504972,28.8720751961459,7.87987699308022,7.99797779742935,12.0924474219921,34957.9518808083,28277.2975799973,263.848482930181,0
2976,12659,5.52114817908636,4699.17765747024,25.5285428033347,12.0452804953768,12.3427356318674,18.5169991340382,35098.9078703756,14378.3805293546,-105.132327996159,0
2976,12660,6.71561194321459,5317.10841638685,29.9242129076093,11.3901985089837,11.6791825842974,17.5120790369937,34906.9158380701,25512.8249854667,988.567467604473,0
2976,12661,5.64197403566844,6554.45118599116,28.3791338039064,9.84425584177311,10.046485691646,15.1221154658528,33068.960010115,29899.2836240328,-131.913906766784,0
2976,12662,8.67118962483327,7190.23171992212,26.3722497007966,9.1795226077861,9.34212414147719,14.0938111040527,34826.9676098804,31510.7457554172,-1289.64274294662,0
2976,12663,5.95245482490114,1918.6476622289,25.9914061932887,22.6700049958184,23.6844411901397,34.9755176544929,23254.5660920773,26053.5395234559,304.546571752873,0
2976,12664,6.06880977176716,1599.54667982669,25.6655691865582,25.9065964618947,27.174746779005,39.9990797601023,24246.3879683613,22241.4062559205,101.318967067463,0
2977,12665,6.08583838263078,10063.9336150497,28.8720751961459,7.5168099386084,7.62077119639413,11.5328745327044,34930.3280839685,28270.8785919273,241.094555237817,0
2977,12666,6.74694009613975,6478.31913638685,29.9242129076093,9.99865396818441,10.2155548178388,15.3624696206717,34904.3490249523,25517.1297940996,977.497566137909,0
2977,12667,5.53844366269672,4166.10440547024,25.5285428033347,13.0554727053829,13.4084181913883,20.0783742027505,35099.6508950638,14378.8282921407,-78.5520757489063,0
2977,12668,8.71381044414931,6897.96872592211,26.3722497007966,9.42588118099649,9.59936599443752,14.4738626450613,34830.3272234238,31506.0475807449,-1290.60836866041,0
2977,12669,5.86791152076383,2857.40748782669,25.6655691865582,16.9454420517569,17.5401882547724,26.0985102438468,24250.3883308007,22236.490803277,141.132976129315,0
2977,12670,5.74986129104238,5994.70444799116,28.3791338039064,10.4333942707188,10.6643560442544,16.0317070048609,33052.7331841197,29894.3242271939,-134.74830276842,0
2977,12671,6.62707474902794,11142.8942544738,29.6337336996409,7.07929431418349,7.16922623249562,10.8593918372379,35165.1949759403,26856.7184286832,-1074.54803889107,0
2977,12672,6.89450778515486,5910.56038755433,30.4367944604597,10.6473684525285,10.8995601251966,16.3650487598988,34518.4481969932,26230.3435200499,-188.024843569017,0
2977,12673,6.04592878941498,2047.2574762289,25.9914061932887,21.6076526094601,22.540381910205,33.3270738621734,23254.8520194889,26040.4627821463,343.436505398395,0
2978,12674,5.89273764174368,11018.7607150497,28.8720751961459,7.10674568223927,7.19548605551349,10.901074102134,34964.2464850523,28281.9223879134,322.03190781322,0
2978,12675,5.3948964471969,4082.20737147024,25.5285428033347,13.2357878831792,13.5989651603259,20.3571628037546,35103.5852532141,14374.1377878456,-75.5735943125856,0
2978,12676,6.79891955590447,7212.77610638685,29.9242129076093,9.32572881847875,9.51036391989649,14.3236681187837,34889.0413129512,25507.1261024861,949.498828632515,0
2978,12677,8.82721006739981,5809.92837792212,26.3722497007966,10.5301678221675,10.7553023438808,16.1782053298239,34811.3712660394,31508.7918836891,-1263.5212136103,0
2978,12678,6.90987828332799,12467.1630388016,29.4881294364616,6.60409028578938,6.67689853692844,10.1273697955563,35167.7240945341,26853.388039617,-1038.8756048251,0
2978,12679,5.82648871621533,2752.47562382669,25.6655691865582,17.3994512571929,18.0247353364287,26.8017746671564,24242.2405809409,22264.8548412521,155.932408398543,0
2978,12680,6.02615286486164,3734.7354142289,25.9914061932887,14.1056613508964,14.5233513248679,21.7035078374665,23315.6824022675,26009.3118476236,383.820121371508,0
2978,12681,5.15740277633201,2791.75789536971,29.3328942052005,17.7229561990145,18.40832765831,27.3134477471808,31959.3402789926,28086.6449073576,-256.894121245984,0
2979,12682,6.72228111724822,5975.61973838685,29.9242129076093,10.5422299823236,10.7864563009042,16.2019390601177,34901.8469522252,25493.0033570629,951.554455308513,0
2979,12683,5.48484815470272,4511.89057947024,25.5285428033347,12.3759235029187,12.6911917281551,19.0279525388593,35109.6897001878,14387.7487614897,-74.9619209870916,0
2979,12684,6.26288799416074,8295.14816246672,29.0002053918679,8.49104690736045,8.63477697337273,13.0349095410113,35450.6245711139,27454.9637941196,415.252889253914,0
2979,12685,8.24293687019534,4827.19433592211,26.3722497007966,11.8955142639144,12.1905485949852,18.287118643645,34854.3735050216,31513.1777147878,-1216.36795221904,0
2979,12686,6.09111591918151,3274.88829182669,25.6655691865582,15.4044238299323,15.8991075456095,23.7124488967471,24251.0112719883,22246.2825739764,131.018516053603,0
2979,12687,5.92219733813576,4691.3025682289,25.9914061932887,12.0945369761884,12.3977465011797,18.5939723070711,23343.5166109623,26011.7152470788,386.139954702015,0
2979,12688,5.20360474821067,2249.88927345617,29.4092890346583,20.7552642252423,21.6659047325603,32.0164326074249,31950.102128826,28081.5799398254,-254.992618611881,0
2980,12689,6.76465052718913,5694.30829794851,30.1625762694965,10.8971819406689,11.1610654259061,16.7506069530172,34902.0226781328,25497.1480329924,975.258196382753,0
2980,12690,5.87964413154197,4104.30411455549,27.7493245320336,13.3848396325416,13.7732223342774,20.5922300137265,34670.9509773451,30369.1548241276,304.687861235558,0
2980,12691,6.0531432600417,3759.77887499151,27.3101836102545,14.1705777217054,14.6028154253572,21.8068690492576,34156.9383321324,21029.9187059934,450.251285672603,0
2980,12692,5.93425429598776,5474.08492117509,29.2327352904438,11.1289301042983,11.4001349813385,17.1073104641031,35531.2084163125,27472.6089442323,252.135867748799,0
2980,12693,5.31413697464388,4474.04913901173,25.7084995981523,12.4604342448824,12.7815801679284,19.1589150183989,35105.6583555339,14393.2713998833,-63.0582926156629,0
2980,12694,5.83981152433625,3404.01129833974,25.5719149927717,14.9874011100041,15.4551736897202,23.0667905985766,24241.8119052358,22261.5039812659,145.53275617917,0
2980,12695,9.58655275782461,4728.12894288248,30.576329378525,12.3714784823292,12.7192687142322,19.0301167072665,34874.9777437869,26259.3185290586,-521.746004873106,0
2980,12696,5.56578101688145,2747.79378590956,29.6166287275631,17.9647624336123,18.6701685698307,27.6890482103721,31947.6635630831,28080.6241042747,-293.053667062497,0
2980,12697,6.11718168058521,4521.33450289107,25.9215356047151,12.3903860532027,12.7091832657566,19.0510604546941,23354.0818627314,26008.0358512789,386.603037180513,0
2981,12698,6.63155909093639,5796.48691194851,30.1625762694965,10.7696801393906,11.0268731501789,16.5536231448001,34907.7792850843,25496.2408848568,980.850978376829,0
2981,12699,5.96556057671292,4054.98790055549,27.7493245320336,13.4956002618436,13.8905444368022,20.7635548220862,34693.2806695683,30381.2430561475,306.432566222503,0
2981,12700,5.83670524590276,4971.71591317509,29.2327352904438,11.8664907312583,12.1776443583112,18.2471453209492,35524.7842131897,27463.7710769283,271.202801249038,0
2981,12701,5.93307760619338,3457.25176499151,27.3101836102545,15.0156575054508,15.5004103114698,23.114713663629,34138.0593233013,21018.9942534968,459.256091747957,0
2981,12702,6.05618970956263,2844.81521033974,25.5719149927717,16.985554617272,17.5819971547304,26.160369040503,24237.8314584767,22237.6353613717,124.651259505532,0
2981,12703,5.6321741254326,3746.02376101174,25.7084995981523,14.0484502653142,14.4604006800632,21.614366010694,35092.2839200716,14378.1036001912,-84.8711124818703,0
2981,12704,5.77442179547265,5326.99053455508,25.9303746312355,11.1159465505902,11.3676615346583,17.0820593796486,23291.1684174479,26050.8085179412,440.255096122135,0
2981,12705,5.6356643845314,1629.48292747728,29.5504193921428,26.515271872117,27.8951632287771,40.9615769117444,31974.5779370771,28067.3445917006,-262.397597385664,0
2982,12706,6.62787276795899,5410.65746994851,30.1625762694965,11.2734328933506,11.5573929413514,17.3319868048199,34897.2899100883,25504.5291396416,976.16204489399,0
2982,12707,5.76039473725907,3720.45701255549,27.7493245320336,14.3163751240343,14.7610317072869,22.0334302954648,34658.2389018116,30366.6648363333,344.316096078467,0
2982,12708,5.97893424192477,5198.05508917509,29.2327352904438,11.5184866059888,11.810562714262,17.7092731213764,35528.5005977964,27469.7010612134,236.511904464218,0
2982,12709,5.8602960624219,3341.92000433974,25.5719149927717,15.17915508474,15.6588458763121,23.3635494513247,24242.1504026925,22253.3501322087,151.302769955091,0
2982,12710,6.12220656809381,1282.59285271343,29.8313241195842,32.0759650235001,33.9484448653681,49.6084451626991,31901.0543989993,27370.2146658304,786.397588252557,0
2982,12711,5.89161085160272,4942.61480855507,25.9303746312355,11.6782994989304,11.9589833234976,17.9507183706961,23258.479019722,26061.2048900108,396.146929170587,0
2983,12712,6.76791873911682,5067.00781794851,30.1625762694965,11.7791477551155,12.0908565608869,18.1136223710137,34905.4792128717,25506.6877531283,980.544025784525,0
2983,12713,5.76196161747201,4585.88647117509,29.2327352904438,12.5298991233886,12.8785118363822,19.2728024488669,35531.9842920166,27472.8176714928,250.737767175133,0
2983,12714,5.84604569872294,4600.15820234946,27.6356516936564,12.3818689501049,12.7117590794294,19.041084426158,34687.1789065836,30403.5165748099,323.464853291108,0
2983,12715,6.39439391511657,1393.64794471343,29.8313241195842,30.0330711977909,31.7227772631634,46.4312147550615,31891.3737230986,27346.2031062159,725.724794975634,0
2983,12716,5.72866204637361,4209.19306055508,25.9303746312355,13.0005032038147,13.353337363263,19.9942140913302,23278.619729652,26061.2319412772,413.2740555694,0
2983,12717,9.50112198058341,4934.79868916043,26.8802767273813,11.7593646234971,12.0503573315205,18.0776307145439,33323.595119273,32283.6833835365,-1162.23851870604,0
2983,12718,5.82183706232573,2317.72133819708,25.1678358381016,19.5929457790541,20.3656995101076,30.1995049722967,24774.5968264322,20718.7767423701,179.918043464829,0
2983,12719,9.0740021485267,2792.52458301646,24.6341473525863,17.0780979784128,17.670638698596,26.300930285443,37817.7396286064,18933.8013403932,-1323.15063203919,0
2984,12720,5.89018431287739,6711.03716255549,27.7493245320336,9.66335445954687,9.85411324136595,14.8420824611995,34657.814676524,30372.1202300283,343.927050128066,0
2984,12721,6.72858584775966,5157.07213194851,30.1625762694965,11.6408049764513,11.9448374697853,17.8997756613805,34908.9921442148,25504.5718854165,968.741179833286,0
2984,12722,6.05136400527163,4249.24108717509,29.2327352904438,13.1962339014849,13.5838522849986,20.3033623725213,35531.751761935,27455.2135584232,271.821559458245,0
2984,12723,6.48492969111493,1050.98946271343,29.8313241195842,37.6662962339631,40.054540885626,58.3073864680119,31898.3605912308,27359.4975179878,784.05825842168,0
2984,12724,5.79279744956072,3102.02314619708,25.1678358381016,15.9350173675672,16.4586436643117,24.5324846127345,24758.8417942038,20715.9477333532,194.199812104692,0
2984,12725,6.80143805714837,4491.30976792152,30.6223391970056,12.8147352317907,13.1887855764967,19.7157481408005,34915.9024774383,25507.400331188,977.913957167856,0
2984,12726,5.68808988540797,2121.01548489366,25.8610678509966,21.0281572241521,21.9153588725674,32.4276142676261,23260.7372837949,26033.4118300283,396.819120148559,0
2984,12727,8.69260771994942,2530.56936501646,24.6341473525863,18.3112426010239,18.9871661582995,28.2112037655472,37783.7586344012,18908.1220641916,-1319.70698810737,0
2984,12728,5.7227086884696,5396.43728219508,27.5232402965254,11.1258867111264,11.3874160616735,17.0999821840192,33128.9416682859,31559.4379988732,11.8707616045485,0
2985,12729,7.03930670848999,5076.67723194851,30.1625762694965,11.7640852586482,12.0749552016148,18.0903383078162,34893.2115383206,25504.6226924529,963.622911795411,0
2985,12730,5.72670100389006,4841.38600892509,27.0886472083801,11.9251107375646,12.2263293334016,18.3341213030038,30169.8798693807,32327.8625507649,30.0120261482976,0
2985,12731,5.68139849584754,4019.24559517509,29.2327352904438,13.7088714081255,14.1273980953959,21.0964593230396,35530.6214632124,27483.6734739229,294.786032873558,0
2985,12732,5.88263987978218,4212.01948784966,26.780187481906,13.0682034945037,13.4311146406835,20.1006056281276,33988.3984953999,31904.5772191889,404.980632809409,0
2985,12733,5.80763706591598,2653.06718819708,25.1678358381016,17.7862784950173,18.4323780726929,27.3995404118712,24777.4882892541,20710.4769659885,200.00979816927,0
2985,12734,6.47148702000553,2237.61818671343,29.8313241195842,20.9109716247946,21.8385053526741,32.259400708883,31894.2866154092,27378.6854625054,777.401373196247,0
2985,12735,9.82896735649892,4431.44309992152,30.6223391970056,12.9326305283613,13.3136935685873,19.8981167029031,34891.0176420867,26270.4505894589,-560.130563231004,0
2985,12736,5.75899655795796,1908.04873655507,25.9303746312355,22.7505036066811,23.7703206326133,35.1002031202041,23231.1618178182,26036.0210536586,339.592474122004,0
2985,12737,8.6561737654613,2495.39384301646,24.6341473525863,18.4948522034352,19.1834684998024,28.4957114591411,37789.7442879629,18935.7125493046,-1288.73897841821,0
2986,12738,6.78584025952467,4789.48021794851,30.1625762694965,12.2345428938826,12.5719636940303,18.8176818354319,34900.3002395284,25505.1741625827,955.880533382499,0
2986,12739,5.84097143745151,3908.06068784966,26.780187481906,13.7503507315751,14.1531338793008,21.1556050027945,33991.6600616215,31899.5215851382,409.197018697111,0
2986,12740,5.72391880744577,5468.59838492509,27.0886472083801,11.0011800890228,11.2538266486787,16.9066707086281,30178.2600137975,32326.5103968315,2.47846811538979,0
2986,12741,5.93897108618533,4457.44063443142,29.3187020154591,12.7801758266931,13.1438412726829,19.6599939222451,35501.9261980945,27459.6601852108,234.820557886791,0
2986,12742,6.16630732082206,3256.95944071343,29.8313241195842,15.9359924666309,16.5022735855751,24.5457254869618,31877.8459431509,27374.4858395745,742.411304948757,0
2986,12743,5.7444156425563,2517.02358455507,25.9303746312355,18.585108563496,19.2953284722584,28.6397995966745,23257.5427723527,26034.838711577,390.373398094267,0
2986,12744,10.2199755838602,4486.08960592152,30.6223391970056,12.8249025198408,13.1995559725683,19.7314751449104,34919.5509785483,26307.0758589443,-535.937578475113,0
2987,12745,6.5649087078614,4887.27565794851,30.1625762694965,12.0687942356548,12.3967788954758,18.5614063303279,34908.3454836466,25521.7490662023,962.12353782239,0
2987,12746,5.77141241860789,3836.58631784966,26.780187481906,13.9248153404956,14.338011333378,21.4254885461127,33996.7391606287,31910.6885915628,388.974063689665,0
2987,12747,5.65987976858545,8048.69504014931,28.560848921543,8.6373195088684,8.78562192617863,13.2600382157032,30855.7147490417,29297.8471632133,-698.140219608474,0
2987,12748,5.90187417235422,3674.49464317509,29.2327352904438,14.5850937353147,15.058171626885,22.4525278188213,35518.8394022896,27471.4506240294,238.967927790859,0
2987,12749,5.52237987070846,2277.06969489366,25.8610678509966,19.9668277847647,20.7754302543831,30.7816045448447,23233.3557392971,26034.5628949888,388.151403777889,0
2987,12750,6.37459082872805,4176.94165151187,29.870590731617,13.4052884935381,13.8098107895658,20.6279735238632,31901.884779061,27352.1507382063,799.973994351193,0
2988,12751,6.8962166933871,4669.24028394851,30.1625762694965,12.4468361029855,12.7964707487911,19.1459581419105,34912.6623946566,25512.6195895761,923.692707612233,0
2988,12752,5.87386963027726,4075.87678184966,26.780187481906,13.3624338372129,13.7423763395868,20.5556124896053,33992.8805372152,31909.3941049383,410.207965640545,0
2988,12753,5.80698282816792,4321.70662717509,29.2327352904438,13.044930894344,13.4235744266478,20.0693233236494,35542.6193104919,27463.1328297234,278.086529274417,0
2988,12754,5.74413073932826,6330.66704014931,28.560848921543,10.0784763743548,10.2928539661823,15.4839374857015,30810.3441200772,29268.8407118387,-728.702840255167,0
2988,12755,5.87641263140033,2490.87872255507,25.9303746312355,18.7249095241891,19.4450016160758,28.8564823016468,23253.1876194326,26037.8036932783,384.695009331151,0
2989,12756,6.70426784239422,4067.60009394851,30.1625762694965,13.6768063236423,14.09991932113,21.0486477597181,34907.8825170222,25500.5153910879,973.547891134648,0
2989,12757,5.89843195453715,3777.05003984966,26.780187481906,14.0746744705646,14.4968830792153,21.6573280229949,33992.315126108,31897.8196715004,390.941466615133,0
2989,12758,6.02620554175626,3497.40560317509,29.2327352904438,15.0957580217107,15.6015842041045,23.2431103068791,35519.5055297368,27461.1501246543,280.179273302085,0
2989,12759,5.8178341137899,6085.07714014931,28.560848921543,10.3419580760134,10.569288519346,15.8907643617979,30813.3943673277,29299.7456136374,-659.337102408645,0
2989,12760,5.83573936443673,1741.44407255507,25.9303746312355,24.3587645724799,25.5056550249329,37.5966782773178,23263.7956672488,26047.8739082832,417.30399827693,0
2990,12761,6.74321445339117,4692.00198742983,30.3913781535196,12.4225547086114,12.7721828627219,19.1087942462136,34908.9829835417,25514.6499259569,966.141498103402,0
2990,12762,5.92726234517663,3918.28429192604,27.1462565594111,13.7599453818684,14.1661181352647,21.1712233855824,33988.3101728497,31890.8643688498,385.466829382942,0
2990,12763,5.82718888849677,3551.20802995382,29.5573927823555,14.9684101781389,15.4685884548846,23.0466510891582,35527.5952733815,27475.3029494474,306.472851102692,0
2990,12764,6.89075006477992,2938.58345774451,29.0816809337832,17.0522872778285,17.6881664549129,26.2733659248425,34896.2311416891,25514.3087736008,976.411424904478,0
2990,12765,5.67942960311311,5797.37181234276,28.5731350950904,10.6762321878597,10.9204271984555,16.4070160090087,30819.575260195,29275.0728824592,-681.786138594182,0
2991,12766,6.92919191895152,6688.02013342982,30.3913781535196,9.8162134036303,10.026276090251,15.0813623015831,34902.7908528636,25522.9841838001,966.339952222125,0
2991,12767,5.93194410841217,4587.63240592604,27.1462565594111,12.3666339587392,12.6924394399278,19.0166413456664,34000.5954204147,31896.5098484637,391.805418690835,0
2991,12768,6.31227530787387,5517.77445308267,29.4498467781378,11.0837897239704,11.3537792375109,17.0378891759311,33496.1671928665,29295.5312391202,721.286926049706,0
2991,12769,5.84939992284401,5513.10790195382,29.5573927823555,11.0966077632998,11.3678530859321,17.0578533174776,35542.5996221423,27464.635456945,250.771756346715,0
2991,12770,10.9975025854011,7032.94635464595,29.0481283312907,9.4380939216415,9.62422500890144,14.4960515868785,32230.5980771087,29514.5811179268,-1486.67342676049,0
2991,12771,6.82862976159812,4692.77590707531,27.9612360050123,12.2417897544519,12.5659681492083,18.825121990772,36722.1145726584,24599.7670147191,853.066650980001,0
2991,12772,9.88066211994866,5644.42285887896,29.0473008505486,10.8943496350206,11.152258158215,16.7446231050613,31321.7468456336,28197.9028403475,421.836280557607,0
2992,12773,6.84657321410421,7470.30843571772,30.3377022623714,9.13536215735937,9.31286522193862,14.030348249471,34904.0029229604,25515.4487207805,969.483463920664,0
2992,12774,6.01691165797173,4871.3210954187,27.0071560573898,11.8702981457102,12.1680409441709,18.2492734022689,33987.1342545233,31891.9004118808,344.410796415202,0
2992,12775,5.72682752121394,7572.47282395382,29.5573927823555,9.02249261584933,9.19170604831494,13.8553137533401,35538.0832941102,27486.9674603151,222.043466961573,0
2992,12776,7.3174384031219,4332.98376205646,28.23455774512,12.9407589083027,13.3065389055173,19.9063454284252,36702.8644553779,24593.3548737143,846.683206442992,0
2993,12777,6.98449014927639,8173.65180742982,30.3913781535196,8.62576707159307,8.78051270966012,13.244141181242,34898.9741527383,25535.1093383285,907.880446729502,0
2993,12778,5.88259006091007,4897.47214792604,27.1462565594111,11.8381383579208,12.1350253173503,18.199817711252,33980.3485304679,31898.3456354871,400.142114363557,0
2993,12779,9.46534456814484,6172.50685574451,29.0816809337832,10.2744650513566,10.5010195752661,15.7872545488714,35038.3703301684,25963.6913995232,381.310574804771,0
2993,12780,5.96069411767501,10165.3613486853,30.4977492100743,7.52046302770485,7.62959479640524,11.5398985663889,34645.0465833371,27093.5178013221,29.4032189009092,0
2993,12781,6.10453310702121,5905.83314155272,30.7236163319183,10.6690693638644,10.9238078831975,16.3989642532907,34528.2096898976,26206.5954690344,-229.878247763725,0
2993,12782,8.27939308501397,2684.17888151271,24.3820429968649,17.5241211744437,18.1435789568508,26.9909747769185,32413.4184838933,12356.9878027827,-1479.52961195511,0
2993,12783,8.7684008073606,7109.73440027785,28.8066369580545,9.36103974389958,9.54255604524621,14.3768474777486,35596.4228820705,28493.7274546292,-366.406118282104,0
2993,12784,6.15645655654349,2097.72097565444,25.6197914803654,21.1528158400552,22.046126194148,32.6200851938963,35032.6413445039,14598.1481445353,340.492388950197,0
2994,12785,6.64731845853983,9470.53354771772,30.3377022623714,7.85619311250364,7.97819564379828,12.0572815509036,34896.4606972704,25497.4616338186,961.290136112318,0
2994,12786,5.89207022568816,3941.09894165445,25.6197914803654,13.5631338170836,13.9458514532515,20.8635440417622,35047.3757923104,14572.0934347711,313.743991338225,0
2994,12787,6.01857705449615,4133.7804854187,27.0071560573898,13.2550846859696,13.6304521607289,20.3900561792757,33987.7368784183,31892.6300103142,397.571842881293,0
2994,12788,6.41962763892996,10181.3668347823,30.0260751690984,7.49861160828233,7.60545837817439,11.5058228664887,34524.2944283619,26164.2896273911,-204.500181785886,0
2994,12789,6.09470044875656,6216.83075516258,30.0755443073926,10.2797924224218,10.5114112312676,15.79680660368,34586.3226653754,27961.4570322827,67.5811683232855,0
2994,12790,6.41589933574948,8089.95332755272,30.7236163319183,8.6957179452749,8.85479009230976,13.3523948352384,34524.2646131065,26163.5843840059,-204.54550584062,0
2994,12791,8.30652940093251,3089.78767151271,24.3820429968649,15.8802680465801,16.3925777873218,24.4455748069154,32373.8665156126,12375.5611638172,-1432.05336384244,0
2995,12792,6.59089787620718,6929.57013571772,30.3377022623714,9.58985759869092,9.78873273267473,14.7318424120599,34913.1839842851,25475.2285113497,1010.46791907741,0
2995,12793,6.09159699085895,4072.72631765445,25.6197914803654,13.2648808866588,13.6304185264672,20.4023396002538,35047.2362933973,14586.9005374519,294.226922415168,0
2995,12794,5.9899518458646,3853.57190392604,27.1462565594111,13.9175517912447,14.3331736113174,21.4150401998834,34001.7519188224,31883.1944485219,399.791875450827,0
2995,12795,8.57007838340043,2994.19483151271,24.3820429968649,16.2310722960476,16.7657149365315,24.9886256731664,32364.1457773081,12330.8091973726,-1452.08630469397,0
2995,12796,11.1702534123357,4509.25286807927,30.2690854679796,12.7531187992259,13.1212980630605,19.6198276831062,34494.5759832893,27310.4127018617,168.898395354443,0
2995,12797,9.4334005847428,4085.91765409212,29.5706811767724,13.5839667432968,13.9972695377204,20.9038560492256,34794.411580487,24845.2892781148,-717.275982717131,0
2996,12798,6.84417848383996,4800.49292371772,30.3377022623714,12.2280046548959,12.5661001674416,18.807861209414,34896.1538736535,25511.6410481799,955.063368548111,0
2996,12799,6.08728690803575,3691.10384165445,25.6197914803654,14.1818911833134,14.6010621072161,21.8205840582956,35075.465285233,14598.5340852923,340.559771882105,0
2996,12800,5.80834929921744,3032.5025114187,27.0071560573898,16.4202935463706,16.9934890587651,25.2888440100382,33989.2602591433,31906.7113675282,406.714732579644,0
2996,12801,8.77975511415981,2758.51663151271,24.3820429968649,17.1899267786168,17.7870982405444,26.4733577340264,32378.6571237048,12346.7490429692,-1485.11262085949,0
2997,12802,6.5920013378055,4441.49114971772,30.3377022623714,12.8906626982599,13.2674100611962,19.8326966704946,34902.4361380324,25499.3273714645,987.679243652863,0
2997,12803,5.41167335679255,4882.46037617617,26.4591950952209,11.8122708320726,12.1034200802215,18.1586452045498,32944.7180576602,18085.2192229792,-534.712288730054,0
2997,12804,6.1594336920095,2714.60744392604,27.1462565594111,17.7814073066139,18.4487211650333,27.3979297676537,33977.1929033581,31892.3460272488,371.088770348981,0
2997,12805,5.95685462076391,3509.58757565445,25.6197914803654,14.6806276382695,15.1299521980303,22.5921977164072,35054.0020122991,14572.235356141,321.199927306015,0
2997,12806,8.8042008094727,3069.17133551271,24.3820429968649,15.9542457804075,16.4712401731511,24.5600867257587,32343.5601172103,12356.3510488926,-1342.03501221868,0
2998,12807,6.8010891261872,6101.76697771772,30.3377022623714,10.4208754901339,10.6609102177037,16.0150530309752,34912.2603168779,25495.853763868,974.48439558782,0
2998,12808,5.38767842471226,4804.44428417617,26.4591950952209,11.9394271189068,12.237378205556,18.3551306543735,32944.4332458745,18089.2294790332,-555.162242497295,0
2998,12809,5.4268671505151,3826.88641413238,27.47218503214,14.0149531955577,14.4389920252825,21.5664300393326,29781.7478750809,31408.8639268376,-283.014242214099,0
2998,12810,5.86281353609666,3120.08407792604,27.1462565594111,16.1115850070347,16.6656613439211,24.8111050291531,33982.0623810423,31887.2342106032,378.669193835421,0
2998,12811,5.94321471745958,2973.49676165444,25.6197914803654,16.471484366736,17.0343895089529,25.3643563536768,35051.4372181345,14579.2992627317,355.671465178549,0
2998,12812,5.38266786446999,4640.40920460928,26.1810051635941,12.1975271791062,12.5075803986398,18.7534836721779,32943.9478985042,18089.2451963557,-554.588637167018,0
2998,12813,5.70763255602967,5439.71238772884,29.0223401393775,11.1623537337582,11.4341779239613,17.1586351578953,36210.2702027205,25559.8243848464,516.219967167832,0
2999,12814,5.95630660117396,7973.93584372884,29.0223401393775,8.70759548072448,8.86072989116171,13.3689296254443,36212.374526999,25567.8336904843,495.770116177308,0
2999,12815,5.46770041328657,5161.26548417617,26.4591950952209,11.3858692931467,11.6545985946203,17.499864126104,32934.5431822767,18098.5755350895,-517.559503746585,0
2999,12816,7.05089363651771,8686.89251971772,30.3377022623714,8.29621018593427,8.43649984415996,12.7357693131979,34911.5548537814,25521.3441377131,966.169883226088,0
2999,12817,5.38430557132815,3953.50398326204,27.4321746833862,13.7023573461703,14.1072627475927,21.0827369010024,29777.0198421823,31415.4728683447,-296.386526029334,0
2999,12818,5.68692047044018,2812.00037760183,24.3505009449974,16.9550573212982,17.5363706704612,26.1095263737599,37697.3145504756,16926.676776738,-110.327879696983,0
3000,12819,6.02595013522179,8304.20960991461,29.2757131333552,8.49593187774389,8.64090109052501,13.0427288066023,36217.4239473803,25564.7810787447,493.365741223011,0
3000,12820,6.88782536399015,8819.27073209486,30.5583333051367,8.22505984047738,8.36309537837452,12.6262532282821,34914.1197552882,25521.9579204613,1020.39701105569,0
3000,12821,5.40288407277667,3716.18892885424,27.4912033521365,14.3024294801139,14.7441790992156,22.0112859699518,29781.5413744629,31420.5792056917,-315.546961178131,0
3000,12822,5.80275181316633,1910.28141549795,29.1863497356632,23.4096005180179,24.5268198180864,36.1358406335566,34733.6966833642,29356.2776744024,105.527845944815,0
3000,12823,6.68111327468602,3524.75157961981,25.0494390528451,14.5759625055219,15.0139127816747,22.4288762333793,37275.8739226002,17601.7738931692,798.643514306184,0
3000,12824,5.42916397507073,2415.31988473495,26.3815030282676,19.2179801145022,19.9785810402168,29.6222798679265,32939.3482284464,18095.019217446,-520.707215888213,0
3000,12825,6.66252743633605,2110.19900595063,30.8698942593324,22.030149253008,23.0577138808558,33.9998840644381,34896.7786616698,25509.799468405,992.843238332162,0
3001,12826,6.86983095486436,9951.60536609486,30.5583333051367,7.62290275859342,7.73625085487295,11.6978454037954,34912.8949537148,25509.8703990231,989.711597220494,0
3001,12827,5.99196783273465,8901.24636591461,29.2757131333552,8.1311457029562,8.2608060417609,12.4802031479162,36208.1446052406,25553.8681503414,480.508069657391,0
3001,12828,5.75789672154421,2555.57837541842,29.0393801851409,18.8496898476512,19.6132855726329,29.059447753242,34772.6870903867,29381.2188038917,79.7140309560833,0
3001,12829,5.55291997129723,4153.26338829412,27.3890876676554,13.2460721428655,13.6236940485259,20.3768840094156,29762.3161922937,31426.2797771977,-315.5575578146,0
3001,12830,6.66132311478188,3426.17472571989,24.9329914261464,14.8495789818144,15.3031030482288,22.8519313681803,37280.8889465087,17624.9203211328,824.500247554809,0
3002,12831,6.90014788461786,8325.91035809486,30.5583333051367,8.53131287955883,8.6825277700222,13.098606514106,34909.5042012476,25504.2617002866,997.364962320058,0
3002,12832,5.42504524844682,4930.19223446139,27.446226533671,11.8072737572657,12.1043674416772,18.1526374029499,29758.9963386059,31414.4240484014,-291.561349168166,0
3002,12833,5.91150451701348,7374.80051391461,29.2757131333552,9.16447277672102,9.33897422521916,14.0740705583005,36202.9281293901,25557.542615171,514.895006205294,0
3002,12834,5.69272491660786,2336.88098349795,29.1863497356632,20.146402204962,21.0080711606745,31.0710762739277,34761.5232222813,29374.5656829388,97.0887541060805,0
3002,12835,6.3645792432213,4167.90027571989,24.9329914261464,12.9986389086232,13.3438777271246,19.9892666627318,37272.0531043899,17615.2104838602,868.920962886553,0
3003,12836,6.67112661807622,4339.99729409486,30.5583333051367,13.1132935963421,13.5047685047011,20.1774865418374,34893.2193144159,25501.5404260756,954.873143668565,0
3003,12837,5.31176128793204,5691.74118446139,27.446226533671,10.7380949650353,10.9794044684298,16.5008979018014,29755.7545954782,31415.0825844758,-281.178492925,0
3003,12838,5.92448791058026,2457.07810341842,29.0393801851409,19.396903165729,20.2007972410589,29.9080544951152,34759.0272624713,29373.8289376644,97.8582673314706,0
3003,12839,6.58700029737718,3813.01736371989,24.9329914261464,13.8034810543535,14.1946193132865,21.2337107475224,37288.4880684303,17636.1072044746,818.67049815768,0
3004,12840,5.87640144460235,2675.73020541842,29.0393801851409,18.232909777736,18.95178739366,28.1031541889398,34759.2112336843,29366.140791337,87.6607653247976,0
3004,12841,5.54525730791564,4366.74886485424,27.4912033521365,12.81231051385,13.1655804693327,19.706310013157,29784.6938441242,31411.1094475675,-319.981874935228,0
3004,12842,6.82269495381169,2357.61324209486,30.5583333051367,20.2346742805525,21.1183158963613,31.2122384747412,34909.1248110582,25499.8689724883,959.172339274581,0
3004,12843,6.76780481617186,3645.64178971989,24.9329914261464,14.231549047439,14.6478537078094,21.8957946017086,37275.662521457,17631.8232459317,822.028042844902,0
3004,12844,5.4648990676712,2802.38283440766,29.2831536365044,17.6680705921725,18.3490634467269,27.228239901209,31920.6150447832,24459.2805240688,507.202974439362,0
3005,12845,5.66763828346642,2829.49371141842,29.0393801851409,17.5145003966854,18.1822752663772,26.989561662971,34742.801370413,29363.1887287926,103.30459509884,0
3005,12846,6.97448682542342,2712.60628409486,30.5583333051367,18.2602776806207,18.9962613857533,28.1497560813465,34897.5544949183,25514.425064562,952.685644786164,0
3005,12847,6.65397302364353,4064.15781571989,24.9329914261464,13.2208851559556,13.5786091133631,20.3328511536787,37285.9026002964,17617.3121569711,856.275128787665,0
3005,12848,6.89582228084035,3768.27329807528,23.860260809399,13.8062078535908,14.1884720696429,21.2354381139496,37265.6698460887,17621.1265938119,867.012795715829,0
3005,12849,5.36404715166343,3683.51948053642,29.4098631455277,14.5773991880428,15.0513550305432,22.4409932677972,31955.1696528137,24480.2550103436,480.828819041668,0
3006,12850,5.26875354594837,4497.4631101103,25.6773538218273,12.4145124672771,12.7329272109835,19.0878797435061,32993.9606697784,15376.8587094938,-304.553966948223,0
3006,12851,6.88020039273175,4256.79721171989,24.9329914261464,12.8159129815074,13.1509975371553,19.7068094520966,37299.7333395848,17623.9137899672,818.7345415281,0
3006,12852,7.0869722126887,2478.93245009486,30.5583333051367,19.500782627927,20.3286882745078,30.0736630439945,34895.4025640332,25525.162031659,923.802360626378,0
3006,12853,7.48477215015588,3239.80677453636,28.8540333896928,15.8863430263122,16.4409074562838,24.4665106266018,31609.0856175228,24250.806394326,1138.54160682696,0
3007,12854,6.81385232574117,3537.30377609486,30.5583333051367,15.1099109448258,15.6271671642734,23.2679192374144,34885.6989258008,25513.8199731547,947.47675172539,0
3007,12855,6.57962127186213,3994.93009771989,24.9329914261464,13.3749216126545,13.7413844993668,20.5710092755916,37282.4608461892,17640.5372722572,817.797059316437,0
3007,12856,7.75435199327518,2228.13056853636,28.8540333896928,20.8098450118245,21.718148255253,32.0993206569217,31632.8405585059,24260.3430368396,1213.72860890858,0
3008,12857,6.86050258063667,5317.40104409486,30.5583333051367,11.4299147177238,11.72452851231,17.5744164031576,34911.6102319934,25504.7477079875,959.646827637355,0
3008,12858,5.41821406458482,2481.78065864989,30.304936999256,19.4465339912427,20.2677020414619,29.9887783697391,33943.5460734056,28335.2324882033,-145.701058780362,0
3008,12859,6.33770969240945,3966.78086971989,24.9329914261464,13.4389304747343,13.8090451727692,20.6699799457769,37297.0488442972,17613.5503291959,838.188823103131,0
3008,12860,7.50914679893145,3633.27923853636,28.8540333896928,14.6625664454131,15.1376015364174,22.5716375005201,31625.6610656915,24261.5798950937,1163.45631874565,0
3009,12861,6.75844447875777,5693.91348809486,30.5583333051367,10.9208495389722,11.1880126790995,16.7877344991186,34890.176355976,25506.4406920981,967.162866563486,0
3009,12862,5.5623742848236,3527.57513864989,30.304936999256,15.1137585392299,15.6292888547059,23.2733325511246,33949.0636488291,28319.929293645,-109.957389926535,0
3009,12863,6.22125590985076,4809.53031944624,28.767146558508,12.1002516673787,12.421595171961,18.6077200328839,31634.4462286667,24110.503852644,37.5778456216515,0
3009,12864,8.63932942511888,3348.27588849395,25.6119352047095,15.1637655311328,15.6428614075129,23.3398321521151,21813.562934074,26742.8668862302,-1334.32154014673,0
3009,12865,5.87374094285112,4292.39884874452,29.4662433059222,13.1245755589236,13.5095083840725,20.1929508081442,33694.5963268278,23689.8489915703,-903.504862390684,0
3010,12866,6.66947010219703,4573.69822080251,30.9794222341005,12.6836121370448,13.0521219844393,19.5135403502527,34904.7568772316,25532.8407632183,941.016958483385,0
3010,12867,6.41497509184902,4906.66281358122,29.029588985474,11.9575256406443,12.2725169786254,18.3875300736321,31607.9038059111,24120.0351578783,39.0872090036672,0
3010,12868,8.4971756519906,3238.0776753686,25.681815908573,15.5276262706302,16.0302491676705,23.9031947688455,21841.6081977313,26729.724758455,-1407.06046346173,0
3010,12869,7.63743143592091,3777.61369230009,31.059163118228,14.4777934054251,14.9577132222856,22.2901910267357,34313.0619167387,27505.0465922372,645.997481957976,0
3010,12870,4.69683632301403,3564.61768972634,29.7605442200482,14.9493719695666,15.4499201897287,23.0176153363886,31308.8913022914,24444.7384144549,-860.651077612698,0
3010,12871,6.74792618587764,4771.97499645009,31.1922067309781,12.3380288907823,12.6875510637576,18.97940022872,34913.8644626345,25533.8770992193,949.224959538439,0
3011,12872,6.96225678128757,7048.91402280252,30.9794222341005,9.51379001499008,9.71173529828762,14.615167153017,34889.5100835007,25548.9888024964,908.174720351549,0
3011,12873,6.18250241598743,3147.90873958122,29.029588985474,16.2325519224986,16.8118547290209,25.0031911132092,31572.5537986113,24114.7184519913,160.075449981679,0
3011,12874,9.40995839898711,4647.50188324334,31.2251922016053,12.5640465653352,12.9269984162869,19.3290162592867,34598.1177699832,26492.2237115168,-222.29999948409,0
3012,12875,6.92221336749592,6109.81348680252,30.9794222341005,10.4464362823751,10.6908544827554,16.0553831280155,34887.0841583127,25536.4206061059,898.711664258682,0
3012,12876,6.68682421849474,4632.54921383479,25.4585729089157,12.1546683928091,12.4574989441036,18.6858970493092,34865.0831846441,14475.3595885886,790.884751954462,0
3012,12877,6.32539295452239,3772.19165758122,29.029588985474,14.302893356145,14.7566332157547,22.0152987523569,31570.2187177209,24083.1401486846,134.811929972047,0
3012,12878,7.85781362065058,4165.20936993805,29.6635209182945,13.413834260739,13.8174563184734,20.6408046306778,35029.1875672991,25815.7605570889,454.961584517591,0
3012,12879,4.97823456101037,5733.71826045009,31.1922067309781,10.9070977719841,11.1767353372589,16.7673706264448,34535.204084358,26076.8924644439,-329.362575223614,0
3012,12880,8.93941568212867,2807.14809141334,26.8497766772533,17.3212263456604,17.9536683576573,26.6840247704388,34721.7432504024,20047.9691941498,-1493.74877105037,0
3013,12881,5.7151429839244,4209.8283047175,31.166747102128,13.4396810940958,13.8549995375254,20.6835849240818,34757.7445115975,26784.6864327083,-120.408279982234,0
3013,12882,5.56489124407516,3191.87056771728,28.8608078520328,16.054938029217,16.6208115178727,24.7276572094433,31215.6806551182,24426.5135549604,-454.390686582479,0
3013,12883,6.85190774591046,4218.44910303118,30.915887152138,13.4003760461466,13.8116239558873,20.6223079647367,34901.5954438952,25580.1893650189,847.405655627312,0
3013,12884,6.79592829203722,4080.35739383479,25.4585729089157,13.2334814515064,13.5959903556464,20.3534486154238,34850.1033116347,14478.5695116197,821.988942385285,0
3013,12885,5.5913390040333,1932.48024487487,28.3710946567542,23.0414435334473,24.1182183731244,35.5612132926948,33902.9371388477,30925.9456094366,174.507517317385,0
3013,12886,8.22841655618155,2353.0152220764,26.7774606975575,19.6509137861924,20.447659675207,30.2948381750007,34781.0926476648,20050.8669676144,-1452.90410734358,0
3014,12887,6.89462182263754,5527.75441080252,30.9794222341005,11.163250501688,11.4455746374248,17.1629046568941,34908.5190258452,25559.5410893641,887.933260948667,0
3014,12888,5.45417846621022,3440.94057571728,28.8608078520328,15.2296301344734,15.7410987550991,23.4495532983017,31231.1432491423,24427.8996469926,-464.844666923894,0
3014,12889,5.76527886833769,2121.1724125157,28.4271096784328,21.5044148153648,22.4610206597539,33.1756661292766,33900.0479114792,30917.4750346018,180.403904952679,0
3015,12890,5.51924522659225,3022.3405667175,31.166747102128,16.9640573705239,17.6127152662042,26.1418531173633,34779.6516454055,26809.7627280137,-100.97380983878,0
3015,12891,5.53260297266177,8575.90155379457,26.5786999205365,8.22115851461621,8.3445815616158,12.6162349571624,33691.831746309,18633.2792105357,-464.699920613615,0
3015,12892,5.84837933891124,2207.67308887487,28.3710946567542,20.8679583460421,21.7749161128866,32.1878890654898,33917.7477526517,30923.3699511888,140.411205631003,0
3015,12893,8.02772856450746,9835.9963060764,26.7774606975575,7.55573790013422,7.65432444460466,11.5909613723325,34812.5692989622,20042.9563816525,-1406.18541816124,0
3015,12894,7.17624507996832,2963.47370103118,30.915887152138,17.1750207386485,17.8363580292254,26.4682218571556,34912.9217697812,25575.730885268,813.98401485612,0
3015,12895,3.01029581411076,5461.40592198059,26.1051261346408,10.9472508909156,11.1915069585398,16.8218170126127,35566.0482617345,20150.1888742052,-982.542871925678,0
3015,12896,5.76612475631775,1463.91196568473,28.9284847515423,28.6452898422867,30.1985768331993,44.2694665680078,31113.8441756683,24458.9091427681,-558.619740059194,0
3016,12897,5.45846621329923,8335.00319179457,26.5786999205365,8.36937013185624,8.49874233195555,12.8447131350874,33691.4898179715,18625.023286781,-449.280177301927,0
3016,12898,5.76261094500979,2266.0338047175,31.166747102128,20.937335710551,21.8820369205458,32.3044921500558,34775.1621170511,26805.7978977396,-101.079950774902,0
3016,12899,5.85789846386009,2099.14413749486,28.2226153209185,21.6338009375012,22.5978671224588,33.3757458235967,33899.6717090751,30932.153128616,165.876804173655,0
3017,12900,5.69985587813841,3939.2829467175,31.166747102128,14.0712729047694,14.526012292427,21.6610831445629,34759.6334758073,26785.7777713076,-142.57259081974,0
3017,12901,6.95660895444477,4018.25478903118,30.915887152138,13.8574175170762,14.2969552312955,21.3295941654793,34912.7513814033,25567.8359728091,837.459356089892,0
3017,12902,5.21454341636689,7946.44252579456,26.5786999205365,8.62469002766251,8.76453187965515,13.238366765028,33673.649847995,18614.8620894871,-458.911432387122,0
3017,12903,4.74728537524223,4001.08212198059,26.1051261346408,13.4698705304292,13.8509542736115,20.7203564180383,35718.7527376199,19848.9259565515,715.404328977653,0
3017,12904,5.90047110398397,2012.63285887487,28.3710946567542,22.3509480795261,23.3729747644937,34.4893159310773,33899.4545319093,30897.8510762611,107.129002721575,0
3017,12905,7.70350200503498,7641.25856977088,25.0314384989723,8.77141062042296,8.9107242751819,13.4627686207483,36782.6040226413,15512.9667562491,-1255.17935615015,0
3018,12906,5.43323364909222,8274.54182179456,26.5786999205365,8.40773552748211,8.53866316726747,12.9038602280501,33685.0918940839,18622.0742571037,-457.237590723139,0
3018,12907,8.37929846871954,8223.80221777088,25.0314384989723,8.37628042556289,8.499691252767,12.8536371716696,36768.0129669164,15525.8226466624,-1242.81346187316,0
3018,12908,5.83641933756095,4153.9263167175,31.166747102128,13.564070342169,13.9870625211718,20.8760741857905,34770.6936669613,26813.9590775309,-110.877873390769,0
3018,12909,7.66986120359146,8644.6760440764,26.7774606975575,8.18783556550245,8.3106900305611,12.5650784486206,34815.0876313514,20060.1582027474,-1494.38493450746,0
3018,12910,3.60625085390952,6754.42499693931,24.474859601219,9.45535427600424,9.62094726803394,14.5167858337902,37438.5427653775,15893.1626916712,-89.5487617017407,0
3018,12911,10.5896956704341,6045.95497661812,16.510701116119,9.6408121233868,9.76704768790491,14.7897149053941,41462.50396977,14737.3741779299,-1012.80314211892,0
3019,12912,5.47376983146298,7788.64826179457,26.5786999205365,8.73464156396903,8.87907702444144,13.4079139984985,33674.734435893,18625.6441534672,-438.259419732124,0
3019,12913,5.5848587198248,6075.23750709743,26.7699738733942,10.2518461947645,10.4656205181991,15.749106196338,35192.6707592752,20501.1138848582,-97.5110558052626,0
3019,12914,5.85274062138327,4054.51198134253,31.1307264229934,13.789877784172,14.2266682438543,21.225469111905,34760.8823942912,26844.2124527077,-108.01237434863,0
3019,12915,7.32343129027809,4348.44136591188,26.8808502565407,12.7983420272962,13.1465677382503,19.6835410233658,26802.5331297148,27562.3598296506,1069.64896290179,0
3019,12916,5.74746633592529,2898.16185318745,26.5206575442055,16.8904644739286,17.4903147642618,26.0157739658272,25398.9328703767,25834.0716673271,-114.567100661725,0
3019,12917,10.3162861351614,6097.15698189014,16.202439338298,9.56942887456688,9.69088601519574,14.6791418310927,41514.1990778663,14746.7237996843,-1038.11181489304,0
3020,12918,5.4540439711479,7399.06992746215,26.7726121215429,9.03232041742802,9.1902930910434,13.8672442394628,33695.8075030917,18623.0626299101,-436.549015707923,0
3020,12919,7.11081058866727,4337.49478606252,26.995060040755,12.8296003643849,13.1804032769482,19.7320916145341,26794.3769180949,27551.2874131193,1139.8593085609,0
3020,12920,5.57666718208767,5942.61967048969,27.0088442942027,10.4139430581376,10.6368291556753,15.9997067380083,35203.1950497675,20499.9608883868,-143.420798576818,0
3020,12921,6.89996288127687,4197.31279911721,27.7359256233702,13.1811886267364,13.5575055680663,20.2772216151279,30125.5337903649,31271.9220180605,1025.39843298371,0
3020,12922,5.79142652921078,4581.25835011187,31.3382395153711,12.6958875862029,13.067324445467,19.5331342120432,34765.4978164928,26832.0878864741,-135.530007692975,0
3020,12923,5.59234382460488,2960.26069342721,26.5689838953591,16.6458353393778,17.2297805945799,25.636992562316,25433.7681566371,25842.0786519259,-82.4856846295639,0
3020,12924,10.190897189404,6204.71490658883,16.5181607229796,9.48813699306238,9.60881422188569,14.5545130094931,41515.3106198622,14741.0862587229,-1011.989213539,0
3021,12925,5.8043842927729,5022.10399025614,28.3921075691318,11.7288262838553,12.0274248448679,18.0329910104802,33237.2960582783,31086.632161626,6.85060398236285,0
3021,12926,5.17888430754007,5625.18399146216,26.7726121215429,10.7795313367748,11.0192022345462,16.5638621590417,33679.1668124302,18626.5769893635,-431.199839826685,0
3021,12927,6.21794949088234,3635.96834714901,27.6893170570145,14.5391462718099,14.9971334015015,22.3780494174089,34660.1212639607,21092.8110732968,497.408478719187,0
3021,12928,6.13848283350119,4748.48865174227,27.3253786362232,12.0979802027717,12.4101277075424,18.6017075761738,27604.1691541017,29404.6443581134,366.366099487213,0
3021,12929,6.98149560670926,6330.58347406252,26.995060040755,9.99430481038325,10.1969466841871,15.3518729139702,26799.2556835563,27574.980469542,1141.84627319567,0
3021,12930,6.09291854293745,4577.14877552025,31.4040751976952,12.7085249947514,13.0811146640698,19.5527931501622,34736.1333390017,26803.1044120159,-98.0054621004631,0
3021,12931,5.42115607621042,3474.30348142721,26.5689838953591,14.8854510370967,15.3556704632459,22.9114319021902,25427.3274876597,25825.3828414144,-34.3521786329076,0
3021,12932,9.85771309071441,6836.64084658883,16.5181607229796,8.93926273395635,9.04048833218757,13.7090973793434,41486.0470938608,14759.5041629745,-985.501189455593,0
3022,12933,8.73155544468623,6562.73710622157,27.9351233816521,9.81336887824813,10.012036233502,15.0738595180465,29319.3708493407,29788.7825144046,-1255.56610863197,0
3022,12934,5.83132098564013,5529.51244438417,30.0907032455242,11.1072431682085,11.3818947038603,17.0750703542352,35695.6693433475,27654.7715913881,400.233870129185,0
3022,12935,5.8339949667071,5346.63507425614,28.3921075691318,11.2504916222189,11.5234636068643,17.2938440982261,33224.0657570575,31082.3086498542,5.00814964308381,0
3022,12936,5.21443799568329,6048.98625746216,26.7726121215429,10.2808664441087,10.4960516706502,15.7939104104239,33672.7309641738,18633.1186638087,-429.553508821291,0
3022,12937,5.36623583764309,5872.19283667319,29.662538982876,10.6493113367617,10.8977306308838,16.3669809116521,32359.2952119529,29126.0700294829,-430.409724936688,0
3022,12938,5.51303914013817,3111.79957342721,26.5689838953591,16.0719145695491,16.6179488884123,24.7481751276502,25414.0499619207,25838.6987266869,-70.2425946789667,0
3023,12939,7.93329334415723,9886.15214222156,27.9351233816521,7.57017736996834,7.67314983255412,11.6142762471388,29340.4088172999,29779.9180483508,-1283.28862771204,0
3023,12940,5.74470714987214,5319.34035238417,30.0907032455242,11.3975749786224,11.6878733809201,17.5237310609529,35684.5935220726,27636.3413983912,415.584017382697,0
3023,12941,8.08028320501908,11017.2685414096,27.4779376153728,7.0670537807074,7.15026602062286,10.8387945594057,28080.1828936271,29609.5908898461,-1284.29781556379,0
3023,12942,5.8722029280101,5164.10561225614,28.3921075691318,11.512952552687,11.7998904139511,17.6993859016834,33225.5609572575,31079.6006008259,-19.62873098675,0
3023,12943,6.87750712499937,7101.12894065695,25.13735799042,9.19255386154572,9.35002545937796,14.1123348046901,35330.495521417,14355.2417829156,632.721657136488,0
3023,12944,5.28834414945637,5861.03839946216,26.7726121215429,10.494179808408,10.7197293523543,16.1232417798879,33689.6830840783,18627.7627107391,-451.126355103403,0
3023,12945,6.69067617958856,3569.76319307869,31.1694117229366,15.0735161477867,15.5930804348827,23.2128533535963,34900.1764509756,25510.3503757578,960.275237016589,0
3023,12946,5.50227912515332,2746.91685742721,26.5689838953591,17.5514548965772,18.1967631019084,27.0399295088228,25394.055132425,25844.1729378941,-57.0404416424289,0
3023,12947,5.57785197340744,5553.87308467319,29.662538982876,11.048926409272,11.318207858683,16.984336598698,32362.1258986201,29135.6206215312,-424.36128839516,0
3024,12948,6.7111219845554,9636.27748865695,25.13735799042,7.59552501404725,7.6898761439641,11.6506786537463,35331.6916793405,14332.6794009838,651.949475030505,0
3024,12949,5.84015250957228,6149.83068238417,30.0907032455242,10.3539633174218,10.5894037994657,15.9113777933753,35702.5770697382,27663.259615419,397.400624898756,0
3024,12950,5.71249429651951,7458.88442225614,28.3921075691318,9.05900252904061,9.22506902185947,13.9103198126926,33227.047667155,31062.6869847389,-23.4699446906538,0
3024,12951,5.28753575329214,4688.80446120194,26.757455246971,12.1576269522182,12.4693445723353,18.6928766432295,33689.4426646118,18625.526971332,-442.451504331442,0
3024,12952,8.24709623572424,8581.72156540955,27.4779376153728,8.25252224286831,8.38062022949072,12.6655307019496,28108.3446093839,29636.8641899546,-1304.33140062497,0
3024,12953,4.73440423506455,8865.51467537729,25.5772431648296,8.01424171970316,8.12576249503196,12.2962615134539,35021.4189812081,15014.8706861859,-204.826190464237,0
3024,12954,5.62256073140944,8458.85557850431,29.5645075125437,8.40817495897616,8.55046514434522,12.9076795835851,32432.6805318404,29253.8747054836,-389.509471931775,0
3024,12955,5.58594646053872,2305.16340142721,26.5689838953591,19.9112735116576,20.7245880233691,30.6978798615298,25421.8841830042,25819.800974946,-68.331978400065,0
3025,12956,6.74000020680829,8950.64010396658,25.188362086192,7.95203705668732,8.05971601837088,12.1999957194367,35319.8336025436,14325.5666051849,666.783682124462,0
3025,12957,5.79657134131713,7440.04768438417,30.0907032455242,9.14851688287479,9.32562953771323,14.0503729936549,35686.2811737764,27652.1502637581,397.029801382043,0
3025,12958,7.06076242019915,5715.36657802387,27.3777223229256,10.7048286756815,10.9440940527209,16.4494205458546,27758.7503843144,29455.2568226827,1029.61548606969,0
3025,12959,5.39719806278481,4836.25672346216,26.7726121215429,11.9102936143293,12.208697661593,18.3106676810587,33681.1122356322,18625.0702083854,-449.832935726928,0
3025,12960,5.89843569787105,7151.29133225614,28.3921075691318,9.30675625166155,9.4839873489545,14.292583883764,33243.4666242821,31085.9930687594,-12.5910957817716,0
3025,12961,5.69765039631448,2122.24497136737,26.5936794122259,21.1571293067746,22.0637219285144,32.6303522483891,25426.682707099,25837.9698651389,-42.4444038888901,0
3026,12962,6.52709399265863,8399.21919396658,25.188362086192,8.27301248942075,8.39301097419683,12.6946456034534,35330.1318570707,14335.9408802105,677.857514197688,0
3026,12963,5.76927755959712,10700.2040483842,30.0907032455242,7.27231403585771,7.37071223011092,11.1571450927365,35703.1103632089,27642.4741402732,379.915228013576,0
3026,12964,7.00707820852619,4886.26388602387,27.3777223229256,11.8729659543754,12.1731843550923,18.2540393509277,27760.8528631651,29439.6266080133,1070.16512459341,0
3026,12965,5.27792590417463,4722.91092746216,26.7726121215429,12.1000795703416,12.4087584846676,18.6039638728091,33682.869246171,18632.5180608628,-416.710153977671,0
3026,12966,5.34443209902163,12529.4339242156,30.0918110670082,6.5988344332121,6.67300039230824,10.1197027394563,34232.4076101157,29058.7168171271,-34.5152278089556,0
3026,12967,5.68864431812423,1837.68357742721,26.5689838953591,23.5379299808749,24.6289609070559,36.3249962482942,25402.5804859906,25818.3250121882,-47.1133913996198,0
3026,12968,5.55361935040393,5208.58221233321,28.2604900310989,11.4387543694389,11.7209588325196,17.584521889303,33232.5157297441,31102.6374637848,69.3286737388698,0
3027,12969,6.4006210337189,8124.28069265695,25.13735799042,8.44480657123609,8.57137004121143,12.9593863146709,35351.9686573907,14326.028427939,675.177575652803,0
3027,12970,5.82665079441628,8572.20611038417,30.0907032455242,8.35724339908233,8.49926018954146,12.8296557241825,35699.4992874572,27662.999723399,407.617955751373,0
3027,12971,5.48515476029793,4285.40848946216,26.7726121215429,12.9159254791908,13.2700693439659,19.8651310710411,33674.464829635,18628.5194528425,-462.96784300822,0
3027,12972,6.92740962556022,4625.32186402387,27.3777223229256,12.3167952153864,12.6413621565759,18.9400229635772,27748.8099885575,29445.6459213155,1024.59800759164,0
3027,12973,9.27859408133071,3466.63722090775,31.0711569242093,15.3778016599209,15.9167928356731,23.6839077404023,34577.5841030673,24958.4325474311,-1232.57726065252,0
3027,12974,6.7923884497514,7332.19749514853,25.3233121537308,9.01676140169589,9.16760946679695,13.8414595571307,36460.3856965388,16265.0727061399,885.143527501914,0
3027,12975,5.61800936932303,7661.50671405372,30.0513049832551,8.97609828013462,9.14518403038056,13.7842740649172,34351.1702650994,28949.926973308,-23.3750404888592,0
3027,12976,5.64938566458909,2096.40097342721,26.5689838953591,21.3440893815956,22.2645406516857,32.9203122030578,25420.9015270332,25703.545757093,-123.996941453828,0
3028,12977,6.77606810081591,8133.83376514853,25.3233121537308,8.44645294362539,8.57385433776735,12.9621381780529,36472.1756831306,16272.1736898074,884.180897408166,0
3028,12978,6.55611766417247,6639.54002796658,25.188362086192,9.5972068236757,9.77259815280726,14.7365958782569,35346.0744686716,14317.4711180957,689.47905128856,0
3028,12979,7.12660705776934,4041.10424002387,27.3777223229256,13.4940796188056,13.886195029948,20.7604480336871,27758.0551228718,29445.378948939,1043.3589836361,0
3028,12980,5.62959733391776,9106.49079238417,30.0907032455242,8.043867903663,8.17273266962678,12.3464087192889,35793.4235687092,27677.9511399254,383.13928258205,0
3028,12981,5.36897397522873,3332.40954746216,26.7726121215429,15.3447499603278,15.8457161294823,23.6228495093034,33660.1944656297,18641.6955940683,-416.630730625011,0
3028,12982,5.61046669463487,2223.29033077987,26.5587352490968,20.4415339578511,21.2939469776019,31.5202103720777,25446.4069157589,25590.6252889506,-117.042080090781,0
3028,12983,9.11815326639385,4495.29547290776,31.0711569242093,12.8410263010523,13.2194548392698,19.7571924517964,34543.5834312307,24915.4236486229,-1210.22239814772,0
3028,12984,9.95476522360193,8388.17034790427,28.2043055270167,8.40032632499502,8.53723815915999,12.8941783673781,35703.4506971262,29615.2729742276,-1215.50942215165,0
3029,12985,6.48150850942122,7275.05620596658,25.188362086192,9.05509112082595,9.20694392927688,13.9003994301932,35344.0753656688,14317.0785398903,691.484481448804,0
3029,12986,6.8771594578812,8557.43779714852,25.3233121537308,8.18267043915627,8.29969085328121,12.5555567042163,36481.4778568409,16272.4261120501,855.692000961921,0
3029,12987,5.86493092339754,11284.2475667887,29.5811956005213,7.02301917407566,7.11076068754139,10.7726585051537,36031.7493991924,27835.2931594316,514.225795861078,0
3029,12988,9.24392746473037,11034.6817857592,28.2263462089297,7.08189528504824,7.16785455792421,10.8622706319353,35692.6750498112,29708.4446357783,-1172.14043783819,0
3029,12989,5.22632296384161,3263.26993346216,26.7726121215429,15.5704174826328,16.0858276199729,23.972207951265,33660.882875989,18629.2523535001,-457.15020992215,0
3029,12990,5.84880959507994,3678.71779233131,30.6038525444525,14.7052952507169,15.1965258420643,22.6414938869937,33440.6336060364,24354.6774007613,494.27805426502,0
3029,12991,7.21771742695088,4153.59102202387,27.3777223229256,13.2443771874389,13.6218178911423,20.37423998027,27765.8016225372,29441.0366688478,1066.91212086524,0
3029,12992,5.45692781273339,1962.72275077987,26.5587352490968,22.4079291058159,23.4100231774455,34.5710144370267,25451.1649637722,25601.8300540357,-109.360797844319,0
3030,12993,6.1421482746962,10740.9066867659,28.9792048151605,7.22277214562569,7.31605559943463,11.0799058382328,36145.6602195984,27972.4977903777,662.797917645208,0
3030,12994,6.47260741734693,7326.85924438166,25.0253811100331,9.00676744603869,9.15583344360097,13.8256708668759,35354.667701767,14324.1334075749,678.516195026116,0
3030,12995,7.0541018225306,8097.30818311845,25.3771303926988,8.47258951506484,8.60125944896518,13.0024902675427,36460.5165954571,16269.7648783412,830.263752709075,0
3030,12996,5.48507949975954,2849.78620063406,26.5559676350057,17.0975284939211,17.711716012321,26.3366308793847,25459.2889611088,25599.1571830797,-116.170505967511,0
3030,12997,5.38071506435581,3427.96825939967,26.7925791462357,15.0486630417336,15.5310479882318,23.1645758453963,33692.6622773176,18616.6971109149,-454.648326403414,0
3030,12998,5.8767080728073,3295.41151408002,30.6122401668557,15.8891503646519,16.4588049679247,24.4749637699689,33429.3222392553,24363.6933257577,504.369846993368,0
3030,12999,9.76418650833196,9802.28325531858,28.0602046529435,7.61445478155913,7.7195162614213,11.6826194702258,35532.5272846817,29759.1740429114,-1073.04069261618,0
3030,13000,9.82694379830908,3107.60306466742,27.5793353484266,16.2090867061103,16.7736475024074,24.96321740908,28153.8829134228,29144.7522903302,-1102.6078711931,0
3030,13001,4.73946443017672,7765.5082659705,28.4134183448505,8.83004413332076,8.98610198064377,13.5571403912544,34915.4860162697,29840.5302622121,-385.945416060543,0
3031,13002,5.77674915171374,10570.5860434618,25.5633848018012,7.18982417408077,7.27133320071147,11.0262148815244,35916.0966228455,16127.9722449844,5.36900424160292,0
3031,13003,6.11518512686394,12116.1440487659,28.9792048151605,6.7073523928445,6.78234804475139,10.2860132468444,36144.1703440581,27980.1296358084,680.417118309634,0
3031,13004,5.68607143932214,2727.78418663406,26.5559676350057,17.6371700330492,18.2882419374423,27.1727026894733,25460.9272159043,25618.4771350239,-127.025137646637,0
3031,13005,5.80375990606384,3542.79399911871,30.5628273825696,15.0939262747511,15.6101676699104,23.243175470527,33428.3368006875,24360.7182694285,531.826815745424,0
3031,13006,10.4104178888033,10816.8228413186,28.0602046529435,7.16444147640544,7.25285799273484,10.9892843382452,35515.2448010256,29737.4565447706,-1068.86599538129,0
3031,13007,5.31531905610468,3948.72897739967,26.7925791462357,13.6547698810644,14.0519799985281,21.0077848979754,33666.7051608894,18631.8650589051,-440.551542464869,0
3031,13008,9.56396569411492,2937.61287963748,27.5209974028053,16.8587696292245,17.4664118123453,25.9694119465283,28116.2894813498,29140.3349653394,-1099.06299016942,0
3032,13009,5.67281924795767,10226.4297934618,25.5633848018012,7.33711036827343,7.42374012039777,11.2530483543749,35824.970630091,16172.8130701251,-3.99027995385927,0
3032,13010,5.82783399362142,4680.93501808002,30.6122401668557,12.4585319183905,12.8115924889175,19.1648025481427,33427.4368179728,24327.7118302277,469.352973721212,0
3032,13011,5.18802952366584,4556.66860339967,26.7925791462357,12.3951676042787,12.7201859660797,19.0600942477929,33671.1498325435,18636.0400114447,-467.849271067902,0
3032,13012,5.87310484944024,7563.66662967028,30.8091251731724,9.08272354050387,9.25967188001952,13.949633809051,34919.0674822769,27257.752074068,-123.852680559634,0
3032,13013,9.38814131703421,6907.03163331858,28.0602046529435,9.50105015611265,9.68571696953071,14.5919983736801,35610.5198302812,29770.7250786701,-1034.06888427846,0
3032,13014,5.24141257953639,8995.74696761375,24.8226523983326,7.91341612051008,8.01825227017093,12.1401003636059,36255.7019598754,16571.358337453,1263.9627627335,0
3032,13015,9.70697703678281,3341.32743363748,27.5209974028053,15.3994168155091,15.9104837238899,23.7092981945227,28156.4638352626,29134.2046034775,-1128.6635602782,0
3032,13016,6.21090611777944,3045.86747347763,26.4312582289564,16.2980669228132,16.8576131144232,25.0980188642741,24672.5158013309,26926.9229516241,421.353991744657,0
3033,13017,5.86553423555868,4054.69569830185,26.430102453544,13.3782803808899,13.7565186611633,20.5793955704994,24685.0237521376,26944.7449920035,478.197029815391,0
3033,13018,5.9198291072842,4873.86923111871,30.5628273825696,12.1190509989584,12.4522485704418,18.6397601390014,33420.3303085096,24353.8999249706,507.750682809573,0
3033,13019,5.37027275198133,5721.55766539967,26.7925791462357,10.6616488505974,10.8955606243001,16.3818567506707,33653.9701030798,18612.6702990873,-470.436974787832,0
3033,13020,6.60038639695687,6211.17723651942,31.0460183213473,10.3373490021032,10.5764732993395,15.8869673393144,34880.0377707296,25515.2028480072,970.012503953866,0
3033,13021,5.91788722229767,3637.59098229965,25.4684725201702,14.3086237789224,14.734109180469,22.0162854850059,36489.435363067,16935.1486007302,219.984440324206,0
3033,13022,5.51886736350126,3716.44858723974,26.1749364976312,14.1714436761614,14.5945872610222,21.8056889285395,23841.1539703565,26015.5282758154,301.515170316996,0
3033,13023,5.63714758927063,3078.94773575477,27.8188816225578,16.3441792786483,16.9199732250415,25.1730682133233,33035.391111389,21746.2025999859,-497.079925143589,0
3034,13024,7.35010500680528,4563.6461922167,27.4075604862605,12.4306198814683,12.7617307861428,19.1160330445957,35659.9386281085,30182.559812078,1150.22932901936,0
3034,13025,5.98374280658706,5194.27297408002,30.6122401668557,11.6140762658609,11.9191381985927,17.8591520009233,33434.4808529789,24347.1709923315,500.399813339308,0
3034,13026,5.29473677958267,5870.37631467362,26.3005140318223,10.4551744861168,10.6762684981727,16.062314593835,32779.4872574595,17204.11444512,-583.343892956678,0
3034,13027,5.94310444477057,3965.95957147763,26.4312582289564,13.580972036882,13.9710567690534,20.8928753790782,24689.716940174,26957.1102583862,453.602584669018,0
3034,13028,6.45036040808353,5617.95097851942,31.0460183213473,11.0474835768194,11.3239034618367,16.9840980342933,34891.1094205487,25486.4806910471,891.196955545064,0
3034,13029,6.00120785137189,5926.75152695057,26.7405556023687,10.4163627517716,10.6379411833401,16.0030486632994,33629.4113546343,18569.2301084814,-420.198073019134,0
3034,13030,5.5880398816675,3777.57791257991,26.1770908064285,14.0144215873339,14.428168667527,21.562780886977,23882.2258326549,26038.5179692562,175.128525705731,0
3035,13031,6.08738053277568,3967.41122711871,30.5628273825696,13.9492685395097,14.3920910716951,21.4710752739135,33433.9933973591,24356.8057106386,497.229807072298,0
3035,13032,5.96405764667671,3616.00385630185,26.430102453544,14.4664324120832,14.909586036672,22.2626760810808,24697.3848586288,26948.096474735,445.030196216745,0
3035,13033,5.25014417377932,3140.8312478103,27.9391174207917,16.1307705808747,16.6934381540216,24.8428345200911,31137.59576179,31195.6344527045,-452.89114516003,0
3035,13034,7.21645692333695,3061.25419697392,27.7491968271338,16.4023234044757,16.9813597507508,25.2629498416571,32314.3759854831,20821.3768617988,-467.972493766382,0
3035,13035,5.79236580005006,3457.16569057992,26.1770908064285,14.8940829442057,15.3614358794709,22.9238532897068,23841.7644181127,26008.8458495823,329.542114422469,0
3036,13036,5.77463458691436,4602.42080711871,30.5628273825696,12.5988439390433,12.9597957641107,19.3817217068675,33396.5443754467,24330.6596988359,513.325047702952,0
3036,13037,5.94696596320666,4078.27014547763,26.4312582289564,13.3258958420368,13.7011029064609,20.4983868037557,24707.9075570721,26965.9206635841,459.153384730728,0
3036,13038,6.73513843077476,5522.44624251942,31.0460183213473,11.1744043992118,11.4576791615539,17.1802376035509,34894.1523153395,25509.8126055516,937.729304967398,0
3036,13039,5.14128665285539,3362.29772067362,26.3005140318223,15.1972814039414,15.684693085287,23.393418135813,32783.9749539037,17165.4927706209,-591.531308669293,0
3036,13040,5.35705927327395,2845.7489258103,27.9391174207917,17.2987340716152,17.9406449212806,26.6522094403022,31121.3499461307,31205.163274319,-484.890923409971,0
3036,13041,5.76588133848488,4049.15775146034,26.2202100822749,13.3716867707318,13.7479528196071,20.5687606279127,23923.9071357658,26059.7929969799,247.623290621038,0
3036,13042,7.41467014701758,3236.65203714108,27.7775482235892,15.775178049272,16.3129178445102,24.2917405667649,32327.4251533275,20885.4170448454,-499.619881813822,0
3037,13043,6.55805812025702,5549.47214451942,31.0460183213473,11.1380941833325,11.4194021312391,17.1241233336931,34905.6558907784,25502.5005314008,944.956380201105,0
3037,13044,5.37376778382842,3303.42222267362,26.3005140318223,15.3847307263235,15.8839960360941,23.6835708907474,32796.7633469781,17165.4198812551,-587.745019789568,0
3037,13045,5.97603535857246,4820.31554608002,30.6122401668557,12.2133428655892,12.5522298467928,18.7856398649668,33416.1322311079,24325.9289912959,495.946525183498,0
3037,13046,6.02785027542561,2735.31268616552,25.226090418107,17.4140344193688,18.0355234718648,26.8230485454756,28981.7375295098,17577.7217633913,416.428770438845,0
3037,13047,5.98776323351832,3668.69667547763,26.4312582289564,14.3234874001556,14.7579348400881,22.0415030764005,24711.0657402245,26968.1784042523,430.544038837118,0
3037,13048,6.11890661173649,3501.05463402571,28.3460369540855,14.9933124024939,15.4853154614676,23.0825118331668,32976.5651660142,21687.9864333573,-477.742770146176,0
3037,13049,5.78520192433521,3476.67355123974,26.1749364976312,14.8361150867741,15.2998528619364,22.8341387345055,23874.9479584668,26036.9006390074,245.74054676946,0
3038,13050,6.73571820838194,5974.64002251942,31.0460183213473,10.6055015764601,10.8584948022195,16.3011941619563,34897.910658491,25515.6713376822,966.154746392945,0
3038,13051,5.92923966948359,4734.92922311871,30.5628273825696,12.3584661978206,12.7054220664089,19.0099717416289,33417.8393728981,24355.1139448024,502.562608554225,0
3038,13052,5.83992975972332,3442.02048230185,26.430102453544,14.9668236643022,15.4409190627713,23.0370388533545,24696.3148671282,26937.1639975622,480.720968418964,0
3038,13053,6.33914965779624,2292.54603416551,25.226090418107,19.7583621532597,20.5437768544802,30.4561605804926,28992.7789206792,17573.1784310987,401.365291671814,0
3038,13054,6.09388761992414,3113.11037787444,28.3626520593426,16.2821373636708,16.8587786566806,25.0783475944604,33025.621115286,21645.2030373812,-481.143159805057,0
3038,13055,5.02862040099451,2765.02821457833,26.2820911109762,17.4297254369139,18.0636574701998,26.8504909829151,32804.8919881456,17139.0066021693,-626.909334891721,0
3038,13056,6.10023355707429,3305.42857657991,26.1770908064285,15.3641844873816,15.8610258519391,23.6514576007394,23860.9240849965,26033.4754699912,237.803383287488,0
3039,13057,6.91003424971109,5682.6122231753,31.0885245282918,10.9661811889884,11.2384549163024,16.8585233109502,34909.3297660189,25523.4762379867,933.431347676614,0
3039,13058,6.07436618864311,4379.57528608002,30.6122401668557,13.0363267525601,13.4235275980741,20.0585127718809,33430.4614896967,24337.4624550996,492.669705184042,0
3039,13059,6.07180086877374,5486.23151630185,26.430102453544,10.9357491740308,11.1813106681892,16.8045745984916,24689.742785011,26946.854302365,460.821226509453,0
3039,13060,5.57322321517781,3361.03339918509,29.386941675829,15.5388150057164,16.0748868752191,23.9295317068086,35859.8245707948,27946.3301904638,470.453936590253,0
3039,13061,7.14047976144608,3287.64222714108,27.7775482235892,15.6034081096437,16.129931236326,24.0257603274367,32325.8260524489,20847.7283065446,-497.091528906319,0
3039,13062,5.03706517692011,5482.41233857991,26.1770908064285,10.9244199635828,11.167950713896,16.7866748111831,23846.9795570834,25981.7987659999,344.848922392694,0
3040,13063,5.83390674999984,6564.00325340147,29.060520454248,9.86973588727299,10.076366780868,15.1623279842143,35809.4477174787,27970.0892590942,508.649630174402,0
3040,13064,6.7412003700056,5616.03751755175,30.7327358543675,11.0314871920219,11.3054401099327,16.9589354288735,34920.4200836454,25484.017331451,939.757267933008,0
3040,13065,5.99562770534064,3336.57756086335,30.3741453301222,15.7248308302847,16.2814513147508,24.2198854646127,33424.3476108803,24337.6055623047,538.143116514004,0
3040,13066,6.02224369721276,5421.66401936493,26.3180771781297,11.0136912217188,11.2625309970648,16.9247673607668,24695.4289414632,26947.3779413627,459.698124654892,0
3040,13067,8.08931101296322,7257.45979396098,25.8680575413569,9.10144139744164,9.258375424549,13.9727429422803,23285.8896405499,26035.2822515386,704.190742695262,0
3040,13068,6.48198993640023,6573.04928255591,26.1507957784197,9.71036991949409,9.89563178137001,14.9125173195083,23832.4455694011,25226.7021726685,364.848314305003,0
3041,13069,5.78397561897264,7222.87292375494,29.2341236164114,9.28602705406627,9.46592045802666,14.2615951259198,35796.4413869089,28004.5062749733,516.818429535054,0
3041,13070,6.88796196367133,7493.90321091056,30.765495016505,9.13522879444321,9.31443420994013,14.0306149063156,34899.9874558698,25499.6536695745,930.76130878404,0
3041,13071,5.89409250522673,4101.6118650499,30.4168286035856,13.6201549990593,14.0415347032057,20.9614665110304,33423.9916288992,24346.0633042704,488.805730973819,0
3041,13072,6.9503089847078,6778.96696996098,25.8680575413569,9.50573300108845,9.68038409002062,14.5963947427121,23151.6301290023,26028.104124795,612.131830681722,0
3041,13073,6.0714090752423,5145.52405736493,26.3180771781297,11.3990908448403,11.6676447605293,17.520050845044,24694.5419058617,26951.9684927691,443.16771447676,0
3041,13074,6.76342578640379,6306.53468255591,26.1507957784197,9.97254048713081,10.1698916171825,15.3171008225602,23830.1375037223,25194.6023505924,428.994521132893,0
3041,13075,11.6821965767824,5519.70421853682,30.9486061637064,11.1722485091015,11.4548995532036,17.1767660204707,34043.7822619043,24846.0682639006,-287.196694848532,0
3041,13076,6.36816810349313,3480.95879468166,25.532745704283,14.7541229006143,15.2071802846659,22.7057091206197,23590.1797088082,21033.8187839257,705.195495844952,0
3042,13077,6.35182077712886,5915.73486068166,25.532745704283,10.3572273955155,10.5694197555736,15.9099504649428,23546.3331103331,20962.765224581,635.772139268645,0
3042,13078,6.41784010945582,6963.52440828239,28.2079184007411,9.45850016390393,9.64186995214762,14.5265188367473,36253.6791023055,28253.1942906176,992.310568243902,0
3042,13079,6.95392807824013,7352.43021291056,30.765495016505,9.24822186566377,9.43269252283237,14.2050016678123,34903.5064637832,25505.5969302144,990.257356547815,0
3042,13080,5.83556130876235,3652.2814650499,30.4168286035856,14.7615905822473,15.2550506209039,22.7282669510475,33416.4008492104,24339.7213659653,489.199707674506,0
3042,13081,6.0678339761515,5081.89094336493,26.3180771781297,11.4931391645946,11.7665804809301,17.6653376809259,24687.5460526977,26953.4802047323,432.833600841841,0
3042,13082,6.93243454507595,6969.73415596098,25.8680575413569,9.33876323488988,9.50601885671609,14.3388091358425,23159.6964144458,26033.0975851134,658.226120602283,0
3042,13083,8.37835820747222,7711.40292932497,29.07325053558,8.89758108591599,9.05926064403508,13.662058166704,36483.2929152183,26184.9097961147,-1472.04667917636,0
3042,13084,6.83518581089636,6293.09107807876,26.1955244425912,9.98875751371022,10.1870940780194,15.342192738002,23815.6395548909,25219.5567070236,420.964417649145,0
3043,13085,6.25990298164067,6039.16856468166,25.532745704283,10.2197507780158,10.4254362963074,15.6977496609166,23554.2690348199,20973.0095211241,650.990198949602,0
3043,13086,6.64674916709911,8874.25060491056,30.765495016505,8.2001329853508,8.33782213521992,12.5880080420296,34892.0461082321,25526.816284267,947.085268733643,0
3043,13087,6.76968836676348,6972.5330422824,28.2079184007411,9.45063555447404,9.63364334080688,14.5143822938744,36257.1909504103,28261.2512367857,974.649099194796,0
3043,13088,6.11843541952215,3902.71183886335,30.3741453301222,14.0921741813417,14.542620012376,21.6918895607379,33418.2505955012,24362.8586834501,480.493861528276,0
3043,13089,5.99359077945783,3639.15613574959,26.2757010384687,14.3873573742117,14.8243983427461,22.1399693156094,24689.7132260525,26941.492854111,411.323015272187,0
3043,13090,8.44190132892195,8837.94472532497,29.07325053558,8.16042241510788,8.29057516833631,12.5251460014487,36461.9484262848,26202.7977770913,-1433.42059047422,0
3043,13091,5.86128762327694,3830.95872007876,26.1955244425912,13.8825971811261,14.2886411493009,21.3589038897343,24063.1120074442,25215.5708710488,89.1494142175299,0
3044,13092,6.6462015845039,6494.82587691056,30.765495016505,10.0245905199096,10.2466136805507,15.4035794805014,34890.6117242967,25523.2148507326,948.658839486082,0
3044,13093,6.61615553896507,5654.22722135417,28.4170645385314,10.8438991893247,11.0958381475729,16.6657625049743,36245.7282344218,28270.7826185926,970.668158779721,0
3044,13094,6.2438018995173,3487.25827615512,25.5263903864422,14.7350982037371,15.1869345755365,22.6762558236799,23686.4372356898,20783.8446841378,703.163335126112,0
3044,13095,8.14637172913305,5234.2397282226,26.2484533460991,11.2666241450179,11.527925157379,17.315312890541,24493.0482717935,26095.0341618588,-620.940711290309,0
3044,13096,8.35182493263256,7870.10025932497,29.07325053558,8.78269202198434,8.93930564761718,13.4848241255191,36491.3610205836,26203.5799846909,-1405.86006346175,0
3044,13097,5.64399338584148,1011.32601000916,30.2752890942864,39.0563270105488,41.584487637912,60.4736789415467,32436.8622249216,25896.8421408012,-197.353840180256,0
3044,13098,5.04550821322953,3842.74640093826,26.2746004048411,13.8611416195161,14.2665414954174,21.3258891313402,24633.265141168,27684.2089217978,-389.875854220039,0
3044,13099,5.51899428076846,1801.50785031271,27.4701196349576,24.0938532001161,25.242540494319,37.1917472073164,30398.4885639521,21400.2031610358,228.958950429499,0
3045,13100,6.61981521346905,5367.09467691056,30.765495016505,11.3719996978543,11.664559188778,17.4852125135949,34905.7907202037,25509.4978209104,957.60371394097,0
3045,13101,5.51319772296304,2365.74793986293,28.6713256810689,19.8828610427023,20.7188563330871,30.6606519315463,33423.5965738458,30005.1608385599,-111.775940267083,0
3045,13102,5.87532728050553,2576.86710231271,27.4701196349576,18.505941740554,19.2278363754629,28.5218542210106,30345.2576673069,21389.0194898652,244.925688075939,0
3045,13103,8.40845196996634,5893.15662932497,29.07325053558,10.5907187665588,10.8331458245048,16.2756526305462,36476.7326492017,26197.8649116933,-1412.21959560445,0
3045,13104,6.31502319556467,3839.53643936493,26.3180771781297,13.8732261006525,14.2796894359175,21.3446772060966,24690.6738586826,26947.0363554731,426.820838720589,0
3045,13105,6.62731854892031,4424.39849815512,25.5263903864422,12.5387193927155,12.8628691541046,19.2795566967598,23705.1259030959,20782.5098713919,695.686507035529,0
3045,13106,6.14930504981326,3948.99605407876,26.1955244425912,13.5986750482288,13.9879740823638,20.919752917542,24066.2278592539,25180.1674606626,92.3842662786655,0
3046,13107,6.89257828094153,5557.31620155175,30.7327358543675,11.1088938126803,11.3870011821185,17.0785500862622,34909.9636353777,25489.3723347687,954.893518586682,0
3046,13108,5.48356457255188,3180.04414345594,28.5464689652041,16.0608757134816,16.6243615333017,24.7360870612561,33408.8039710795,30023.8156677237,-125.575474139484,0
3046,13109,5.77714200578776,4023.18236631271,27.4701196349576,13.5433188362306,13.9390365033406,20.8368002171863,30353.1076907497,21378.0394079874,239.815800647572,0
3046,13110,6.08902303629666,4286.48001299186,26.3189642480809,12.8753377815591,13.2239262781204,19.8014810866689,24685.4781790554,26962.7775896324,396.167921146879,0
3046,13111,9.27524025827686,7002.55408152198,25.4497794806318,9.29009609067267,9.45325155908633,14.2631916846228,22535.0859393897,21925.797503082,-1238.98243001967,0
3046,13112,5.90721615205582,6598.98816607876,26.1955244425912,9.68819540498196,9.87266626459573,14.8783614566507,24054.487346383,25188.9520419555,136.214267601568,0
3046,13113,8.61621230097884,4887.22920932497,29.07325053558,11.9924893468472,12.3096887116542,18.4416499576133,36445.9489825349,26168.8710367486,-1390.9749973664,0
3046,13114,6.20835814166041,6116.20903848598,25.7869675126594,10.1510706259958,10.3548844998975,15.5921202271166,22905.8322890699,25417.0119537409,499.104271138926,0
3047,13115,6.69533614963115,5853.69805755175,30.7327358543675,10.732339655459,10.9904358803246,16.4967240595515,34900.1675434717,25495.7365029008,971.373919382295,0
3047,13116,5.88162134429014,4501.41087831271,27.4701196349576,12.5508794556557,12.8891620617088,19.3020645748621,30301.3492652897,21334.6912904805,228.878693005525,0
3047,13117,5.59429677692501,5777.74653145594,28.5464689652041,10.6984816663851,10.94366950193,16.4413421735716,33419.2526786549,30024.8375934548,-117.396421742963,0
3047,13118,9.34830196596378,7264.46530786352,25.4842888398012,9.07760387336122,9.23176980479682,13.9354944886341,22467.0724731849,22103.6887956359,-1328.13162284384,0
3047,13119,5.62586718239092,6050.43677820329,29.139896077586,10.4129323414026,10.6466999986783,16.0011657531632,34418.0731935531,29035.1009288412,-32.4601057854252,0
3047,13120,8.40352822826966,5090.72742332497,29.07325053558,11.6693208830896,11.9686907126082,17.9421324698169,36455.6058163499,26195.2210402885,-1389.14041930557,0
3047,13121,6.43020041082364,9037.7231753274,25.7819706935801,7.92665826901178,8.03561327854423,12.1615086914536,22969.2204420322,25475.180061101,414.648915240317,0
3047,13122,5.9433652965379,6122.44323536493,26.3180771781297,10.1747961278022,10.3825280144336,15.629514201407,24713.313266727,26958.1846140863,472.334980653043,0
3047,13123,6.13944963439223,9441.50954407876,26.1955244425912,7.729394891567,7.83242188344035,11.8579647367402,23998.0854597131,25202.9601505509,204.510215075504,0
3047,13124,5.50561760393741,1384.90899600916,30.2752890942864,30.3118496779008,32.0335118081516,46.8667398774537,32386.844750246,25896.4955466192,-228.751299883395,0
3048,13125,6.74060647924434,6079.57468755175,30.7327358543675,10.4673307951438,10.7116481449502,16.0873336122012,34906.8412419283,25505.3795372701,955.175241612633,0
3048,13126,5.65528551462195,8263.1268026236,29.3797816749326,8.52678338964146,8.67346342763884,13.0904191149961,34193.7576180768,29040.9890888485,9.60127233497641,0
3048,13127,6.19881954447206,3717.39540831271,27.4701196349576,14.2971653574707,14.7384234989684,22.0030939415088,30270.4151221675,21263.1660790428,254.087298791647,0
3048,13128,7.46306404679616,7808.12523745594,28.5464689652041,8.8049495135377,8.96044727901225,13.5185792957046,33842.4472592184,29951.1084144916,480.917110149265,0
3048,13129,5.83520024414419,4513.33380536493,26.3180771781297,12.4369458928893,12.7610407631811,19.1237800806854,24690.9182855025,26974.2548866933,474.948272638156,0
3048,13130,8.46509716532369,4978.63710932497,29.07325053558,11.8444130365448,12.1534002944917,18.2127585813783,36502.5570742925,26190.6700656742,-1400.50984010891,0
3048,13131,10.1033666255578,5716.884113635,25.44893461099,10.5843925556439,10.8070118495368,16.2604990687258,22485.7366689841,22339.3150125724,-1254.33385026284,0
3048,13132,6.06142459769118,7273.0881593274,25.7819706935801,9.08493662285881,9.24077137428496,13.9471789000736,22918.145597444,25415.6888492571,453.426952366118,0
3048,13133,5.68323524514073,945.159906009159,30.2752890942864,41.2995925237341,44.0418810618186,63.9664489886267,32438.1862499124,25914.7193283778,-222.987757416373,0
3048,13134,5.25856709559668,3418.47993558698,26.8462802574969,15.0834485670276,15.5684929621362,23.2185469828804,31360.1239343273,19048.7222736158,-393.442822839033,0
3048,13135,5.9792152954817,7911.51750607876,26.1955244425912,8.63228902078067,8.77086077307905,13.2496448568206,24059.7506572384,25180.4434053979,80.0427138261164,0
3049,13136,6.68283725615014,6505.35929355175,30.7327358543675,10.0123235542814,10.2335873371848,15.3845956075988,34894.0170800674,25511.3716588768,978.557201141522,0
3049,13137,5.7736835486281,8385.6794666236,29.3797816749326,8.44751763554176,8.59080601159607,12.9681679138484,34203.5944889541,29034.3055402036,-11.3570109869449,0
3049,13138,6.21190911105327,3798.62729631271,27.4701196349576,14.0862368560175,14.5145922990101,21.6767174811553,30278.2631801292,21264.9429878507,241.96380232578,0
3049,13139,5.9625213257978,7335.21131655018,25.9150030665395,9.04229670023127,9.19690430665318,13.8815809245306,23313.6274354911,22985.5839696605,167.460335469616,0
3049,13140,5.69797649291765,3822.20894095142,27.9812411060459,14.0749463827367,14.5065720571469,21.6603385361079,30027.9721445167,29390.1214342768,-745.787525083499,0
3049,13141,6.12807752821496,8248.06526150026,25.8369299373115,8.39427947855026,8.52169592693878,12.8822936916377,22939.0877618232,25437.4557767121,502.877908383688,0
3049,13142,6.05619931849312,5360.33385374959,26.2757010384687,11.0934488420413,11.3460766196793,17.0478795190374,24667.3825438113,26950.127425521,422.540638062519,0
3049,13143,6.78374540472137,7951.14507186293,28.6713256810689,8.70903150349722,8.86085667840744,13.3707650003506,33866.6574493446,29883.2960945179,528.428510509263,0
3049,13144,5.52530722897551,1544.61952200916,30.2752890942864,27.8232821855311,29.3262143114168,42.997498879511,32404.7307855992,25914.4891289567,-194.718940071711,0
3050,13145,5.73081730540915,9510.5336809964,28.9162621052297,7.78799321658887,7.90260496221591,11.9508574771171,34194.3882214848,29038.4641634373,-8.19982516470732,0
3050,13146,6.47874266006178,7022.31688914632,30.2892040441698,9.50530537489508,9.6999360162729,14.6012656170391,34891.3985842657,25538.4005993748,987.492199459822,0
3050,13147,5.93896701469926,7292.00268574412,25.8176852155112,9.07166497609928,9.2270923905348,13.9267545467446,23297.036351632,22987.8765375382,181.514658444773,0
3050,13148,6.02097752924544,3549.30737023024,27.5688138732987,14.771449784913,15.2429799917565,22.7373161158628,30255.1791086203,21256.82209955,239.230846073186,0
3050,13149,5.61432375803665,5376.9649158511,27.9323465183338,11.1788860265901,11.4454974870005,17.1824986570498,30033.6804209029,29385.6440852115,-807.626286146715,0
3050,13150,11.3394832231197,7528.41940971251,29.2890574149561,9.04466572553175,9.21379244765117,13.8892246728185,36109.9936690219,25862.5619605753,-747.319850847039,0
3050,13151,5.9451166263609,7149.43504278821,25.7178063959227,9.18132942405658,9.34102144533988,14.0957710312793,22924.6758102764,25407.9022642848,488.278042426494,0
3050,13152,5.26132323245812,2413.90712045711,29.9462968287893,19.79109507215,20.6343550655372,30.5222122222343,32429.5844764675,25895.3692532575,-251.742005178387,0
3050,13153,5.83521109622796,4497.93497866981,26.3344014509581,12.4667615649113,12.7926156696716,19.1698973063215,24805.0590956884,26990.7482320603,205.577661343569,0
3050,13154,6.09783655526222,8551.11275057176,26.1566273906196,8.2194934202662,8.34122141920437,12.6132169174527,24003.5057752781,25178.4272717527,127.467555158098,0
3050,13155,11.5720815794963,3874.39818907084,27.6787004757638,13.9162038603876,14.3358471398164,21.4140851694608,36095.7449910595,25850.053096664,-744.806133367745,0
3051,13156,6.71116225763951,8738.67091314632,30.2892040441698,8.26327281887264,8.40199449550307,12.6849262179979,34897.0211683354,25525.3246612202,942.732435799432,0
3051,13157,5.67903417759442,7182.4295329964,28.9162621052297,9.3050457343247,9.48445993675903,14.2905698249726,34207.9028662702,29025.5812813818,-14.2943870484289,0
3051,13158,6.11890622391542,7734.54907774412,25.8176852155112,8.73971664051873,8.88114100857884,13.4148472641627,23347.4682358047,22987.1162959677,182.653256845051,0
3051,13159,6.26688120546706,4655.14191926489,27.6312950737543,12.2831438794689,12.6074967376833,18.8884614719322,30472.378646945,21286.4980164641,91.3408831031793,0
3051,13160,5.60094034600536,4261.47585654394,27.1763281431976,12.9990556416001,13.360832450823,19.994463827424,28074.3263523416,24625.5271541665,-77.7013576165545,0
3051,13161,5.87501457664673,3061.00897445711,29.9462968287893,16.6668371565903,17.283951822162,25.6782726170881,32392.4063634461,25908.0730076138,-215.40754882302,0
3051,13162,6.00315218916862,7820.20075843493,25.7764075347885,8.67743549654388,8.81610798544722,13.3187670626886,22910.1906369342,25394.1245977658,484.584669683958,0
3051,13163,11.5024101470964,9406.31211771251,29.2890574149561,7.85452653594375,7.97301676431041,12.0537578321024,36122.3730675586,25854.0717928112,-717.557733801557,0
3051,13164,7.83072444238341,6822.16320460411,26.0906984620583,9.47852443372412,9.6530286106338,14.5547126771709,23945.7683732991,26303.8649490871,58.1536478821919,0
3052,13165,6.55936976301257,7973.42159514632,30.2892040441698,8.75935936568958,8.91963519080351,13.4501280366288,34904.2812825937,25518.5670775454,958.188443849392,0
3052,13166,5.63898946899212,5178.0855589964,28.9162621052297,11.5271534770108,11.8178890573812,17.7221677102018,34202.9445262797,29030.2338995003,-9.58203026855632,0
3052,13167,6.12664047947245,5781.96620374412,25.8176852155112,10.5294971065508,10.7515350334788,16.1763231727691,23316.1357409085,22967.2168800969,135.825153409249,0
3052,13168,6.11239308122676,4143.58806926489,27.6312950737543,13.2880929765951,13.6699245044549,20.4423560692777,30461.8242128501,21275.959418308,134.842289020222,0
3052,13169,5.75449068504164,3052.27048254394,27.1763281431976,16.3661880490798,16.9374026365205,25.2054908967966,28068.5940718165,24611.7084316827,-113.715304321105,0
3052,13170,5.90230121169826,2970.23982845711,29.9462968287893,17.0288998629464,17.6711719875092,26.2393334454947,32375.0458544666,25881.5590041249,-315.603890275637,0
3052,13171,5.12881800277676,2545.25406903123,27.2290150913464,18.6350051113225,19.3634690125879,28.7211931516348,31025.5889201296,31906.7243589541,-327.5249567992,0
3053,13172,6.5605984088941,7945.27236714632,30.2892040441698,8.77918585505537,8.9403450353206,13.4807159472771,34904.9138327952,25519.2885864164,954.475990485268,0
3053,13173,5.78294560585233,5479.3571869964,28.9162621052297,11.1021683441208,11.3702372749911,17.0654870386922,34218.9064219263,29028.0696109836,0.124871955182279,0
3053,13174,6.07417872043982,5899.80915326489,27.6312950737543,10.4995867921525,10.7299705355391,16.1328524587275,30475.345829383,21284.4738150546,111.295131862738,0
3053,13175,6.11427420369381,6870.18275974412,25.8176852155112,9.42234435087014,9.59304820326339,14.46768021004,23348.6383486422,22976.9225941496,121.354789898684,0
3053,13176,5.20133677067182,2567.08183503123,27.2290150913464,18.5207379312307,19.2410456145223,28.5440620219926,31015.0741673266,31917.9667355614,-309.055251269763,0
3053,13177,6.07183997474616,2457.84899045711,29.9462968287893,19.530901118833,20.3545917074493,30.1185951524617,32335.1917831347,25908.4407387443,-321.024994128476,0
3053,13178,6.19404100862296,5984.41833190456,27.0302654354103,10.3677641946646,10.5885109356889,15.9284407224804,29261.1152256742,21083.4982201506,461.049469631263,0
3054,13179,5.80945781912416,8380.71907044228,28.6183572121883,8.42120188882696,8.56054545666636,12.9268007473399,35040.7255196463,28835.1484923804,155.178727253143,0
3054,13180,6.60978086533879,10307.8152723477,30.3106055884574,7.44980488887058,7.55562575223308,11.430842542719,34919.6958137851,25534.6181116981,954.859732217929,0
3054,13181,4.77656397738042,9528.44574003399,29.2264274927823,7.78924316021357,7.90493061832983,11.9530685462567,35424.5904790633,25695.0268508875,-74.9451425663459,0
3054,13182,6.07075964911601,6493.43187926489,27.6312950737543,9.86513720362882,10.0647975939945,15.1533632326586,30500.0341436771,21290.6304001259,92.9065458813711,0
3054,13183,5.64615750735468,3848.50455245712,29.9462968287893,14.1905286908148,14.6440578837284,21.8432686470127,32390.0088577151,25915.0563422918,-242.243371005424,0
3054,13184,9.84206572567937,12434.2098016774,29.5679868369141,6.61675168699012,6.69019557611521,10.1469236874089,35490.3522237594,26133.3569151268,-102.392630791275,0
3054,13185,5.2122138724755,2751.32405856868,27.2231353409729,17.6223007271044,18.2793566146061,27.151594176441,31030.0473403319,31918.3690441385,-373.451837793309,0
3054,13186,5.94475879274251,5169.08569539524,25.8345457131445,11.331363555902,11.5934598118859,17.4146138313691,23375.8388527163,22988.3017033025,185.17690542413,0
3054,13187,6.09655453442007,6610.88182390457,27.0302654354103,9.72051416524218,9.91052070514385,14.9293548334617,29257.9303440858,21094.6313729097,401.500882512067,0
3055,13188,6.44673586122034,12737.4691871463,30.2892040441698,6.53751180848228,6.61007640216437,10.0254077846135,34907.3134716499,25515.6075444161,1012.89255849962,0
3055,13189,5.96721437009294,9729.54725844227,28.6183572121883,7.66826590232247,7.77722326040451,11.7660543199951,35026.819394026,28845.6197785265,153.575079625289,0
3055,13190,5.46293670165446,3928.33075286494,27.2327751023098,13.7439036533769,14.1497791633774,21.1465899545118,30832.9891655777,31888.5502766414,-290.142805276387,0
3055,13191,6.15890588124352,15024.1590376774,29.5679868369141,5.90032263411146,5.95073363590916,9.04407949422186,35662.3388325195,26452.3096846709,93.2066154413273,0
3055,13192,6.02595366554007,7013.68599926489,27.6312950737543,9.38730823762299,9.56483899966365,14.4159478670931,30503.0218236846,21309.4925477988,99.2845518488705,0
3055,13193,8.44414051221515,4893.7073664145,26.3262869096733,11.7845147839368,12.0733376923425,18.1155235348182,33928.7663272274,32335.8255655802,-1372.5190153809,0
3055,13194,9.02547577250193,4321.94751244192,25.2570518285412,12.714034229402,13.0458902642932,19.5499964815865,22864.1977701086,21175.341090841,-1201.81890573188,0
3055,13195,6.78130196089655,4037.05318110162,28.7074733058213,13.6212708140777,14.0307067276858,20.9598838675475,30735.038526226,24476.1344648734,-667.637296533953,0
3055,13196,6.21398814796117,6930.74225555507,27.0789353793602,9.43224833070105,9.60930223434196,14.4845946787064,29249.923504305,21089.8235156305,416.201480922715,0
3056,13197,6.19268152388684,12236.9944151463,30.2892040441698,6.69984323877029,6.77800594352709,10.275399600308,34909.2166350384,25475.9545326171,1024.03972962712,0
3056,13198,5.99232624446151,7391.61951444228,28.6183572121883,9.12178613699448,9.29161130705125,14.007447065289,35044.8401980537,28847.5885323535,169.18110773143,0
3056,13199,5.40856367234083,4686.00312686494,27.2327751023098,12.1986685902752,12.5157509169928,18.7571693413971,30814.2394069941,31890.9719836507,-293.345425568847,0
3056,13200,5.7905706930786,7297.16081896188,27.6925787793454,9.15498030572595,9.322341928881,14.0575675663719,30580.3366094398,21319.7535310733,165.801685869413,0
3056,13201,5.33224470300147,4931.09168954908,28.1072193378071,11.8528565924995,12.1564917304349,18.2242050532045,30140.6946213006,23791.3523581681,-374.865676046139,0
3056,13202,8.39010098189617,5129.8921644145,26.3262869096733,11.4225732233421,11.6923950192816,17.5563398094985,33956.293131211,32298.1780263889,-1408.04200928699,0
3056,13203,8.79248239544064,4636.80918244192,25.2570518285412,12.1313413558279,12.4315383974881,18.6494691366415,22837.2661317872,21133.3270104369,-1246.60026334452,0
3056,13204,6.1550902957066,6190.73587390456,27.0302654354103,10.1419266763296,10.3517695652091,15.5797923877349,29237.4879234588,21100.913246169,389.798292075286,0
3057,13205,6.26357764871212,11796.1219991463,30.2892040441698,6.85251421612633,6.93606613345533,10.5105485461664,34915.9390248491,25475.6955063281,1025.22145199204,0
3057,13206,5.33238927023009,4737.27965486494,27.2327751023098,12.1101784192158,12.422398237886,18.6203965433875,30806.5128042826,31889.6681538703,-272.693817580478,0
3057,13207,6.03363098991465,6994.19318896188,27.6925787793454,9.40704332517276,9.58574648142483,14.4464758014227,30636.2778682131,21343.5942468752,224.329194778649,0
3057,13208,6.02356593316776,4464.65045244227,28.6183572121883,12.711351413667,13.0664315972252,19.5522935280837,35056.0123181865,28841.3870311784,206.419537420957,0
3057,13209,9.86893801623433,5028.91548123429,27.679247474492,11.6687945442857,11.9598616800128,17.93903654215,32964.4076408932,20200.3153180883,-1510.30813583111,0
3057,13210,9.727089630266,5779.44305210263,27.7163995716318,10.6472137275839,10.8854136083458,16.3609487529065,31472.6657319334,20580.0223458309,893.277764728485,0
3057,13211,5.33088087661872,4331.61004754908,28.1072193378071,12.9331239343193,13.297588898745,19.8942978373508,30140.2129223521,23768.8533604559,-409.898179740509,0
3057,13212,6.28320252942789,5169.50038390457,27.0302654354103,11.4129878865899,11.6865787171177,17.5427100942513,29254.8864687644,21080.0789400472,366.924709581532,0
3057,13213,9.02170940493713,8414.35329820527,30.0418596971235,8.45454623371162,8.60055767233218,12.9796786860797,34740.550801603,24984.1565709776,-895.191662155202,0
3058,13214,5.97698488948552,10756.8472151463,30.2892040441698,7.2542730490779,7.35256784285158,11.1295057178474,34918.8061919792,25465.1338070905,1053.6419440573,0
3058,13215,5.40256374371283,4847.12331686494,27.2327751023098,11.9262420509636,12.228435166451,18.3361215754301,30809.2070322704,31893.8945297828,-296.699167949218,0
3058,13216,5.76854541057446,5996.92198696188,27.6925787793454,10.3917666105333,10.6171413013678,15.9664541180879,30614.3652508803,21343.4791261223,200.8472371255,0
3058,13217,8.52046200862776,5759.9458944145,26.3262869096733,10.5868140092959,10.8144658853191,16.2655955921149,33971.6291413984,32288.1694922754,-1521.60153253311,0
3058,13218,9.91983146907116,5134.9266192343,27.679247474492,11.5081548365317,11.790641212385,17.6908149058362,32943.5914437386,20204.0705460819,-1514.63585106238,0
3058,13219,7.26674521816934,5648.12404010263,27.7163995716318,10.808964850689,11.0553290751918,16.6107575261765,31681.2276603709,20587.3666707666,724.802901638179,0
3058,13220,5.2626380717748,4251.19312154908,28.1072193378071,13.098667595339,13.4727731330394,20.1503155938846,30137.0169765883,23772.0628317347,-403.762324337368,0
3058,13221,8.99079412290127,4740.57366844191,25.2570518285412,11.9544551281525,12.2452536731748,18.3761569708027,22858.3971501132,21106.735994662,-1231.95657184714,0
3058,13222,9.06402841672481,7696.43785420527,30.0418596971235,8.94956099863978,9.11740964176136,13.7433177722457,34713.094084917,24990.6780179695,-889.713522946618,0
3058,13223,5.29371722793181,2761.24317867112,27.4309651028766,17.6056938584683,18.2637469618691,27.1264524687735,33974.9900882099,20577.7037889707,-500.880254079813,0
3059,13224,6.03538088587989,9203.19925314632,30.2892040441698,7.9973431007931,8.12495533616996,12.2748580359233,34910.3448182752,25443.0280616024,1074.53893027349,0
3059,13225,5.79590360620018,5239.64097433761,27.6719412823853,11.3546733939792,11.6289996385995,17.4536646484916,30264.9391415612,21689.2884193707,252.019807816495,0
3059,13226,5.42524966830227,4501.86150439175,28.01389664281,12.5928890588467,12.9371825644793,19.3680163724186,30138.7220596971,23771.6809492303,-371.199392211162,0
3059,13227,6.5432653572176,4757.92122410263,27.7163995716318,12.1109916635662,12.4263548092467,18.6225081243308,31772.6866461068,20588.9558483871,693.519622552115,0
3059,13228,6.24577926434881,3424.29431933742,28.8159946169784,15.2766307565254,15.790780192414,23.5222252904512,30725.7587992239,24441.9930969824,-661.3253261522,0
3059,13229,5.17927798700778,3307.95870245071,27.6657753686623,15.5238504548916,16.0442237658635,23.9023049173476,33988.6508084554,20569.0297883945,-446.22601757991,0
3059,13230,5.35828852891022,1974.60252686494,27.2327751023098,22.4442427827645,23.4584442825495,34.6299356851102,30833.0938169179,31876.7888236911,-318.453178420438,0
3060,13231,5.81167741295325,7934.40806500552,29.905410061538,8.77130189158944,8.93064463785392,13.4681473155101,34286.5062339707,25052.8578615413,-400.985984186608,0
3060,13232,6.55655284758101,5914.41207599246,27.723052590133,10.4879744265561,10.7182632008968,16.1150539471928,30910.6126985678,21083.1858451351,977.913459927382,0
3060,13233,9.76981665787894,5391.11715799345,27.7195728144042,11.1457946981361,11.4094744136678,17.1310442677628,32955.3671188053,20192.9985450055,-1472.93213614906,0
3060,13234,9.21215737702381,3737.38055975424,27.4239958565365,14.2400047370033,14.6773885622939,21.914543423302,28193.5107917032,29590.3434215888,-1195.48928479945,0
3060,13235,7.79318020955263,6421.12561754776,27.7149249200556,9.94132579292565,10.1450029352367,15.2710769652471,30051.3861245684,22754.2027106814,90.2058160542112,0
3060,13236,5.30382834237507,9659.03897059451,29.5080481403712,7.7325035528146,7.84686736790805,11.8658648857239,35411.6030988867,25712.8808668678,-230.984788071102,0
3060,13237,5.41514083926264,2409.15713485753,26.456295699816,19.2656517774955,20.0305758565617,29.6964318539441,35255.2204365633,18091.5840136368,-318.360788694815,0
3060,13238,8.64384277469177,3817.2336996948,26.3524684951507,13.9318287324987,14.342055140978,21.4354041810242,25339.5231562289,22811.6981643884,-1257.14362646349,0
3060,13239,3.06868287851695,3411.09120014423,27.0589207463833,15.1292474910328,15.6190340298433,23.2899475755842,36986.1047980138,26373.1870834882,-217.336394530814,0
3061,13240,5.88797226617765,8630.30097651089,29.7937685860138,8.31055133032196,8.44952684837244,12.7573538450455,34921.1824492411,25450.9756226033,1130.95975226261,0
3061,13241,5.47932140781686,4179.29865085753,26.456295699816,13.1091652161031,13.4720649814493,20.163293416116,35265.713286685,18090.1323598353,-267.239234664233,0
3061,13242,6.16793504847613,5389.52768018744,27.7374889400915,11.1491194073951,11.4130737294251,17.136208422588,31801.9198320623,20585.1284908292,659.497117794516,0
3061,13243,9.35572816938127,4132.54902575424,27.4239958565365,13.294190893158,13.6748806110278,20.4513741315581,28195.0185163864,29567.4389802335,-1199.05374732673,0
3061,13244,9.96871746341161,6315.10206339117,28.4527519924807,10.0888647912407,10.3032240868757,15.4998314827268,36307.5462225771,26239.7415677332,-1069.841715683,0
3061,13245,9.03572291395901,5987.95768197535,29.5940748695808,10.5095184858105,10.7504345506718,16.1509613093092,34700.9533533065,24993.2239392689,-881.400193311647,0
3061,13246,8.43499776554456,3632.90802233599,26.3875048776832,14.4157773608618,14.8554814687055,22.1841992181371,25368.8895270176,22815.8180517097,-1304.21112337342,0
3061,13247,7.50827367627909,4871.44622745213,27.5549932473613,11.9098696642003,12.2131992869044,18.3113776254693,30639.4953828281,21799.9162229635,725.447734226713,0
3062,13248,6.26788608281973,13030.6993085109,29.7937685860138,6.43576434256339,6.50368403972278,9.86840046051266,34971.3912086895,25438.9875353671,1234.44191670798,0
3062,13249,5.40312657541949,12757.6875902716,29.0377544710185,6.50106681537625,6.56926953373037,9.96842052841501,35756.1388980306,26172.4870613708,352.729467743421,0
3062,13250,5.44521951848894,4830.12289885753,26.456295699816,11.8969563015882,12.1926109725526,18.2894967941397,35281.6400374823,18081.8853779492,-249.673145098669,0
3062,13251,5.53320738816549,5328.17367624949,27.8694761407894,11.2423853373942,11.5119588105612,17.280499766301,31349.1632020456,21262.7262753349,388.055337352501,0
3062,13252,9.05955623614744,3542.31830375424,27.4239958565365,14.7766383382937,15.2472929455001,22.7450159240181,28201.7569178255,29579.764445484,-1163.00593445686,0
3062,13253,11.795853495943,4035.40595405669,28.4502340204116,13.6024131916944,14.0088528724418,20.9301971613353,31209.1883400428,22566.692594202,-48.1665484379298,0
3063,13254,7.55456928965354,14581.7956738472,29.7021965533849,6.01012406577023,6.06418084625089,9.21313599869694,35028.3355266059,25414.4903433168,1058.65040442891,0
3063,13255,5.7750425943184,5465.94630624949,27.8694761407894,11.0543937686126,11.3141814444464,16.9900839047169,31348.0737650853,21291.8992017848,397.808187021814,0
3063,13256,5.41705102668397,5723.47543285753,26.456295699816,10.6387328642683,10.8696550015556,16.3459588424507,35280.6297827566,18078.6310381626,-241.118685075663,0
3063,13257,6.04563976371747,8924.7605467165,27.8750321786358,8.06677896742349,8.18885659461701,12.3795926554125,35700.010970962,24791.7062570332,193.652559446887,0
3063,13258,9.40388402222532,3760.28759975424,27.4239958565365,14.1802967809629,14.6140271210535,21.8221550810935,28193.9591318305,29583.3327093151,-1182.04788750833,0
3063,13259,6.26337283821429,10159.8765512707,30.0430072243334,7.50901571407099,7.61631727833281,11.5218718285148,34247.8503753553,25110.6581276485,-292.815140466534,0
3063,13260,11.1490588218124,11979.3865376425,29.2261182411313,6.7604858373458,6.83796793778791,10.3680207008856,34967.8272310507,24526.1237199604,1167.55161299443,0
3063,13261,11.4908512739636,4302.30885119076,28.3332249764993,13.0114195138951,13.3819906549665,20.0158103218232,31184.3747051322,22570.264784993,-42.8023066140737,0
3064,13262,6.15379691043135,12748.9041120201,29.0263631017641,6.5035148061136,6.57176977342667,9.97218153127732,35695.0802165653,24786.864121331,203.832974232182,0
3064,13263,5.5727119456137,5964.04227024949,27.8694761407894,10.4392962718127,10.6679336793393,16.0400977443354,31342.5848647371,21265.7895410454,401.321443851577,0
3064,13264,6.30726420851788,9247.26988823281,29.9377391597382,7.96129590905709,8.08625873299144,12.2189558379565,34609.227945918,26183.6131334539,-312.331691201464,0
3064,13265,9.05922049617679,4012.96987175424,27.4239958565365,13.5626672161589,13.9591902080421,20.8666344066796,28183.8251155453,29560.3163675661,-1114.87858764431,0
3064,13266,5.45081783654946,2435.12578885753,26.456295699816,19.1169746030106,19.8711858669861,29.4659322022965,35297.0836238344,18089.9085120027,-246.892370332519,0
3064,13267,5.64060168258384,8804.6276402171,27.3791315170221,8.11710550254796,8.23938902386474,12.4566717338092,37407.4542502076,26210.9309333851,710.126175301578,0
3065,13268,6.09857909293546,11148.1865880201,29.0263631017641,7.06016791509911,7.14767463862695,10.8294473757049,35710.2240329044,24790.5917433339,199.789202792375,0
3065,13269,5.8457935512033,4705.86266618744,27.7374889400915,12.2021748678769,12.522715778436,18.7634894134295,31820.1003798372,20557.7377073572,595.362195028411,0
3065,13270,5.17965912789317,1880.99568085753,26.456295699816,23.107079716948,24.1624080200997,35.6557360559926,35246.9843798951,18108.9965741955,-282.141668332595,0
3065,13271,9.08154638794581,3517.09853375424,27.4239958565365,14.8499477364374,15.3252072102229,22.8584830089135,28218.487836763,29583.4378103769,-1197.31256665613,0
3065,13272,11.843064530249,3596.08153964677,28.4031200760719,14.7225831099868,15.1978329366305,22.6635510797362,31182.4145858112,22533.4437490487,-37.1877988904911,0
3066,13273,7.08243283648973,7126.23354051089,29.7937685860138,9.39269321035909,9.57990761440839,14.4268673349808,34935.6956497938,25493.7479204095,959.248303313055,0
3066,13274,5.98425814787982,3284.09088699878,25.9448380350461,15.4067295262667,15.9041395464462,23.7167286504584,31176.8923217104,16493.7513478579,178.360931756511,0
3066,13275,5.41387687301708,2866.57107685753,26.456295699816,17.013301201138,17.6207732828193,26.2058727528093,35263.5413849936,18097.9200651775,-260.506630421332,0
3066,13276,6.74758729694539,5047.26566618744,27.7374889400915,11.6445993832127,11.9347201357428,17.9017454862581,31781.5077698347,20561.9517939562,647.961060741062,0
3066,13277,9.13267987072328,3843.76613975424,27.4239958565365,13.9681550473559,14.3889844425195,21.4939222022506,28189.1070823006,29558.6478209256,-1151.29202113722,0
3066,13278,7.67881673544843,4672.54969247619,28.9579171996895,12.3519617329892,12.6886667193913,18.9971911255905,32248.7108473641,23396.4925618568,430.703984617011,0
3066,13279,5.303178944079,3771.65334197561,27.1154879076512,14.12106080082,14.5487432038174,21.7298294238843,37356.2659239754,26217.4467795416,578.513082603048,0
3067,13280,6.01781595137673,6478.44452990163,25.8629095248727,9.78578699398611,9.9730596757803,15.0284958652333,31163.0603593528,16484.0246481312,167.204320525601,0
3067,13281,6.60206263437562,5283.01619788305,29.8144730335702,11.4321578485029,11.7228143324364,17.5767579022633,34898.04424623,25525.0997542657,952.816043392438,0
3067,13282,5.48972799516776,6892.25221100755,29.0540351719783,9.56228776302094,9.75425217490705,14.6877376592583,32955.8171270213,23238.4783952493,-634.736085383544,0
3067,13283,6.43800546203093,4959.86649818744,27.7374889400915,11.7808215689147,12.0782805640374,18.11225389989,31805.3361668012,20583.2232906428,661.445562278505,0
3067,13284,9.76777740210755,5126.82457474459,27.4730074011634,11.5061399487425,11.7872895142975,17.6873623012816,28496.3042218116,29905.9386207592,-1148.77509605221,0
3067,13285,9.54658797727326,8007.2652915317,28.3553665694755,8.6572338232349,8.80558689246013,13.2905300934504,31588.3447605497,22791.4467233237,371.904933412465,0
3068,13286,6.00917802354295,6770.99386190163,25.8629095248727,9.51262548369479,9.68755934910348,14.6070215985366,31163.6681869673,16477.7748801707,192.674629709594,0
3068,13287,9.12226852004058,6279.48920674459,27.4730074011634,10.0730117676639,10.2817860988782,15.4740256671362,28580.8241998483,29995.8825294313,-1154.05744345374,0
3068,13288,5.50424590199821,5165.92040900755,29.0540351719783,11.5543904906001,11.847392480772,17.7644783621069,32961.0696332196,23213.1143845769,-655.159164720717,0
3068,13289,6.58791841070678,4220.76204218744,27.7374889400915,13.1315392902823,13.5049679786342,20.2004384425177,31774.3203548954,20591.5545031988,665.641972399253,0
3069,13290,6.1400456165264,7535.50612887604,25.9956700878781,8.89293792228928,9.04154960619728,13.6513348359117,31176.5548649736,16481.8183660336,170.396993002805,0
3069,13291,9.59087535033355,3401.56987252011,28.4812791953255,15.3122397380324,15.8259031734347,23.5765903557906,36328.811286503,26272.7578039377,-1106.25677962694,0
3069,13292,5.49084850321931,1891.66839036099,27.4741738958171,23.225964816345,24.3051529607481,35.8442786062008,29092.4024248126,24307.8300567696,-127.28504825504,0
3069,13293,5.64222149494853,5708.09391635617,29.0057776641431,10.8115408769339,11.0649402937487,16.6166424235403,32983.9818166355,23215.424807267,-628.824243244874,0
3069,13294,6.84065333771234,5017.92703418744,27.7374889400915,11.6898565578753,11.9824084881845,17.9716809526285,31735.0384478929,20595.5852972143,833.321051406953,0
3069,13295,9.77291631655816,3314.95564202467,28.0206340148283,15.5403577372316,16.0649030961769,23.9287181106576,35823.8408193351,23295.4566719039,-1054.83123808642,0
3070,13296,5.58353897767626,5368.58444862965,26.0891494742307,11.0699078541557,11.3202410663656,17.0112172673803,31527.4957548053,16753.0494201106,-54.3714722908363,0
3070,13297,5.56860635537943,3278.03924180624,27.3021100178488,15.5816924416794,16.1025927457377,23.9909762114295,29093.3641557963,24316.1557874844,-141.492008076295,0
3070,13298,9.45703218002221,4103.40805151306,28.0415470573426,13.4123328723632,13.8044558301987,20.6353384750346,36355.9715398186,26262.7075138375,-1132.93315174291,0
3070,13299,6.89995583336177,4731.63244049185,27.6168226661236,12.1485897549156,12.4653918466803,18.6804477977166,31762.0810605967,20616.1184922099,832.374336047322,0
3070,13300,10.0378293078118,3125.22122703382,27.6329560658507,16.151111763909,16.71232086219,24.8735646202462,35880.2296041325,23335.8139593633,-1033.07871358467,0
3070,13301,5.98280398691486,4237.74290751537,28.2120851273721,13.1357010678011,13.5127072382353,20.2077938679307,31882.0140296489,22705.1776907781,223.928790425847,0
3071,13302,6.7675740907019,4986.2339220446,29.2765298045314,11.8463411404577,12.1566378149399,18.2160706019567,34886.6222923576,25539.4968346095,995.186393596225,0
3071,13303,5.67342672914636,3276.62957780624,27.3021100178488,15.5863747785828,16.1075780486436,23.9982258904521,29066.4608329043,24315.9588755047,-137.690475018789,0
3071,13304,5.52990821854493,2230.38604662965,26.0891494742307,20.3105713225525,21.1473242730364,31.3154567328697,31523.8158953986,16772.2263952122,-69.7914067067799,0
3071,13305,7.21310219410633,7110.88096049185,27.6168226661236,9.30415682973493,9.47786382594406,14.2876307453693,31751.7827526312,20584.9855505116,859.739181673462,0
3071,13306,5.58707023150221,5863.64222136772,27.4684956545788,10.5323053870111,10.7634526863156,16.1831379263479,32846.0277482867,20111.0746166884,-506.296381022919,0
3071,13307,6.94114028814127,5392.95602488151,28.1211573546389,11.1690774883035,11.4362441137666,17.1676402467068,31802.8055002841,22580.986119047,95.1778729656594,0
3071,13308,5.89395725576036,2221.02363171853,23.9940262879779,19.9920847188528,20.7781714020973,30.8140519832393,30295.6367308126,13214.1870978349,-8.36115515136133,0
3072,13309,6.70448901511707,5391.00933865268,29.2560145328157,11.2439109683652,11.5213502963246,17.285005358029,34885.712594959,25501.6960600872,965.960539346597,0
3072,13310,5.77635929595776,3114.09972380624,27.3021100178488,16.1520558705252,16.7102580254356,24.8741813461243,29092.5170757358,24324.6282010737,-131.240000614942,0
3072,13311,6.18159293172678,5664.68994972939,27.5735258573831,10.7794764306036,11.0235673505961,16.5649988227663,32618.2474527022,20342.7687290029,-1430.49967970598,0
3072,13312,6.7244032654544,3964.50597931184,29.5078552737725,13.8632486089364,14.2932195568139,21.3358833028368,34887.0355076866,25500.6825461258,964.969509036501,0
3072,13313,6.37709233917769,4088.18636751537,28.2120851273721,13.4612819679361,13.857545613306,20.7113949705276,31802.5856772835,22641.8076489712,15.051956843167,0
3072,13314,8.35551640499031,6631.74254331277,27.758207479133,9.7382050318548,9.93250008388393,14.9576157297611,31511.0002541157,21602.8907832104,-375.798987178702,0
3073,13315,6.75522137259091,6921.88241665269,29.2560145328157,9.5454813008141,9.73754673275471,14.6620440265553,34891.54091256,25517.9277202869,952.224524219486,0
3073,13316,5.46092928733686,3675.48277129673,27.5528038403852,14.4174982231523,14.8668364759751,22.1894869342782,31329.9761761029,30562.0937852691,-652.456744905716,0
3073,13317,5.62912856339722,5930.6142801833,27.4877655673948,10.455593148725,10.6830472234837,16.0647125880265,32359.3653140163,20084.6319950803,613.11351673914,0
3073,13318,5.57183626418316,3471.86028033881,25.7404483398847,14.8032916967511,15.2611993925111,22.7822971651799,24636.7541440112,20878.5339533844,148.576535665196,0
3073,13319,6.08906002565393,4540.68851151537,28.2120851273721,12.5355663604822,12.8779085155309,19.2797474691107,31893.5283000274,22657.3534403399,203.829682286403,0
3073,13320,5.35320762898966,1655.26785277184,27.5806912673057,25.7190408234132,27.0024131542975,39.7162593933848,29489.6197890868,25757.0689298047,-472.28948363837,0
3074,13321,6.60700000384972,6063.59527465268,29.2560145328157,10.4045478879969,10.6384700830873,15.9883763376662,34900.3539061425,25534.3352817261,936.907706030705,0
3074,13322,5.43653308134604,3523.19500729673,27.5528038403852,14.8455581575614,15.3216167598086,22.8519849501919,31325.3234563999,30577.7068074108,-639.286283147148,0
3074,13323,5.52569414520727,3666.5921463388,25.7404483398847,14.2589632862829,14.6837641158393,21.9400925056025,24670.0690075474,20900.3445081114,86.7935603013511,0
3074,13324,5.82600459893495,2405.53714735976,27.6684214622458,19.4822423789866,20.2770725219235,30.0361634536672,30973.9245051848,21662.2080659894,334.422587074676,0
3074,13325,6.78376825489822,4438.32929131184,29.5078552737725,12.8323438032024,13.2002927356758,19.7410163228851,34920.5594171865,25536.6655763622,955.186422254929,0
3075,13326,6.40333959501765,5422.8112680446,29.2765298045314,11.2013697780422,11.4766562276171,17.2193033643949,34881.6745753037,25541.7317954524,937.764506120957,0
3075,13327,5.39016689532242,4142.23573729673,27.5528038403852,13.2842377298063,13.6652766993815,20.4362372857774,31322.8567054543,30591.1847284717,-572.015059079776,0
3075,13328,5.71965899631466,3349.08585755196,25.7841186468237,15.1807054065224,15.6624260400052,23.3664813089347,24662.7716935556,20893.1039776991,69.1614052546958,0
3075,13329,9.35751208487984,3243.83408395222,28.2342591508305,15.802555352091,16.3461443126083,24.3352520719765,31552.5170371603,23372.2932265212,-1019.75650753134,0
3076,13330,6.8989065360334,3304.59349451602,25.9140716619934,15.3368292491006,15.8295416787572,23.6084536370684,36496.7061535661,20447.6241252525,998.591299464513,0
3076,13331,5.37334894422561,3504.67114129673,27.5528038403852,14.8999227149111,15.3794096536543,22.9361332253989,31330.627497196,30559.1230577231,-679.345947779419,0
3076,13332,5.68890683972955,3467.91612755196,25.7841186468237,14.8196309725448,15.2789294282533,22.8076872301521,24671.310980226,20889.2305849084,131.530994380609,0
3076,13333,6.78487129294617,1031.1792840446,29.2765298045314,38.0294675552849,40.4409826947437,58.8696435482086,34887.5924294362,25518.7708468744,906.406126548483,0
3076,13334,5.76357338937073,1373.61567999041,26.632623451449,29.415140382239,30.995924950816,45.4552609523233,28375.0510819938,20688.2192635264,254.039646996467,0
3076,13335,3.62875027810742,1604.88040522361,28.6809268594091,26.6119197471244,27.986953265387,41.1081374630386,32285.3036675534,23893.20419269,-299.325818184248,0
3077,13336,6.76652004059873,5084.04328969709,24.4488462297337,11.3569162638846,11.6115649588074,17.4516647951453,36972.37338366,15800.4028480739,784.513414016555,0
3077,13337,5.44669684205235,3752.17489939547,27.5461531018578,14.2132226440124,14.6499313997109,21.8733679776441,31310.6540055749,30553.6272512624,-650.770756773618,0
3077,13338,5.75572770276866,3445.29692433881,25.7404483398847,14.8818427072001,15.3445933349122,22.9038520771411,24652.9268657069,20882.7092457183,112.622524084246,0
3077,13339,5.67248979327887,1264.884565649,26.0050017745761,31.1628967262081,32.8841371627567,48.1690112580172,30947.0469157544,16884.758588118,169.952769445762,0
3077,13340,5.77604491076316,1385.68592799041,26.632623451449,29.2156418390547,30.7792005477692,45.1451679039162,28392.6340774656,20730.9256527468,261.390492573465,0
3078,13341,6.80615285751042,5208.57829369709,24.4488462297337,11.1784468351649,11.4241803464718,17.1760616987706,36971.429994724,15810.8936539642,767.75562360707,0
3078,13342,5.28467726213432,3610.19530339547,27.5461531018578,14.596331540551,15.0567191265869,22.4662316305831,31318.3194304592,30536.6996845886,-588.585941276793,0
3078,13343,6.50930839779351,2662.8433380446,29.2765298045314,18.3297809150296,19.0580530331334,28.2540026675226,34889.0847777662,25543.7933677706,952.876731990246,0
3078,13344,5.72652359934403,3145.56561755196,25.7841186468237,15.8562914490575,16.3808595693268,24.4122553844329,24677.5863958755,20903.936582641,95.0169902338734,0
3078,13345,5.20229973730973,2717.08740200851,29.321826593409,18.0709259456249,18.7810224498633,27.8528216111472,34126.1844317327,27106.386749419,-316.563700629015,0
3078,13346,5.80194561501101,1146.21925599041,26.632623451449,33.920365784234,35.8996460345677,52.4607389467841,28373.8786764485,20737.3503770159,261.37924429873,0
3079,13347,6.43184836895895,5413.02362569709,24.4488462297337,10.9012079629264,11.1333081568554,16.7479920314718,36975.9215853324,15786.6134882364,813.188802934422,0
3079,13348,5.39819275861835,3667.06883929673,27.5528038403852,14.4403072672281,14.8910569070553,22.2247845336848,31340.5809209098,30545.1396468161,-641.527051122767,0
3079,13349,6.87644011663726,2696.8735080446,29.2765298045314,18.162355137674,18.8785626738568,27.9944361356427,34874.001313423,25506.1898333243,935.096050148347,0
3079,13350,6.09726236439786,3068.44991033766,25.8420544310936,16.1407051251539,16.6842171062181,24.8527631496084,24685.7066374385,20927.71002879,98.9036876463111,0
3079,13351,5.32254143657433,2754.8420788208,29.2787221541494,17.8862657509365,18.5827262267648,27.5664452931814,34095.9169922316,27107.220104359,-420.065333886308,0
3079,13352,5.90922596057883,936.774021990409,26.632623451449,39.9170102078625,42.4495814512468,61.7919432837543,28394.4727603531,20731.9654993431,241.892081218044,0
3080,13353,6.71755734552111,5196.26619955167,24.1882807328441,11.1773629110332,11.4213875350208,17.1739307350964,36965.4559300084,15791.6203515824,785.920092699457,0
3080,13354,5.40228464710174,4199.51751309677,27.2306728161886,13.1332840020574,13.5032004831924,20.2021406920457,31340.7224295681,30538.5582074348,-645.67228657456,0
3080,13355,6.40315896334961,3437.5676059426,25.780781987729,14.9093313440938,15.3741386712901,22.9464894674751,34909.2585071734,31475.8322995926,844.408212720288,0
3080,13356,5.84184092653704,3675.86817177491,26.0016219469694,14.2608697100029,14.6879673192711,21.9436430482871,24664.283193473,20903.6506226398,67.8403307338739,0
3080,13357,6.06080683172366,2415.79159956697,25.6415983974683,19.0947043300196,19.837635339658,29.4287388246204,36582.9329058493,19898.3057650397,404.558263073722,0
3080,13358,6.85613562035144,3093.44249257923,28.6458706806474,16.3889321958921,16.9753447221825,25.2444866292347,34887.397760919,25547.9708903019,908.254308531719,0
3080,13359,5.32104287603321,3324.94736977735,28.6449109916607,15.5763227416639,16.1086002319887,23.9858915506815,34091.3793360809,27109.8164897446,-362.854476320693,0
3081,13360,6.08134132489237,6808.56893556697,25.6415983974683,9.46772087198394,9.63958903138402,14.5374489693691,36578.9399241971,19909.1214982729,400.948936271034,0
3081,13361,6.59955174351677,6751.7757739426,25.780781987729,9.52570461712851,9.70082491584029,14.6270901724989,34904.3284624661,31484.7110575004,823.236976498042,0
3081,13362,7.51868029141516,9825.46083756928,24.2552523451599,7.47471289531565,7.56163114641144,11.4637209611258,37063.9142792579,16098.9585098403,528.997109268695,0
3081,13363,5.81957393610112,3822.73753977491,26.0016219469694,13.8841699329405,14.2887539977734,21.3609086734127,24674.7161547486,20907.1904079101,82.1782790968269,0
3081,13364,5.4353407183171,3062.94687165929,26.87503763985,16.289004580392,16.8522271953123,25.0851617094045,31152.5538022218,31684.1265599723,-401.498854010356,0
3081,13365,6.80304059674615,3066.43816172908,28.6340236082856,16.4895781221075,17.0826956115585,25.4003702872714,34891.3366735281,25521.9616243133,926.586423754238,0
3081,13366,5.61344992199169,3631.75974975555,28.6788281742274,14.6494841239579,15.1223074073809,22.5510060314635,34107.8191772159,27132.8441865406,-307.068145691047,0
3082,13367,5.98254000910497,6116.37985956697,25.6415983974683,10.1425140155673,10.3451543000052,15.5787002424148,36578.8773768542,19900.3122710616,398.687397103365,0
3082,13368,6.40501164858169,6905.5613059426,25.780781987729,9.38964946455546,9.55873317485297,14.4171939364722,34909.5884818102,31468.8711457066,832.395459439126,0
3082,13369,6.7899459976461,5535.04810555167,24.1882807328441,10.7272083670287,10.9493246219929,16.4789337319812,36972.1780060958,15787.7106185137,781.785834778927,0
3082,13370,5.29469875465735,3231.42374565929,26.87503763985,15.6891832562012,16.2131824761261,24.1563425382878,31145.0729030228,31677.3885219222,-393.163584433954,0
3082,13371,5.8478546442252,3997.38169377491,26.0016219469694,13.4687840778868,13.8490065733543,20.7184562585518,24686.3236059537,20907.332806515,90.9846415859327,0
3082,13372,7.44062825435125,3728.16222529714,28.8610598485553,14.4034687932915,14.8622192803205,22.1706077859964,34126.6079231938,26255.7022889309,304.031989283898,0
3083,13373,6.07009103967793,5851.95772956697,25.6415983974683,10.4368490187131,10.6534449539566,16.0330251489996,36574.9141939949,19905.5671832,393.821687194371,0
3083,13374,6.53127380128719,6615.28065194259,25.780781987729,9.6510675885279,9.83181383421942,14.8205087598001,34908.5914677441,31478.5985925785,807.059820508757,0
3083,13375,6.68257300361171,5473.68366955167,24.1882807328441,10.8051078420245,11.0309649894764,16.599189527437,36957.2202800592,15809.206267325,783.565662042045,0
3083,13376,5.2626713251038,3103.51876365929,26.87503763985,16.1391330577179,16.692473790041,24.8530642269486,31161.218032187,31669.6522427174,-395.758055716767,0
3083,13377,7.16758907561948,3012.54099457923,28.6458706806474,16.6997236079117,17.3072519706165,25.7259637151039,34881.24502124,25538.6969192188,918.224193490808,0
3083,13378,6.17284496984418,3741.65983377491,26.0016219469694,14.0888295125691,14.505596163447,21.6774926552941,24691.2574014708,20904.5153463616,21.123918675768,0
3084,13379,6.13341727461565,5050.71792756697,25.6415983974683,11.4919209787616,11.7610695339638,17.6622883197253,36574.2893028088,19906.8926213869,405.891739575322,0
3084,13380,6.70360750478217,5255.09764555167,24.1882807328441,11.0955340059929,11.3355241644398,17.0475802378696,36978.4628961293,15793.4168891464,779.783610760016,0
3084,13381,6.90372121403623,4357.88907457923,28.6458706806474,12.923870535755,13.2914598076622,19.880996805111,34863.7471507833,25544.5928162202,924.219792135694,0
3084,13382,6.51944977853646,2689.9611139426,25.780781987729,17.7020097914487,18.3491647983844,27.2708595601829,34906.2273351254,31475.1091589225,857.473593754806,0
3084,13383,5.91491084539566,4057.64482977491,26.0016219469694,13.3329204096488,13.7052827321901,20.5083536550259,24674.1253868667,20916.7106299779,48.1521988981439,0
3084,13384,6.7653997941766,3252.06760156173,23.8078779475585,15.2589899819734,15.7269321475031,23.4824989219958,32320.4827213798,12283.029483283,873.783131025705,0
3084,13385,5.3206677105194,3828.18939464677,28.6240221989523,14.1201465999854,14.5594513483133,21.731631986423,34181.3091000236,27147.1435817423,-258.380562215205,0
3085,13386,6.72009843220108,5095.32104155168,24.1882807328441,11.3216385344971,11.5728319142981,17.3967192328688,36975.234112809,15787.7825729325,788.042019423773,0
3085,13387,6.28926219206319,4211.85720210661,25.4881232883183,12.9563073726846,13.3033657076628,19.9249810677161,36675.5092205865,19654.298803058,420.742036396246,0
3085,13388,5.71165834389166,3602.59950553004,28.8376856613629,14.7475841823183,15.2278898083296,22.7032073138744,34186.7194043801,26351.8301689304,-89.7943652399216,0
3085,13389,6.49578484796684,3582.85406956173,23.8078779475585,14.2810597222667,14.6903967626503,21.9696495694638,32298.313822421,12278.1707241111,852.578168813247,0
3085,13390,5.67322551412296,3519.98208897114,25.9542640513548,14.6865391646624,15.1391356434421,22.602146540878,24650.8090500349,20925.6951837113,93.9470396524366,0
3085,13391,11.4733642435333,3614.68463973642,28.4731668957387,14.6769725698082,15.1498994747359,22.5931051468068,34804.8806075971,26049.7052976005,506.851974945115,0
3086,13392,6.77392562562352,4639.60310155167,24.1882807328441,12.0414027548179,12.329392841894,18.5084523792258,36969.9120187719,15796.4300073086,765.300272012248,0
3086,13393,6.07839697772672,3018.31889465603,25.4595396980347,16.2792589431631,16.8279930330973,25.0662556396672,36678.7243990153,19632.2958961708,476.937570130149,0
3086,13394,6.4111091307276,3687.33100900274,26.5039483690433,14.2810752380798,14.7135440876162,21.9760470062739,25413.036163922,22920.63913947,720.745630825906,0
3086,13395,6.58520272125801,3742.87295956173,23.8078779475585,13.8641247922899,14.2492623768335,21.3248706285675,32295.0615120947,12294.4014564844,825.495842150332,0
3086,13396,5.80723701637461,3407.88966553004,28.8376856613629,15.3303460110356,15.8481702611893,23.6054476824804,34220.8708360797,26339.886600143,-36.4296878302822,0
3086,13397,8.95519537100147,3324.516603585,26.6859794511193,15.3603436703166,15.8615302655704,23.646776118341,31284.7003165599,18100.043536925,-1204.92936126942,0
3086,13398,5.75248567640069,2612.29062897114,25.9542640513548,18.1011261885058,18.7777457484856,27.8898167028188,24674.335474811,20924.7445545833,97.7551819663914,0
3087,13399,6.2710254946859,3053.53285900274,26.5039483690433,16.2783632775683,16.8373167946849,25.0676995434525,25410.6540375049,22933.1014592922,700.55929712251,0
3087,13400,5.6728761580384,3687.99430753004,28.8376856613629,14.5096976059045,14.9749438087936,22.3349782579602,34174.5231652506,26362.1510706464,-84.4684052495117,0
3087,13401,6.65559475106981,3126.83539555167,24.1882807328441,15.7253721825488,16.225979655859,24.2052862001071,36974.4890869273,15791.8506935706,765.843087220548,0
3087,13402,6.14306721178988,2399.23411265604,25.4595396980347,19.1594336735623,19.904772406782,29.5284690989598,36682.2676935083,19635.1166558108,491.925683522741,0
3087,13403,9.11670480387451,2535.941751585,26.6859794511193,18.6016505197941,19.3216663906821,28.6678163323132,31304.3835083509,18110.5620145307,-1201.38966363005,0
3087,13404,6.94812784511368,2234.33424556173,23.8078779475585,19.8719254186242,20.646896221507,30.627087270106,32304.6317287978,12307.6261659375,838.871436921216,0
3088,13405,6.29369398750257,2770.91725300274,26.5039483690433,17.4341981436675,18.0707756754374,26.8580651605529,25428.5661064494,22927.8347039329,690.510221206147,0
3088,13406,5.22868978524904,3795.85562953004,28.8376856613629,14.2231352078288,14.6704429713058,21.8914586419209,34170.8927050521,26381.6147098559,-150.87612546305,0
3088,13407,9.16610560721305,2734.131699585,26.6859794511193,17.6262589486509,18.2779573714054,27.1561761047249,31321.0307190619,18103.0136069791,-1262.11187230703,0
3089,13408,5.53268161955222,4332.07859953004,28.8376856613629,12.9916952560749,13.364546081544,19.9862510440023,34162.3607573844,26365.0241355437,-190.187866038861,0
3089,13409,6.4524127428447,2908.09518100274,26.5039483690433,16.8474911479094,17.4442848394749,25.9491621404592,25431.9545971245,22932.9519681954,700.985057448025,0
3089,13410,9.01171602507536,3183.572229585,26.6859794511193,15.8313610424093,16.3628283618364,24.3760000504207,31287.75441193,18094.2950112601,-1236.61883191377,0
3089,13411,5.22516033489259,1033.96477099438,27.627949022574,37.2623798881002,39.5685500111509,57.6663062103675,30529.5863969919,24643.2270286217,-425.732960056203,0
3089,13412,9.27353181553612,4226.40114521968,28.6861253958366,13.1993890361775,13.5834420886489,20.3072088128221,34721.857206917,25648.4788259824,883.397394104102,0
3090,13413,7.65043955519791,5779.81218098311,27.9829016401864,10.6626251865325,10.9030199513989,16.3851415826,34821.3959817514,25576.4107983624,897.421701998933,0
3090,13414,6.16437368858558,5275.07979225041,28.2840083835295,11.3443827858246,11.6217056506714,17.4387421601668,34249.4424910599,26296.2203090227,33.9753222502803,0
3090,13415,6.15934198922492,5320.64468414982,27.8457262743054,11.2513571449221,11.5212644445388,17.2943229555973,34249.2356210414,26296.4417933564,33.5296855444376,0
3090,13416,5.38791868672996,1534.55679108865,27.3931858730574,27.2065506577328,28.6115292018018,42.0264633053103,30512.8213721993,24675.4938683311,-421.66996836967,0
3091,13417,7.66996939640727,2225.67479498311,27.9829016401864,20.6759167161989,21.5635558501109,31.8886446471504,34826.2255051149,25575.9281083495,894.701357694106,0
3092,13418,6.74958677654618,2199.06738698311,27.9829016401864,20.8598210061323,21.7614293020399,32.1739584196352,34866.9864957231,25530.0396355414,919.987758750727,0
3092,13419,8.09810598805495,5333.0652789941,26.9736500471358,11.1769017365245,11.4378933251399,17.1779104613379,28723.2005940243,31067.1567598637,-1378.59995368576,0
3092,13420,7.24241278942458,3838.32317910721,27.2860608633375,13.9686611450328,14.3884512946877,21.4944104564619,29789.6684158745,27447.4667236323,-1343.82942046422,0
3093,13421,6.21111629225496,4922.86181110424,26.9038890393212,11.7800106074708,12.0722552229285,18.1095741685757,28641.501943114,31361.7774480851,580.914850480745,0
3093,13422,6.19953981932605,4602.89238473222,27.1343738072828,12.338201902653,12.6623500965783,18.9726698384817,28641.3445957887,31360.7713431738,582.131023289881,0
3093,13423,6.8474270929993,1929.44712098311,27.9829016401864,22.9892696139126,24.0566467664489,35.4787656890868,34884.6881598143,25530.7783880256,932.880642599325,0
3093,13424,4.83683691280381,3427.92396292247,27.3150608049341,15.1052724835936,15.5957468249778,23.2534436978788,30070.1783923053,27720.168410253,666.482406641673,0
3093,13425,5.08080094746725,3190.66060719222,27.1173968054127,15.8574384969413,16.3945839262589,24.4174750326724,29461.305873192,27196.1801781764,564.277340461131,0
3094,13426,6.13308357584619,5226.31401310424,26.9038890393212,11.3223011618826,11.5904057720247,17.4024028281458,28650.6910027832,31356.6377054807,572.468314690559,0
3094,13427,6.92344049704247,5986.12860817852,27.9753860686836,10.4201744833173,10.6484112687755,16.0107219191849,34883.3809951606,25531.7919054693,912.744180655387,0
3094,13428,5.63206853515228,3396.61440825041,28.2840083835295,15.3066882715648,15.8183278673698,23.5675365173613,34466.8244677769,26176.2517688274,-157.184005296062,0
3094,13429,7.45673061986006,5067.406335023,26.6766144659709,11.5400248712933,11.8181317977624,17.7383824113315,36482.0333687258,24596.264919525,752.08469242439,0
3095,13430,6.89224188701971,5564.19966698311,27.9829016401864,10.9324072107986,11.186534997392,16.8018252178947,34884.204062354,25538.5436910463,908.919267984568,0
3095,13431,6.25818790431757,5240.19039310424,26.9038890393212,11.3024973788872,11.5695734123424,17.3718098899617,28629.0852142056,31363.2500883411,584.309940464253,0
3095,13432,6.36584266226729,4922.91318894479,24.8638755096201,11.6305656352921,11.9018444068003,17.8750672278066,37075.1623451454,17651.8042346536,418.995877210455,0
3095,13433,5.49890737396896,3801.7540202435,27.0986590263065,14.0426620400419,14.4654600040567,21.6084960133202,35387.2878566879,22857.940163339,-145.364566352878,0
3095,13434,5.64313533934263,4413.42267225041,28.2840083835295,12.7844322974982,13.1414995422931,19.6646897862725,34487.682718996,26183.4627321216,-189.394215085809,0
3096,13435,6.34650776710764,5411.71397058081,24.7376627508885,10.9223239984057,11.1572141706135,16.7810801513049,37078.5470133658,17671.9824596675,418.043148285325,0
3096,13436,5.46737555633509,4049.3482862435,27.0986590263065,13.4504138047019,13.8378813094646,20.6923376485319,35375.695473251,22853.377579412,-168.786266384889,0
3096,13437,6.83218202756716,4274.22383617852,27.9753860686836,13.0397177341255,13.4094652238828,20.058893104437,34894.04958728,25524.8926810745,915.980540829786,0
3096,13438,5.87243815131217,4293.71527168097,25.3899702598725,12.7814247252417,13.1179894738967,19.6544343176141,30859.9607214609,16026.1374930161,397.909632090975,0
3096,13439,6.2955315356983,5129.65426611799,26.8797518750679,11.4612162597054,11.7364270937447,17.6169691372198,28651.4500391739,31473.3445982943,670.801822446594,0
3097,13440,6.05846213369304,4808.35181011017,25.5204907192072,11.8625262059048,12.1502323635205,18.2346093401204,30869.0209892793,16036.5576186003,366.193918983188,0
3097,13441,5.58125806676401,3676.7564702435,27.0986590263065,14.3688618619719,14.811539377507,22.1132150735377,35377.7121935628,22864.4108795744,-165.192942580907,0
3097,13442,7.90183233128269,4346.78733994614,26.8940547116258,12.8027202904067,13.1512870536457,19.690335868531,31082.1300679553,18733.6424276304,1262.5220064463,0
3097,13443,6.74677970609151,1515.00590498311,27.9829016401864,27.6365692640291,29.0876797184572,42.6973617583115,34890.2835423099,25535.609841043,901.416855175547,0
3098,13444,6.21448380068408,3965.21855611017,25.5204907192072,13.4978474892711,13.8760023112501,20.762367238169,30869.6344603248,16021.2816057649,379.823742782891,0
3098,13445,5.63795639549617,4353.2711182026,26.8710759924479,12.7879589273329,13.1355274393806,19.6674687684744,29958.9843482284,32137.2708279532,-36.5010254211295,0
3098,13446,5.46881836732912,2730.2992502435,27.0986590263065,17.7017017411017,18.3629706486127,27.2742765388884,35366.0664298855,22854.3412268678,-172.971337360362,0
3099,13447,6.19178915981643,4432.65875133638,25.5699374668833,12.5266910718386,12.8504907594025,19.2610511404646,30829.5935484182,16179.852551345,337.712957178516,0
3099,13448,5.59388400494856,2445.5250962435,27.0986590263065,19.1603947229444,19.9251988169581,29.5353057520091,35374.5526372548,22844.3280525117,-180.163385952214,0
3099,13449,8.95103673744623,3844.55048794614,26.8940547116258,13.915935072921,14.329492345339,21.4119970211898,31162.2705397476,18736.1410277268,-1192.31618315088,0
3099,13450,5.94350026328782,1079.9432062026,26.8710759924479,35.6710743953609,37.8145269876008,55.1856768518037,29985.3367365337,32133.5428382884,-94.1069179467295,0
3100,13451,5.99151884461255,3924.95763172934,25.582307110753,13.5973898157059,13.9818001695208,20.9164385880732,30826.6611312424,16270.2756797752,387.395500839222,0
3100,13452,5.77016200575326,2594.30095691031,25.7854324520973,18.165270367044,18.8444476395674,27.9886927262889,36248.3169082655,18658.6636236925,40.2315132173958,0
3100,13453,9.27523025615244,3463.17049825908,26.8998002460059,14.9540258938247,15.4313847695979,23.018351010603,31148.9292316656,18723.7344737906,-1200.69961031455,0
3101,13454,5.89009513302764,3049.77661091031,25.7854324520973,16.2026879035697,16.7496762650659,24.9485841883228,36233.0628413361,18669.6559393607,41.997727013398,0
3101,13455,5.89353760084929,4126.12108972934,25.582307110753,13.1454077590962,13.5038525386022,20.2175336372966,30794.349981921,16307.3207486618,357.062714747335,0
3101,13456,9.07708547181501,3939.24046225908,26.8998002460059,13.6871189268655,14.0870678507871,21.0580491073807,31168.9127376315,18739.092081686,-1208.18298261768,0
3101,13457,6.85385128743747,1035.72318780159,27.1063943267299,36.9922205579878,39.2623190819766,57.2427986380656,34881.3878748736,25518.1668068084,896.562218099764,0
3102,13458,5.67508930609072,5913.91158989489,25.7152838702399,10.3702269589806,10.5840401417642,15.9302937533408,30592.2844758602,16559.0671477007,-53.8343015866117,0
3102,13459,5.58686794358321,2845.33127891031,25.7854324520973,17.0124210087466,17.6128991614591,26.2025991493522,36253.41549483,18664.3816956092,63.0820625848774,0
3102,13460,5.56413756711806,1417.9572314117,26.8781385501655,28.7708284616204,30.3004487782861,44.455009358705,29352.9109577554,26829.2918162631,-661.821966917586,0
3103,13461,5.4538021648525,2645.55545891031,25.7854324520973,17.9135939034935,18.575345478923,27.5987060888058,36236.6354338019,18665.5392751313,87.7228993295417,0
3103,13462,5.61990388447538,3032.97686789489,25.7152838702399,16.25659574188,16.8064027641481,25.0318655203532,30579.0234640326,16548.4608707769,-33.7485000046485,0
3103,13463,9.77780714480859,3726.88695617597,26.8912678256519,14.215247902459,14.6468632370362,21.8750644287212,31592.3198486538,18596.061710073,-1019.7366513046,0
3104,13464,5.70407064435791,2922.37822691031,25.7854324520973,16.695123030448,17.2744592717164,25.7111569942272,36239.2650963508,18645.4585061621,73.2199867841934,0
3104,13465,6.26514968754029,2151.6317644691,25.1593217303763,20.6773129553554,21.5290059648928,31.880863545656,22584.7816272276,25377.6298736896,653.152820214887,0
3104,13466,9.97511458634751,2831.85242065066,26.9483353700526,17.2270242132863,17.8540342996389,26.5383538491495,31571.9589899501,18632.0381639276,-1063.35972230269,0
3105,13467,5.86751218431519,6123.69207980304,26.9139083298877,10.2072754006713,10.4196545573712,15.6805068617664,28428.2934367443,30881.2568383152,323.477850192763,0
3105,13468,6.08771313689481,3565.07030273179,25.1508791167184,14.4736618726463,14.9063326113985,22.270852610183,22596.6800312896,25387.1163701317,642.89219549889,0
3105,13469,5.83859612175243,2927.11381691031,25.7854324520973,16.6761191562539,17.2541964980177,25.6817251600493,36243.4443322715,18674.983214206,16.6752022798175,0
3105,13470,10.0513607762411,2385.09906265066,26.9483353700526,19.4866357207773,20.2734085554633,30.040665449242,31610.7623580925,18616.9566121668,-1038.05094813463,0
3106,13471,5.81715640326056,5732.81868380304,26.9139083298877,10.6553476403556,10.8896127599043,16.3723105962475,28428.5797805761,30887.6058359474,295.313480401469,0
3106,13472,5.69148899866506,2546.70277091031,25.7854324520973,18.4073254631177,19.1033872781409,28.3638051427114,36254.2555881066,18654.7458933915,53.4194326204801,0
3106,13473,9.95944068849839,2885.50775665066,26.9483353700526,16.9991949103585,17.6106972502835,26.1853935177836,31588.1625671,18657.2495626217,-1090.34069862182,0
3106,13474,5.96111968118017,1250.33801786531,27.1230603910971,31.8299609459076,33.6315815486207,49.2122250394831,29954.0396479638,27462.5822310878,-643.102918200948,0
3107,13475,5.77751137187244,5714.51507780304,26.9139083298877,10.6776482534679,10.9130215944736,16.4067469474215,28418.0288039489,30880.805543112,307.724572596839,0
3107,13476,5.82380923721568,2667.14093891031,25.7854324520973,17.8102649215864,18.4649010577241,27.438602868746,36228.7519239018,18667.3114840507,30.9133216682724,0
3107,13477,10.0791919659033,2647.75911265066,26.9483353700526,18.0729048706949,18.7584863280939,27.8490939503985,31595.291346607,18656.3287494438,-1016.37122061862,0
3107,13478,5.29172395655419,1097.88874775641,26.3474257120905,34.9945235441379,37.0652231054279,54.1300379304263,25791.5003040682,22452.2048572926,-275.654943216892,0
3108,13479,5.95184046074758,4126.20408037586,26.0835993645939,13.1899837805241,13.5547503135805,20.2874988464201,35850.3579195125,19133.8722622022,506.531927158634,0
3108,13480,5.35378195455712,1976.21954975641,26.3474257120905,22.25120722804,23.2382094768532,34.3269907348043,25792.1802957133,22447.2893515271,-256.028013199445,0
3108,13481,9.78670415997668,2988.12689065066,26.9483353700526,16.5843885733569,17.1679584173017,25.5428459960065,31599.2251504081,18635.4847232735,-1093.59491598893,0
3108,13482,5.55209991573624,1552.72440380304,26.9139083298877,26.8340852941706,28.1998425754805,41.4455649399906,28439.9329171536,30930.5166471989,355.34890820266,0
3109,13483,6.13358026913924,4501.30686037586,26.0835993645939,12.4403053916533,12.7629657334429,19.1285260662773,35829.5652519271,19139.9642478958,491.620452498751,0
3109,13484,9.81241840178593,4320.92015065066,26.9483353700526,12.8588933131077,13.2110346144625,19.7772927044699,31580.7526706849,18645.2281424818,-1017.77710343698,0
3109,13485,5.24302207577303,1515.03927729624,27.5538171522842,27.5199142021929,28.9540886424234,42.5141332789194,32334.7033914875,28147.2623329389,-528.742823579547,0
3110,13486,9.68066651435594,2869.14680659709,26.8731305988874,17.0578794558673,17.6726058560567,26.2760972208335,31611.1921072069,18617.808628596,-1063.07988897468,0
3110,13487,5.24625582618191,1787.74842658337,26.9283209519064,24.1113056037353,25.2534594301545,37.2166491173464,32350.2978472452,28147.291551134,-472.397078333213,0
3110,13488,6.18358216084249,1976.56760815873,26.268342187377,22.2321793987722,23.2166086577114,34.2971589272002,35805.3362084606,19157.1672354466,484.871580588578,0
3111,13489,9.5030331143991,3027.05120059709,26.8731305988874,16.4244200259742,16.9965988313747,25.2948794743924,31560.3782222554,18623.0588419442,-1043.6855705274,0
3111,13490,11.8469318814294,3927.31941654927,27.0320653639801,13.7277278945403,14.1311044991973,21.1211447532901,31694.1283701714,28556.3439200816,1192.04124009089,0
3111,13491,6.44128775034569,2106.58241138288,25.2310912104917,21.0129574921105,21.8905268787388,32.4016940669059,23564.921713422,26741.578234325,654.754846493158,0
3111,13492,5.02757555273492,1729.61138071078,25.5930470884523,24.4033583064104,25.5485405697403,37.6644534884381,34175.8716826651,15757.6443193726,-348.309622443751,0
3111,13493,5.13774978555128,2631.5559483288,26.9293532609275,18.1497873668789,18.8405618819598,27.9681918828397,32357.6711108366,28127.9641744344,-547.763629658222,0
3112,13494,10.0849124493717,4007.88639589391,27.0264595566718,13.5384486534699,13.9305616397318,20.8283532089745,31414.5260539501,28266.1772533877,780.086867316951,0
3112,13495,9.5882190659501,2502.54606259708,26.8731305988874,18.8089788604204,19.5458982755052,28.9897862037647,31592.228918516,18629.1900306433,-1063.66770384433,0
3113,13496,9.49679062894599,2695.14140659709,26.8731305988874,17.834353138882,18.5024602804025,27.4791808071267,31624.1308662133,18652.6261144946,-1084.75494728376,0
3113,13497,5.21003788564677,3372.8111671328,27.0299416915035,15.2451657422313,15.7420623229609,23.469316737344,30465.9836148818,28375.4945251662,-506.01002107291,0
3113,13498,5.22376460042443,2691.84111032881,26.9293532609275,17.8579739459161,18.5283251892535,27.5159502678722,32345.5161913026,28147.8387184137,-503.784861796616,0
3114,13499,9.72246064402546,2739.36961459709,26.8731305988874,17.6284088905473,18.2822298299122,27.1600513162916,31586.741339861,18625.8534158998,-1039.9530560572,0
3114,13500,9.84406106469446,3630.25062589391,27.0264595566718,14.4880823433187,14.9375058513739,22.2975380856832,31427.5382562239,28270.3083696986,749.308195408546,0
3114,13501,9.79427635550014,2720.77349948499,27.0627373088643,17.7408927836411,18.4045078022206,27.3349040135592,31421.8932695151,28268.9038329311,744.905040855934,0
3115,13502,9.8513787146148,3037.66773259709,26.8731305988874,16.3839950738749,16.9534902522824,25.2322706418202,31587.9330462802,18623.2040380349,-1098.15906663217,0
3115,13503,5.76039673832924,1401.35694238553,26.2843347987955,28.8566334623939,30.3830655782094,44.5854375350657,35704.1267749513,19289.1355380142,-112.822952721683,0
3115,13504,5.39166683705131,3782.53311658337,26.9283209519064,14.0750660474898,14.4984770450911,21.6582585914828,32370.3247670555,28115.7509566358,-538.83252723613,0
3115,13505,5.58354785039861,3693.4216231328,27.0299416915035,14.3173924897367,14.7563586799976,22.0334197974897,30481.3150939527,28398.6015009029,-478.920677375336,0
3116,13506,5.20083622450996,2451.99541014592,27.0361783197889,19.1139204567766,19.8746428296584,29.4630528664354,30928.9920858148,29782.9900280837,-297.228664548488,0
3116,13507,9.83678862966589,2284.51068859708,26.8731305988874,20.0944434226948,20.9249899529312,30.9829682294952,31563.2361439039,18633.4150041977,-1093.53390847428,0
3117,13508,5.86289237288803,2012.69915315981,26.6340845064254,22.0089858705015,22.9812275700878,33.9522060248203,33492.0865893581,28488.6782107873,259.681134991497,0
3117,13509,5.57038821091374,1283.28602849734,25.51911763108,30.6489223415453,32.3157656726521,47.3673177971291,27533.221483595,18550.2526215051,130.785417182637,0
3117,13510,5.58426086989093,752.722248332096,25.9751030746355,47.4383373876144,50.6741960895548,73.4985738745302,26074.230913827,21681.1314963635,-208.000781165663,0
3118,13511,5.67816158897084,2763.05889515981,26.6340845064254,17.4874917976148,18.1290903777813,26.941013284789,33468.7714411826,28442.4157251997,239.525562144734,0
3118,13512,5.50769306961665,3051.39161511614,26.3821559605046,16.2712424379034,16.8285480537945,25.0563473445521,35424.4664707135,21462.1429901959,-180.383092671663,0
3118,13513,5.89484160861801,1286.81018849735,25.51911763108,30.5833723618293,32.2445144402359,47.2654175448611,27586.3179148461,18590.1796696489,132.212826060364,0
3118,13514,5.23333457882866,1731.31886094729,26.0136735712009,24.4857019783455,25.6440768819528,37.794124215026,26093.1128427377,21711.7666349378,-286.918226904984,0
3119,13515,6.01455639969089,2795.72345315981,26.6340845064254,17.342025566453,17.973657966883,26.7156345362651,33483.1612462751,28456.1173373506,243.651027161776,0
3119,13516,5.75963214989529,1878.9116283321,25.9751030746355,23.0221456778939,24.0638152675363,35.5219745853665,26079.890476507,21708.1746878309,-288.620404151616,0
3119,13517,6.03543681544887,1255.13680049735,25.51911763108,31.1851155143173,32.8987418590976,48.2008952851056,27577.2359240932,18566.6162591096,105.593105942835,0
3119,13518,5.59267356126286,2480.72666726314,26.672354017329,18.8967694272186,19.6376840031871,29.1252486508138,34635.6966781961,22123.1641074167,-387.853349333307,0
3120,13519,5.76744583086655,3103.32327389473,26.3770046297998,16.0792598527205,16.6239444005971,24.7590451925097,33474.7564243907,28446.0215374568,249.861209234626,0
3120,13520,5.85612007559321,2780.29274756888,25.0670990383382,17.1921109516439,17.7969597105846,26.4788151962654,26498.0983760527,18656.3056148043,487.247227058649,0
3120,13521,5.3817323023156,2208.21645169703,26.3146587008188,20.4996878940525,21.3533341617971,31.6095531621467,34615.0313134741,22097.4366245486,-306.996140293157,0
3120,13522,5.41986931447068,1884.29963189239,25.7272330136487,22.919404627478,23.9494133225339,35.3615129773055,26121.8742070509,21699.2681587548,-266.513942068,0
3121,13523,5.88191997080616,3632.47589789473,26.3770046297998,14.4158823528139,14.855505380294,22.1843375696011,33480.4618043643,28445.0111324066,248.719291230224,0
3121,13524,6.07966401495644,5760.52067756888,25.0670990383382,10.5085581994239,10.7253622612549,16.14283057187,26417.5489858181,18584.165013059,638.909095039979,0
3121,13525,5.42071577311585,2430.64137519177,25.6978751320333,19.0198270414681,19.7581008038122,29.3128573636193,26085.127192662,21714.2431023207,-217.229622093998,0
3122,13526,5.93823704935152,3632.67413189473,26.3770046297998,14.415341883148,14.854931947679,22.1835013104215,33482.5646670921,28467.2289884809,222.197541954965,0
3122,13527,6.10761491855984,6274.93790756888,25.0670990383382,9.94414510989303,10.1345608574874,15.2717250377048,26411.3444149941,18588.7578354446,622.487271452332,0
3122,13528,5.37776531864786,2637.33335919177,25.6978751320333,17.9403965364377,18.6030200934938,27.6399672075374,26097.6940675892,21706.8748255064,-210.431816585587,0
3122,13529,8.55052688439871,6519.4339666309,25.1428176316388,9.70747083544424,9.88755893245576,14.9066492018161,25250.4929023035,19914.5318524796,-294.05033911123,0
3122,13530,5.30390397967573,1997.29330308174,26.681820232836,22.1442223294544,23.1275643890319,34.1622446559185,31449.4382422836,31300.4749498151,-444.118858858078,0
3123,13531,5.83594122955509,3223.16673989473,26.3770046297998,15.6591978519461,16.1766885474228,24.1086577870692,33493.3196263449,28470.6392594459,229.765067544285,0
3123,13532,6.24251340452346,4653.60404756888,25.0670990383382,12.0872669230585,12.3838072189416,18.5810056076725,26477.3206919601,18653.1593610718,464.14629669757,0
3123,13533,5.24803957818497,3597.94544043669,26.646961236434,14.5386870124993,14.988084534521,22.3749804135582,31483.1788264065,31301.2956050525,-458.286674189421,0
3123,13534,6.03411954855404,5677.99626529817,25.1452232388922,10.6123407528107,10.8345731262062,16.3031657098795,24900.1466194754,20012.5539733195,542.461605189833,0
3123,13535,5.22095142405871,3180.24339389239,25.7272330136487,15.7288193075972,16.2446749566776,24.2147618609932,26127.7632399069,21700.034869983,-301.750185606484,0
3124,13536,6.02450913777667,3460.91538389473,26.3770046297998,14.9045493110509,15.3742965783529,22.9405314018061,33484.7314664447,28462.3878286426,210.465154404861,0
3124,13537,6.12237505839041,4628.97897956888,25.0670990383382,12.1299163246137,12.4287254682877,18.6469052197744,26492.1666850336,18657.8477546069,466.50731637579,0
3124,13538,6.14969676967589,5281.55029129817,25.1452232388922,11.1252350883024,11.3726575371311,17.0950896554235,24909.2080520091,19990.0253461082,513.415833442677,0
3124,13539,5.45774117410964,3068.51433519177,25.6978751320333,16.1224872320095,16.6634034256702,24.8241660383809,26115.7168946054,21713.3704062815,-248.148927282752,0
3124,13540,5.78323815000678,2831.72235791959,26.0059997907782,17.1001722162137,17.7088497431844,26.339159273815,33418.3778537934,31311.8506145832,184.897590636119,0
3124,13541,5.14018024268271,3168.77986976669,10.7410437341411,13.6818548831361,13.9066189330851,21.0016125785842,42205.9478573331,30265.7282111586,458.902410361475,0
3125,13542,5.86229591374729,3588.82036589473,26.3770046297998,14.5362186939618,14.9832006525984,22.3705372712963,33481.8560897536,28448.2285312152,233.209677440141,0
3125,13543,6.1300658905899,4805.25305756888,25.0670990383382,11.8331912528476,12.116336427375,18.1884543931935,26478.2227139987,18664.1965085477,464.39611610846,0
3125,13544,5.78193132400568,3433.37014933391,25.9239611057312,14.9376134092472,15.4054416731349,22.9906067905809,33457.1955244,31348.5952964583,137.645640261626,0
3125,13545,6.17176604094199,5696.69633929817,25.1452232388922,10.5897033754732,10.8108452814347,16.2682187758401,24912.1494003354,20007.3707618025,492.748728232917,0
3125,13546,5.31848028957817,3079.63746519177,25.6978751320333,16.0817709154868,16.6200487595827,24.761123761835,26087.3821861288,21702.7684032117,-276.910703244535,0
3125,13547,7.12152762653251,3110.74858806382,10.9694535455275,13.8816986424339,14.1186249605591,21.3108307938277,42275.9082488961,30471.7736061448,191.788379167713,0
3126,13548,5.88381368347456,3605.27378789473,26.3770046297998,14.4905557229313,14.9347406468118,22.2998804466085,33486.6361958265,28450.1641877623,220.187903111758,0
3126,13549,5.78296143726722,3421.29990133391,25.9239611057312,14.9739772171283,15.4440632873997,23.0468828534917,33474.3596103734,31347.2341819548,141.153346946836,0
3126,13550,6.12143103732412,4656.95199956888,25.0670990383382,12.0814993723102,12.3777332939846,18.572094013658,26485.8615958676,18660.5086936179,466.508043996115,0
3126,13551,6.1162172138776,3702.16248249513,24.8201620755084,14.0715657703786,14.4774471562939,21.6480714192775,22507.3230419978,23403.6671824072,471.337907916426,0
3126,13552,6.20595347208724,5592.09486529817,25.1452232388922,10.7180352708256,10.9453831805797,16.4663404809202,24915.7809360783,19995.8302985814,531.569311345013,0
3126,13553,5.43834127721249,3072.78737919177,25.6978751320333,16.1068139636889,16.646714081994,24.7998985232528,26139.8819913252,21690.6419725026,-287.756669583967,0
3126,13554,5.88263173410845,3170.03535176669,10.7410437341411,13.6784311827165,13.903051952916,20.9963331046615,42288.8798828699,30382.6625264903,220.121818514366,0
3127,13555,5.81470270822434,4046.19025589473,26.3770046297998,13.3925463935111,13.7712120972239,20.6013471756868,33476.4016801491,28453.1898394817,231.954113011277,0
3127,13556,5.7661704696415,4879.92147026106,25.8750431549732,11.7733453907467,12.0586713457171,18.0974641347751,33458.5331147018,31505.3485480266,126.558474428383,0
3127,13557,6.29889762919664,4922.07968157807,25.0021572127948,11.6421343238789,11.9149190388145,17.8931884417128,26513.9532724137,18482.1522287744,590.75184536992,0
3127,13558,6.1048313078938,5438.99213929817,25.1452232388922,10.913673380856,11.1505939903801,16.7684016810707,24922.6828681784,19993.2178613451,517.71678094205,0
3127,13559,5.54657072376365,3479.21113119177,25.6978751320333,14.7771345132862,15.2330589153705,22.7417177503309,26089.7886275147,21701.0117988748,-280.171003908511,0
3127,13560,5.50225581013775,3134.04486776669,10.7410437341411,13.7775184859479,14.0062985855019,21.1491328855278,42357.6641342332,30351.5012044016,188.70665091503,0
3127,13561,6.23032446034942,1494.32029449513,24.8201620755084,27.0461362610884,28.3935712032625,41.7650091572809,22477.2105826634,23363.9393722401,461.605407465959,0
3128,13562,5.8770635537689,3216.07436789473,26.3770046297998,15.683263162762,16.2023000681427,24.1459151897113,33486.6049999326,28449.9597815516,230.211186850233,0
3128,13563,6.16431751358558,4474.26907557807,25.0021572127948,12.4020259474491,12.7149823929013,19.0672638423013,26525.3280242042,18428.1912315043,638.11909856941,0
3128,13564,6.09888454005123,5486.37006529817,25.1452232388922,10.8521067529008,11.0860003983154,16.6733401172923,24908.8430421469,19987.947816878,494.041761918479,0
3128,13565,5.69191246183842,3347.78198919177,25.6978751320333,15.1750429219291,15.6556257046359,23.3575015605689,26095.0094868244,21710.0152534844,-262.406914015356,0
3128,13566,6.01858756403636,3276.09054176669,10.7410437341411,13.3974418958329,13.6104103052487,20.5630664986621,42255.4765409923,30405.6502595899,253.226177189464,0
3128,13567,10.6276270884159,3162.88495482798,26.8709968951885,15.9256880165237,16.4650107529113,24.5225294111667,33601.4349430037,18858.1719057658,-975.177724603995,0
3128,13568,6.10254933878847,1246.02392922755,26.3968731680006,31.6679623849745,33.4412985389514,48.9564356026686,32448.4881156721,31186.9695157972,185.661765000784,0
3129,13569,6.02748890279501,3094.93136789473,26.3770046297998,16.1097829616968,16.6564602562789,24.8063091291015,33487.0137853656,28462.8554984645,233.259275808631,0
3129,13570,6.10505682847457,4467.39696357807,25.0021572127948,12.4147375747439,12.7283816434492,19.0869082991635,26535.0042966366,18415.6092171903,655.374038746027,0
3129,13571,6.53386563873778,5589.84821329817,25.1452232388922,10.720837875083,10.9483219676266,16.470667383714,24925.02534334,19996.7395069071,482.8624591702,0
3129,13572,5.88113259958089,4302.12629634908,25.8012691247207,12.7998237220849,13.1404205172815,19.6837053258929,33392.0944610333,31994.282725255,326.662371297366,0
3129,13573,5.46002586431556,3518.85793119177,25.6978751320333,14.6623907986997,15.1112818753956,22.5641671692948,26091.172510805,21696.8314091429,-264.798753731328,0
3129,13574,11.0152314482455,3115.52905482798,26.8709968951885,16.094963444551,16.6453640268474,24.7846536123909,33681.0637200211,18947.5259527738,-946.813531405111,0
3129,13575,5.77334206474045,2966.38064123539,11.4756730337865,14.3974829978788,14.6653307618805,22.108771087609,42252.0963961211,30361.544020241,350.979264411508,0
3130,13576,6.0254819461526,3826.82807557018,25.4050603965862,13.8159814975692,14.2117222661102,21.2541108224117,25345.0310351841,24299.611665613,325.887920954143,0
3130,13577,6.29871006320413,4689.50832069521,25.8181296337916,12.084228581406,12.3857208566163,18.5777218529529,33556.2560109512,31872.0394390846,231.84554663462,0
3130,13578,6.23658259244706,4559.93472123178,24.8123215499334,12.2310671043776,12.5334880142782,18.8027098882436,26521.2617797979,18422.7596140798,628.940960014582,0
3130,13579,6.29723824153552,4240.07052847107,24.8991944011363,12.8468048321043,13.1833448497952,19.7544899593009,24892.8120886046,19986.3449199618,516.010078349443,0
3131,13580,6.86677223678919,6708.46074728268,25.5335474406963,9.55214565072682,9.72723918701817,14.667549509412,34251.4876318075,31194.1876056914,1055.01816144305,0
3131,13581,6.01271717012494,3923.19182557018,25.4050603965862,13.5847112076219,13.9669773761787,20.8964433043391,25344.7528738071,24314.1875310536,332.290075944463,0
3131,13582,6.04729925095704,3713.51697247107,24.8991944011363,14.0503330517239,14.4556355296822,21.6154156796396,24911.0550360874,19985.0755446832,551.37578620196,0
3131,13583,6.08295822889099,3511.93764123178,24.8123215499334,14.5866807495337,15.0231732865235,22.4448786666855,26527.3597577516,18420.3178458212,641.20886561096,0
3132,13584,7.13435402936793,8891.96420528269,25.5335474406963,7.9977463188076,8.10847119353842,12.2707955943224,34250.4144103067,31198.7761999981,1038.26240115326,0
3132,13585,6.49587952661768,8961.58362847776,25.1021784328022,7.94273713501583,8.04973771643519,12.1855746339612,33885.2303433882,33165.4650761544,780.604228364296,0
3132,13586,6.11100558717837,3862.55424757018,25.4050603965862,13.7290312633409,14.1196881197203,21.1196343676415,25347.8163724586,24315.3657393681,338.712975914591,0
3132,13587,7.42306004501492,3283.1763693077,26.7852299434696,15.5059958120688,16.0173833493725,23.8725037851054,29121.9342900582,31836.3735306179,1239.80219612477,0
3132,13588,5.96246815900801,2475.67779847107,24.8991944011363,18.642626657918,19.3447158009866,28.7255892735768,24924.2523833321,19993.2347596303,520.732985058237,0
3133,13589,6.49100388256603,8363.46759847776,25.1021784328022,8.29153955052074,8.41191340140836,12.7231042781937,33884.0003117007,33165.5263815344,776.424108736295,0
3133,13590,6.00130094146157,4134.68547757018,25.4050603965862,13.1111741556398,13.4663332859262,20.1642341501186,25355.7071786803,24317.3901977306,341.025252009017,0
3133,13591,6.71377252426365,8194.92940928268,25.5335474406963,8.41574398542938,8.54278493360524,12.9150399122423,34248.0616951189,31187.93871582,1056.14868339853,0
3133,13592,6.28440108342849,2244.91139647107,24.8991944011363,20.0024329615026,20.8012928588797,30.8334109559362,24892.9740414749,19985.2196031203,497.27173569518,0
3133,13593,10.4993643978102,7541.34866486829,26.2487597584971,8.90005348404796,9.05006899036789,13.6626135335895,34008.7466569062,32104.9237369731,-269.52421281264,0
3133,13594,9.04753979383543,6737.19329350706,26.7410984893679,9.58815454693357,9.77070193773096,14.7247214999659,33741.160748378,18955.0077510369,-933.784980554022,0
3134,13595,5.84646567686683,3919.02891157018,25.4050603965862,13.5944909160036,13.9773237854671,20.9115671130912,25336.2392447052,24322.7270997996,353.552919825441,0
3134,13596,6.52869428177992,5464.58168647776,25.1021784328022,10.8774669769723,11.1123493842238,16.7124261114089,33896.3346258734,33193.8674454108,786.820507310529,0
3134,13597,6.02593455458515,2311.31978647107,24.8991944011363,19.5854455817115,20.3542509775033,30.1869377447307,24935.2225509133,19998.4963799794,542.941141184751,0
3134,13598,8.27614927184282,6146.65564397552,25.6252021525296,10.1092920588279,10.3102903205756,15.5274014988249,36219.2984530818,18575.9321903849,-1097.34533556511,0
3134,13599,5.89139811895936,3721.78502223131,25.9871262913012,14.1387728934299,14.5584109096485,21.7547211071917,33593.4244690468,30566.1653299256,-122.674895042236,0
3135,13600,5.93748664851789,4094.86246957018,25.4050603965862,13.1969866013826,13.5570091210722,20.2969087165299,25353.6679814239,24336.1560169961,341.954769987702,0
3135,13601,5.99966796354488,1959.01391647107,24.8991944011363,22.0948550086439,23.0492198072368,34.0786889022915,24907.6481922581,19976.3630333406,532.663160922866,0
3136,13602,5.82247939229561,4102.21915357018,25.4050603965862,13.1810218337518,13.5401379036752,20.2722251471287,25348.353424176,24313.981075103,350.238489630305,0
3136,13603,5.68891343545614,3547.94641301647,25.2788011602177,14.5351234999389,14.9726200351337,22.3662479464166,35860.5137737246,22937.9499802071,124.761229221304,0
3136,13604,6.1593380828614,2158.72365847107,24.8991944011363,20.5789429866054,21.4198843416649,31.7273461315286,24908.5203459275,19979.2874908723,542.404184922703,0
3136,13605,6.58375786109553,7176.08149824742,26.7452579862434,9.20880794884384,9.37437482674592,14.1394515483454,32088.3625623468,30390.4230660646,438.630180869822,0
3137,13606,5.98208412443885,3911.34183757018,25.4050603965862,13.6125988285234,13.9964817158296,20.9395702539077,25379.3460988969,24329.9440498662,361.188802903895,0
3137,13607,5.75076876001941,3898.00563101647,25.2788011602177,13.6320633241748,14.016063492533,20.9693925365447,35847.0466544388,22943.5547491994,141.07559408299,0
3137,13608,8.65777483951538,7146.18280503649,26.3829161933312,9.21604073471782,9.38028873839027,14.1501559849822,33127.4002398196,30061.2326551124,-1345.15549960157,0
3137,13609,6.12168406925064,1901.70226447107,24.8991944011363,22.5844687206012,23.5762773072968,34.8383589171249,24913.9813514625,19973.4522108301,541.808087335329,0
3138,13610,5.68195828979867,5962.64502863666,26.7492449948282,10.3760286046015,10.5956930429396,15.9407900043684,32290.0611393445,18785.8201999731,80.7168561704,0
3138,13611,5.91360529373149,5066.70770144795,25.8983060724218,11.4862297804888,11.7566990751213,17.6539427305102,34324.425438736,23243.9560602384,250.9852111755,0
3138,13612,8.80983719771687,8064.57890103649,26.3829161933312,8.53661887061957,8.67202268386235,13.1023492757316,33107.2762320214,30057.5122440863,-1263.49619476662,0
3138,13613,5.96746203106092,2419.36667557018,25.4050603965862,19.0356430924271,19.7715144413545,29.3364013212458,25348.1004751823,24326.0814648196,329.914256576719,0
3138,13614,6.38350744058807,1700.45070247107,24.8991944011363,24.5470692746198,25.6926063279172,37.8844917828055,24930.3995383428,19985.1521723984,508.291451364262,0
3139,13615,5.70469606314143,5800.06302738948,26.7650891671338,10.5655384565035,10.7945510939575,16.233410146022,32293.3648426488,18779.6530009659,66.3891560509385,0
3139,13616,6.18502366119069,9574.7271976386,26.5338856338716,7.67435516010862,7.77651401498388,11.7734888554325,32853.5505729411,28627.0809489114,325.286641957907,0
3139,13617,9.10214242163994,9983.02147503649,26.3829161933312,7.47375792904825,7.56801406603123,11.4642948458331,33123.6729714009,30013.1693535812,-1221.48501703173,0
3139,13618,5.71688776707618,4555.30803344795,25.8983060724218,12.3267200961906,12.6418787043101,18.9526179251557,34257.6569085935,23164.0545021202,181.726419535172,0
3139,13619,5.86491697912419,2094.80420647107,24.8991944011363,21.0348520895564,21.9094928730818,32.4343950763009,24939.1058459572,19986.2308245404,538.697805850182,0
3140,13620,6.30067834872714,10849.6981371737,26.4724786782287,7.1038028732541,7.18522909938905,10.8945413944291,32836.360824598,28615.9086195734,330.676795917857,0
3140,13621,5.79424912676843,5499.00031846528,26.7486223333421,10.9394940176615,11.1870706647955,16.810862451265,32313.6648524377,18787.7566091012,45.1315261943197,0
3140,13622,8.4646699480754,10457.8716480372,26.3405871177156,7.26172065439933,7.34824770471677,11.1376403320316,33147.9485504253,29999.5643331887,-1111.16126504384,0
3140,13623,6.15131027473379,3949.35103912439,24.6923251980278,13.4560589584821,13.8252216821302,20.6959322400355,36013.4374561467,26508.5887513646,349.229706445065,0
3140,13624,6.37183431510604,2103.3925342872,24.7123723787996,20.935850761571,21.8005638843431,32.2801383996189,24903.2428535626,19996.9177128651,482.404822461861,0
3141,13625,5.72624369168677,4520.96338186294,26.7361555407142,12.4562424962872,12.7842663647666,19.1543965195669,32303.8041681663,18799.2358486847,63.1379974941563,0
3141,13626,6.04064539494487,5291.57994883172,24.6051192723157,11.0743924463769,11.3159513398962,17.0156572886651,36193.3141151617,25864.2096070762,494.696790080123,0
3141,13627,8.76869340142794,6153.08818203716,26.3405871177156,10.1432403527202,10.3495929556443,15.5808381615719,33146.7587891445,30002.8240713618,-1290.91266902987,0
3141,13628,6.20324511937064,3378.16931028721,24.7123723787996,14.969362002853,15.4281847422619,23.0367166595149,24923.2987321298,19989.3913864239,535.055575074616,0
3142,13629,5.62955450043803,4739.56586446528,26.7486223333421,12.069877273236,12.3767568969125,18.5572438206459,32293.281695569,18787.0468153538,81.4484341414513,0
3142,13630,8.67324925383382,4411.36020603716,26.3405871177156,12.6308429412457,12.9658533795469,19.4235443587453,33155.6870435329,30036.1988339328,-1305.24631800511,0
3142,13631,8.35391505683236,4259.57565310433,24.5325314483389,12.7752383301635,13.105068795259,19.6431089905431,23534.4073182718,21250.7144250967,-1377.88385964859,0
3142,13632,6.31673035474716,3405.67978428721,24.7123723787996,14.8861479199936,15.3398879415874,22.9079589081114,24911.6090781821,20019.4054123292,551.004735502247,0
3143,13633,5.36418912321031,3588.53241868158,26.4117712326178,14.5406231188505,14.9881679263658,22.3774332113517,31810.2338796487,17796.5622716209,-311.581795671709,0
3143,13634,9.30040975032201,4083.06267603716,26.3405871177156,13.3071661041374,13.6806073808636,20.4692346898667,33146.5172669169,30024.1358682818,-1234.14124583101,0
3143,13635,6.16685352093688,1533.4918102872,24.7123723787996,26.4884091594586,27.7879172490703,40.898179673158,24909.6468619487,19980.0022825087,541.268345675223,0
3143,13636,5.80638137579915,833.999107579181,26.3079425777603,43.7452447728085,46.6334512497476,67.7497410983062,30549.795855419,21728.9748425844,217.318825556093,0
3144,13637,5.22344735264312,3604.36911268158,26.4117712326178,14.4966407749965,14.9414897378723,22.3093764316282,31788.3764722142,17797.3414536529,-306.564738036362,0
3144,13638,5.83790742141911,2941.73312557918,26.3079425777603,16.6858809800047,17.2698932397821,25.6983001483474,30549.8428080883,21726.0731323172,259.89118183188,0
3144,13639,5.58285746081472,7294.34456464577,26.7847079798489,9.11520318476825,9.27683774822908,13.9951057614618,31930.3426481591,28941.4491548097,-458.538464209625,0
3144,13640,11.9507003035747,7291.08349803716,26.3405871177156,9.09702521057183,9.25589511244918,13.9665200624476,33012.3442810996,29702.9548493144,-842.879768204317,0
3144,13641,5.95743731724944,2319.4235422872,24.7123723787996,19.5036358911818,20.2642040511563,30.0594596106297,24923.9386103305,19989.2330476266,508.6473361098,0
3145,13642,5.30141204550979,4600.51698868158,26.4117712326178,12.2861367826977,12.6025791416782,18.8908604251603,31766.048540943,17796.1200496202,-338.766596232947,0
3145,13643,5.72957790329847,2898.54013957918,26.3079425777603,16.8608707295776,17.4565782697543,25.9693401671624,30562.8734195356,21733.5326261671,233.893767177507,0
3145,13644,6.01263333333748,1923.1758022872,24.7123723787996,22.3576905424925,23.3293373116042,34.4857182768972,24900.9047276297,19985.5740667854,529.040805250213,0
3145,13645,9.89119994637136,5362.50896403716,26.3405871177156,11.0947838584138,11.3478620579061,17.0500470891978,33136.1765042242,29989.6517505015,-1115.11262505035,0
3145,13646,6.09984142713946,5667.63636064577,26.7847079798489,10.7273739602063,10.9645091505815,16.4833368956194,31871.6995328517,28945.6575771955,-388.541464696271,0
3146,13647,5.85332011432309,2846.49270157918,26.3079425777603,17.078179620358,17.6885081182458,26.3059547838542,30552.3587773466,21725.586965086,232.405589982528,0
3146,13648,5.12407210826814,2127.56986468158,26.4117712326178,21.0841673409135,21.9828635488418,32.5165075426356,31781.9576058427,17796.8899287963,-316.312568467394,0
3146,13649,9.27121423866869,4741.48589403716,26.3405871177156,12.03576176526,12.3381219165357,18.5037843001602,33153.4339482487,30033.5590212978,-1209.34991943369,0
3146,13650,6.79352490572776,5054.92555761715,26.7850811511179,11.5664955389673,11.8466627162531,17.779463487003,31059.1612587138,28277.2030705048,-836.901498404003,0
3146,13651,6.11149084814227,1462.72227228721,24.7123723787996,27.4596495008484,28.8394691378421,42.406827680762,24922.1868518255,20007.1098378886,534.660064719436,0
3147,13652,5.88904947024608,3045.36545557918,26.3079425777603,16.2845735926269,16.8420337903204,25.0767930179598,30549.8438446017,21720.6381750012,241.789647681225,0
3147,13653,9.25664711072489,3600.60517203716,26.3405871177156,14.4997135287036,14.9441530367932,22.3139664247323,33161.0123134334,30014.3332365966,-1220.64342906316,0
3147,13654,6.25432365289873,2016.6321202872,24.7123723787996,21.5908165215689,22.5043699030999,33.2960145344602,24913.8333861343,19973.885772461,524.421967508666,0
3148,13655,5.63985649461575,2897.72517757918,26.3079425777603,16.8642182717456,17.4601502267454,25.9745253335928,30554.9323611753,21729.0879484398,239.034792071881,0
3148,13656,9.22088550949388,3681.83706003716,26.3405871177156,14.2792596531638,14.710275491075,21.9728679859201,33164.4606623588,30016.9255596715,-1202.50097331798,0
3148,13657,6.09158537129138,1206.3616582872,24.7123723787996,31.8771037308785,33.6348572055081,49.2721562503207,24952.3541307566,19994.5857993187,547.049145340659,0
3149,13658,5.71490734383535,2625.88028557918,26.3079425777603,18.0865545149613,18.7660941468858,27.8683196347443,30557.1151594114,21731.829458922,235.250342065672,0
3149,13659,9.18110412930595,2797.40505603716,26.3405871177156,17.2943923347279,17.9197153335732,26.6409947058391,33167.0173194907,30023.8965152403,-1225.67504188399,0
3149,13660,6.22830136401625,971.982992287205,24.7123723787996,37.8478916785156,40.1428228792836,58.5591466733561,24937.8009669986,19990.3845346887,501.878504879774,0
3150,13661,5.78507492035847,3117.91624726078,26.2418699696666,16.0101139344682,16.5490041994554,24.6516226844079,30528.542028788,21719.3312406848,229.091854013835,0
3150,13662,6.33880262855681,1618.03420782043,24.8204080318559,25.4619577863174,26.6796702888191,39.3046320370226,24906.0918509094,20013.9306310575,524.936770312438,0
3151,13663,5.75464198566299,2869.12380107742,26.2402250058698,16.973756649372,17.5763516238487,26.1440071313132,30553.0792174817,21730.1534577336,287.376031137776,0
3151,13664,5.50102869729376,3022.14227660552,26.0698308622842,16.3422865018459,16.901204032195,25.1655229985163,31871.4605277034,16803.7760397218,-331.263218906805,0
3151,13665,6.10085326706497,1217.30828311732,24.8312569123828,31.6953686657708,33.43968100422,48.9902984335918,25112.9239447941,19907.5668509137,249.670415295975,0
3152,13666,5.60351727202654,7163.91866105944,26.5319048103725,9.20861325301101,9.37321050378609,14.1388852410726,28318.6791051542,30335.1393740821,97.2988162001552,0
3152,13667,5.68594624361682,2895.84133907742,26.2402250058698,16.863010767054,17.4581728857076,25.9724652211609,30554.7059471471,21736.8165366431,246.98114363034,0
3152,13668,5.25070132224356,2586.68825660552,26.0698308622842,18.2463668258975,18.934405395535,28.11525070416,31956.8799667239,16830.7097679883,-375.620367556866,0
3152,13669,5.94599416837643,2017.95338311732,24.8312569123828,21.6046426733888,22.5209362470957,33.3179310777733,25138.7968585628,19902.3722832406,346.935218415604,0
3153,13670,5.87493679733689,3349.79719907742,26.2402250058698,15.2298189419721,15.7187410901386,23.4436322945769,30546.2226513583,21711.530093093,250.241948289742,0
3153,13671,5.22926750915741,3187.20512060552,26.0698308622842,15.7457602457257,16.2659426041204,24.2418813648319,31955.7849971731,16847.5479136703,-328.52502362534,0
3153,13672,6.25878311545568,2044.42863511732,24.8312569123828,21.399187338194,22.3000591112634,32.9992340060263,25111.2747570706,19896.9906041778,331.248881237133,0
3154,13673,5.63165412793974,3129.09667907742,26.2402250058698,15.9698919517384,16.5061547812061,24.5893399830525,30566.411389749,21740.3967284435,250.110531945471,0
3154,13674,5.15229937326502,2782.58750060552,26.0698308622842,17.3221929373605,17.9465561387045,26.6832786026723,31943.0248807375,16852.9993662934,-316.021435242656,0
3155,13675,5.7493491925133,3070.03172326078,26.2418699696666,16.1845283910096,16.734789320649,24.9216927229179,30547.1334188436,21702.4769047106,248.231641507864,0
3155,13676,5.11335280111489,2846.2272829221,26.0144186115551,17.0396738543415,17.6443681421204,26.245470456729,32089.9511721412,16744.4716559786,-359.519407570603,0
3155,13677,5.47811845103487,1536.59582650289,26.1683473340791,26.8481108218193,28.2026067746658,41.463907122379,28206.8940374535,27622.1041374717,-344.37137717128,0
3156,13678,5.71943868936693,3007.72016926078,26.2418699696666,16.4190621019172,16.9847278493255,25.2848853540946,30553.7285231014,21744.0871874529,262.946856356559,0
3156,13679,5.60317700516253,1409.83619650289,26.1683473340791,28.687298031968,30.1971514456689,44.3216864003946,28334.7686568339,27593.1578077217,-204.844948963718,0
3157,13680,5.60601971334207,3259.63153126078,26.2418699696666,15.5213516156634,16.0287739515622,23.8949134413898,30566.211435106,21731.6935663819,247.529388657316,0
3157,13681,9.66236599176399,3815.55807433498,25.6782945353846,13.8704621523268,14.2716256860793,21.3389866458706,29075.9392794669,35488.0541096904,-1130.81730806523,0
3157,13682,5.3367077854473,1416.86837552092,26.1994890995423,28.5863787271495,30.088171351342,44.1650033517046,28313.4492141423,27598.59682913,-226.603586765418,0
3158,13683,5.64812178333286,3075.84100991853,26.2152283322883,16.1598129145838,16.7082004750145,24.8833501453177,30548.0453567088,21733.4662181313,283.993083543579,0
3158,13684,9.55448565917946,3942.67012033498,25.6782945353846,13.5649799744959,13.9482661404178,20.866526236697,29077.9414966862,35492.0510078826,-1104.66705909842,0
3158,13685,5.51406142999199,1276.66700050289,26.1683473340791,30.9922498054289,32.7016870912666,47.90457784933,28313.0435599594,27589.0537032662,-264.90070149416,0
3158,13686,4.47063352716847,3311.92511702042,25.0815934530264,15.2176502627209,15.6952108454684,23.4218788362926,30058.447797132,35528.7919956234,717.151848799006,0
3159,13687,5.76918546249048,2928.15667991853,26.2152283322883,16.7282690578323,17.314173416557,25.7636954963168,30551.5695219181,21730.6500224393,231.441505494457,0
3159,13688,5.65827384593612,2208.89542450289,26.1683473340791,20.4687745716801,21.3182545159407,31.5610920706128,28324.0586414242,27601.0833309374,-313.125233738973,0
3159,13689,9.62507899919281,5026.01893033498,25.6782945353846,11.5317669576854,11.803207859637,17.7239040268413,29087.8921222493,35513.9309501024,-1167.00513862116,0
3159,13690,5.73441364782023,1175.89670737303,25.0865401441021,32.6643905744411,34.4993630328231,50.498469106075,26463.1101686807,19339.2374586726,-6.88468712494732,0
3160,13691,5.73389192393917,2847.70537147648,26.1523465022799,17.0520573859052,17.6590158580241,26.2650468973348,30550.9578484367,21743.4234313093,254.034973870875,0
3160,13692,5.98130152821676,5327.40328203047,26.1165050895467,11.1278309617115,11.3812591296925,17.100721119001,29546.7762593627,26848.4000742499,145.419981223121,0
3160,13693,5.61552489863603,4923.82727676423,26.3643768307756,11.7394154680864,12.0260894162215,18.0459074740126,30628.5364454959,27559.1724928274,-42.3483899189838,0
3160,13694,5.66180297437017,1915.00710890947,25.1001268758624,22.5116246795359,23.5008188269762,34.7261525431826,26457.3692157983,19350.0422475709,-0.64963326559424,0
3160,13695,9.33051112295485,5543.11659052312,25.654740708942,10.8124942991135,11.0474319132717,16.6130032341281,29070.676769534,35524.1743828268,-1102.38528644643,0
3161,13696,5.64511363664752,6569.75778603047,26.1165050895467,9.71168160177567,9.89683424954239,14.914494580932,29543.1551207088,26862.1190064932,196.242478131661,0
3161,13697,5.83948226112418,3475.19766816514,26.1490237411139,14.8376698540879,15.3012783455942,22.8364826642341,30545.8958923287,21730.1501042118,247.938819856693,0
3161,13698,5.69158488414167,6197.50275276423,26.3643768307756,10.0974890098511,10.3018007448821,15.5102535177901,30649.4805598613,27551.9636148947,-13.9908599298542,0
3161,13699,9.84526401564992,4503.79775452312,25.654740708942,12.4010112668262,12.7185304704307,19.0669695318932,29059.7249057196,35482.2605186318,-1121.40556424478,0
3162,13700,5.87292764643517,3668.82823416514,26.1490237411139,14.2945714853672,14.7249295007615,21.9961212070798,30551.9792506987,21731.7673835804,228.317801522732,0
3162,13701,5.84876561566212,5790.16954203047,26.1165050895467,10.5380247853028,10.7621350135134,16.1899470736899,29532.9319930774,26854.2656343378,160.610386921718,0
3162,13702,5.94877474694591,5433.35473476423,26.3643768307756,11.0011556985336,11.2496324685173,16.9054819581166,30673.9450682771,27543.7918088788,-21.731412355117,0
3162,13703,7.81131490620027,2693.89195616135,24.3632057399937,17.4767190695336,18.0927866749427,26.9174929100089,19998.2097554526,26401.6646019007,-1524.91388391963,0
3162,13704,9.40307978970981,3708.76928452312,25.654740708942,14.1392356796614,14.5561502193172,21.7546789904399,29119.9976584086,35534.8778428554,-1127.1745438672,0
3162,13705,5.49777359713165,4188.56355724693,26.4454830608367,13.088617620918,13.4502606952249,20.1314994094289,33043.4440612351,20660.7378603158,-522.452428714237,0
3163,13706,5.83577585520608,3998.29955947648,26.1523465022799,13.4805781378806,13.8626481335257,20.7370159829008,30567.2131538621,21732.4621697829,232.025117797786,0
3163,13707,5.79648249497728,5065.80048003047,26.1165050895467,11.5030296525108,11.7757342370523,17.6802713840048,29541.7183309995,26854.3679473463,178.812764577715,0
3163,13708,5.61118996563278,4735.15256076423,26.3643768307756,12.0482876564317,12.3514801906691,18.5231844330035,30672.2031294782,27551.3252084611,-22.2082714647501,0
3163,13709,9.5221254855975,3575.64414052312,25.654740708942,14.4975193849423,14.9359955676758,22.3089654929698,29095.7305715684,35524.5039274793,-1225.69204392985,0
3163,13710,5.33935909137761,4312.45980724693,26.4454830608367,12.8337182409577,13.1808624672485,19.7373852585681,33041.2714968956,20630.5536901655,-500.314785237953,0
3164,13711,5.69805294335759,3194.05302603047,26.1165050895467,15.7277646022118,16.2472303011574,24.2141419616077,29544.8777998556,26864.9325721269,198.15527301726,0
3164,13712,6.07931645778503,3931.37815416514,26.1490237411139,13.6357169185955,14.0268245526055,20.9769430941308,30549.4896049472,21734.0131749111,249.44865875103,0
3164,13713,6.24422260741858,2631.82869067476,25.5721476726072,17.9484282282969,18.6101962007939,27.6520238341959,26075.4593846209,27510.2045961368,332.041326131578,0
3164,13714,11.4487364520978,4052.95601827537,26.240387867551,13.3650195677737,13.7410525750662,20.5584923986826,33489.0688977455,20056.3077117243,158.237051731712,0
3164,13715,5.45042865809628,4437.95305662237,26.4051506726134,12.585260031459,12.918180788489,19.3532047132145,33445.9128969576,18840.2242766593,-454.674417934763,0
3164,13716,8.17041786774912,3253.88098016135,24.3632057399937,15.3196179098414,15.7966847423318,23.5778024078776,20013.268749471,26393.8903007593,-1467.34562172207,0
3164,13717,9.42068830695835,4992.59874652312,25.654740708942,11.580954341115,11.8547959264292,17.7998463225274,29106.9753195652,35499.0196427526,-1181.79857535787,0
3165,13718,5.85626007071095,4416.55608787458,26.2217796013385,12.6110996079904,12.9441752965348,19.3927942100677,30472.3981650777,21021.4166042272,296.293099672778,0
3165,13719,5.82549273069248,2478.52773067476,25.5721476726072,18.7349924013346,19.4515908768488,28.8709511325115,26063.3093678229,27509.5969196121,243.14494552006,0
3165,13720,9.58000391881968,4645.42493452312,25.654740708942,12.1476508523621,12.4514450717482,18.6754227884314,29040.373069924,35480.5455108307,-1220.61931490525,0
3165,13721,5.84002937824759,2461.99689003047,26.1165050895467,18.9122049034519,19.6477733661036,29.147398705974,29574.9007008409,26850.4686885187,153.641937513723,0
3166,13722,5.8711236277194,4719.69992587458,26.2217796013385,12.0636777157617,12.3667587668102,18.5467076994511,30486.2458622967,21039.8180632357,303.545848787669,0
3166,13723,6.04951742432992,2136.50800267476,25.5721476726072,20.862002417346,21.732928196744,32.1688298122416,26070.3585423312,27503.5753332207,304.928272283522,0
3166,13724,6.67098005820125,5117.45386155018,26.3727006593793,11.44412608029,11.7153523161416,17.5897133961114,31147.7820880768,19190.8724992342,682.265346125214,0
3166,13725,5.42422402705808,3922.3517924463,26.4199082143626,13.6824803342562,14.078449721782,21.0498532460778,33053.6929638321,20663.0755787909,-544.114934136962,0
3167,13726,5.96930574531537,4987.24974787458,26.2217796013385,11.6300338167347,11.910035703397,17.8766611266559,30498.419860505,21017.0963676408,310.713671038736,0
3167,13727,5.73719790096478,2112.87410467476,25.5721476726072,21.0324712202945,21.9161221650954,32.4332369842113,26063.4233483531,27525.047593454,283.175593925897,0
3167,13728,6.57667970603864,5597.33432355018,26.3727006593793,10.7895109823208,11.027429341382,16.5786515590154,31135.2616410089,19185.642280337,683.787415160743,0
3168,13729,5.82881928326572,5339.22054995171,25.3213182648028,11.0583543353917,11.3035097621067,16.9921050391997,34871.3522660432,28956.1595684635,50.6244304202505,0
3168,13730,5.87535489572712,5809.76666587458,26.2217796013385,10.5212588847743,10.7451333869342,16.164222404394,30504.2339190125,21034.9886273514,338.043531715492,0
3168,13731,6.27912687314586,5310.11528355018,26.3727006593793,11.1687582300364,11.4257936267607,17.1643548583605,31143.3374327685,19204.8997276483,645.439520328765,0
3168,13732,5.49959868970117,3199.31764891762,25.6341211112338,15.652420952711,16.1625198865942,24.0962499574831,33437.9407658109,24990.024226056,-336.361944064465,0
3168,13733,9.47108215208662,4427.24790425338,26.6214234660532,12.6233475936606,12.9599007629668,19.4124983215389,29550.227213387,31339.5967311531,-1065.34637477307,0
3168,13734,5.94534754600745,2270.75647267476,25.5721476726072,19.9564142454085,20.7606022082715,30.7644496657399,26067.0800703779,27517.1743918589,302.222124338677,0
3169,13735,5.92182746068166,5445.34181795171,25.3213182648028,10.9169981875105,11.1551334761448,16.7738257301096,34888.7377217475,28952.8841277429,44.4524208280912,0
3169,13736,5.47154002319769,3720.58496491762,25.6341211112338,14.106480412256,14.5212701633655,21.7039622817172,33436.9856232012,25017.0522939188,-324.537112281363,0
3169,13737,5.87030207820765,3269.90455387458,26.2217796013385,15.4851041414591,15.9900321939391,23.8387503218741,30487.0782937205,21031.2170029011,311.741817763986,0
3169,13738,6.42058532770029,2927.84674187183,26.3560609903575,16.7479019177541,17.3365357185111,25.7944950340124,31160.000173835,19180.5541155702,677.358391089597,0
3169,13739,10.2142408667744,4379.53958825338,26.6214234660532,12.7156505502358,13.0573840333593,19.5551939159246,29535.2433256448,31331.5831059493,-1017.09988966566,0
3169,13740,6.03236922988822,1678.09761735003,24.9882494019257,24.8145435231313,25.9829210422226,38.3001605832005,23939.0851423778,25950.0799296753,275.415111612142,0
3170,13741,5.79074094566332,4268.41407072697,25.4908046716549,12.8409250473901,13.1815447762924,19.7466161306965,34870.3944105707,28954.3624305304,37.3469954935384,0
3170,13742,6.33748765515738,2908.51531269586,26.2697618530941,16.8150142414178,17.407263333329,25.8982050344742,30451.0186077371,20982.6064443758,327.483502197048,0
3170,13743,6.63201957358062,2847.1624656661,26.3704731533173,17.0837559020211,17.6951057847917,26.3147705277228,31125.7380307753,19185.8284933652,608.028003103197,0
3170,13744,5.93112461336104,1658.07033806213,24.9477888599369,25.0295211756357,26.2144908167508,38.6337590223443,23942.1387177924,25927.0086683236,225.616635773502,0
3170,13745,10.6570939496718,4396.64290495379,26.5821386669977,12.6791241535259,13.018529678007,19.4986493542333,29481.9468813103,31261.965106322,-966.314353325033,0
3170,13746,5.57137659731477,921.484667699698,25.763430981211,40.0346246617419,42.5579076683883,61.9693164286019,33419.3726841051,25022.1781472738,-319.643418478405,0
3171,13747,5.61827768786639,4187.97388948871,25.5879888373162,13.0147736442737,13.3658683401959,20.0155750637943,34859.793581017,28960.7914874281,55.1859958515305,0
3171,13748,6.34237264549028,3204.15526967176,26.2829453597402,15.7128419237907,16.2329057914332,24.1914678163067,30528.5676227866,20919.3889321558,291.990251425578,0
3171,13749,5.53260654701829,1655.51532206213,24.9477888599369,25.0586083276423,26.2459176357214,38.678922161434,23887.8664919251,25940.7599358246,212.726140359299,0
3172,13750,5.71374476890302,4087.75681872697,25.4908046716549,13.2202353006465,13.5822372335662,20.3330359520238,34878.2633931547,28964.3492858991,38.2537789779768,0
3172,13751,8.58899400252479,2311.32519062985,26.5055085108441,19.8618497031157,20.6707588365309,30.6210233497941,31724.7767010687,19945.8281048138,1007.45415377042,0
3172,13752,6.96845509269844,2451.05649180914,26.3518158444774,19.0105546207122,19.7559047516148,29.3006165995157,30837.5537247386,20643.9635075734,323.952975980229,0
3173,13753,5.80860381245619,5672.38968091056,25.2657553157055,10.6267629071847,10.8503845512935,16.3256221510509,35204.6836084527,29213.2698258536,224.928813978306,0
3173,13754,8.11945308300171,2664.55615262985,26.5055085108441,17.9273485764621,18.5979683812942,27.6222006578598,31727.0599229167,19875.8749001491,1064.9221331595,0
3173,13755,7.96632795007334,2531.82583380914,26.3518158444774,18.5721320549724,19.2862700259254,28.6210190944529,30868.9565792602,20618.982561051,264.306454794103,0
3174,13756,5.85482800868984,6079.89270691056,25.2657553157055,10.1599126464909,10.3613532455706,15.6049963841667,35278.4142971802,29293.1788270894,275.005457781473,0
3174,13757,8.35193725203769,2123.35530662985,26.5055085108441,21.1324797339872,22.0360536310633,32.5917939083768,31700.5447679656,19932.8617358115,1004.98241134177,0
3174,13758,7.11529922407895,1970.22891180914,26.3518158444774,22.302250561406,23.2932634569305,34.4062177998675,30869.8199481524,20660.2211616561,259.518762880163,0
3174,13759,7.59367498480821,5855.26841106646,26.6273544884287,10.492261073874,10.7169327420612,16.1200626815918,30822.4510363391,31308.5527393535,887.939554375637,0
3174,13760,9.55875895076996,6035.42135695379,26.5821386669977,10.2848916964207,10.4992703625364,15.7998479882681,29566.0225152673,31314.0094727316,-1074.55786785911,0
3174,13761,10.6340981469582,5328.55590962525,26.4640935945602,11.1494027341435,11.4059911915639,17.1346085600958,32175.7515668194,31295.4960369544,-1016.78561556076,0
3175,13762,9.98724677186401,5743.20530182525,26.5012282730432,10.6176184202806,10.8477492255518,16.313425397354,32136.4716325906,31226.3982758537,-989.134512333325,0
3175,13763,10.2431115073046,5792.89570031592,26.5966482505974,10.5639032675755,10.7919172741966,16.2306316600834,29516.7344668666,31210.6434750542,-983.018134297179,0
3176,13764,11.4865424125888,6126.45744431593,26.5966482505974,10.1863207113672,10.396053679874,15.647705212396,29467.8855825488,31202.0851006311,-950.561137309026,0
3177,13765,5.41277778604484,3426.14901495049,25.6582183522767,14.9300830742889,15.3950830502368,22.9783026688843,35562.3459937904,19216.4586360044,-124.793371839469,0
3177,13766,6.19408000907688,3507.9819015575,26.6633529399644,14.7965663011655,15.2620577141455,22.7740931060007,31957.5554850061,30014.0934217751,182.454949639084,0
3178,13767,5.96233318137299,3172.4157915575,26.6633529399644,15.8675856171208,16.4011937623541,24.4320307643094,31945.1583204772,30031.2352910828,184.132700394431,0
3178,13768,5.49387580607831,3504.69373095049,25.6582183522767,14.6988516481183,15.1496271235701,22.620488912914,35566.2013122137,19225.4744679755,-113.138010207708,0
3179,13769,5.47166750674653,3637.02593895049,25.6582183522767,14.3297414407168,14.7581064643175,22.0493990250614,35567.1065185414,19220.8071522008,-142.436215785054,0
3179,13770,5.61200459361263,3286.71891077985,26.6660002856075,15.4807747777785,15.9894703501051,23.8331619943047,31966.7990031561,29910.5499349001,20.6120039403054,0
3180,13771,5.5188234451827,3656.5146338219,25.519158758947,14.263151015494,14.6863392690149,21.9460574370769,35566.1500553523,19227.8713358696,-149.759232824919,0
3180,13772,5.44133306437702,3705.15393272899,26.6188537223766,14.2453704586046,14.6766105631362,21.9210630320016,31976.0705964326,29887.3529673214,-84.5226130196024,0
3180,13773,6.05511565948043,1172.30163298967,26.328732617293,33.2065642128791,35.1154769758737,51.3487745404466,30840.4229959977,20710.1355495919,363.5907805239,0
3181,13774,5.56493274887177,3753.01643072899,26.6188537223766,14.1205590450417,14.5442441588688,21.72796023047,31967.8374529461,29864.8361004066,-92.8594121830075,0
3181,13775,5.63061831492982,3484.5576518219,25.519158758947,14.7421668648267,15.1943721514369,22.6871759021512,35559.4087753259,19231.7297163299,-158.575782887556,0
3181,13776,5.86809496199327,3122.27644476543,25.7892554644651,15.9393185823443,16.4692804629915,24.5408125365298,29366.7573443654,24172.5959965784,230.696288199991,0
3182,13777,6.00414580520622,4123.27004076543,25.7892554644651,13.1700676541217,13.531481625282,20.2560935294376,29365.6459992609,24195.3359477036,220.082611030992,0
3182,13778,5.49963637894369,3630.24350672899,26.6188537223766,14.4466687008227,14.8901836376809,22.2325276373615,31982.6746277158,29861.7313576553,-66.4317752364856,0
3183,13779,5.75297156496421,3759.16168472899,26.6188537223766,14.1047418342932,14.5274725869611,21.7034893722214,31969.8342406945,29869.1809600039,-69.1160438949248,0
3183,13780,5.8608292244654,3080.55920076543,25.7892554644651,16.089759115364,16.6294477502375,24.773738128955,29353.4929844779,24209.2723521567,247.140381266432,0
3184,13781,5.53833672529764,3997.08653672899,26.6188537223766,13.5261726252335,13.9144778409516,20.8085156983176,31973.0461560656,29873.8558764225,-33.4230551904158,0
3184,13782,6.05020931320447,4208.81712232438,25.1295864560221,12.9310510936666,13.2740078353337,19.8851960507561,31365.3368127171,15385.4420459665,520.034513815882,0
3184,13783,6.58704988245931,3666.94061513977,25.5598648247369,14.2395798421776,14.6616995402428,21.9096878279724,35205.4148763638,21459.8012816434,548.038983085566,0
3185,13784,5.96484216300031,4943.44135799224,25.581523854169,11.651539551138,11.9285828562628,17.9087583587972,35229.7533239312,21439.2921819094,484.73896557173,0
3185,13785,6.16600958847904,4909.66241632438,25.1295864560221,11.6710151475647,11.9461302833118,17.9380328629882,31381.0714712502,15394.460498598,479.012261204445,0
3185,13786,5.7371305040029,4173.66897872899,26.6188537223766,13.1352997696932,13.5008930648073,20.2040341821342,31978.717126646,29859.0786481628,-71.2485545532483,0
3186,13787,6.04357880595986,4483.72362832438,25.1295864560221,12.3950783803428,12.7085680961736,19.0567779080212,31376.1143433922,15389.3281607851,485.705806385722,0
3186,13788,5.66251967874111,4032.24003272899,26.6188537223766,13.4459106121472,13.8295156990241,20.6843811932904,31972.4694477207,29875.5462066895,-76.7259562322474,0
3186,13789,5.78770997631616,3974.34140999223,25.581523854169,13.4825634630333,13.8603147075642,20.7388641592916,35202.6651494012,21390.5098666248,500.596501372421,0
3187,13790,6.18881991639971,6595.1736921727,25.1727193315052,9.63759562592125,9.81470804334998,14.7988852193222,34692.0689565789,31606.8175210388,721.529935366224,0
3187,13791,5.57218348177893,3729.80102672899,26.6188537223766,14.1807370634633,14.6080594617486,21.8210635758597,31973.0287125387,29867.4841548195,-62.4005569370722,0
3187,13792,6.84021359975674,4758.2716346558,25.0546011730219,11.9094060671491,12.1964629989331,18.3061782676564,31481.4139885226,15237.4022085143,755.394906155748,0
3187,13793,6.19541319563313,2405.80537794714,25.7927039990904,19.176590510411,19.9271905525758,29.5561773736645,35021.2608571799,20921.3949174514,255.831033120713,0
3188,13794,6.23325625115177,5759.9257461727,25.1727193315052,10.5158257448015,10.7335777934274,16.1542152608978,34674.9739745688,31596.3668030421,729.598439657818,0
3188,13795,7.22186152995368,5152.23934836515,25.000971904728,11.29733759813,11.5525094903593,17.3606263447983,31594.2920680652,15116.5210816336,950.777755379542,0
3188,13796,5.20917514446113,1977.12102272601,26.6420027292103,22.3035704331151,23.2987141411461,34.4093788210311,31715.7617737965,29933.6260614571,-528.696397122194,0
3189,13797,7.27833235916705,5109.50890836515,25.000971904728,11.359257921975,11.6175620695806,17.4562580961608,31597.651791354,15116.6861261703,955.766491880353,0
3189,13798,6.11609204889011,4181.1240921727,25.1727193315052,12.9923521603615,13.339061575534,19.9800504599648,34683.7557600492,31612.8496199585,735.832092013151,0
3189,13799,5.02590039108263,2425.92697345053,26.6657094327533,19.2030062928174,19.9658706591105,29.5999868180486,31698.7549341144,29946.6073189812,-572.132554003814,0
3190,13800,7.07880193621242,4968.64595204183,24.9969041132787,11.5697296595277,11.8387503070408,17.7813364830635,31588.3966309931,15124.5354041896,944.308257435894,0
3190,13801,5.72825620667632,1726.25843107216,26.1500932829943,24.5722906886059,25.7397563214589,37.9291572521719,29691.869074165,22403.908561506,-412.338777900295,0
3190,13802,5.25006244223775,2083.92900324212,26.414698682866,21.408589036983,22.3318960194635,33.0198145027107,31693.0206129017,29959.9904686463,-483.482570743316,0
3191,13803,7.3511910565715,4841.57795804183,24.9969041132787,11.7691280851549,12.0484614919511,18.0893557625327,31597.7610291703,15131.7674832312,970.50204510305,0
3192,13804,7.3730374541639,5100.2991042652,24.9780830934996,11.3710912970643,11.6298499139056,17.4744941418609,31498.9113010919,15156.899620194,1044.88229367895,0
3193,13805,10.4701032349589,5085.68284435173,25.0320871650295,11.3964081899713,11.6567961508613,17.5136906409264,31274.0333506248,15364.7171578065,-979.349037925328,0
3193,13806,5.38261650505336,2659.31828650273,25.0523765151618,17.7395030048832,18.3811126762876,27.3267145706182,35638.9687751938,17553.5192309376,-96.7830864434097,0
3194,13807,6.50982175482555,4718.63161231744,24.2008462647307,11.9087810544305,12.1899513928624,18.3035969413949,36272.0093650925,15438.7575056316,856.660232216165,0
3194,13808,9.9868689489282,4908.39316015432,25.1073838958881,11.6713570967037,11.946344222944,17.9385208682647,31282.1836042929,15438.0155503174,-1012.06797173007,0
3194,13809,6.48207632240638,4507.27032173293,23.2550805235243,12.1964542958708,12.4857750988932,18.7461208561684,36271.757704733,15433.245073043,866.410529397123,0
3195,13810,6.72446490976181,5743.96393831744,24.2008462647307,10.4737799173218,10.6839476462747,16.0877694034442,36256.5327469755,15399.0807401784,832.621988468478,0
3195,13811,5.66080584106683,1947.40241792294,24.9169257581412,22.1956281255825,23.1579284536129,34.2351084982631,25253.9177500412,20233.5750947341,95.5251530101853,0
3195,13812,9.94699493550362,4472.78495815432,25.1073838958881,12.4134509234596,12.7277776605209,19.0851274389435,31286.8486829948,15411.410969582,-1050.37961579193,0
3196,13813,5.82305302010873,2153.58780392294,24.9169257581412,20.6179902961216,21.4620432225795,31.7879649465417,25225.1400517484,20242.5976729783,97.2971642326373,0
3196,13814,9.94379833891964,5020.92399415432,25.1073838958881,11.4983020120797,11.7643725384151,17.6712044985322,31301.169248288,15423.8688214457,-1045.60683387121,0
3197,13815,5.79290748898595,1926.85215992294,24.9169257581412,22.3700603873209,23.345687246318,34.5057486372521,25218.4483652453,20231.5981841993,85.0585601629892,0
3197,13816,10.3570088472346,5282.00058235173,25.0320871650295,11.1168663073353,11.36317495986,17.0819739194218,31288.6809838887,15380.5017076858,-1065.15228958066,0
3198,13817,5.84904791787359,2424.57368192294,24.9169257581412,18.9260665849678,19.6482450500475,29.164923481281,25226.5326866417,20238.9663303752,109.591968498345,0
3198,13818,10.5445319624852,5272.26509035173,25.0320871650295,11.1302955081777,11.3772744465423,17.1027119385955,31274.0659548165,15358.8814119857,-1050.58844744907,0
3199,13819,5.62674837715672,2392.92231992294,24.9169257581412,19.1053784381387,19.8402138867104,29.4428441169975,25223.0729463548,20229.1627365312,104.00610965468,0
3199,13820,10.3930912194395,4525.64976835173,25.0320871650295,12.3105129949285,12.6187459236687,18.9259029232648,31319.0248343698,15402.5077650281,-1040.76220733118,0
3200,13821,5.88727954172911,1751.75981340257,25.1013923980663,24.0547619771273,25.1644286668206,37.1211281194787,25230.8160744907,20238.0452473632,121.935684760075,0
3200,13822,10.6285610158497,4532.97219940278,25.0677099569935,12.3001694604311,12.6080975635932,18.9099883611481,31279.2415276781,15404.7310907048,-1002.51148140972,0
3203,13823,8.06846935723428,4373.53974587657,24.7453750005945,12.5701155000416,12.8903270002833,19.3265212637179,33006.4204518275,14494.9413643959,-1501.39402256096,0
3205,13824,7.23385510827096,6493.37075947689,26.1463167859965,9.786537069168,9.97526191304989,15.0300454554593,31202.1519569534,32981.1178418077,1204.71823274866,0
3205,13825,5.61730020036389,1437.34773548293,25.9274619899208,28.1910860028945,29.6543761999635,43.5493659711154,27113.1886031157,21076.0358106583,-381.708214293337,0
3206,13826,5.82328418293716,5586.64702107905,26.3396011146672,10.8009158613069,11.0392139042651,16.5962111662265,30393.8940883659,32617.9514408577,43.746353681468,0
3206,13827,5.43747045154401,1611.47401911997,25.9125041595824,25.8249230897696,27.0904669357857,39.8733636739547,27082.4145007359,21106.5523445663,-404.474631781367,0
3207,13828,5.87914323979286,2815.01745202533,25.1233787673319,17.050175180961,17.646162191692,26.259144176955,35537.4994736035,25764.1538554271,110.369024308015,0
3207,13829,5.60400304284877,794.4602357415,26.3551922038325,45.5710003290043,48.6359057895104,70.5931451128415,30331.439409493,32610.4545486572,97.4747013216715,0
3208,13830,6.19010725614982,2925.05934802533,25.1233787673319,16.5968021174442,17.162840098604,25.5570158346513,35525.9351275596,25764.4941668435,90.2661955446358,0
3209,13831,6.08373496223412,3259.54618402533,25.1233787673319,15.3911653521645,15.8799386226367,23.6905290458473,35545.0281264214,25760.9796634944,104.108833220337,0
3210,13832,5.74351902745787,5275.60906816687,25.9303113536534,11.1869098649319,11.4422209884636,17.1916591806536,33804.1902521012,29842.2698284756,-38.3474959817762,0
3210,13833,5.89074293533422,3728.06555292715,25.3455875368936,14.0581364389502,14.4676523089663,21.6285196533354,35545.139177472,25766.4966290381,90.5148672135077,0
3211,13834,5.71297562986596,5452.72013416687,25.9303113536534,10.9472758046258,11.1905116479785,16.8215733614834,33809.5329675852,29849.2839181377,-40.024971861517,0
3211,13835,6.01383106779002,4198.87130292715,25.3455875368936,12.9706904473954,13.3174889344029,19.9469223392422,35536.5577272136,25745.721802129,91.8130348682384,0
3211,13836,5.64682318620024,4496.49343655837,26.3381722254282,12.469742631197,12.7957875764524,19.174512375675,32066.9534400849,24302.7466314007,-820.870946683066,0
3212,13837,5.53974655252827,4973.69868616687,25.9303113536534,11.6299653663634,11.9081173020052,17.8760457870357,33810.0898409274,29840.6310667564,-18.8349241595353,0
3212,13838,5.75168469247683,5095.92420492715,25.3455875368936,11.4036682463126,11.6664144797937,17.5254530499879,35518.3194535112,25756.3101520761,130.911711918861,0
3212,13839,5.64455893304202,4866.63587237811,26.2854978868112,11.8249810335533,12.1156928691629,18.1779770727346,32553.3947370968,24394.4186250372,-867.812660089896,0
3213,13840,5.85241163751801,6265.89802816687,25.9303113536534,10.0019219483246,10.1995081497349,15.3621328480619,33811.1557808341,29845.5123831631,-69.4300255018579,0
3213,13841,6.04878258248284,5340.98548092715,25.3455875368936,11.0575983956306,11.3028630220421,16.9909782636525,35548.6644714619,25752.2789571392,110.713272548897,0
3214,13842,5.73693375375717,5003.65404616687,25.9303113536534,11.583894389306,11.8596405754189,17.8048716855605,33803.0719826247,29851.3832199839,-49.3123925004371,0
3214,13843,5.90155628868928,3131.05082292715,25.3455875368936,15.8538976194928,16.3740764257955,24.4073827319311,35544.3636489541,25750.5405691758,100.66701728401,0
3215,13844,5.70880890715496,4640.02681216687,25.9303113536534,12.1786385599069,12.4859751513187,18.7238257999663,33805.3882926676,29848.200582958,-12.3320343067005,0
3215,13845,6.03163090634011,3482.96022492715,25.3455875368936,14.727959164413,15.1777609711015,22.664769172463,35561.2188239205,25762.8785851804,81.9723436839435,0
3215,13846,6.15651777052175,2337.72543049343,25.2745064521789,19.4900565259948,20.2567598740036,30.0403678378782,27272.5653507699,18179.2672069127,640.03948809206,0
3216,13847,5.62093239769643,5213.56182616687,25.9303113536534,11.2742539214298,11.5340154131265,17.3265649396219,33805.7051859093,29842.3402309175,-34.4999485737719,0
3216,13848,5.84524351870741,3270.32122092715,25.3455875368936,15.3820570489959,15.8723498928258,23.6770075134162,35540.5251650988,25732.1668324545,130.637230884886,0
3216,13849,6.19742874105802,3156.82831849343,25.2745064521789,15.7550734269947,16.2682597604596,24.2542081157204,27287.0157165366,18178.5821967086,589.497441397561,0
3217,13850,5.59953955300904,5153.34274216687,25.9303113536534,11.3607999537565,11.6249967392041,17.4602451278353,33805.3922591155,29837.2441145769,-17.5354552816458,0
3217,13851,5.98620564563119,3310.56272292715,25.3455875368936,15.2524415810601,15.734622882475,23.4763991016776,35537.7656033899,25744.637537663,120.065861239931,0
3217,13852,8.98434456404723,3844.48768586116,25.2675998122436,13.7594364774763,14.1507526750369,21.1663505694974,20532.3645901438,27743.1864951511,-1273.8920968795,0
3217,13853,5.95157417770098,2663.73225649343,25.2745064521789,17.7514468681695,18.3963686497573,27.3459068257545,27283.2741500015,18176.0349315594,653.678672406859,0
3218,13854,5.74749336581937,4971.91458016687,25.9303113536534,11.6327248189783,11.9110210720147,17.8803088695625,33795.4144967479,29851.4998751677,-5.70761213070207,0
3218,13855,6.16209991237136,3415.51661292715,25.3455875368936,14.9274365726205,15.3894686502333,22.9734346882364,35549.0073853023,25760.6548257377,93.1608408219274,0
3218,13856,8.54320210849292,3608.10465386116,25.2675998122436,14.3675551610537,14.7948586236948,22.1069796712019,20525.3996528673,27752.7563724149,-1331.19935582524,0
3219,13857,5.75668813410412,4937.57604616687,25.9303113536534,11.686180003759,11.9672768939257,17.9628932256641,33807.431281414,29840.3063645952,-37.2233274303793,0
3219,13858,5.96185867410775,3151.82134092715,25.3455875368936,15.7811280334458,16.2966615466837,24.2947307153537,35546.8416609041,25754.8637391052,118.340080394598,0
3219,13859,8.22700540530455,1805.15110296247,25.2843546461174,23.5634106487166,24.6371683008182,36.3592179555831,20490.6472323577,27780.0459267928,-1354.60236203988,0
3220,13860,5.69159686095244,4875.80047699771,25.9291316016103,11.7839384615576,12.0701738475751,18.1139274592387,33806.2525664209,29828.9209892296,-37.6326547639057,0
3220,13861,6.06247945857475,3227.21202488265,25.3320636503993,15.5225533531608,16.0215586549652,23.8944343414572,35535.4336399644,25756.9941285394,82.3619687119388,0
3220,13862,5.59976317450478,1490.24430474996,26.1661088464274,27.4855333355521,28.8934127166618,42.4542208879892,27430.1355374309,23006.5582375711,-287.651103539646,0
3221,13863,6.20310175532733,3022.61251088265,25.3320636503993,16.2468202722309,16.7921690134231,25.0156764121931,35549.4191099186,25757.8875970416,128.319380455312,0
3221,13864,5.46200155508665,1806.05309274996,26.1661088464274,23.7554801870603,24.8578204620613,36.6610702355773,27413.4305694997,23028.8600146774,-352.945584893372,0
3221,13865,6.1559476778946,2109.15268491947,26.2889079980733,21.1960678989796,22.1015959270431,32.6896523768807,31673.5514364683,32224.516047049,-173.413801170112,0
3222,13866,5.60040799860742,6533.72294034491,26.2594302699063,9.753649644877,9.94142682479086,14.9794506532621,31716.2391096537,32267.8785053868,-164.941234219757,0
3222,13867,6.62076212478363,6842.4539462536,25.6666384804832,9.43903466028742,9.60975374225344,14.493228137548,32921.8396795652,32870.6992709644,816.632604236214,0
3222,13868,7.43468283384847,3164.36680454012,24.7323903213732,15.6629370206559,16.1650137132442,24.1101350006583,23170.8376210302,20617.8449282012,1170.824785353,0
3222,13869,5.2430053795982,1663.23650874996,26.1661088464274,25.2765344353863,26.5013373622659,39.0228184400582,27438.0879103284,23014.0743019245,-318.013152190726,0
3223,13870,5.76895746507983,5835.21240234491,26.2594302699063,10.4936479461132,10.7163858562476,16.1216509165988,31728.8365769706,32249.3057128303,-203.458933839497,0
3223,13871,7.36758643958861,3430.3731178064,24.6795743492612,14.8088175898924,15.2575512307193,22.7882271367573,23204.6201651801,20587.5660542156,1155.06212575809,0
3223,13872,5.62547181792313,1831.51514874996,26.1661088464274,23.5077915326584,24.5904930988322,36.2765683628942,27442.4526688965,23001.9458171598,-300.416253814916,0
3224,13873,5.58265097621941,5532.94960434491,26.2594302699063,10.8642689486484,11.1052670317888,16.6939164371353,31732.4672170517,32244.4449478317,-202.288243171621,0
3224,13874,7.13523660559725,3512.9045398064,24.6795743492612,14.5695001757408,15.0037734980638,22.4179727183242,23192.3200101252,20599.0455274369,1095.47160369973,0
3224,13875,5.39733735662302,4626.51251976919,26.0580178677303,12.2123438594033,12.5223712764085,18.7761530467363,26875.1099585359,22339.0609758663,-464.129066793989,0
3225,13876,5.5545340001951,4281.54241434491,26.2594302699063,12.8802732152872,13.2287111977489,19.8089931449412,31708.4406675074,32255.9882839694,-188.751685227807,0
3225,13877,7.59849729370545,3318.6572458064,24.6795743492612,15.1498308905339,15.6194305028535,23.3158896049806,23202.5949939054,20590.6839623294,1159.96601220443,0
3225,13878,5.64288087921582,4203.47896865166,26.1455967309454,13.0311732673196,13.387334962626,20.0420712071226,27341.6673557782,23047.2271917262,-404.334750450037,0
3226,13879,5.88271585349107,6497.43726073785,25.2493308878902,9.73428132122672,9.91611616185307,14.9481646301566,35411.922602268,28827.3586105242,326.228029428087,0
3226,13880,5.36775737292008,4004.67559434491,26.2594302699063,13.4758439756332,13.8584606775632,20.7299211300428,31689.2371579127,32239.8829442569,-148.729276255084,0
3226,13881,6.19268234122416,3563.92059725859,24.0552224359143,14.3594034266412,14.775569466617,22.091434776356,35395.9454190919,14225.8659631277,498.704393462167,0
3226,13882,7.53887950235613,3769.8378298064,24.6795743492612,13.8852169244211,14.2790012625284,21.3595348940891,23196.9420880701,20613.7402916099,1163.59577735351,0
3226,13883,6.09007913353693,4090.63977065166,26.1455967309454,13.2729893524108,13.6429899199898,20.4159796145108,27305.1216137411,22978.3517313614,-436.463723767067,0
3227,13884,6.10904478811901,6219.79365125859,24.0552224359143,9.94249722055838,10.1274198394425,15.2676835114088,35378.5263409738,14206.9135402884,483.493700291085,0
3227,13885,5.93404739371104,6307.02249073785,25.2493308878902,9.92185112031336,10.1122030501181,15.2375874551792,35426.9981047427,28829.4886722091,362.761493706344,0
3227,13886,5.47976304592624,4167.02924034491,26.2594302699063,13.1179996686385,13.4799540984696,20.1765537438586,31697.3400531228,32247.8332978416,-153.848241076815,0
3228,13887,6.16018169518561,6774.58453925859,24.0552224359143,9.41538886468719,9.5771502808072,14.4545601375925,35388.2986300987,14207.7871805362,487.975020937181,0
3228,13888,7.14948147936262,4805.36090465905,25.6264001429213,11.8754202717568,12.1645081659077,18.2547245995034,34932.8732091781,19848.5440165785,933.111945875628,0
3228,13889,5.45116198167475,4212.38077434491,26.2594302699063,13.0224674828934,13.3789698485555,20.0288411362808,31680.5368527379,32218.9669359737,-184.245556238977,0
3229,13890,6.96636534894012,4978.26500465905,25.6264001429213,11.6009044074444,11.8756011822214,17.8306152813619,34922.5472270551,19846.5174423764,933.427428129079,0
3229,13891,6.29835374964386,6619.65365525859,24.0552224359143,9.55484234836021,9.72262798812966,14.6696543030302,35378.4617916106,14213.6252028227,445.04782892477,0
3229,13892,5.32569006437663,4503.08401720656,26.3212891903932,12.4561562941517,12.7813338948566,19.1534796661997,31610.0426526997,32180.1375529491,-177.561798083503,0
3229,13893,6.91382274187724,4345.05394682684,25.045725673523,12.6507346419311,12.9775557067358,19.4517296184522,34926.0952086156,19847.7164023381,929.474093872647,0
3229,13894,5.50093543959122,4568.54206323644,24.2717930040595,12.1718514938168,12.4672881868404,18.7101550417445,36379.1840234959,16239.8090270391,-16.5925730396379,0
3230,13895,6.9400733110838,4412.41468697651,25.660796841754,12.5726592676494,12.8996345215879,19.3322799873532,34933.2468788493,19837.3031605241,947.681159873725,0
3230,13896,5.50227129588455,4140.45345491445,26.1140095501136,13.1619851941676,13.5253758529542,20.2442684244365,31609.9705915363,32181.4501275697,-189.880631824036,0
3230,13897,6.74002074160529,8473.20359491073,23.8897604684161,8.17485784230194,8.28578475715268,12.5419107895256,36857.9648444485,15675.5333030147,899.505377881345,0
3230,13898,6.96004940914969,3659.95357278157,26.0719809946644,14.3104880975999,14.7411677116592,22.0205698653831,34938.5262749715,19840.4788346539,956.384845515372,0
3231,13899,5.45937814560597,4419.91934291445,26.1140095501136,12.5957956227025,12.9272622553022,19.3689281632022,31604.3829434419,32189.5167505042,-200.046515986253,0
3231,13900,6.5445255285773,8224.44534284389,23.9388699419704,8.32973310997333,8.44676138390368,12.7806300944282,36861.5514526826,15642.7613899021,880.906352387956,0
3231,13901,5.10399203441727,6090.72086488506,22.7102664948697,9.99630551766068,10.1761053051851,15.3486170816986,37265.2644854823,15045.8417711856,-97.5402487640797,0
3231,13902,8.67890225159406,2474.39601817146,25.9039688696737,18.8102520657071,19.5360803097607,28.9886778812601,29292.365922829,18362.8701000372,-1251.97272275484,0
3231,13903,8.61320637015094,2444.30848286636,23.6660122170133,18.6101943241319,19.2948578295063,28.6711511947167,17472.1713947806,23588.3480127254,-1391.53604047291,0
3232,13904,5.69482234697597,3269.03881691445,26.1140095501136,15.4755129983058,15.9788410254108,23.8236305496551,31612.9442340272,32182.9709816545,-228.250962293979,0
3232,13905,5.34560266371177,2946.31323822807,26.0749350602054,16.6373583088329,17.2158018014597,25.6225032251679,26697.7817495718,24722.1938020207,-307.255294972252,0
3232,13906,5.72640904089745,1455.90124482247,26.40951229448,28.0534426916134,29.5135704342332,43.3378408673219,29659.9033470395,22069.80310741,152.22662122262,0
3232,13907,9.43092801823505,4390.57584794416,24.074812909276,12.4804958509718,12.7909104114345,19.1866583793913,36082.6169908878,15026.7663959923,-1109.57673846388,0
3232,13908,8.58237049982558,2569.85579917383,23.7023729824931,17.9662247062608,18.6074581612475,27.6736042191365,17460.5613320604,23617.5571613186,-1263.93288043759,0
3232,13909,8.29080235483314,2775.99803617146,25.9039688696737,17.3282352423108,17.9512477055679,26.692154153513,29336.2203792197,18361.8816072895,-1364.45617329186,0
3233,13910,5.8382113425871,2769.59796282247,26.40951229448,17.427002199542,18.0620937405359,26.846642543183,29671.3144797961,22096.8988820102,127.476345098574,0
3233,13911,5.35082282327672,2917.10738891445,26.1140095501136,16.7596186369973,17.3465881469134,25.8119688469035,31599.8380958744,32181.1650734783,-172.259221633432,0
3233,13912,5.60878710634388,3164.43558592936,26.0822871333661,15.8261685511261,16.3516396636032,24.366401526041,26679.7919192004,24731.3038636388,-284.855409271039,0
3233,13913,9.32243561885555,3418.34820794416,24.074812909276,14.7763782852818,15.2175768608362,22.7365034737614,36071.1955169027,15021.5741872893,-1184.45856927792,0
3233,13914,8.40672732377715,2385.71932286636,23.6660122170133,18.93480751253,19.6419089570584,29.1741468728514,17479.9841054979,23574.205499266,-1350.50181959595,0
3233,13915,5.29227406510475,2355.7736537199,26.3228287688713,19.5585390506969,20.3430810348928,30.150096298666,32974.6724169929,20731.0460468742,-554.981965180943,0
3233,13916,8.64737764523956,2906.78170841791,25.8672832194935,16.7689545724901,17.3540294200234,25.8257354652228,29230.2912784653,18350.830512239,-1287.78406776568,0
3233,13917,6.51319339301961,2160.02044639578,25.2071057915463,20.627710648568,21.4763808350445,31.8041150901236,24854.2544284688,20235.1928328515,312.428876836861,0
3234,13918,5.8126887495345,3984.99264282247,26.40951229448,13.5348347460052,13.9220477081189,20.821471872518,29648.7777768367,22084.394803023,90.9484478168901,0
3234,13919,5.97118468880065,6976.4151465437,25.9793095965775,9.33857754483136,9.50634731335849,14.33866723058,31315.8598953556,32813.3476182804,800.038790676774,0
3234,13920,6.25700508555322,3341.73737239578,25.2071057915463,15.1381766151519,15.6119684241465,23.2992077561623,24853.4461968188,20244.9448158831,268.342702175149,0
3234,13921,9.24016839619172,3148.70591594416,24.074812909276,15.635623842213,16.129482086791,24.0660689421748,36076.4780993093,15037.3815092182,-1116.66486307163,0
3234,13922,6.32997072370542,2907.73801639879,25.0263456075271,16.6530965644991,17.2218141900323,25.6439115422763,36487.512253977,25001.4478467533,802.589381408979,0
3234,13923,5.54813691094018,2577.3111617199,26.3228287688713,18.3320431080428,19.0289279364353,28.2488139588008,32947.0873151025,20719.7554634479,-595.39143370639,0
3234,13924,6.11592741257282,6572.78987383506,26.1174550460494,9.70885458768806,9.89388304183219,14.9101336144198,30591.430789378,33397.95342421,558.851592441766,0
3234,13925,5.48120164872833,4940.8601701675,26.0393473452076,11.6889770065965,11.9709181640937,17.9674069524184,31578.5037695819,32208.2893688093,-179.894849072286,0
3235,13926,6.42797229676928,5401.03716439878,25.0263456075271,10.9557390801922,11.1940192113681,16.8331571689958,36494.9689106318,25019.3466002083,773.966108884119,0
3235,13927,5.86725393555033,7818.6673605437,25.9793095965775,8.68737858949238,8.82732158603414,13.3343363387434,31303.6064155496,32844.8984527963,820.259541486495,0
3235,13928,5.86974352201221,3322.86905682247,26.40951229448,15.3344705007333,15.8315319179233,23.606041484266,29649.4826003697,22091.114214861,83.9297357048865,0
3235,13929,6.06124400749299,2994.64182018623,25.1599454981987,16.3305798388601,16.8796263114987,25.144887408989,24841.2803033831,20225.2688157234,290.77131060063,0
3235,13930,5.94583853510096,7492.35334783506,26.1174550460494,8.93089900312125,9.081652288643,13.7100252995781,30589.36495764,33402.6023963911,566.936771496316,0
3235,13931,9.75990520172706,3642.61693994416,24.074812909276,14.1497087898504,14.5537282617881,21.7671544597878,36086.261784323,15012.0576368444,-1188.19314399282,0
3235,13932,9.07511251367962,5813.31003016749,26.0393473452076,10.5060322018975,10.728162243961,16.1404365472349,31213.7173697327,32407.7121725796,339.418380791148,0
3235,13933,5.28695494560704,2788.54692442766,26.285421613466,17.325736219859,17.9526136784381,26.6893941308529,32964.6485820101,20730.3955079292,-480.063061814175,0
3235,13934,8.11433503239483,2745.09555817146,25.9039688696737,17.4662920338686,18.0986842538797,26.9060312707249,29268.7740265215,18369.2992261425,-1338.043893003,0
3236,13935,6.49824938893489,9101.22895639879,25.0263456075271,7.86415822008583,7.96793478470552,12.0644201579906,36464.1860237279,25018.1823897405,763.33313385808,0
3236,13936,5.72199617233591,8781.18167532684,25.7297562374217,8.06792346426748,8.18208758707225,12.3791511502205,35153.3649639571,24634.8683774519,-214.664916853452,0
3236,13937,5.79097494671666,4309.85542091445,26.1140095501136,12.8109411057756,13.1544239970553,19.701515971121,31600.624868391,32196.6748685417,-242.139578479498,0
3236,13938,5.4606286150456,2555.35489628145,26.4365481208196,18.4621159174575,19.1694386815062,28.4507638052655,29913.6309019994,21866.0856467943,-71.6580369483544,0
3236,13939,5.99983330143435,1582.09241418623,25.1599454981987,25.9889773983843,27.2553405239923,40.1246620433681,24824.3695669073,20228.0092621211,271.064914995806,0
3236,13940,8.96517245825969,3705.28090994416,24.074812909276,13.9868396167021,14.3813722172191,21.5152723096072,36090.7786275907,15021.1171223639,-1111.56945648157,0
3236,13941,5.65439234944005,2099.17591071746,26.378596240315,21.2871453682752,22.2007547285538,32.8312732147798,32642.3025258993,20924.5550626196,-76.0312360626914,0
3237,13942,6.44421016922968,8347.52126239878,25.0263456075271,8.29830374338094,8.41863357459768,12.7334443014563,36480.9127095919,25005.6249402178,751.609927332595,0
3237,13943,5.76490595378531,5582.64140605849,24.3256744967819,10.6767880976295,10.8973152194692,16.4013284013154,36386.4843085208,16299.3860241286,50.0766521165439,0
3237,13944,5.5612100845633,4513.65622790316,26.3726808214109,12.4407265173877,12.7654055487372,19.1297273244532,32578.9316465199,20927.1944405626,11.2133428592711,0
3237,13945,5.60835864918222,7719.46239732684,25.7297562374217,8.74658349061112,8.88791518804051,13.425330952935,35156.0712752983,24625.9719968883,-236.830280986052,0
3237,13946,5.49704349661708,2747.13274691445,26.1140095501136,17.4866877768616,18.1227222012419,26.9382499017015,31585.994597912,32166.4738568179,-200.490579852112,0
3237,13947,5.45852893336099,2684.15408501951,26.4466309014279,17.825366385763,18.48827102564,27.4639933657508,29923.3908612119,21848.4138248364,-66.8610568185762,0
3238,13948,6.39994243908134,5433.26120239879,25.0263456075271,10.9132957652541,11.1494853297206,16.7676217920616,36489.5583464044,25000.9868940682,733.397053845978,0
3238,13949,5.53076391644955,3147.67555691445,26.1140095501136,15.8887536549861,16.4185626956341,24.463381706159,31597.9107900557,32186.1329869577,-166.466169925213,0
3238,13950,6.89251667551313,5808.51602090837,26.2581414247779,10.5249347233062,10.7491880534271,16.1699528024866,33409.1015496292,21615.3705055442,696.109875856721,0
3238,13951,5.69934829130695,5483.19401605849,24.3256744967819,10.802077136793,11.0286225224238,16.5947413580174,36374.1426780903,16300.5684788565,73.0578300005885,0
3238,13952,7.7166566976402,4147.93434458867,25.8134015619676,13.1193129042478,13.478018250766,20.1776679491064,23409.726149585,26868.7565068337,1262.153963845,0
3238,13953,5.51950004074235,2637.37972028145,26.4365481208196,18.0490456192151,18.7273861929366,27.8105826941494,29930.297799251,21853.6509239814,-113.506271575982,0
3239,13954,6.52755966739896,7511.91875690837,26.2581414247779,8.92255708267753,9.07357012103966,13.6973303320516,33415.6766468772,21642.6846506136,617.973989531391,0
3239,13955,6.4049632936321,5225.46791839878,25.0263456075271,11.1950648901456,11.445249597223,17.2027244516835,36498.6156130453,25010.7642553299,762.449350439127,0
3239,13956,3.52293448255898,6958.70229582396,25.9466447818447,9.35211115479459,9.52032385099454,14.3595023368351,33685.8245847584,21247.3504445906,-1451.46434973021,0
3239,13957,5.63489360754118,4448.27809931688,24.8834443980188,12.4404136058021,12.7545937843902,19.1263525915236,35677.9538551758,17157.4727376476,-133.781093995369,0
3239,13958,5.5296680385168,3419.49305371594,26.0872339965677,14.997400265156,15.470391104967,23.0835315280738,31604.071838485,32212.3095142909,-193.112666659394,0
3239,13959,5.72715632980221,3013.28860301951,26.4466309014279,16.4235968644377,16.9915738800404,25.2924623235671,29927.8096332554,21839.9191398236,-93.2933227995606,0
3240,13960,6.25859407752464,7724.19367912168,26.2619940860004,8.76674876826794,8.91119630882229,13.4570557602465,33408.0483323261,21651.280521033,580.760592473927,0
3240,13961,6.45362009139631,5021.60218730761,25.19804371545,11.503842672128,11.7707799459327,17.679923582022,36491.6095208707,25011.2490894863,744.566630126913,0
3240,13962,3.35654219852088,6975.06267861275,25.9613103531324,9.33884026313586,9.50653721593255,14.3390491574625,33673.8651320196,21249.9649790176,-1431.89910603426,0
3240,13963,5.42207765340864,4206.43331570609,24.9131719360354,12.9168332165795,13.2573634798938,19.8627668649201,35676.095003997,17172.3326028259,-143.628831263798,0
3240,13964,5.55985572561522,3353.26899174842,26.126162368953,15.2060918115538,15.6924952141772,23.4066245845054,31599.2751184243,32189.9607916482,-186.66720877215,0
3240,13965,5.43507317911858,2948.05861327737,26.4189214264603,16.6750077537797,17.2594059428713,25.6817651720079,29909.23324613,21853.2606799658,-70.9440434637166,0
3241,13966,6.5208425499341,7101.16495130761,25.19804371545,9.19550928540042,9.35339288656266,14.1169719900375,36481.9587711909,25006.6610678677,735.496980490826,0
3241,13967,6.67734746011438,5920.4127241457,26.2332260310823,10.3936609236742,10.611415404273,15.9672477451057,33479.1776055652,21672.7559182417,651.166048006537,0
3241,13968,5.34189449124401,4002.09811370609,24.9131719360354,13.3568949268321,13.7221746094261,20.5430937014382,35682.7333580972,17168.2812353033,-154.111518641375,0
3241,13969,6.93678996581029,5147.57888841366,25.9193622915267,11.3684154572741,11.6329361676938,17.4719898176477,22820.2486727307,26059.2164707348,829.202005057079,0
3241,13970,5.48564585787221,2715.42000127737,26.4189214264603,17.6749122209791,18.3271230111328,27.2307801080752,29940.5407191448,21858.1299009397,-100.086988746198,0
3241,13971,11.7506033198811,6752.11342059631,26.1239278768537,9.5430414714487,9.72059581113095,14.6542968288436,24226.0040711434,25601.3242209062,1108.85588774434,0
3241,13972,5.66280101489715,3812.05868429036,26.2259036754163,13.932473963775,14.3417266864492,21.436123404541,25142.9543204252,25809.9711848794,-52.7720875601974,0
3241,13973,5.9619314510121,3402.56317974842,26.126162368953,15.0532476622345,15.5300688620679,23.1700600200321,31632.0055453318,32222.3867126409,-257.960555046549,0
3242,13974,8.82349258740487,6550.8081400109,26.0274487088476,9.72498904800084,9.91030805758736,14.9349070304496,31410.4862339702,32823.5397500331,-1244.00713949795,0
3242,13975,7.70196649503915,8040.90095665806,25.2889052978286,8.50604454447478,8.63568830342275,13.0539611967145,36428.4874380431,25126.2683823385,695.615012151835,0
3242,13976,6.72872927753634,4978.24300041366,25.9193622915267,11.6221535460644,11.8998274390274,17.8639581139639,22822.2982869292,26064.9793681203,820.920301129212,0
3242,13977,5.49939358037747,2642.85162770609,24.9131719360354,17.7970620608124,18.4410108087853,27.4154519517336,35685.8032840887,17177.1429027387,-165.255994125287,0
3242,13978,7.62668827038419,4471.73048088196,26.2426042002491,12.5082357061384,12.8357483089255,19.2338297102268,33599.8968804511,23125.7327227669,-1518.67257521462,0
3242,13979,4.60945429566788,7198.84992643451,25.7875648868576,9.14458491778365,9.30301070762639,14.0391848909251,35975.4344201215,25269.5089282496,180.003652121021,0
3242,13980,5.36241164827655,2810.90636255397,26.411138528622,17.2450903008251,17.8677966418668,26.5648180739236,29923.9499988147,21866.0160152607,-92.5273263788137,0
3242,13981,5.66559811697363,4320.55489392325,26.2218612403817,12.7986969052906,13.1422667658815,19.682800521091,25145.5856483949,25768.2045832555,-22.8013290164943,0
3243,13982,4.74369281350682,9064.28286476265,25.5508518246391,7.90362252631914,8.01084382718228,12.1257731397264,35949.5729771391,25228.5243232354,144.057518980008,0
3243,13983,8.56536364108289,6448.0568500109,26.0274487088476,9.82430375705935,10.0141684330107,15.0881608945921,31418.1167374787,32819.4321954627,-1262.32596344814,0
3243,13984,6.75963833336989,5165.57413041366,25.9193622915267,11.3423176773665,11.6054978012323,17.4316779714601,22817.5721434076,26048.5025224572,804.081956263414,0
3243,13985,8.47807598745853,4194.60709444505,26.2646832329071,13.0601444952028,13.4188324841588,20.0871073839945,33548.5857806557,23135.7893808186,-1426.51404665683,0
3243,13986,6.53211709436719,4659.37105024169,26.368799351478,12.1789331346014,12.489234907293,18.7250945955626,29866.7095261875,22822.7749849817,847.927588815146,0
3243,13987,5.69408838025644,4164.01213829036,26.2259036754163,13.1214761219574,13.4833811988192,20.181860766049,25153.2871446148,25768.7268065992,-12.1143402070512,0
3243,13988,7.85212932572242,8030.10354336991,24.7372496804325,8.48949103582767,8.6161467706559,13.0277990163208,36416.8318497254,25106.6088865845,691.73954705907,0
3244,13989,7.69973204419197,8897.66830465806,25.2889052978286,7.98522883855639,8.09454553807265,12.2512479128497,36405.2816921263,25114.6887669107,686.469885938247,0
3244,13990,6.51885467245631,5605.12343824169,26.368799351478,10.7794594200825,11.0168558731618,16.5631238660168,29913.263813974,22791.9554037358,731.593990762401,0
3244,13991,6.41075240636431,5259.40489041366,25.9193622915267,11.2088007880512,11.4651585819502,17.2254514599944,22809.5724503713,26069.7941611252,838.225552724454,0
3244,13992,6.15511533820472,3458.22915570484,26.1884283850564,14.8921485562117,15.3594804479462,22.920886948184,27270.720993165,25074.077744614,177.200024983461,0
3244,13993,7.21034494413699,7308.79135685058,24.514873443865,8.9963713334988,9.14264487825075,13.8089868452786,36434.3168127502,25083.6828690563,693.640768716679,0
3244,13994,4.74349477929631,8148.54283453453,25.7133272598452,8.45327304774566,8.58255452452755,12.9730968965748,35952.7669325869,25230.1326466775,144.118834594014,0
3245,13995,5.61121761379838,5298.60777476265,25.5508518246391,11.1293519548267,11.3794567551713,17.1021311878228,35903.6023436386,25181.1249922179,94.4497827073045,0
3245,13996,6.55858242414957,4916.63473024169,26.368799351478,11.7511254553257,12.0384481319266,18.064008250906,29929.1320619516,22777.7510617486,697.946519660265,0
3245,13997,6.54308616687757,5016.65634441366,25.9193622915267,11.5632644631958,11.8378665260461,17.7729824775576,22797.5522879562,26044.4472915466,834.231023577377,0
3245,13998,5.90197283355983,3153.49944570484,26.1884283850564,15.8772133321371,16.4069830235269,24.4457086066182,27274.8486779456,25093.8213613274,196.05999155025,0
3246,13999,6.52814269613092,5713.62351424169,26.368799351478,10.6453194718031,10.8760802362474,16.3559948053088,29904.2588163839,22806.0603406543,722.081407016906,0
3246,14000,5.60693661348121,5793.39983876265,25.5508518246391,10.4996481994078,10.7187553062798,16.1298307073406,35855.8515662478,25145.6339145422,190.331949301934,0
3246,14001,6.4296204380456,4423.07808570484,26.1884283850564,12.595879950074,12.9278748147214,19.3692028904733,27272.5951920832,25062.4948983266,164.635057027833,0
3246,14002,6.22283846826171,4077.82012041366,25.9193622915267,13.2808125633212,13.6495500319702,20.4276046885032,22809.8734164528,26056.3019413175,812.252281904909,0
3247,14003,5.72719142035941,6639.28114946684,25.7109053729538,9.62502723104701,9.80425561932739,14.7802353063293,35613.1732008593,24826.2060769809,-33.8923242886319,0
3247,14004,6.31735364568884,2904.93562041366,25.9193622915267,16.7833563750686,17.3699227956075,25.8481880009615,22815.0827781811,26056.1885584619,825.045667417137,0
3247,14005,8.81508513746863,6492.59699370484,26.1884283850564,9.78954142556652,9.97861391529596,15.0347396333931,27290.2106326708,25176.892988373,144.934372503584,0
3247,14006,5.39211912605553,6709.50847431712,26.2945338021071,9.59061492956706,9.77113639703939,14.7279266058525,29872.3038457154,23536.7537295011,-373.577105293198,0
3248,14007,6.22138485887103,3814.05225385847,25.036640723893,13.8111753986998,14.2036171586873,21.2458460140558,35219.2300168138,30608.9142606021,721.119633060497,0
3248,14008,6.67776528437519,4699.47543608106,26.1271406343642,12.0909703107943,12.3948944524718,18.5887107816102,27630.8225893568,25857.2874192242,888.753605883822,0
3248,14009,5.9863295361305,2844.69182545876,25.6910037517664,17.0022854302142,17.6010964161499,26.1866276184065,23867.7249160513,22359.9984031633,537.662150271594,0
3248,14010,6.67094925094558,2676.94449441366,25.9193622915267,17.7833097373214,18.4375672109158,27.3972441797838,22816.9505303853,26062.5733762638,801.254350886518,0
3248,14011,6.59602356861824,4046.14908732111,26.1563042316279,13.3726234929041,13.7484577810343,20.5700752573477,31668.2238927196,18895.9061582707,699.33915370951,0
3248,14012,5.35968670481496,4904.99007415443,26.4311369171382,11.774174040309,12.063117046541,18.099730494419,30539.5883289568,21074.1796406952,-295.811742677765,0
3249,14013,6.52122841162827,4244.88082208106,26.1271406343642,12.9437510241842,13.2948178871497,19.9068690891643,27616.2998838975,25864.5828729454,857.208556107358,0
3249,14014,6.3728106690836,4172.41527385847,25.036640723893,12.9984458741423,13.344463795034,19.9891860584155,35239.7275983267,30589.8248294581,748.459558576131,0
3249,14015,5.28509065782875,6020.43137301733,26.4352973985551,10.2930025575983,10.5069951012187,15.8121546105888,30649.1118263284,21107.3356942833,-337.378292319448,0
3249,14016,6.36478801347811,4497.99993278488,26.1507518101331,12.4518452067328,12.7756063669183,19.1464910299396,31667.1996175292,18907.5507415172,677.648228396928,0
3249,14017,5.97183034694782,3028.19328597609,25.6499334082677,16.266287467835,16.8160773014586,25.0466938027323,23877.9900380422,22337.1635511516,550.881307307284,0
3249,14018,9.20235084529834,3920.44838723458,26.2629873816216,13.672274691735,14.0664198275339,21.0337310245828,29878.5096329163,32089.4226153577,-1114.33897661285,0
3250,14019,6.58382550967804,3914.17750417591,26.3046487476065,13.6910988359333,14.0866777082807,21.0629360606071,27621.4112036726,25856.454049008,889.404412339435,0
3250,14020,6.15723016036065,4274.1568805831,25.1040861062661,12.7958856269173,13.1311388226105,19.676204646152,35240.782368244,30575.7154304028,719.758895872899,0
3250,14021,6.48402806761032,3033.64690951878,26.1822751003568,16.3129275090639,16.8710224896396,25.1203630242696,23660.5849763003,26966.5819247192,757.716711422561,0
3250,14022,6.153563260105,2809.13355024331,25.7267024156897,17.1588857234056,17.7685790730033,26.4292990221183,23875.144523125,22375.5005193507,524.052818456857,0
3250,14023,5.40026352091441,5481.34704994907,26.4161961492992,10.9412406332451,11.1869982185291,16.8130332274412,30628.6627694994,21008.5869949247,-368.34533942618,0
3250,14024,8.99232899855031,3655.12282112471,26.3066237107518,14.3473322353474,14.7821971849922,22.0781121480777,29919.4756702483,32117.7732364853,-1111.10927222635,0
3250,14025,6.27796294033297,4711.41382524312,26.02528862497,12.0627493353771,12.3644745943873,18.5449128015103,31667.2690067939,18914.2443382324,650.752794311753,0
3251,14026,6.42272915671363,4427.6120225831,25.1040861062661,12.4975259800651,12.8163961172413,19.2150551252974,35232.7226797181,30594.1119306841,730.823632684627,0
3251,14027,6.66938988937177,3403.92599551878,26.1822751003568,15.0552699597082,15.5327153772241,23.173327049219,23665.0946648398,26944.6648696951,724.971704359477,0
3251,14028,6.58220598458647,3687.88238017591,26.3046487476065,14.2595898729473,14.6891186043126,21.9423540777749,27623.1003362333,25860.094464639,882.639393026021,0
3251,14029,5.99420646044655,3130.25060424331,25.7267024156897,15.9033490075921,16.4303909133842,24.4849574968756,23873.506002214,22364.9440556561,513.264583688916,0
3251,14030,6.32818462251389,4176.15999924312,26.02528862497,13.0780859360735,13.4360272907926,20.1143604877561,31661.2081885407,18912.0268117384,676.49288463223,0
3251,14031,5.25437929553703,5258.57608594907,26.4161961492992,11.2436081244179,11.5047358585295,17.2800398414423,30637.9868052519,20999.7525893011,-369.829938488825,0
3251,14032,9.07119931689588,4015.95275312471,26.3066237107518,13.4544651234098,13.8361975639042,20.6969575810347,29899.2640958238,32084.5128480418,-1144.85965080609,0
3252,14033,6.51690319099134,4549.12625724312,26.02528862497,12.3480462912081,12.6652435601878,18.9858193690898,31666.273338307,18919.8080924723,684.565399128617,0
3252,14034,6.4163049760022,3101.12864389348,26.178496388933,16.0629414182394,16.6046592659622,24.7332530098426,23694.5188462297,26962.4104812751,732.767794068025,0
3252,14035,6.40128922629708,4736.12221224331,25.7267024156897,11.9980134627958,12.2942787732135,18.4443301212046,23849.7081852108,22356.6174352233,487.84878782271,0
3252,14036,5.60903109003536,5588.07226131615,26.0683362178903,10.7819580926957,11.0177701567435,16.5665103272195,35235.7690865301,24154.1020108962,-119.920578350988,0
3252,14037,9.30470631591878,3795.20818112471,26.3066237107518,13.9825494938851,14.3954364081316,21.5137643087278,29893.656847861,32118.9191010774,-1107.86310586356,0
3252,14038,5.82825882963064,3449.91111635635,26.2869648818721,14.9276316669963,15.3980318937783,22.9760383819173,27958.9635135691,26076.8742379083,145.981011629371,0
3252,14039,5.36289780918666,5236.08753994907,26.4161961492992,11.2753931238741,11.5381548232642,17.3291367708049,30654.3881767495,20977.8113785415,-410.634757509761,0
3252,14040,5.57575070123621,2413.28132878386,25.970964710119,19.162890003262,19.9146490865667,29.5355285766671,33918.8250793251,29278.8419629384,-63.427657223826,0
3252,14041,5.98365912408788,3949.4151417477,25.9959552507054,13.5790508741527,13.9656478413558,20.8889738953434,23248.7454685408,24252.713147482,219.08924141685,0
3253,14042,5.66455878801588,3753.35653528059,26.0192457051756,14.0605584881405,14.4757792348919,21.6337984951342,33910.8455869782,29275.0906347832,-102.62354393078,0
3253,14043,6.52897025654036,5346.59716951878,26.1822751003568,11.1059568432013,11.358666358393,17.067045130545,23665.0318404366,26965.1184210627,711.539664246744,0
3253,14044,5.58399155021259,5997.47413582488,26.206301193439,10.3051982047968,10.5185570194925,15.8306443887262,34284.6824670154,21862.6883173537,-536.535898358767,0
3253,14045,6.12493748719788,3819.92871624331,25.7267024156897,13.8643770529452,14.2655740104204,21.3296827448309,23855.069330319,22358.6254656669,519.417088776728,0
3253,14046,6.40750599350243,5141.77983924312,26.02528862497,11.3842368796547,11.6502253538978,17.4966091605449,31673.4946417305,18904.4651051826,670.295037009969,0
3253,14047,5.26526870848371,5315.33708794907,26.4161961492992,11.1644417743063,11.4215148268005,17.1577590738789,30606.3643494586,21002.3801997821,-298.226663900149,0
3253,14048,9.55501820105048,3731.94950912471,26.3066237107518,14.1442170544916,14.566799000206,21.7638643977504,29897.5720188136,32090.6945301513,-1119.02628051126,0
3253,14049,5.86565126614755,2374.44884694247,24.9041830543354,19.2099196055747,19.9520046822176,29.6048398471398,36581.3754584535,18986.6434177173,181.422026393261,0
3253,14050,5.5499395643881,2988.43475243108,26.347176213872,16.506888051032,17.0793989348949,25.4211867793092,25868.1441163184,24235.3687725808,-158.442726848741,0
3254,14051,5.82723812637445,3648.66695728059,26.0192457051756,14.3354335392704,14.7671815377306,22.0590427095985,33894.624584894,29253.7744985108,-89.5047418264521,0
3254,14052,6.50924107633359,4522.11993751878,26.1822751003568,12.4098866634345,12.7315559031128,19.0816977152714,23686.6274205224,26967.007265745,726.559127732069,0
3254,14053,6.02510392462905,4287.95082703297,25.6803653722434,12.8178887224422,13.1586139102989,19.7113887307325,23864.7255360226,22339.3509610102,505.578127778603,0
3254,14054,5.62529420945445,3229.00272443108,26.347176213872,15.6359853217934,16.1517103236551,24.0726450981753,25861.9562901197,24242.2421370954,-158.647846841579,0
3254,14055,9.31075622174062,4055.26684509678,26.3053391892453,13.365732378511,13.7422989812228,20.5597304073281,29914.1496999939,32076.9105571172,-1109.04781541539,0
3254,14056,5.31328117697475,5142.52109194907,26.4161961492992,11.4102755389565,11.6800092879856,17.5374943183105,30601.4223047176,21001.9930106119,-306.252906601698,0
3254,14057,9.70488970485846,4878.15529709523,25.8609520392435,11.7751268629389,12.0604553776089,18.1001913265033,32151.1568025956,18401.9833805379,-1013.33117007406,0
3254,14058,5.54570575500504,5050.93999628386,25.3734472278012,11.4724056034001,11.7388495741272,17.6316740611394,35792.9325877835,19437.7651319407,-40.0886066248533,0
3255,14059,5.64014232591366,4188.09347228386,25.3734472278012,12.9955887995816,13.3439941826785,19.9854716747414,35756.3562866876,19445.0994716519,-64.1887719463954,0
3255,14060,5.58638419608086,4201.18916728059,26.0192457051756,13.0249500426708,13.3798265338969,20.0321924099771,33906.2088347706,29272.2757778351,-90.27985515772,0
3255,14061,6.0359447591185,4144.42941103297,25.6803653722434,13.1149643302717,13.4724219376232,20.1706685870904,23856.9792396282,22363.8921116152,505.671209520935,0
3255,14062,6.42350726523232,4242.16947751878,26.1822751003568,12.9540743553543,13.306128149983,19.9229407758963,23662.1400160734,26948.4801868802,722.594726782783,0
3255,14063,9.2945599304947,3841.15441712471,26.3066237107518,13.8681380530706,14.2742079872334,21.3367816571029,29910.4602323925,32097.4918803209,-1161.98451132381,0
3255,14064,5.5134432140889,2883.52491443108,26.347176213872,16.9280330147351,17.5286481775728,26.0734826101488,25863.1800241578,24242.5732379066,-193.005831013104,0
3255,14065,5.48912938315695,2416.7367018832,26.4285936133031,19.2174665382206,19.9785870030391,29.621637075881,30474.9703982389,21109.837616231,-151.246556149878,0
3256,14066,5.72523546999966,3974.82796528059,26.0192457051756,13.5222179857363,13.9056833085257,20.8011293738132,33878.8555985641,29267.766480742,-86.783531268822,0
3256,14067,6.43774512708183,3222.49783351878,26.1822751003568,15.6386506832942,16.1530175574116,24.0763503209892,23663.4440721148,26943.4096279448,734.584455073858,0
3256,14068,6.0830595804987,3107.02683703297,25.6803653722434,15.980488399057,16.512050635734,24.6042629978141,23866.1401611613,22334.103390361,531.811660578522,0
3256,14069,5.74750253890943,3406.50086228386,25.3734472278012,14.9577497591844,15.4219013052749,23.0204122950762,35689.3003524833,19429.4967457827,1.70793152745771,0
3256,14070,5.36641120697075,2236.2997098832,26.4285936133031,20.3315870489295,21.1741913804963,31.3492346000127,30434.2531183922,21132.1706593702,-162.817130151659,0
3256,14071,7.8323772288664,3460.09550681887,26.3796736913306,14.9072779132502,15.3772183780789,22.9447606940531,27321.8267530092,23810.8606060266,1191.08733633112,0
3256,14072,10.1433856072303,3811.11095312471,26.3066237107518,13.9426686791102,14.3531751990511,21.4520716729519,29888.6473742122,32120.2419797548,-1101.09183246518,0
3257,14073,5.63408151509093,3890.23475878386,25.970964710119,13.7167397025838,14.1112023813488,21.1018712477593,33913.3577060084,29261.6841542852,-109.016736609398,0
3257,14074,7.45650741435103,4327.47938681887,26.3796736913306,12.7981832529618,13.1428528482744,19.6823176027384,27332.0100916385,23807.0444600679,1223.95921265259,0
3257,14075,5.93283147970648,2701.51451424331,25.7267024156897,17.6403916524462,18.2827375763551,27.1752293823218,23870.6322496116,22355.8033672458,534.744288376188,0
3257,14076,6.6474091968165,3028.20648751878,26.1822751003568,16.3334856871948,16.8929311331579,25.1521989096862,23683.2818791085,26933.9999508345,724.580935709526,0
3257,14077,6.08835134670994,2465.59798382128,25.7107238807891,18.827622977553,19.5524052210191,29.0149753769353,33033.5003142754,32387.3773789976,204.266610011496,0
3257,14078,5.26912766677167,3162.8674518832,26.4285936133031,15.8730910573769,16.4048597958705,24.4399501253297,30422.8894254014,21243.5455644805,-307.932520663978,0
3257,14079,5.55760504473037,3393.43579694518,25.627183885795,15.0257801173783,15.4964287332725,23.1263211876412,35125.2622951584,19515.5964812089,-280.48054010013,0
3257,14080,5.44995936267619,2828.68029534462,25.2280729975374,17.0065722814031,17.6007763192867,26.1919196242052,35297.9894163017,17566.112568645,-291.998504489904,0
3258,14081,5.90496888537452,3276.74948582128,25.7107238807891,15.4035921577804,15.8986422887261,23.711276962522,33066.1631503066,32387.5425508519,205.357884600737,0
3258,14082,5.58742913613634,3212.61823528059,26.0192457051756,15.6529193301452,16.1666782350675,24.0980207813409,33907.1963865889,29265.3200988228,-94.5635464816072,0
3258,14083,6.08753317989791,2796.21795103297,25.6803653722434,17.2084525701638,17.8209908064216,26.505943796303,23862.4163085164,22355.4350173488,493.87613813877,0
3258,14084,5.47555123811961,4846.62490183068,25.1732448703626,11.7743268567293,12.0551035325456,18.0977106763287,35352.3376507562,17561.7199891467,-271.536724075857,0
3258,14085,6.02892755308034,3145.30638280119,26.2608746530453,15.9148148159581,16.4477035285598,24.5041160755502,24272.5530878187,26816.6257101705,406.047491017838,0
3259,14086,6.09318190633114,4268.49838072875,25.7556469816622,12.8635874365454,13.2074215321784,19.7821866348526,33037.6138225335,32384.6622929238,211.345153611056,0
3259,14087,5.63589422752701,4475.95015078386,25.970964710119,12.4782836863555,12.8022500177687,19.1870109657523,33915.8719806529,29262.4047867964,-113.543092241507,0
3259,14088,6.08582364258959,4549.64009080119,26.2608746530453,12.3658803676587,12.6856708932001,19.013829169799,24254.188316946,26807.4534052431,407.368682208685,0
3259,14089,5.32871140024161,4886.01882534462,25.2280729975374,11.7156110649801,11.9936892337402,18.0071032948486,35322.3993367399,17564.158618016,-269.846825541842,0
3259,14090,5.90052418990304,3280.35779424331,25.7267024156897,15.3936907418868,15.8882643531972,23.6959917714522,23878.2162123889,22368.6597135092,513.478133260237,0
3259,14091,5.78048657993389,4492.00457294518,25.627183885795,12.4205058919123,12.7388961098789,19.0970457418152,35162.4002469114,19485.2009077801,-173.595983146533,0
3260,14092,5.88721289397628,3914.51957495623,25.7865813441811,13.6413669556538,14.029956383362,20.984896358565,33037.853315009,32386.8390968968,205.72582287305,0
3260,14093,5.67829773248822,3914.52953515658,26.1203655466199,13.6729020968516,14.0659676038901,21.0343937342312,33910.7036332513,29268.1057851208,-88.4880164386418,0
3260,14094,6.16042065914294,3860.42045551389,25.6968228042265,13.7623696611286,14.1573257669809,21.1718428637395,23865.458201434,22342.1516310739,523.299650122547,0
3260,14095,5.35359024531346,5190.41578455522,25.5274975663244,11.279449470304,11.5370019404829,17.3339065957254,35218.8998346901,17647.7801550046,-226.227998547987,0
3261,14096,5.79996497814593,4953.01138315658,26.1203655466199,11.6758603179716,11.9576281134537,17.947284445446,33868.6226141083,29263.9479088299,-100.844969800711,0
3261,14097,6.12490031791553,3328.91431295623,25.7865813441811,15.2445929640574,15.7303385649081,23.4653687140792,33081.2594918002,32376.7583513695,212.335812658121,0
3261,14098,6.09242184702537,3043.38801151389,25.6968228042265,16.2153269691695,16.7622635429272,24.9679137929495,23874.0064820127,22357.8610870559,523.739759566725,0
3261,14099,5.40426475227736,2935.91495282813,25.9026246921216,16.656295997721,17.2342528033315,25.6513529695075,35148.1912972668,19549.2136714866,-275.644128186096,0
3262,14100,5.86793042305887,3808.70063492827,25.7398258673543,13.8934836210696,14.2965048309914,21.3747324130526,33030.5198519151,32393.9097809648,264.35255481673,0
3262,14101,6.10672063642882,2461.08953700468,25.7444609473318,18.8577993549984,19.5851186613566,29.0618588049113,23880.0651550202,22345.1632898516,566.59334940875,0
3262,14102,5.60595313066657,1666.05629358674,25.8811518505558,25.1732609655955,26.3850936121786,38.8611759577566,35130.6095829292,19506.3508827452,-259.245366654034,0
3262,14103,6.10223575027804,2599.93749276305,25.8139845148839,18.1414399860077,18.8192838808974,27.9518534529344,23880.1136866765,22344.7799895791,566.975260721438,0
3262,14104,10.8590153571615,3317.63259485229,10.6310515374391,13.2740407995955,13.4802468037427,20.372334426167,42460.8688022172,29757.0015880322,340.794942325048,0
3262,14105,6.76444979557155,3446.68920347662,25.8723938736613,14.8921244588857,15.3566781484928,22.9200847843493,33956.3325234186,30403.0069852246,-51.3298388945679,0
3262,14106,9.33035328948546,1997.14174811618,23.9878665405644,21.5951047695386,22.4984459063595,33.299759853848,28571.7467342443,14770.230207966,-1214.17168881347,0
3263,14107,5.81081052498611,3058.65529295623,25.7865813441811,16.169909159642,16.7147759945281,24.8978325733459,33053.8845513697,32364.0599276095,251.585472965695,0
3263,14108,5.93346537984486,2536.43759551389,25.6968228042265,18.4469094938138,19.1447217091729,28.4248699505672,23871.7075268717,22356.5518341532,531.843833576902,0
3263,14109,5.75877354866399,1885.58943558674,25.8811518505558,22.9410884259294,23.9750464049123,35.3957900297616,35152.0761856809,19497.9453990802,-227.659015478193,0
3263,14110,8.7976042364156,2080.31192411618,23.9878665405644,20.9618153631438,21.8182590591609,32.317595614293,28600.7597052372,14741.3596248506,-1315.02527329219,0
3264,14111,5.90734379975242,2935.59682583571,25.7715913543369,16.640402485072,17.2159751615899,25.6263715630669,33111.9237410601,32166.3638259345,174.843174441971,0
3264,14112,5.98276863145165,2479.23896100468,25.7444609473318,18.7585363921805,19.4788290214147,28.9080026990501,23869.1771217725,22357.9310901185,520.461782960744,0
3264,14113,5.43384365199661,2181.70066082813,25.9026246921216,20.6062975528136,21.4625592768886,31.7734370715425,35161.0216789889,19528.059455233,-240.216322158974,0
3265,14114,5.92623496777971,2753.06657792926,25.830910365278,17.4201237008779,18.0485906215846,26.8342902152514,33108.3470719548,32154.6636002694,196.63801612277,0
3265,14115,6.06642303233955,2618.59746300468,25.7444609473318,18.0387234705286,18.7086621464955,27.7924699379463,23865.8388151257,22343.8973808028,556.435982640773,0
3265,14116,5.52820440222756,1637.07007758674,25.8811518505558,25.5099768299364,26.7492277883339,39.3840834986855,35167.0088550894,19500.1326939929,-234.324260696326,0
3266,14117,5.94452253456064,3372.94429592926,25.830910365278,15.1116045659814,15.589429874379,23.259650773425,33088.1959972146,32142.9274158032,199.246645610275,0
3266,14118,6.23755509957732,2524.49950351389,25.6968228042265,18.5093217728892,19.2115081783089,28.5215958798644,23867.9750379422,22355.9974981296,525.391746838948,0
3266,14119,5.40567035631354,1873.18879758674,25.8811518505558,23.0540524626053,24.0968407925286,35.5711153107305,35154.6382346783,19521.3778550537,-241.167393101326,0
3267,14120,6.16316169901451,2726.74512300468,25.7444609473318,17.5269128916367,18.1617103324136,26.9994729019764,23863.1058178174,22360.3229180524,514.885274993832,0
3267,14121,5.55868776256814,1825.25390282813,25.9026246921216,23.5090549422824,24.5879246840878,36.277442678784,35141.9957100005,19520.0102449677,-278.231188752945,0
3267,14122,5.93613741478871,1093.51760792926,25.830910365278,34.8990166951003,36.950047408224,53.9783931858807,33110.758149259,32170.9335980657,288.96070810657,0
3268,14123,5.94384400216979,2804.58211951389,25.6968228042265,17.1744346819086,17.7848575744031,26.4532973700449,23864.3639665199,22347.9351532193,505.571532196136,0
3268,14124,5.61147663516253,1861.99958958674,25.8811518505558,23.1571907466423,24.2080580342159,35.7311952677616,35147.3328348291,19513.4465458321,-280.861235803762,0
3269,14125,6.16847686918443,2466.26564700467,25.7444609473318,18.8293527839069,19.5546563851231,29.0177664867215,23868.8582174714,22360.6904649396,541.172479189695,0
3269,14126,5.51573570036152,2025.84468482813,25.9026246921216,21.7580887779269,22.7010533826296,33.5601354909877,35159.7938740505,19532.6181004836,-237.593002976929,0
3270,14127,6.11385280175278,2798.50427490006,25.808847706874,17.2163004454337,17.8307322825769,26.5184764252789,23873.791978292,22348.9453405075,495.740840989096,0
3270,14128,5.51040904385411,1677.27421620557,25.9565022789265,25.0645205954584,26.2687349403632,38.6926484617154,35178.3512056254,19496.7645255229,-231.4480356242,0
3271,14129,6.21279603093945,2748.95920881367,25.7666310422108,17.4294981886471,18.0579102982364,26.8486225915358,23862.1143554212,22352.4683775994,522.244340881557,0
3271,14130,5.77454595375122,1505.73692904675,26.0135427589489,27.2255868643727,28.6090003387617,42.0496143433816,35129.9705808413,19510.4645075624,-284.798113246213,0
3272,14131,5.96788411163625,2230.22949801512,25.7180210641486,20.245289579189,21.0724854416459,31.2129092502715,23877.2851987382,22355.819248217,530.497223395123,0
3272,14132,5.4634651254958,1378.44867504675,26.0135427589489,29.1445353312234,30.690735597096,45.0315259879879,35142.2179387181,19512.2027472664,-265.275095822047,0
3273,14133,5.96225497148028,2509.47512601512,25.7180210641486,18.5919685911547,19.3002066971154,28.6497525885029,23869.3298979673,22335.7940238659,510.522782333924,0
3273,14134,8.4326657389848,1496.32857987065,23.9364756095431,26.7641188510982,28.0722027844266,41.322505247942,28723.6375670783,14407.6138925172,-1357.00514012239,0
3274,14135,6.05804395784057,3166.75299201512,25.7180210641486,15.7743297450085,16.2930084881783,24.2851923434099,23864.7961808766,22331.8124760246,533.818363235187,0
3274,14136,5.30703419003484,1756.82775804143,26.3885624796176,24.3053330516257,25.4549825943363,37.5156682759392,35080.1882202081,24529.1563792665,-224.865088823667,0
3274,14137,8.89171481139706,1847.46053760236,23.8832781185305,22.844066822822,23.84020376801,35.2368571460166,28720.544957139,14364.6396624042,-1454.15998939421,0
3275,14138,6.38165575685672,7214.78062502046,25.7765187074311,9.1312237568441,9.28902314310672,14.0185629024954,36117.9035770216,25428.0750635894,837.541315134436,0
3275,14139,6.34973289646095,3294.79351541707,25.5211829956241,15.3232000164862,15.8114363188611,23.586361430715,23573.1958174771,22006.7139118346,314.016093626961,0
3275,14140,5.22049595661168,7028.06805204143,26.3885624796176,9.31481054049107,9.48343406279214,14.3025292373322,35113.6116572369,24527.665478196,-247.452098442895,0
3275,14141,9.016904336166,3268.56355338305,23.7672520332536,15.2011433760316,15.665153092663,23.3928824859817,38453.0395763218,19623.8883423317,-1314.4729618292,0
3276,14142,6.80999347415829,7792.78691702046,25.7765187074311,8.6966638088958,8.83612999735253,13.3484148182131,36093.554736773,25407.4738157855,927.62687452535,0
3276,14143,6.01864519718563,3066.98125005938,25.4159625885717,16.0928340073751,16.6290535289692,24.7774887159423,23370.0439566395,21731.0402650054,565.12281229355,0
3276,14144,9.16544999660111,4228.76166931115,23.7798065880783,12.7703755859605,13.0941770884764,19.634003721354,38414.441398575,19692.4963699658,-1219.03339821366,0
3276,14145,8.84296052688726,6767.3710471418,26.1076510334762,9.52842667958576,9.70524638342208,14.6317263365427,35943.6919867873,24902.7660724442,-971.448238069172,0
3277,14146,7.99446204094097,8678.34812773434,26.0015069186638,8.13794931547065,8.25587389508807,12.4873641035203,35956.0340279474,24999.373514376,-1116.43480226067,0
3277,14147,5.66935572299012,6730.90974760173,26.180582964872,9.56519928839892,9.74402374421431,14.6885597023702,35264.9256517577,24450.5616127553,-96.6032231290112,0
3277,14148,7.16750187241813,5724.92169388137,25.1028752464182,10.5531317328758,10.7722738302693,16.2116947041143,36022.7399979027,25001.7116731949,-1090.56536816694,0
3277,14149,8.35485168507175,2814.41161743535,26.3762819438838,17.2251094874222,17.8460957019799,26.5337639789129,25242.8502511595,27584.4215178016,-1441.22749736768,0
3277,14150,5.59590970767767,1791.97638131079,26.1365500802205,23.8884989537368,25.0009757361645,36.8674499335577,23139.9272276162,25568.5412741783,323.481042970613,0
3277,14151,5.92412815267177,1572.29689005938,25.4159625885717,26.180469533608,27.4668978527082,40.4232815927705,23405.3401182565,21728.0940660381,575.790042605365,0
3278,14152,6.55044589351726,7551.69032102046,25.7765187074311,8.8709143943773,9.017638929152,13.6171064040596,36158.6805867949,25454.8286338862,734.288407674468,0
3278,14153,5.7380024062564,2709.71169731079,26.1365500802205,17.6611791730684,18.3094069426011,27.2086646434602,23121.8859142551,25559.8220522268,287.085887187801,0
3278,14154,5.7943974902449,6988.65094767052,26.1015731541078,9.33418756691304,9.50233561589616,14.3320532647123,35733.2384907265,23684.1825431632,222.473569932948,0
3278,14155,8.05316853312431,2716.79511088988,26.3848174685769,17.663703741715,18.3147768770382,27.213312332673,25244.2491583058,27558.0574187002,-1500.40107301944,0
3279,14156,5.82355558867322,7129.57329567052,26.1015731541078,9.21616344256157,9.37913289699949,14.1499899292975,35777.028571032,23697.1226930346,173.444409299966,0
3279,14157,6.47847220546441,6978.19935902046,25.7765187074311,9.32699288830575,9.49330097543575,14.3205329668836,36163.9414805198,25462.4796211849,721.436381460126,0
3279,14158,5.77720333328638,3553.13128931079,26.1365500802205,14.6113382159924,15.0608871109227,22.4862133917073,23109.0169351522,25555.2850433262,310.14559190665,0
3279,14159,7.1886764593502,2568.98174202786,23.4974580689999,17.9382760144615,18.5751514766437,27.629628839103,38577.2920055693,18713.046810148,1138.78545775579,0
3279,14160,5.33302244242556,1741.11661777783,26.7393457047537,24.5527222242008,25.727659006373,37.9012765403401,32406.1490387455,22386.2755699785,-463.847681460494,0
3280,14161,5.81248776871411,7196.35965329033,26.3222844969815,9.17216493945544,9.33421939537159,14.0823991398666,35798.9258662173,23701.3059636467,130.798754783788,0
3280,14162,6.33378876017605,7268.50292480563,26.0163464469677,9.09968318753397,9.25721226122907,13.970216811877,36190.0599454428,25449.5135995208,751.968588075331,0
3280,14163,7.1908292565609,4381.25753480705,23.5799854663927,12.455549937306,12.7609241174051,19.1470886909294,38544.2119489526,18695.721478352,1081.83281524812,0
3280,14164,5.77206579999406,3618.04517569129,26.2260219320532,14.4398511093097,14.8796728279867,22.2210760203648,23126.7167648106,25549.0800608535,301.472503104113,0
3281,14165,6.45340732325676,5738.79722480563,26.0163464469677,10.5931936438606,10.819435539064,16.2749697952846,36161.3625640405,25447.1585733183,743.830324783617,0
3281,14166,5.86974009992058,3643.52925769129,26.2260219320532,14.3704302922801,14.8060278460141,22.1136650974677,23112.9270014352,25530.1027990439,299.283530982824,0
3281,14167,5.80202727272783,5073.38364329033,26.3222844969815,11.506166951708,11.7803136898743,17.6854709794243,35806.2664141981,23706.7856569453,120.14380671624,0
3281,14168,7.93371489946859,2586.48253573888,26.5047449527943,18.3127368459267,19.0102984290264,28.2194526489735,25218.3151280929,27572.435015726,-1507.04840904746,0
3281,14169,4.96490617601342,2001.11162276693,26.5875538360431,22.0940209718836,23.0721910521368,34.0839854513007,32507.3068064873,29529.16679617,-295.575787941258,0
3282,14170,6.2895233888649,4960.24420280563,26.0163464469677,11.6570557474968,11.9371740810261,17.9180494393953,36168.6880462381,25442.6523577878,771.268521955818,0
3282,14171,6.07298249163139,4967.82518624683,26.5861584208373,11.6863243689833,11.9715869748432,17.9642637853933,32036.1070216795,29895.3649950282,415.878979057293,0
3282,14172,5.73537112837764,3870.90365569129,26.2260219320532,13.7876817138126,14.1883435429373,21.2121547345736,23112.9059230168,25554.3923019456,260.995012718193,0
3282,14173,6.94504666137491,3405.8716585981,26.491014784245,15.08327294493,15.5651998487952,23.2174195132888,25050.6927482026,27602.6087811815,1084.49975172925,0
3282,14174,6.28441277098657,882.793954894188,26.4747939922112,41.8270570859931,44.5364239039278,64.7643170466163,28110.9874793791,21961.2383369762,71.6115467840625,0
3282,14175,5.86295177015051,1290.01937567,26.1204799970848,30.7247619878717,32.4098654951289,47.4884579203897,35425.19965648,20394.5894998209,-92.269167076044,0
3283,14176,6.21219180985615,7229.14246280563,26.0163464469677,9.1311358041984,9.2900229413965,14.0187293997554,36178.7741824836,25437.1822464406,774.537355946692,0
3283,14177,5.81225946734314,6794.33123624683,26.5861584208373,9.52849777590462,9.70760249466072,14.63246728391,32052.7105382227,29894.7220782942,485.138492167505,0
3283,14178,6.81940211790288,4450.60129988458,26.4635360739017,12.565993366866,12.8982472540526,19.3235337117433,24950.034068788,27596.555184303,1021.55017436934,0
3283,14179,5.71936974527662,3749.84875969129,26.2260219320532,14.0900121440775,14.5086808539195,21.6798267176323,23139.8316993249,25542.4439867806,266.181289720365,0
3283,14180,6.4346237261609,2912.25236115343,26.5661660804133,16.8386455346794,17.4354716309828,25.9356330177241,24984.3628667319,27594.0366786683,1002.12950683452,0
3283,14181,6.15077961010469,6923.44483952257,26.735066687381,9.42166664501963,9.5966555487864,14.4678286322554,30828.6293810109,29193.2683519409,-990.508956897925,0
3283,14182,5.79921986823841,937.176148894188,26.4747939922112,39.8280132757628,42.3485925448372,61.6523962108759,28117.6319214695,21970.0591091419,185.069247100142,0
3284,14183,6.26082843286008,6170.72708480563,26.0163464469677,10.1061018970943,10.3090096521637,15.5230470299684,36170.2868045419,25453.698215298,784.391172739184,0
3284,14184,6.9187930765802,5194.41893203671,26.4759572524652,11.3390164221411,11.605420664863,17.427515591351,24959.6803316507,27585.6230046855,1042.25612620868,0
3284,14185,6.08144685461749,7706.69823770251,26.6264628639315,8.79537973484847,8.94257616038857,13.5016351588054,31946.4158561554,29726.5627280981,288.301583043483,0
3284,14186,5.97897005522602,3104.00238769129,26.2260219320532,16.0583500873064,16.6002256479666,24.7262694964876,23113.6074363558,25548.298569164,264.778696547195,0
3284,14187,5.67210220183899,2411.56435961875,26.6621581150307,19.2851015894828,20.053859932435,29.7272563192661,28222.900767026,23018.4143543668,-138.39775971023,0
3285,14188,5.51875025573078,3005.97693166999,26.1204799970848,16.4103464647661,16.9742391595292,25.2710578736794,35421.1136582409,20413.783566435,-80.230506500661,0
3285,14189,5.38741436034084,3003.60121361875,26.6621581150307,16.4880583055884,17.0624156857893,25.3928767800578,28239.6492685265,23031.1774794342,-120.463712829146,0
3285,14190,5.78003183577568,2773.03971169129,26.2260219320532,17.3861761513653,18.0165440270022,26.7828578009417,23129.3158198261,25543.1302330455,280.945624180944,0
3285,14191,6.0960501634449,3425.09808080563,26.0163464469677,14.9726580670468,15.4434810954012,23.0450669182445,36167.9730210711,25444.9764666699,785.232194474289,0
3285,14192,5.764904771655,4634.5125245131,26.4375339822547,12.2278468370134,12.5412745101368,18.800817825248,33001.8930171293,29687.1396833662,71.2566016459781,0
3286,14193,6.22452403453908,4553.76615934694,26.4116259437527,12.3703478626595,12.6914129870797,19.0210180809094,34156.3520897435,28520.9970086444,618.269323983023,0
3286,14194,5.7453247095009,2759.57206967,26.1204799970848,17.4316042311334,18.0639490651515,26.852929203414,35439.6315352704,20413.8517430437,-95.2559656587974,0
3286,14195,5.64969850646797,2273.33153424288,26.1723258716355,20.0450061344426,20.8632420324436,30.9039106938875,23111.7950875104,25529.0925127909,333.319819696155,0
3286,14196,5.52290774798013,1147.02967361874,26.6621581150307,33.9124194412725,35.8915824077177,52.448545900085,28229.52671961,23073.191199776,-107.411604836748,0
3287,14197,6.08363828717143,4352.88903934694,26.4116259437527,12.7505328490317,13.0927480225544,19.6087131763145,34183.6036319143,28517.8811660072,646.115039075417,0
3287,14198,5.70034490514298,2761.48833167,26.1204799970848,17.4230196393686,18.0547792867411,26.8396294469202,35423.6766743734,20409.8534845556,-68.9283385930171,0
3287,14199,5.91402833461356,1959.48737569129,26.2260219320532,22.3669802371122,23.3612424386429,34.5061808544395,23129.4918039297,25550.6557977622,322.203404308874,0
3287,14200,6.61533218481464,1590.18076023901,26.565288266792,26.2581089653758,27.5701043551727,40.5491853227166,28020.2996310836,22585.3919046531,715.705809832872,0
3288,14201,5.6655995248593,2496.88999367,26.1204799970848,18.7223584905693,19.444479417176,28.8531371369315,35412.5687892843,20411.5036051333,-96.1012315524097,0
3288,14202,6.54719330546732,3581.87115744693,26.5849435855835,14.5771803829616,15.0284278916515,22.43440340422,28055.6244360677,22564.7535596786,671.779624948791,0
3288,14203,5.92827099065995,4071.15351746051,26.3181594379163,13.3315131732199,13.7061942561501,20.50683902718,34257.7899533577,28656.7314430574,592.84826630615,0
3288,14204,5.84462228297886,1542.46911769129,26.2260219320532,26.7854828941476,28.1357280795329,41.3668827857751,23122.2065150727,25541.8945656351,280.156070559991,0
3289,14205,5.78314387534719,3462.22349567,26.1204799970848,14.8729292702076,15.3384741509523,22.890979941271,35413.6490615688,20391.9310760648,-95.2762933812272,0
3289,14206,5.86638524393201,2168.18372569129,26.2260219320532,20.7596184521752,21.6315107544332,32.0124014647035,23112.393994596,25546.3184076339,296.57041950741,0
3289,14207,6.57641431032951,1463.10157847777,26.6614275781068,28.0190387070746,29.4806178310695,43.285592398529,28859.2661579366,22458.0331594996,676.830276312416,0
3289,14208,5.31631848392937,2698.5579951859,25.3214894113279,17.595471887825,18.2302964191499,27.1044085954931,33995.654935672,15374.4396489139,-369.29426240219,0
3289,14209,5.36965061087699,1983.58963570344,26.7069262694429,22.2626829084202,23.2555484362572,34.3461732220276,28819.8855352001,26992.5668020474,-525.932255371779,0
3290,14210,5.5902940414535,3890.52836783188,25.9197718266465,13.7111612391432,14.1048908047471,21.0931315024828,35413.4647426748,20379.8561118513,-89.5594386695668,0
3290,14211,5.80932693031865,2771.91465743306,26.0832101140158,17.3713123241044,17.9991553388542,26.7594134681579,23128.7440845547,25571.794155568,293.833957265916,0
3290,14212,5.34135940438927,3551.60456455347,25.1120103539223,14.5070705841666,14.9414141968119,22.322444865287,34012.9965317796,15378.4761989209,-332.656419896684,0
3290,14213,5.51525940616909,1460.76559317416,26.7276843154633,28.0725990020139,29.5398789376931,43.3691426797339,28991.2470720949,22395.7327762058,283.342660631462,0
3291,14214,5.71907959986757,2403.37562543306,26.0832101140158,19.2382279709343,19.9967368984281,29.6526919833248,23147.6491318027,25567.4648925255,298.67490276586,0
3291,14215,5.75974075697196,2020.07181117416,26.7276843154633,21.9680024545991,22.9383542132449,33.888960918296,29001.2845852507,22383.8659079212,195.293442081653,0
3291,14216,5.15936468646749,3903.05142055347,25.1120103539223,13.6041149262359,13.9851555976776,20.9258024646249,33989.7363201873,15361.7904743688,-312.893960061698,0
3291,14217,5.27754555933244,3483.94180601944,25.3841295915048,14.7292977094629,15.1795226734012,22.666934363458,35906.8871640194,17960.7597668306,-147.427432450044,0
3292,14218,5.77738668258178,1889.77335743306,26.0832101140158,22.9468403450739,23.9841935712749,35.4055311731903,23086.8159075185,25541.3792586723,261.825802128631,0
3292,14219,5.75428605073527,1483.38629517416,26.7276843154633,27.7416650235853,29.1808319811897,42.8548832285031,28994.9108967289,22398.2732234559,223.126918249118,0
3292,14220,5.14863822825918,3342.79808455347,25.1120103539223,15.1239968989411,15.5960320972731,23.277022087684,34012.2998103205,15378.830172848,-330.524279417807,0
3293,14221,5.83089540321756,2546.43449543306,26.0832101140158,18.4544692484821,19.1572474635074,28.4378084030209,23146.3245470207,25566.1112261508,249.612295587778,0
3293,14222,6.12632915879466,1946.52437761944,26.6707484219336,22.5694992843406,23.5857381286825,34.8221969513992,28749.6346983731,22267.835796883,705.45757550294,0
3293,14223,5.23789611460814,3023.61931855347,25.1120103539223,16.2149113006018,16.7559795590901,24.9656613377454,34013.2695567116,15361.7174596563,-346.745829307467,0
3293,14224,5.19862945225852,1321.72861919275,26.9185440289318,30.4039337100806,32.0759446926172,46.9938357470728,28835.5528741308,26949.7129386986,-583.840249999211,0
3294,14225,5.28736948751928,3272.49109255347,25.1120103539223,15.3476899808341,15.8336371568078,23.6232123417945,34012.6267070021,15368.6638390924,-321.863079545453,0
3294,14226,6.12436548924254,2334.20400361944,26.6707484219336,19.7479757114186,20.5505445595537,30.4449942472273,28761.6317224271,22271.7736065482,687.366602361202,0
3294,14227,5.35455126719846,3565.46338014257,26.8506890542265,14.6509751619251,15.1090101066915,22.5492146297847,29065.8905969827,27669.8890636366,70.610986078154,0
3294,14228,5.69825348760702,897.856484590965,26.113266153629,41.0688394258702,43.6977890219019,63.5815209422324,23476.2404149715,24689.1541430309,264.460958106896,0
3295,14229,6.19482561947586,2150.59526761944,26.6707484219336,20.9660452683431,21.8591975404971,32.3341963632541,28769.857837015,22264.8478470209,672.828473877004,0
3295,14230,5.37768397085103,3649.00353655347,25.1120103539223,14.2411737372578,14.6595862729138,21.9111058000218,34008.1397047749,15366.5187697284,-348.676068214641,0
3295,14231,5.79897054087278,3579.22777347609,26.839595913831,14.6109374710855,15.0664007537413,22.4872292976682,29087.5373396282,27789.2483630868,-3.74510335659021,0
3296,14232,5.49301490130824,3544.17920209285,25.0480890335135,14.5210359929246,14.9556602373577,22.3438959580932,34160.9527548379,15223.0852590089,-280.129635673368,0
3296,14233,6.36398682283614,1685.11980961944,26.6707484219336,25.1509401052651,26.3734578140078,38.8299736792659,28754.4831453014,22258.6281737952,696.600488248746,0
3296,14234,7.40182550691432,1883.57766847749,26.0721837193892,23.0006528543113,24.0420572964132,35.4890077295616,23643.8822362786,29643.0828324177,1096.35384837024,0
3297,14235,5.32457548545938,4197.75681178316,24.9788044938756,12.9405638098888,13.282911830089,19.8995871529113,34288.2737462923,15084.4318165657,-306.620352597496,0
3297,14236,6.32637028039198,1432.70184961944,26.6707484219336,28.4803017963127,29.9813795072125,44.0024669477767,28759.1407905478,22264.8192765928,666.968935414575,0
3298,14237,5.43498269435849,4690.94097778316,24.9788044938756,12.0164493381529,12.3086303481514,18.4714186156832,34305.2645955944,15068.3911546418,-281.043670055511,0
3298,14238,6.15241506686701,1811.06447761944,26.6707484219336,23.8197063186684,24.9346760887755,36.7628567173409,28771.1985731225,22238.8523999946,616.008727354739,0
3298,14239,8.84174760066213,3122.37791395912,24.7967542532929,15.8167395567473,16.3291686024489,24.3483784487348,37010.6521331065,18142.9412342915,-1215.29702855918,0
3299,14240,5.39500767848353,5547.70832578316,24.9788044938756,10.7629812877861,10.9915373558191,16.5354623817859,34281.327215036,15071.9736113169,-249.540183751471,0
3299,14241,5.89221733886789,2813.60651244904,26.6390004435286,17.2643682264583,17.8907500792353,26.5953350721611,28718.8438800085,22064.6375065009,423.427260761941,0
3299,14242,5.35138229188672,3815.45281558217,25.993499189404,13.9014480595826,14.3069906963847,21.3876166136035,34050.6148732974,18662.4587919908,-444.974891217215,0
3299,14243,9.96843420270645,3636.20044195912,24.7967542532929,14.2425283379287,14.6583096525541,21.9124539630603,37037.007421361,18200.9233637638,-1191.69898664553,0
3300,14244,5.22772725270873,5468.50999235184,24.8912282357118,10.858453546112,11.0911436570083,16.6827211085371,34300.9420854551,15064.2383815067,-279.144529627075,0
3300,14245,5.2694894543021,5076.52811534943,25.7574195754773,11.4615920688016,11.7299044962638,17.6156401516367,34056.4800354052,18663.2787630819,-423.610077350512,0
3300,14246,6.14282711588313,2030.62577444905,26.3670697894643,21.8123531830083,22.7658382458648,33.6460893384276,28716.4142180705,22049.1955386416,394.590550868932,0
3300,14247,9.67183582541211,4423.22887594092,24.7201507712857,12.4736441887837,12.7884389603492,19.1773805504226,36989.0509425144,18136.9021695763,-1193.37318407763,0
3301,14248,5.39626279471353,4557.84502235184,24.8912282357118,12.2411876993616,12.5447064509383,18.8185020542756,34290.8931480555,15061.6994793331,-206.239136226247,0
3301,14249,5.49289033617996,4371.46004337827,25.7814401128728,12.6615451593246,12.9942975812323,19.4699106090145,34060.7497670978,18674.6149165547,-427.105798956787,0
3301,14250,9.00340854329918,4148.21223994092,24.7201507712857,13.0208769621866,13.3657240466685,20.0231933885137,37021.9164812855,18168.5736829909,-1180.43012287113,0
3302,14251,5.31929456230411,4659.32665246336,25.7458407452122,12.1306330383276,12.434130930179,18.6492957892668,34051.9140152634,18669.5429050247,-433.711371222887,0
3302,14252,5.87517056075638,5584.46134145323,24.6434701247841,10.6951771821205,10.9184729351535,16.4302373211392,35616.5858992891,15187.8548678032,-92.328929425084,0
3302,14253,7.10010079627033,2396.33213829587,26.8314200082245,19.4013277000941,20.1805097227056,29.9080109911623,32343.384341878,26890.7052552953,1085.86070704263,0
3302,14254,9.29338086626179,4196.38310194093,24.7201507712857,12.9204120993937,13.2596738414209,19.8678944339812,36987.0249404027,18136.858253774,-1210.51160095924,0
3303,14255,5.75269081219456,4718.59725545323,24.6434701247841,11.9435769467907,12.2296221556736,18.3581964427348,35600.8235824118,15158.9412179784,-86.9082215864244,0
3303,14256,5.30122438050363,3848.00593934943,25.7574195754773,13.7984117590129,14.1959714945519,21.2277219989509,34046.766456523,18663.3376194364,-407.094968002035,0
3303,14257,7.35527632576897,3917.02920429587,26.8314200082245,13.7336462146223,14.1358324264213,21.1298746110488,32353.4128944414,26880.5883206206,1095.01140891329,0
3303,14258,5.68947549072503,2957.39102280553,26.5551601830899,16.6554438596354,17.2398932177987,25.651837079527,33807.9517298372,27164.836252856,74.9416790161171,0
3303,14259,9.7916031767583,3400.58372194092,24.7201507712857,14.9023482524574,15.3571478884397,22.9330451119422,37003.8696416829,18136.7373217498,-1253.73533703277,0
3303,14260,6.01508533295675,1036.73697207126,25.7935823034275,36.4057425011326,38.5932536277297,56.3222360374282,28866.2417030971,19957.6545878951,81.3596931453144,0
3304,14261,5.60082555955072,4461.95030345323,24.6434701247841,12.395054634145,12.7050551393086,19.0557789802525,35575.8419458708,15167.8860385727,-78.7445902539661,0
3304,14262,7.98957636787386,4720.38291838155,26.6691832601726,12.096564516319,12.4043749746669,18.598344628708,33366.1449861085,27164.7794517362,-555.66181980728,0
3304,14263,5.70641467716696,1047.06716607126,25.7935823034275,36.1170529570906,38.2781417696544,55.8730770008776,28859.2965803529,19952.247413435,74.134718572221,0
3304,14264,7.6221717894887,4204.86204656902,26.8493922438411,13.0892102698521,13.4538304927768,20.1332270876447,32365.061329703,26848.7808453683,1101.5753382967,0
3305,14265,5.38406691970638,3236.78443934943,25.7574195754773,15.5408177246081,16.0449852157907,23.9238094879652,34051.1544937264,18662.4307286789,-434.084774383434,0
3305,14266,7.10506638367677,3626.17587429587,26.8314200082245,14.4794782065456,14.9267656479241,22.2837811937378,32358.5690309023,26848.3026447727,1045.37075694759,0
3305,14267,5.36204403638103,2953.51744266898,26.508595185101,16.6648439645653,17.2494579246546,25.6662691083089,33606.8109927525,27977.2462003529,-283.233959040265,0
3305,14268,5.33523952932876,763.107974071262,25.7935823034275,46.7885959261846,49.9566797724143,72.4852913235649,28886.1957384183,19934.4674833516,156.315789507327,0
3306,14269,7.12224139031428,4246.89058029587,26.8314200082245,12.9999332298465,13.3592975002152,19.9951419438603,32355.4727510015,26878.5994548841,1156.81389172968,0
3306,14270,5.43524664837222,3067.55868134943,25.7574195754773,16.1334309826015,16.6756414794577,24.8412717404497,34026.0817885475,18680.7212647832,-440.325688423529,0
3306,14271,5.6124602952408,3538.79231466898,26.508595185101,14.691256050574,15.1488974270641,22.6107553625269,33590.3902027595,27971.0560144428,-300.52582316459,0
3307,14272,5.46778997919789,3629.61115246336,25.7458407452122,14.3588323669904,14.7896930258737,22.0946096771037,34048.9712062317,18656.3297166262,-392.58418222245,0
3307,14273,6.56889510008695,3786.27410562324,23.2562213168152,13.7003176209866,14.0713413199391,21.070277020491,38321.9092501539,16234.4098524466,884.624262675988,0
3307,14274,5.33237919813232,2711.81069339567,26.2176328779365,17.6630164757929,18.3122455671727,27.2117524566983,34223.2888041759,28375.411023035,-96.0116502837192,0
3308,14275,5.43911039060444,1804.59604368488,26.3538127287946,23.8123310611972,24.9220052284288,36.7501048508836,34462.6535162767,27213.0665709841,-236.421179708812,0
3308,14276,5.53139509212921,3908.35717934943,25.7574195754773,13.6532030734987,14.0422527647274,21.0031381151046,33917.3122510715,18653.5393595043,-258.769495575363,0
3308,14277,6.37516041952216,2996.84023962324,23.2562213168152,16.0726065111435,16.5853561333084,24.7400665238792,38339.9091807638,16240.1874444794,882.958886217246,0
3308,14278,5.41148705652319,2270.75833969738,26.3095459342678,20.0854402789117,20.9083632304269,30.9670865162643,32446.6876929596,21970.718474607,242.924980267421,0
3309,14279,5.60343805392531,4986.90779057976,25.7655709041018,11.5976959729622,11.8731149446657,17.8259042267989,33749.2809177731,18634.0742433684,-100.846368836607,0
3309,14280,5.25880946637143,4947.61447208305,25.9779380017495,11.6739485715765,11.9547082126311,17.9440803445146,34114.9555770865,20482.8467525523,-471.52193122469,0
3309,14281,5.67167010498014,4484.43338568488,26.3538127287946,12.4934669279697,12.8209327847602,19.2112136109611,34450.6092688319,27207.9635684658,-195.190177302973,0
3310,14282,6.05435378382283,4591.24259595816,25.5487251714375,12.2345097491165,12.5422562967817,18.809448072816,32077.0512731053,33040.9326060012,431.730279222385,0
3310,14283,6.04801665891348,4901.57105472676,26.1399996382593,11.7583330386846,12.0445750793269,18.0747410220238,34222.9050395134,23777.3012076957,543.746182661215,0
3310,14284,5.60138038443357,2880.05429438276,25.6228817097672,16.8457042058128,17.4333609524207,25.9439105529525,33746.3513565315,18633.4352338477,-124.418546452417,0
3310,14285,6.19033831759018,5376.14508033439,26.1206658769052,11.061775694931,11.3118844997475,16.9987093258596,34464.4637951654,27157.1171460167,-210.764147211495,0
3311,14286,5.85589393063484,4826.67850995816,25.5487251714375,11.8347943097858,12.1212251603199,18.1918146269654,32069.0186803037,33042.9078110236,450.697432550226,0
3311,14287,6.13382384225062,2606.74067523164,26.800017346733,18.2544105428343,18.9511332299873,28.1299543962425,30535.369367075,28979.7377813234,-905.070064600458,0
3311,14288,5.48334250960157,1663.54084325502,25.5322361768614,25.1147359759913,26.316180810525,38.768732836354,28168.9925868948,19474.0642870155,-106.691228738384,0
3312,14289,5.76024298177434,4150.56841395816,25.5487251714375,13.0901687402806,13.4452279318262,20.1320583444648,32071.71782111,33039.5358837319,409.617874665201,0
3312,14290,5.57423139310149,1636.93343525502,25.5322361768614,25.4226638027077,26.6490855253476,39.2469060989636,28123.2858974654,19444.7386516979,-106.084449718865,0
3313,14291,5.84834206781418,4733.61865995816,25.5487251714375,11.9885656715898,12.2831358956447,18.4294028524975,32069.933051608,33048.0090449944,431.064874023726,0
3313,14292,5.94787598338363,5408.73449345969,25.8068235020478,10.9973558557455,11.2423693389502,16.8987099677922,35423.1798487827,24313.010876384,-77.7118421342638,0
3313,14293,5.22842073179706,3212.36055638276,25.6228817097672,15.6068875547071,16.1139847882864,24.025735135704,33757.7120886492,18623.4824102306,-108.532607776396,0
3314,14294,5.88171377906682,9438.25903745969,25.8068235020478,7.71728367582572,7.81847540799583,11.8389203291287,35411.5915441115,24338.0232211789,-52.358974613198,0
3314,14295,5.87776839158297,4622.12304795816,25.5487251714375,12.1800229420004,12.4848337505438,18.7252477503376,32085.7776947072,33054.0112534192,408.592640042586,0
3314,14296,5.79809238654502,3919.55051868483,24.5122203328425,13.5077152378216,13.8783635155512,20.775400419629,33744.9626915604,14090.2262998997,142.832298028958,0
3314,14297,5.48816969713815,3185.02629038276,25.6228817097672,15.699882023985,16.2128975302853,24.1696916003529,33776.739954221,18621.4746674362,-119.951724433386,0
3314,14298,5.53682430278103,1848.24949163874,25.2370747442343,23.1423051564212,24.1823772781002,35.7054308256875,27545.8318044792,18603.6761505446,168.97255434435,0
3314,14299,3.52957711272097,7715.19503491658,25.2762002958353,8.7293948137815,8.86805516098604,13.3982846907947,36747.7260949559,25894.2777222043,-1049.86282375045,0
3315,14300,5.71486306492432,4638.11109000388,24.5108444124859,12.0698008439055,12.3615505861221,18.5529523472817,33755.7513348508,14087.9973521314,159.958695967396,0
3315,14301,5.85425671807421,4789.56469995816,25.5487251714375,11.8954850197354,12.1851191711772,18.285583794512,32050.7157790355,33020.2721497545,412.137769803861,0
3315,14302,5.59943424909468,4086.07871479032,25.6252094611872,13.236079844625,13.6000136656678,20.3578181986945,33752.9979958099,18612.6601090843,-108.373284030888,0
3315,14303,6.17906107339739,9854.17748932263,25.4350247182133,7.50188164367627,7.59391680426591,11.5067205584226,36184.319690587,24481.6700231666,253.189085160968,0
3315,14304,5.74708652798451,2060.44797563874,25.2370747442343,21.3576024995557,22.2610391552318,32.9362976794894,27558.7730691423,18587.0029986776,123.537050817002,0
3315,14305,8.08312540858227,7261.59543123091,25.045807051274,9.05887092036443,9.2102266712547,13.9060465904232,36460.1100485003,25461.1300184297,-521.321342769613,0
3316,14306,5.78782709502922,4846.14666000388,24.5108444124859,11.7249616598714,11.9987504328915,18.0202299889456,33756.5590107401,14078.164530861,116.844378473039,0
3316,14307,6.25287771567942,8089.13594365514,25.348470898454,8.47673892504841,8.60545597865285,13.0088537703602,36407.3501948178,24664.3610855292,506.851305931126,0
3316,14308,5.47523658517169,4072.40977838276,25.6228817097672,13.2658582275246,13.6314754282621,20.4038573283578,33764.2273277966,18619.7801983099,-123.742278495335,0
3316,14309,5.91661733468392,3825.13331062355,24.9339629267401,13.7738985446745,14.1633246305558,21.1879635093972,36394.0590650507,17741.3532941891,22.8206388108874,0
3316,14310,6.76113341603444,5048.72435699699,25.7018492149744,11.4992141905118,11.7691200049863,17.6736593750032,31418.3291988721,33172.1608917473,905.584466703439,0
3316,14311,5.70189200425865,4153.17106945652,25.9489377946729,13.1201545399921,13.4799230605703,20.1792491421317,34154.1236412411,22028.2545586149,-569.418658839418,0
3316,14312,5.65670138828491,1821.92842163874,25.2370747442343,23.3906964517089,24.4501768020877,36.0909429582914,27543.7194481191,18583.7035941498,160.569589981526,0
3317,14313,6.06237550544008,5237.63246531935,25.2546721478814,11.1937992213799,11.4453349520128,17.2011605152767,36472.4396752693,24745.6003260784,538.539558631408,0
3317,14314,6.53268964518515,4437.15044099699,25.7018492149744,12.5290961277053,12.8539647199695,19.2650268177488,31369.1615078299,33166.2718078989,910.724918336599,0
3317,14315,5.62741128027421,3714.94061479032,25.6252094611872,14.1202138103692,14.535747986671,21.7251860770159,33753.4995874521,18622.6120761941,-138.688781231363,0
3317,14316,5.55494001708508,3420.16327462356,24.9339629267401,14.8676208676546,15.3222556323476,22.8798501051612,36394.401431837,17720.256509911,43.7090477308196,0
3317,14317,5.80668602071609,2054.17056563874,25.2370747442343,21.4054499258905,22.3124823907845,33.010518588781,27547.275564356,18573.6342405101,84.7077556797836,0
3317,14318,5.92226734347186,3480.86626422129,26.4444698940294,14.8527169333661,15.3198222888754,22.8604751790243,32620.9415114372,24554.2742536822,268.434512556734,0
3318,14319,6.1072982530261,4339.61041931935,25.2546721478814,12.6791546208872,13.0090685325005,19.4960786005908,36482.8000669129,24752.5800221864,542.345393011387,0
3318,14320,6.40774685701828,5376.40091067524,25.1661821980177,10.9978781181691,11.2390867414481,16.8984583148484,35573.9191582015,29234.1171961097,857.416472803409,0
3318,14321,6.54023533080628,4636.83815699699,25.7018492149744,12.166318159348,12.4714378868149,18.704358222726,31380.5970911818,33157.5306505635,913.942731040798,0
3318,14322,5.74730293573439,3009.63325238276,25.6228817097672,16.3330088251945,16.8868808078746,25.1499339982368,33763.7094332362,18632.9177675528,-118.067621478349,0
3318,14323,5.73511333273097,2032.51900763874,25.2370747442343,21.5725922179727,22.4922158418996,33.2697980737585,27552.2994977053,18571.4151184646,98.8512011757911,0
3318,14324,5.37011860170319,3877.57213990474,26.3892632445679,13.7870418849342,14.1889529189585,21.2115197175822,32496.4161886645,23818.2406922859,-518.255629267416,0
3319,14325,6.10722156748698,4878.45448331935,25.2546721478814,11.7295941939594,12.008575560552,18.02875330448,36470.9420626515,24749.0165002159,511.585633055254,0
3319,14326,6.51793959805697,4898.68324499699,25.7018492149744,11.7306924097531,12.0126522362551,18.0312561575289,31373.3444466846,33154.5229380927,890.828499133801,0
3319,14327,5.40432717304076,3678.95317994261,25.3189158821989,14.1831693787296,14.5998868984385,21.821864306495,35050.1304479872,17511.742834649,-288.869982693571,0
3319,14328,6.2712238591711,5930.50242281772,25.5631143532555,10.3423306876972,10.5539811148822,15.8870018867634,35118.3574924987,28863.6294028416,60.8342619895344,0
3319,14329,5.65555919529985,2005.11866363874,25.2370747442343,21.7889301871119,22.7249199233917,33.6054116281054,27534.6489485296,18595.6418997793,102.024919966935,0
3319,14330,5.24662635277394,4239.57892946185,26.3763130359469,12.9761051190749,13.3308222627189,19.9573925503575,32515.8295191935,23806.318738547,-537.696687744575,0
3319,14331,2.91891918435479,2977.59152456029,26.7730624893963,16.6034976449318,17.1866299718636,25.5719715727674,31194.0428299046,25881.2937802612,-433.242475212416,0
3320,14332,6.06959050889437,3997.79507427282,25.3162000855875,13.4042739795018,13.7754374739669,20.6172281333742,36474.8547265422,24743.3577245455,552.125233619848,0
3320,14333,5.94352553995346,4953.88554928413,25.4797684317689,11.6278696163724,11.9030248116531,17.8720111565665,35073.6944448537,28793.6418912739,98.3078076225255,0
3320,14334,5.57360447759169,5677.40554805835,25.9976615397855,10.666525985683,10.8962498462583,16.3881640677003,32592.8341886078,30755.4578586108,-241.847854654724,0
3320,14335,5.2996377475458,3645.83681454352,25.3594917071499,14.2752316609901,14.6977889076012,21.9643727547485,35073.7065884265,17508.3241716512,-316.120131389036,0
3320,14336,5.67697357512673,2139.94780976334,25.228053470926,20.7725747125653,21.6322404758193,32.0288576208812,27471.9682913385,18677.9719956171,123.033910690331,0
3321,14337,6.17203723395284,4662.87014427282,25.3162000855875,12.0909005001914,12.3893449966687,18.5870921094771,36468.3582868552,24751.3609481336,533.806312012645,0
3321,14338,5.8282024233476,4394.68946128413,25.4797684317689,12.5914744522199,12.9181901194317,19.3610045060931,35047.3787658783,28782.3277467784,132.485863204072,0
3321,14339,5.25165002570644,3751.38540654352,25.3594917071499,13.9999180408339,14.4061059686885,21.5385006092053,35053.7450666112,17523.0753942482,-290.288483412246,0
3321,14340,5.83166692125677,2206.81989040083,25.7435985219313,20.4060663916862,21.2454355027091,31.4623304000587,23021.2268438284,25184.0820504585,387.05288804692,0
3321,14341,5.91747614394286,2416.85868176334,25.228053470926,19.0207302539594,19.7533940295179,29.3126935785836,27461.1911899994,18673.8071010417,108.793652116982,0
3321,14342,5.74197867062219,3725.59381247585,26.5370978253774,14.1836160345363,14.6104498191668,21.8253351681144,32275.6915600685,24582.5797892766,-883.021914778996,0
3321,14343,8.18579935694063,3373.08373551275,26.7830986112589,15.2170833407703,15.7100276891514,23.4252485467956,29728.0598573859,25165.5923391196,-1347.75082824262,0
3322,14344,5.70513778290361,5105.02796128413,25.4797684317689,11.3997868499191,11.663179584343,17.5196912094643,35068.0330201079,28796.5858278082,146.755698479707,0
3322,14345,6.19287335700323,4700.86499427282,25.3162000855875,12.025927151497,12.3209132325292,18.4866981647541,36456.7034846042,24738.2726212011,544.709523444854,0
3322,14346,5.17342432265839,4542.38311854352,25.3594917071499,12.3068096667103,12.6171463407846,18.9208154661941,35064.551636177,17498.3961591137,-318.87810032674,0
3322,14347,5.6675108143876,2397.65315440083,25.7435985219313,19.2154828569193,19.968273640106,29.6163049715806,23020.2498837029,25180.2442615507,382.176482860333,0
3322,14348,5.70464579452037,2840.08827176334,25.228053470926,16.9584327806267,17.5494351580896,26.1173611254097,27460.4739315075,18688.3270421768,148.4760348213,0
3322,14349,5.75754031119533,4449.80869247585,26.5370978253774,12.5734718100582,12.9066528553614,19.3352349321022,32284.1971317432,24561.7190202189,-914.771286890919,0
3323,14350,5.98617433895174,4888.94500827282,25.3162000855875,11.7175402426254,11.9962974860436,18.0102432753779,36487.6846240491,24751.2760439146,557.111294945328,0
3323,14351,5.86873431035881,4786.13553328413,25.4797684317689,11.8958963812841,12.1850937405233,18.2860928330559,35066.4521414041,28779.0198242623,135.046648078835,0
3323,14352,5.22866437720471,3997.04138454352,25.3594917071499,13.4100174340748,13.7818500994016,20.6262028085211,35055.8836421722,17502.3838036625,-283.347059109398,0
3323,14353,5.81644265140064,2183.40625240083,25.7435985219313,20.5653961921383,21.4165491428097,31.7094296844735,23022.1672239234,25155.2425641388,393.502036914548,0
3323,14354,5.8138598502762,4627.49243447585,26.5370978253774,12.2479788856831,12.5631741766196,18.8321168948351,32261.651319378,24590.7172417137,-846.911968920567,0
3323,14355,5.95657849526459,2301.81688376334,25.228053470926,19.7011300306695,20.48243758734,30.367436107994,27433.6238182678,18671.9228361102,142.961535223452,0
3323,14356,5.32738909271775,3710.16697072637,24.8960576157167,14.058646325695,14.4644116128096,21.6282664998518,34533.1642117728,15188.5845447953,-335.743047082925,0
3324,14357,6.11764278339777,5024.88948027282,25.3162000855875,11.5074203533722,11.7752985957771,17.6856588804597,36482.7338085089,24763.0412244376,561.286617236819,0
3324,14358,6.0253407149159,5056.31954759402,25.2492389226931,11.4554657340429,11.7202504470206,17.6052900868497,35825.4465108451,27979.9405659881,502.926348429413,0
3324,14359,5.30058498311548,4223.64487254352,25.3594917071499,12.9207277801889,13.2648318733989,19.8697128670527,35054.320668108,17500.5719734344,-315.539061958993,0
3324,14360,5.57991318997806,1847.17936240083,25.7435985219313,23.2651003743263,24.322389590592,35.8981196321984,23025.8052224733,25176.3311422207,380.686616566021,0
3324,14361,9.79685939425122,5538.9869199832,25.9540859909287,10.8369877760808,11.0748704899148,16.6513031222318,22762.3973582626,34240.8511108653,-1060.6531362571,0
3324,14362,5.73723803983176,2181.55492376334,25.228053470926,20.4831013681514,21.3213920036965,31.5799325155556,27442.6559206382,18666.7572939047,171.446042938102,0
3324,14363,5.40265450315548,2637.59903332286,26.9335045870113,18.1205862736785,18.8093540417712,27.922947284371,28414.0171110506,28998.9317272262,-349.031603525989,0
3324,14364,5.93120511722258,4170.36483047585,26.5370978253774,13.1352054084073,13.5001934697743,20.2037229363142,32278.8234688113,24562.2383949806,-919.128105127145,0
3324,14365,5.12615595627898,3605.95582022197,24.8797729943689,14.33267356334,14.7545352182503,22.0520947267734,34555.383685654,15202.4896769612,-324.10309067187,0
3325,14366,6.20238762792512,7060.80701660503,24.3478736385342,9.18650105342566,9.33995632198384,14.1019593036864,35981.8257324444,14530.4018627375,344.933083680682,0
3325,14367,5.43388784759985,4660.61868654352,25.3594917071499,12.098177023554,12.3973058799908,18.5984174297569,35066.5885875748,17484.7996352763,-278.778658564875,0
3325,14368,5.66804314262294,2859.03177640083,25.7435985219313,16.9492048486408,17.5450167212864,26.1045626664482,23032.2120178089,25181.6507164669,355.52625493968,0
3325,14369,9.82319448863934,6629.2739199832,25.9540859909287,9.64711385305723,9.82853505394539,14.814644467463,22725.9539048445,34234.7355225376,-1074.81119837733,0
3325,14370,8.77189640926423,5685.41920004299,26.1725073325916,10.6675892585352,10.8983490770627,16.3900775767117,33791.1169525439,28014.2210417028,-1232.67615409108,0
3325,14371,5.38911019899839,3017.28322132286,26.9335045870113,16.4693962258043,17.0451496183561,25.3646993159454,28406.9890328471,29024.4045995903,-343.961363846736,0
3325,14372,6.18571093754937,5604.92112959402,25.2492389226931,10.7087287613973,10.9362297617919,16.4521395470205,35813.570529503,28016.2678609706,477.340019490733,0
3325,14373,5.46445495686798,3242.28019194918,26.5822694897645,15.6186347115959,16.1354092962914,24.0463793778285,32681.8992774341,25201.5114713892,-63.1649490551642,0
3326,14374,5.81399357977029,3169.29854283501,25.1652659074898,15.6987225491855,16.2072728251483,24.1666871764255,35948.2625117549,17733.126047115,159.325240323125,0
3326,14375,9.8967638634746,6700.7042379832,25.9540859909287,9.58108667750655,9.75952997042646,14.7127691578989,22738.5074846719,34262.4076769788,-1086.93320941939,0
3326,14376,5.38708577213214,3009.66222532286,26.9335045870113,16.4987698537947,17.0764800107688,25.4101940940205,28407.4973868138,29010.731030637,-330.515294753994,0
3326,14377,8.8121695481987,4334.12410004299,26.1725073325916,12.7675839533062,13.1090529986212,19.634603720284,33780.9615092701,27973.4348175445,-1233.15931544678,0
3326,14378,5.55891462466245,2386.85376670249,26.7364695764024,19.441639739392,20.2226326178189,29.9702066991393,26591.2634062449,25284.2941951761,-262.256686359461,0
3326,14379,6.13181761269659,3237.89412047585,26.5370978253774,15.6281402422122,16.1451114216789,24.0609815727933,32294.7753285328,24552.7371247737,-942.000508586657,0
3327,14380,5.51820795488169,2802.52159083501,25.1652659074898,17.1095521107586,17.7099472803951,26.3512336796841,35959.7164949062,17735.9677186087,151.404762370063,0
3327,14381,8.88693480969551,4589.49354404299,26.1725073325916,12.2870250074738,12.6018949101122,18.891786109757,33789.4151905885,28003.9806106434,-1246.40314039207,0
3327,14382,5.64599741577148,2865.17038270249,26.7364695764024,17.0565043907503,17.6697528658746,26.2735855919064,26579.854447677,25288.8157119968,-210.863581594033,0
3327,14383,5.12663921614439,2817.61753132286,26.9335045870113,17.2867989901379,17.9177449602995,26.6309222424755,28405.6422628941,29022.7031451351,-309.493073021443,0
3327,14384,6.15174983491952,3109.70280047585,26.5370978253774,16.0756329374977,16.6216072967719,24.7538495100349,32276.114565232,24581.5926470454,-899.64526117752,0
3328,14385,5.79750218827729,3219.60592683501,25.1652659074898,15.5281252421332,16.0258955008834,23.9026218376668,35953.6348793548,17742.3747340775,139.700481797208,0
3328,14386,9.07483328299934,3577.24466204299,26.1725073325916,14.5472740386098,14.9932042275311,22.3871675217427,33772.3723158311,27994.2114738949,-1230.51787198521,0
3328,14387,5.51410047171584,4079.24796082383,26.7578944997423,13.3529464150542,13.7321696493854,20.5408939760009,26604.2385735457,25285.6042124821,-240.680976175544,0
3328,14388,5.35663942635821,2553.54781732286,26.9335045870113,18.5468215383564,19.2657136816521,28.5835921996815,28427.6549956897,28991.0454929515,-300.133002323271,0
3329,14389,5.82480922878297,3167.86685283501,25.1652659074898,15.7036494850022,16.2125121716864,24.1743138124687,35935.0951611447,17722.0320778159,146.598417053543,0
3329,14390,9.10312221686384,4118.75387204299,26.1725073325916,13.2140264616379,13.5808383378406,20.3248593869634,33755.0047319876,27991.2903680894,-1210.44575361166,0
3329,14391,5.64039933497852,2626.87108870248,26.7364695764024,18.1447243302234,18.8330416016313,27.9597659015475,26581.2971967389,25288.0003064,-216.669474111263,0
3329,14392,5.48717035993705,2737.39883932286,26.9335045870113,17.645887970243,18.3015528198484,27.1873107062936,28391.4117008095,29018.4376547043,-367.483068840373,0
3329,14393,5.81773180988539,2953.47238247585,26.5370978253774,16.668695366997,17.2538498509206,25.6723124926398,32281.9134048039,24559.4821001657,-889.86367406536,0
3330,14394,5.6101029317824,2663.95168712384,25.255584871027,17.7476197446915,18.3920683077759,27.339919126432,35947.808582004,17728.3388353153,183.237980411305,0
3330,14395,9.1555047800507,3863.43055240016,26.3666986211414,13.8192831385071,14.2229280259805,21.2613420330909,33757.9593943836,27992.4177981705,-1236.77155586523,0
3330,14396,5.56663936199562,3730.10730326636,26.9165537416881,14.2093120977962,14.6407698284668,21.865936377632,26572.1717536883,25277.5528616353,-236.635399332456,0
3330,14397,5.47809653611171,4877.35766111937,26.8106692310696,11.8461940848389,12.1413959138417,18.2116818449865,27608.8444403452,23221.702237254,-63.0207435696637,0
3330,14398,5.7490376075103,2827.81270403306,26.7211951817277,17.2138906704704,17.8376791462176,26.517365735856,32260.013326089,24587.0302678291,-892.907310141999,0
3331,14399,5.8738525217621,2408.14172312384,25.255584871027,19.0747332436856,19.8115612288288,29.3964915083251,35937.0854016089,17737.9241610382,155.123201348067,0
3331,14400,9.00603920864437,3860.36893840016,26.3666986211414,13.8267571181555,14.2308455054132,21.2729030058328,33788.3347347865,28034.5954226602,-1172.45845373548,0
3331,14401,5.52734828296731,5613.29037311937,26.8106692310696,10.7968541907075,11.0376047437206,16.5906723289873,27573.5306686233,23221.4202484381,-69.84621743072,0
3331,14402,5.7504504725754,4615.24413926636,26.9165537416881,12.2991948509968,12.6197376556254,18.91197633825,26578.6805813226,25289.9251274954,-273.451788134494,0
3331,14403,6.36589121897225,3132.49384157565,26.3265859635358,15.9682283735335,16.5052046375719,24.5869904035659,28996.3099255452,20976.0609300659,180.301579594305,0
3332,14404,5.4397797691244,3245.64543326636,26.9165537416881,15.6459354815747,16.167517927345,24.0894869366953,26578.4605675657,25281.3359974869,-266.572720588629,0
3332,14405,5.80889620781778,3350.53736711937,26.8106692310696,15.2912199156168,15.7891159685399,23.5400771189211,27592.0439513465,23209.3805577543,-74.7795036875148,0
3332,14406,6.02226897038357,2376.19718794968,26.2840348584958,19.4302236077316,20.2049913086885,29.9510182961527,29008.4987607324,20956.0004462719,197.925520685478,0
3332,14407,5.48939743388819,868.415891619553,25.1914341211542,41.7245623965324,44.3927841236879,64.5959330149958,36008.7442988246,17712.6282007329,203.866758147369,0
3333,14408,5.58596318494792,2345.59699526636,26.9165537416881,19.7192141099032,20.522627646975,30.4012084391062,26576.0855266563,25276.6426595967,-239.915335214202,0
3333,14409,5.24525869938621,1312.30880915818,26.8860545425864,30.5643354282496,32.2497978647267,47.2430489463201,30513.956180446,23996.6747139246,-470.943008828782,0
3333,14410,6.62867378085661,3129.28121884775,26.2900679660313,15.9752706639861,16.5123571199503,24.5977988552971,28987.569038626,20928.0461990351,158.192458486518,0
3334,14411,5.470668789099,2329.51801526636,26.9165537416881,19.8181347561074,20.6288159632231,30.554607692759,26581.7987971235,25256.5649783846,-233.053304316807,0
3334,14412,5.37613312380032,1669.85776668445,26.965884219098,25.3975231251625,26.6448381096675,39.2142155528698,29839.138724618,24265.7498925179,-299.462630057759,0
3335,14413,5.45893159956449,2318.43893726636,26.9165537416881,19.8870356722252,20.702789721573,30.6614574230494,26604.5922605999,25284.1571404738,-280.506107711029,0
3335,14414,5.66892138554964,1777.92382858462,27.002658330773,24.2285705205981,25.3812716741929,37.399032971643,29796.7216596936,24253.3975301844,-330.380924930596,0
3335,14415,5.06217061006214,1378.40521440097,26.9535673575419,29.433624138937,31.0217693203323,45.4855936997556,28630.9595795515,30236.6748529173,-121.828179199941,0
3336,14416,5.39268035780909,3101.22095126636,26.9165537416881,16.1525610000257,16.7071773626776,24.873966801106,26580.4135721476,25271.3539553466,-229.109601913118,0
3336,14417,5.40569975263271,3157.48801767236,27.2591831188233,15.9907754913161,16.5379537005873,24.624308254503,28869.1504866445,26878.8218664853,-561.545904198555,0
3336,14418,5.64686172595163,2322.86640769877,26.9919109904074,19.8721011987571,20.6876624581896,30.6385475183111,29826.5931682899,24298.0563447392,-338.768927117639,0
3336,14419,6.7293561959223,1775.44566856935,26.3328350074615,24.1004928674106,25.2328648592787,37.1973950062153,28968.6558586375,20964.0691527553,133.775268793742,0
3337,14420,5.60408670336978,4288.68666326636,26.9165537416881,12.921389424621,13.2768694988379,19.8738618553043,26600.4696574966,25276.2454952886,-256.845704778467,0
3337,14421,6.54900219498546,4819.72628559449,27.2242158564843,11.9707906667858,12.2753477729725,18.4049540256696,28533.6668826909,26048.5154466743,-61.1540255235819,0
3337,14422,6.52966367791933,4615.9309550437,27.1381864489654,12.3151219176952,12.6380161080973,18.9370007378602,27405.5437377864,26877.0449671042,146.027196877953,0
3338,14423,6.07817785983144,6106.74302507732,27.160531966632,10.2396146452093,10.454822655607,15.7307825251801,27456.4370515025,26950.9144394344,204.003662041703,0
3338,14424,5.92650678248117,6021.93036573219,27.1634999179646,10.3333453997537,10.5531138725194,15.8754938343472,28212.6044041715,25402.2735497706,-99.737898762246,0
3338,14425,5.87067378763378,6133.36416326636,26.9165537416881,10.1969754688381,10.4088738004245,15.6646103561031,26633.2697226212,25318.9967232901,-265.913980059294,0
3338,14426,5.71281173229701,2094.60669557565,26.3265859635358,21.3113825304727,22.2261379650952,32.8686835313084,29033.7716010314,20980.6320337695,305.511266518453,0
3339,14427,5.89959881832153,6519.73052507733,27.160531966632,9.81474164824739,10.0097582552307,15.0749511643044,27468.6470384717,26973.1623300853,203.872501247716,0
3339,14428,9.70315434368489,8207.21476813153,27.1191933976171,8.47310359490404,8.60884472570989,13.0052359310994,27544.9092415827,25721.9499034316,-1367.5032611623,0
3339,14429,5.27861023972829,2534.72236672686,26.1739685891928,18.5295441676083,19.2386456663989,28.5544513620962,31147.0949474381,32191.3250388878,-265.07817462516,0
3339,14430,9.21803231383248,4282.50572734751,25.4343080790397,12.8076782953584,13.1460289524341,19.6951071742344,26026.2752660398,18934.8080133662,-1014.6908875215,0
3340,14431,6.15756015166701,6322.05771541987,27.2653957731679,10.0177241143934,10.2228251509238,15.3883949421432,27428.1829726517,26948.638207656,190.278593853946,0
3340,14432,5.83456984093264,6116.49001893736,27.327254592435,10.2384002853234,10.4544053356134,15.7291442533312,28221.9757412466,25415.8499031266,-78.1442461854777,0
3340,14433,5.65244943389057,6265.2600158246,26.9693832869466,10.0602193880726,10.2658567079709,15.4535803921138,26604.1553671366,25295.8508404196,-262.906992863654,0
3340,14434,6.0052734320934,4569.81977230498,25.6357341608388,12.2796463526462,12.5904343478159,18.8793673277022,25896.3591321722,19259.1018689398,230.97148211683,0
3340,14435,5.62765592954394,874.22887611326,26.2441981802638,42.045020181273,44.7695496069031,65.1021005391253,31147.7218366179,32159.3200198144,-195.050008265565,0
3341,14436,6.07205523688572,5126.15248030498,25.6357341608388,11.3798237868532,11.6431703793735,17.4891257088515,25901.9280802435,19259.5585140371,218.869543642787,0
3341,14437,7.38426204772612,8050.16462655284,27.1874616875691,8.57983991311347,8.72028418204775,13.1698928370129,27180.4924358521,26110.868107063,-604.771745250875,0
3341,14438,5.52015966742721,5520.88495293736,27.327254592435,10.9476755319108,11.1989428222967,16.8244030680667,28244.1228282029,25427.7434945063,-111.959794580356,0
3341,14439,7.98593980197426,5797.14063863657,27.2193452160854,10.5962769948437,10.8292677983066,16.2815532419779,27342.3352677522,28046.7532284105,-19.2714422767006,0
3342,14440,6.22745889194811,5302.71289630498,25.6357341608388,11.1294466516584,11.3800703979716,17.1024194337136,25919.7484099646,19267.9773365411,232.434889950862,0
3342,14441,6.05194516613071,4432.63686895678,27.2185763734711,12.6614684815034,13.0042870511991,19.4725688229574,29555.4502074147,29075.514829337,519.925125716313,0
3342,14442,5.68125499225181,3925.51974693736,27.327254592435,13.7593669593709,14.1668870514847,21.1707093562425,28228.9802326666,25412.5779160552,-140.471646181389,0
3342,14443,5.42630225581673,4138.09419255304,27.0144340579101,13.2463452082188,13.6212576998154,20.3765552129903,26598.1612302593,25307.5652923375,-257.183603553523,0
3343,14444,5.86700949742605,4770.3493495309,25.6626426648238,11.9359101756705,12.2284433650788,18.3482531902982,35046.2647907313,28634.8376332739,115.222436957309,0
3343,14445,6.14765696682524,7611.25795630498,25.6357341608388,8.82061577424396,8.96461881485163,13.5393733221498,25891.0514425062,19269.6000301104,225.582735633711,0
3343,14446,6.13216185503727,4021.16916295678,27.2185763734711,13.5253166745475,13.9180946161017,20.8084382380016,29568.0658799197,29067.0914167761,483.096688240653,0
3343,14447,6.61882610662675,6334.92275842911,25.2699074240254,9.89490033415742,10.0841273115571,15.1960293662832,23985.9391930645,20092.4896415617,826.864959079196,0
3343,14448,5.8167327210314,4669.84436493736,27.327254592435,12.2341052734857,12.5537590664495,18.8121133745128,28214.9486744702,25402.5314949253,-98.3137932209549,0
3343,14449,5.97964564706674,5508.0722138246,26.9693832869466,10.9417233689007,11.1906687785211,16.8146523675356,26567.5790410713,25291.2549609622,-258.653299398985,0
3344,14450,5.71974564630386,4609.0088995309,25.6626426648238,12.2120972216785,12.5194175451854,18.7750287901979,35025.3777550479,28638.8423669271,181.486824617436,0
3344,14451,6.52694339450652,6423.53335642911,25.2699074240254,9.8070581552979,9.99228745312378,15.0604851925563,23986.2302303391,20086.459611704,833.288541516505,0
3344,14452,5.93342909422736,7153.42552030499,25.6357341608388,9.17410057889219,9.33310162075359,14.0845163737445,25903.3610936512,19275.2957751719,224.914267007224,0
3344,14453,6.11288951380925,3197.37473695678,27.2185763734711,15.8459285408838,16.383248937947,24.3999074375939,29578.2948676416,29084.9913727263,511.201849109275,0
3344,14454,5.68887951131093,4089.06279693736,27.327254592435,13.3816549223589,13.766770414502,20.5864555413637,28238.3157619353,25422.3057771638,-141.719271509312,0
3344,14455,5.41622317014479,4876.0141178246,26.9693832869466,11.8599396256009,12.1568857526251,18.2332002129602,26563.1757821314,25295.9100412907,-242.570592551804,0
3345,14456,6.57785277411796,5832.28943842911,25.2699074240254,10.4370122836987,10.6515465354842,16.0327051834737,23955.935232021,20087.8933573528,810.592915292116,0
3345,14457,6.07428221854883,3249.64243495678,27.2185763734711,15.6671652535603,16.1928531648138,24.1231094792521,29555.8939193245,29063.1540940865,547.959466106548,0
3345,14458,5.59161205249288,4024.85700693736,27.327254592435,13.5266474733077,13.9203147355633,20.8107200571323,28237.1528253934,25435.4279297023,-108.149609378875,0
3345,14459,8.15936318274651,3564.1139209612,24.6395316021715,14.4217518791395,14.8468207818549,22.1893109362814,19248.0640930278,25715.1220447852,-1420.63014572023,0
3345,14460,5.53006380731652,5130.3263138246,26.9693832869466,11.4663949949141,11.742419877216,17.6251196904113,26586.7321327261,25271.5079990034,-260.069018157496,0
3346,14461,6.51119209061113,8051.51906842912,25.2699074240254,8.49819720163394,8.62744654303336,13.0418419825099,23845.307314604,20072.6216724243,900.507589711223,0
3346,14462,5.86320303244028,3901.78824295678,27.2185763734711,13.8064182525996,14.2159254500193,21.2432678890727,29571.1601396398,29057.4378843319,535.006498700923,0
3346,14463,5.548388508734,4040.84788293736,27.327254592435,13.4901487102697,13.8816574958264,20.7542647010638,28239.1462532362,25420.0706360308,-112.790997214506,0
3346,14464,8.38410530328899,3103.2418969612,24.6395316021715,15.8647737475,16.3786861919371,24.4223025002316,19243.7776524117,25734.6578330154,-1421.88473386753,0
3346,14465,5.60317050338853,4767.4039118246,26.9693832869466,12.0393433717985,12.3459954995508,18.5104498279856,26585.089529992,25296.52998622,-303.194248785906,0
3347,14466,7.30916000755595,7244.65897168824,25.1408546168046,9.07684780403702,9.22940351797621,13.9338915436998,23640.5860569477,20079.3138888692,1043.64980356028,0
3347,14467,6.06839532344569,4390.06061095678,27.2185763734711,12.7441035509923,13.0916040313028,19.6003304659686,29556.3060428502,29065.3860124598,512.480863838135,0
3347,14468,5.50332329785391,3623.52126093736,27.327254592435,14.5371095658033,14.9920286340546,22.3740871586361,28233.9625510614,25411.8739354831,-119.093506180177,0
3347,14469,4.30642366498064,5581.56192482722,25.5769882266737,10.7588801835703,10.990730441297,16.5300959945857,24377.9844928983,19687.122762613,557.056499542166,0
3347,14470,6.47383932504432,5232.56348862218,24.6000368657813,11.1554900840804,11.40103588991,17.1408754238359,23567.84560417,20095.3881789017,1037.75333337105,0
3347,14471,5.52503843980329,4279.8584018246,26.9693832869466,12.9438412839612,13.3009800796182,19.9086811215179,26546.7247344777,25291.7454469828,-206.679946991697,0
3347,14472,7.923228231002,3299.6917909612,24.6395316021715,15.2051156136361,15.6777479292349,23.4013372416573,19234.1380144639,25691.6983802049,-1454.67267082984,0
3348,14473,7.38948563431798,6948.78548892284,25.0748464455031,9.31692318729875,9.47945556305075,14.3040767575943,23561.1627129078,20083.8275198273,1055.96505087855,0
3348,14474,5.9687161333791,6851.68214363487,26.8635810744205,9.49118224815243,9.66990321442218,14.5752514504169,28529.5686062654,31044.7962735888,212.349426310146,0
3348,14475,4.68843315262954,5134.48926007457,25.5233522787513,11.3597749447474,11.6213945012372,17.4579648365101,24129.4088749431,20266.3898245429,-40.9047558620436,0
3348,14476,5.62177826547496,4033.64538093736,27.327254592435,13.5065560137029,13.8990346227479,20.7796429687785,28234.1733178585,25423.3669106002,-108.494688489195,0
3348,14477,6.16266700052044,5624.94830095678,27.2185763734711,10.8075078275003,11.0510634304639,16.6077520121106,29579.1105242461,29056.2953286614,500.407356798564,0
3348,14478,5.33014274193285,4845.3539258246,26.9693832869466,11.9098593542502,12.2094957170271,18.3103430292438,26579.3829071803,25282.131809502,-265.820108569046,0
3348,14479,6.00322201870614,2722.05602723736,25.3698025200204,17.4946622201514,18.123179539524,26.9483838884189,22510.3672545488,24625.5115159599,539.263405960283,0
3348,14480,8.91361800106839,2699.65271362588,24.3609210465987,17.450062347032,18.0643204817058,26.8761968728722,18444.742495527,25104.4642726039,-1171.8200482678,0
3349,14481,5.93967130143951,8488.39015163487,26.8635810744205,8.28538684056318,8.41247693871291,12.7155489731163,28524.2580602197,31059.0949670359,228.04988976484,0
3349,14482,7.15310472823282,6596.67607768824,25.1408546168046,9.63449037114075,9.81130412235413,14.7940501384661,23555.5420090613,20078.6082461224,1058.85183144761,0
3349,14483,5.63292516333897,3680.56860093736,27.327254592435,14.3813739068021,14.8266685684395,22.1330854734296,28211.6692881802,25408.0161525532,-169.04588472371,0
3349,14484,5.95796016403252,3304.30084048769,26.1671714317341,15.3666933745267,15.8636033821496,23.6553163144303,25248.5071410986,22338.4309816396,-129.05820970577,0
3349,14485,5.52740518267144,4650.1595138246,26.9693832869466,12.2413623613616,12.5590680853026,18.8226828884515,26569.0448737955,25297.5532138072,-270.290731605714,0
3349,14486,9.43865848592997,2508.37892962588,24.3609210465987,18.3829139465207,19.0604999577912,28.3213533169034,18452.6944795543,25063.1921429902,-1187.0002161904,0
3350,14487,5.96639071393453,8040.45523466897,27.0186226225602,8.57935409068022,8.71909976587752,13.1689558438528,28527.9583589349,31052.0507878695,233.246548619447,0
3350,14488,7.16706456158411,6403.24587556392,25.2397802238449,9.82532179322397,10.0112247177834,15.0886231795328,23563.5838776675,20096.2032114209,1066.60014392788,0
3350,14489,8.19158355347194,3912.4072632816,24.2575191957561,13.499690709248,13.867798801984,20.7624188079404,18303.1408974671,25231.9053041008,-1372.79523553225,0
3350,14490,5.6030426293949,4082.90915185657,27.1298387916121,13.3778895517397,13.7613302600951,20.5802311877744,26565.0101568504,25299.8606821658,-242.650412386758,0
3351,14491,8.01441212886018,6553.84863624924,27.1803336980934,9.78278071470082,9.97640164242799,15.0256504620324,28561.0014535894,30313.5819082941,-1250.17866823155,0
3351,14492,7.10834527524767,6054.96808267928,25.1686591189314,10.1811829650898,10.3830906887266,15.6376788281994,23520.814074934,20121.0098645155,1059.00505610572,0
3351,14493,6.05764799177156,3179.01318788389,27.3767437195213,15.9285509457358,16.4727247219179,24.5282471793206,28217.0818249966,24344.3410340828,319.801233259554,0
3351,14494,7.0996723260107,2694.61547158652,26.3799868111564,17.7664526098309,18.4245617786388,27.3725058391535,24290.7556387072,27354.6725602756,1027.15278491295,0
3352,14495,8.71368874581756,5846.68188024924,27.1803336980934,10.5352138905039,10.7649705680787,16.1872051305837,28564.1828399871,30303.6825991243,-1320.91551292132,0
3352,14496,7.01668375033541,3608.14382158652,26.3799868111564,14.4829362528063,14.9266799999103,22.2880974585386,24325.9179293425,27345.0461620994,1044.11721248543,0
3352,14497,5.99043361135961,2997.89338988389,27.3767437195213,16.6000620778286,17.1888309041214,25.5682660502848,28201.5666745233,24323.5362273569,358.834487841004,0
3352,14498,5.46840145927389,4076.76389785657,27.1298387916121,13.3915970943311,13.7758415693991,20.6014317803365,26593.5580276426,25280.9914852614,-281.571122202485,0
3353,14499,8.70782423088649,5357.81481024924,27.1803336980934,11.1563875373366,11.4175225245703,17.1465537792338,28574.0621259764,30309.0989583061,-1295.48964779012,0
3353,14500,7.04938296073901,2716.88375758652,26.3799868111564,17.662608036451,18.3135539383595,27.2116003251358,24329.2684554549,27348.1586947506,1037.75142857669,0
3353,14501,5.88688833588157,2599.72938788389,27.3767437195213,18.3748985276291,19.0864423586911,28.3184429547505,28208.2280309785,24334.4243477762,334.275865790892,0
3353,14502,5.37053418494223,3186.86944585657,27.1298387916121,15.8721056464173,16.410322579801,24.440217967442,26593.1826522617,25285.8178465237,-231.223921168048,0
3354,14503,8.61806479843793,5183.61117624924,27.1803336980934,11.402619940245,11.6765645187555,17.5269399283473,28568.6525765749,30309.5106151525,-1255.19382952825,0
3354,14504,5.4211198305031,2941.24035108975,26.1914848848336,16.6727186402887,17.2546846509221,25.6775918084735,34626.5218819872,20589.3892972846,-318.176616458371,0
3354,14505,6.82989436251302,3188.98904158652,26.3799868111564,15.7764156492656,16.3014790344691,24.2901432842438,24324.1552127488,27349.4201784893,989.353222391304,0
3354,14506,6.30388664577078,1446.41344378731,27.5081417857671,28.5123759906629,30.0306476809625,44.0563282036177,28731.8367647122,25109.25878013,688.966469384712,0
3354,14507,9.37873471855876,2675.02243061436,25.544602725733,17.737788257789,18.3847877461443,27.3255749565965,24670.9665273659,19620.8952880178,-1090.81978958874,0
3355,14508,6.92236453248491,3048.88165558652,26.3799868111564,16.2803713634135,16.8382559130955,25.0704784588526,24307.6347726074,27355.3209686098,1024.39335200055,0
3355,14509,8.66677987761056,4663.7432917903,27.1496559613819,12.231278711322,12.5496149370157,18.8074240334995,28513.7009096074,30324.6589361814,-1279.42087465225,0
3355,14510,6.41703683897168,1444.18881778731,27.5081417857671,28.5464710883755,30.0676758858841,44.1093212372814,28791.8312959125,25161.2675717254,712.092748072862,0
3355,14511,9.82525585630898,5123.54619235445,20.9447065588708,11.0413208361554,11.2571069409985,16.9579192128645,40632.7940135767,22856.6142385228,-1118.14785092591,0
3355,14512,6.89523288386469,2314.94492659192,26.2162289518145,19.7900307457,20.590135414521,30.5086787011082,34352.0983666742,20230.1857602341,976.518497604857,0
3356,14513,6.97542129115943,3113.24162758652,26.3799868111564,16.0437409180947,16.5861378295639,24.7040540124868,24315.6862666604,27329.7977664834,1009.09027650526,0
3356,14514,8.52021241241676,4093.75948983882,27.1357235915079,13.3542975273861,13.7363995184708,20.5437551914327,28309.7490450534,30356.4829861169,-1340.26717072344,0
3356,14515,7.23910315081429,2309.52653059192,26.2162289518145,19.8237290407093,20.6262955592558,30.5609317856368,34331.4287237774,20213.1024375908,1012.56314179974,0
3356,14516,9.62506902623693,5622.74940856256,20.9497912956924,10.4029142370139,10.5898989805761,15.9729003113083,40630.495324559,22818.370852452,-1103.71681680106,0
3356,14517,9.26680113572713,1991.18716863513,25.4314214952845,21.9408831090331,22.891182633123,33.8419192429767,24664.1279857962,19567.6033427913,-1085.9387842121,0
3357,14518,6.67365954102715,3947.82879358652,26.3799868111564,13.6186002364277,14.0104990625992,20.9509644290804,24307.3069098587,27347.0129730888,1008.10345365616,0
3357,14519,7.08808999610766,2553.46448059192,26.2162289518145,18.4383606118691,19.1415182683588,28.4132590616938,34365.6256674785,20212.4076206639,1047.28476853562,0
3357,14520,5.16147489876499,755.054334027538,27.1769856475962,48.0445298327546,51.3703831520045,74.4514890997456,28276.1174958507,23269.778644478,-344.375944769752,0
3358,14521,6.71155876362445,4916.88468958652,26.3799868111564,11.7515434379055,12.0389594792141,18.0646737235672,24305.7610356078,27337.4817362093,1039.08537207073,0
3358,14522,6.61269981970635,3116.73837225482,26.3722492373908,16.0301999173946,16.5716409207754,24.6830664669686,27093.9690090056,33871.3719016264,863.227143325429,0
3359,14523,6.80186152919194,7122.45281025482,26.3722492373908,9.23508699350528,9.40012207716067,14.1795231786122,27103.368989919,33865.1320921064,912.084835865818,0
3359,14524,6.67966923977052,5308.19860558652,26.3799868111564,11.1718973068574,11.4291363066997,17.169215319414,24322.6628998334,27336.7649988005,982.787450359154,0
3359,14525,5.22888109775632,764.877930027537,27.1769856475962,47.5260106223269,50.8012584252267,73.6438254788718,28286.1457068269,23269.0833856901,-295.522184031789,0
3359,14526,9.20247363237825,2638.32711461436,25.544602725733,17.9128587117898,18.5718688028573,27.5968256138642,24684.7330737287,19589.5248348933,-1087.81677062782,0
3360,14527,6.71914937686947,4986.24217170412,26.4844170566808,11.6504136104641,11.9331395926043,17.9086035225614,24319.2234515669,27343.133832754,1032.35441528152,0
3360,14528,5.09536747065203,974.201816773182,27.6346396802131,39.1149110931056,41.5943994236135,60.5496707647283,28276.3616997007,23261.8056974941,-330.435669098025,0
3360,14529,6.44374100264933,4855.31959204821,26.5531246129694,11.8630152857263,12.1574756475194,18.2372216011878,24578.7732386406,26179.6947358862,954.962417526288,0
3360,14530,10.0780737447991,1898.09600180111,25.6504773302845,22.7789395087077,23.796891235831,35.1432075045766,24678.6904900048,19592.9962916426,-1038.4804304153,0
3361,14531,6.60260994027886,5845.98302970412,26.4844170566808,10.4945627380467,10.7185718769099,16.1234022276545,24312.9647135091,27308.0533438435,1065.61042610744,0
3361,14532,5.44758914584063,2350.2029437865,26.7893418288778,19.6699688107284,20.4682512927839,30.3244250411278,33530.768906888,22045.7020035869,-277.102330993304,0
3361,14533,6.26367650696061,5088.35096241482,26.1514063707734,11.4717979826871,11.7430964603075,17.6320842443387,31319.4739084241,32751.485860733,-1110.70475115547,0
3362,14534,6.99502502956025,4205.19975782548,24.7670801749061,12.9064157564247,13.2452589269626,19.846357985643,33630.0031378853,13177.6622518535,994.867399158599,0
3362,14535,6.28829639942875,6046.08333846396,26.6159378025621,10.2750615770517,10.489145556435,15.784721955716,24578.1481248916,27244.3809996977,717.60073070368,0
3362,14536,5.43988649460728,2041.9490737865,26.7893418288778,21.8056109600645,22.7642855447173,33.6372036520868,33502.6013998814,22042.5320112222,-330.47533289737,0
3363,14537,6.27897025339861,6265.96889646396,26.6159378025621,10.0399757654346,10.2428626035738,15.4218380648464,24579.6371160508,27241.9511538351,668.087123693388,0
3363,14538,7.11340078474685,4595.08198382548,24.7670801749061,12.1652176532037,12.4638122373502,18.7008735853205,33613.8065893356,13194.0779182398,986.463749021834,0
3363,14539,5.45492028276927,2251.7026717865,26.7893418288778,20.2931729250635,21.1374314428221,31.2908994071729,33509.4295838707,22053.5548656693,-307.49340813296,0
3364,14540,5.48696473923588,3104.2190017865,26.7893418288778,16.1261859060542,16.6778653551615,24.8327912751512,33499.5662036679,22038.5450880276,-285.314081528581,0
3364,14541,6.38811827735731,3796.64040109828,26.4171295939461,13.9896955337742,14.4038958046707,21.5250630451535,24085.7016664403,26658.3937603141,400.104786521595,0
3365,14542,5.58129168883455,3950.2376617865,26.7893418288778,13.6509161773925,14.0478734692589,21.001817219549,33472.9998154416,22063.7177908695,-315.676782764532,0
3365,14543,9.49351280685784,4365.89416848435,26.0579298780631,12.6955074556405,13.0321260050786,19.5229550949709,35197.4061217424,20787.0513671212,-999.113835637123,0
3366,14544,5.22227250452264,3838.65391232957,25.3599961067023,13.7826467507524,14.1760698258632,21.2024540118958,34712.440298723,14949.5549162536,-320.450961921331,0
3366,14545,5.7361821453169,4629.90973692433,26.2113308569525,12.218343342668,12.5297325905267,18.7857107356597,35327.0439905316,22379.2748842469,-203.467624679176,0
3367,14546,5.41167767945082,3191.5218205896,25.2614128788961,15.634323294837,16.1397192359334,24.0672564531736,34738.9025631822,14611.862160697,-155.499733985032,0
3367,14547,5.51790520234472,5025.67290492433,26.2113308569525,11.5703877394561,11.8471980574111,17.7844939210176,35367.2459573188,22382.6915402902,-200.721765013394,0
3367,14548,7.41247366583657,2465.37190672721,25.6476428199039,18.8187715993699,19.5421805987856,29.0010500996372,32281.6043248106,33089.8396288013,1184.44241274264,0
3367,14549,5.31907913068533,1731.00737050062,26.5737005572459,24.6218576668275,25.7998624357558,38.0079322526582,27485.567100337,20106.5449381414,-172.01143832862,0
3367,14550,5.70215184738898,1511.27919022889,26.9138804761154,27.3977685945444,28.8109784740253,42.3213852159359,29024.4566703331,20958.7076984699,107.182843680754,0
3368,14551,5.51493553030512,3720.6303925896,25.2614128788961,14.0687764468627,14.4782183890728,21.6447835848969,34713.4597074905,14600.8891581311,-184.851894451639,0
3368,14552,5.62408175151262,6164.00361934439,26.2823660748129,10.1283170927751,10.333660277349,15.5577197111972,35331.0029187897,22375.0652954471,-225.75099882744,0
3368,14553,5.61331839462397,3400.09359850062,26.5737005572459,15.1101118176366,15.5944541524078,23.2591612331496,27521.2563487295,20100.6045092783,-257.358097282636,0
3368,14554,5.30434952482309,1205.25455677318,27.6346396802131,32.9493830753446,34.8608652185938,50.9559234222846,28278.8872956094,23272.0014265981,-345.389055238345,0
3369,14555,5.46808161830815,3720.6964705896,25.2614128788961,14.0686061507578,14.4780380130265,21.6445201727806,34728.1811515586,14594.1740373193,-158.545779364785,0
3369,14556,5.52249295101564,3427.92889092433,26.2113308569525,14.9854718085903,15.4588141350429,23.0653720624153,35354.067057563,22365.5588668403,-204.337391886566,0
3369,14557,5.68673872013048,3224.52435250062,26.5737005572459,15.6775656778307,16.1980532301855,24.1375948353426,27577.6272050398,20108.3802355484,-269.161199180014,0
3369,14558,5.26402441261795,1654.69508677318,27.6346396802131,25.7390720209359,27.0249360475262,39.747605798205,28264.0122452261,23286.2866113858,-340.744636487873,0
3369,14559,9.2598261089677,2966.75727022889,26.9138804761154,16.6642101177874,17.2527863500245,25.666390399915,28589.5050880337,20935.0104230406,655.231693333683,0
3370,14560,5.38331025953017,3099.5268371024,25.2200528854882,15.9504455134022,16.4755740029872,24.5565108641335,34708.3086402556,14600.8509237195,-181.674552370173,0
3370,14561,5.16645796524606,1214.24895830521,27.8401454315704,32.8268706094931,34.7312238072555,50.7664529559143,28280.6157068632,23273.2020761674,-331.796320946005,0
3370,14562,10.0784440745847,3835.2907606309,25.895543019781,13.842916173461,14.2442081622229,21.2968635241933,35184.690843394,20210.9200727123,-1057.14646922678,0
3370,14563,5.34922920964807,2416.62639621235,26.7676033894632,19.2728711866401,20.0419813040234,29.7086350107271,27480.0078797338,20133.6968078549,-203.042661681868,0
3370,14564,5.86297408073674,3103.71989338135,27.050773732916,16.15967522505,16.716025670619,24.8853326147433,29067.3319785358,20919.3673139307,236.867445940695,0
3371,14565,5.35674877464607,3447.6037151024,25.2200528854882,14.8178265306847,15.2720014542891,22.8035141582802,34709.2880212956,14612.8581268964,-197.704938176812,0
3371,14566,5.87884984547601,2503.00087308653,26.6052388748696,18.7650057566224,19.4957339864946,28.9207799922308,34162.2965236268,27140.57868115,113.336338855553,0
3371,14567,5.29968684358932,4443.33663885438,26.667113306275,12.5963301104497,12.9316884237316,19.3708193158265,26727.2811506411,20229.1861968222,-125.053800952854,0
3371,14568,5.43566880563192,1317.83723630521,27.8401454315704,30.7682798233901,32.4890391443964,47.5649782290964,28296.4939226098,23270.7610107913,-292.778853117844,0
3371,14569,5.68319827391607,3381.9225667077,25.7737125438915,15.0774696998999,15.5526512726078,23.2066797666452,35540.3326813058,20268.6741173171,-222.313717287591,0
3371,14570,6.20618891449371,3250.61128738135,27.050773732916,15.6446646590907,16.167381103095,24.0878542970003,28997.3727012073,20912.0064531751,182.418531796235,0
3372,14571,6.47896555933576,8715.56318756223,26.4561672484224,8.13377307239691,8.25326969228042,12.4814082675789,27420.1444098484,19633.7875624314,555.090823706551,0
3372,14572,6.31887698778959,7993.32786711069,25.8854647713555,8.56332764430828,8.69777839325528,13.1429616337884,26306.7793270462,18703.4887982331,474.182354624783,0
3372,14573,5.22336061478407,3463.8368771024,25.2200528854882,14.7700531481733,15.2213078971029,22.7295934612293,34726.7505518771,14593.2695129899,-176.572691883462,0
3372,14574,5.34192119049024,1124.20667030521,27.8401454315704,34.9115589021766,37.0051789088892,54.0094806800972,28271.7202936435,23284.8771243718,-346.785083248109,0
3372,14575,6.57695252638088,1587.55008876642,26.635986943583,26.3097533964078,27.6271903995441,40.6297303981863,34166.8222604648,27122.5008361792,130.652564667283,0
3372,14576,5.85824634294535,1731.24947118965,25.5889371564437,24.3850226038191,25.5286735234565,37.6359683695399,35773.0305021445,19280.6277523791,-20.7487203486707,0
3372,14577,4.7084582485495,5481.74816629201,26.9947410696572,10.9778284213374,11.2287512688149,16.8704558726994,26941.085854849,20304.5087836271,288.081766214381,0
3373,14578,6.36875332305012,5614.60797111069,25.8854647713555,10.7371096820968,10.9696637019582,16.4969715331747,26305.9188887658,18725.9782890829,417.846229221043,0
3373,14579,5.24532706636624,2995.6081691024,25.2200528854882,16.3346636941886,16.8845857602017,25.1513788384254,34718.2907459942,14596.5287083677,-230.260280341411,0
3373,14580,6.23307113657699,4776.98648685438,26.667113306275,12.0006445109293,12.3032422512192,18.4501039431515,26615.8605443584,20169.9924605643,-239.691768593059,0
3373,14581,5.16916874568192,799.917872305207,27.8401454315704,46.1498236898702,49.3072832364746,71.5048900928699,28302.1078892281,23267.484266649,-310.125548457157,0
3373,14582,6.32327728583914,1080.13634163088,25.4323074798053,35.0806374048763,37.1394536548518,54.2585001808415,31713.6745214708,16605.6870590541,319.212856323883,0
3374,14583,6.18414004573375,5815.30888311069,25.8854647713555,10.4943413359745,10.7150550070945,16.1221527555853,26244.048005633,18737.3583981166,395.261326549502,0
3374,14584,5.90601854756685,2714.98201622456,25.4735271289829,17.5418717200111,18.1747301555885,27.0218329625814,31730.3797866801,16647.0424242324,247.557571793889,0
3374,14585,6.23442290084091,4951.56456285438,26.667113306275,11.7175909449398,12.0050203566766,18.0127142023583,26611.0449865764,20178.0766575327,-230.311714908044,0
3374,14586,5.68461823887562,2163.2236031024,25.2200528854882,20.6078693168371,21.4552479539436,31.7733923508156,34732.9738393447,14615.6027407839,-205.81323991373,0
3374,14587,5.41232386086228,1056.34347300707,27.8682006366356,36.7200793516431,38.980888301717,56.8237534849011,28287.964766423,23296.5131764819,-276.075644199694,0
3375,14588,6.08711100361628,5649.94143491125,25.6406347946462,10.677875569693,10.9061278417987,16.405127563644,31861.8220998675,33122.5160313447,458.740150111727,0
3375,14589,5.99586439476756,4618.36702098027,27.7843606362187,12.3604461203143,12.6901103427449,19.00823506245,30741.7504389109,25828.0102495706,242.971202608835,0
3375,14590,9.17390769512185,4752.88518734581,24.929270832218,11.9086682408285,12.1948374494731,18.3048040477961,35375.3272089115,14435.822973816,-1065.40226679339,0
3375,14591,5.88636591047464,2611.63602422456,25.4735271289829,18.0323583836759,18.6987993717367,27.7817646604524,31746.2681893275,16626.60913573,306.578989561531,0
3375,14592,5.49517544190649,2496.61665243133,26.0634788118457,18.7148941982224,19.4358254563192,28.8413853486009,35176.4382913505,27578.3843041557,-69.115558790999,0
3375,14593,5.09463898419333,3604.12111105138,25.2878385776859,14.3805378205222,14.8087950662963,22.1271121529603,34734.1433783049,14620.1251624624,-163.456382311299,0
3375,14594,5.99057604682714,5575.0893321234,26.2210448704985,10.8080463453622,11.0460241697258,16.6070356475848,30874.2241270005,32522.8083042861,-14.9915816844885,0
3375,14595,5.91065803833896,2023.03935930921,25.5823421073824,21.7162395985483,22.6515716308161,33.4939801464777,28691.9448667711,17755.8978241432,343.631146840375,0
3376,14596,5.96388595152474,5706.17381291125,25.6406347946462,10.6092624093383,10.8341737704978,16.2991947458711,31885.3281515491,33120.2004273589,459.295593181287,0
3376,14597,6.0703770505784,3554.52916530921,25.5823421073824,14.5489008943249,14.9898719105657,22.3882911961285,28724.6648124512,17758.3042112529,363.231548781246,0
3376,14598,5.79610644002449,3446.96113371673,25.9741151238554,14.9024158965471,15.3685042993102,22.9362583917421,35194.0979691046,27569.177165591,53.7192417205242,0
3376,14599,6.88208014888278,5908.10653348899,27.1735447320748,10.4632060696419,10.6893781898174,16.0760097052703,32251.8116501162,27881.1237928661,938.704197149136,0
3376,14600,9.81533996790011,6411.90553334581,24.929270832218,9.79967303421483,9.98281123429579,15.0486041471806,35413.9216727749,14408.8132770119,-1098.82745919065,0
3376,14601,5.94684932792386,3392.28973098027,27.7843606362187,15.2663883959419,15.771176532757,23.5039711962377,30719.0502621656,25796.6170095556,219.011646116388,0
3376,14602,6.13592483804025,2287.20519363088,25.4323074798053,19.8278287592332,20.6208924508602,30.5645860892071,31714.1545032828,16624.8657039901,246.046105073174,0
3376,14603,5.05043936870037,4946.97346825707,25.2370391875509,11.6207831011406,11.8939986914114,17.8606300765717,34720.4479670729,14597.9696213881,-177.662334569678,0
3376,14604,5.31878004817139,907.426778305207,27.8401454315704,41.5602219254444,44.2757206341764,64.3577294942563,28277.092288171,23271.6187846528,-347.782311773422,0
3377,14605,6.09424105424186,3882.99957839474,25.5006905761622,13.689109771677,14.0782078604368,21.0581058390815,28711.2430240951,17743.875507125,366.23522275017,0
3377,14606,6.95344630734659,5877.20405548898,27.1735447320748,10.4990656537192,10.7270024337546,16.1313789080173,32244.214421522,27890.2331211842,924.272875115933,0
3377,14607,9.50563411511859,5456.28549734581,24.929270832218,10.8768178418822,11.1106345617284,16.7111382052193,35374.0735097826,14407.0102804874,-1094.47867326765,0
3377,14608,5.86696709901643,3225.86127498027,27.7843606362187,15.8129439983773,16.353220648654,24.3502394063277,30722.6719700657,25799.7775538186,215.654005584919,0
3377,14609,6.15551540131218,2254.14416763088,25.4323074798053,20.0382140457206,20.8465788746655,30.8907935699837,31715.7588455268,16608.5106777055,279.072512183202,0
3377,14610,5.6712924343827,3071.22235141294,25.4485549272062,16.0813991249728,16.6172024429029,24.7598731958874,32491.5309827563,32977.395910023,420.67222223705,0
3377,14611,5.44326885655743,1992.82400630521,27.8401454315704,22.4120258021431,23.4318718339744,34.5821891970022,28284.8596614795,23276.5067741457,-324.696810375373,0
3377,14612,5.68259565144087,2323.94836844538,27.6179935759613,19.9701066121424,20.8003909009878,30.7926026110941,26657.1572274663,23669.3870936273,-258.442545221149,0
3378,14613,6.23759989494398,5400.39211922064,24.7940228092989,10.9410292295358,11.1771789260225,16.8100557508584,35794.509465377,14385.1129002884,361.508827314873,0
3378,14614,6.2199598046156,3785.07530730921,25.5823421073824,13.9369909202943,14.3412985082672,21.4416738669878,28719.7093615797,17770.8114864301,368.046270046267,0
3378,14615,6.7938779977339,5240.52049948899,27.1735447320748,11.3201309141926,11.5897211290182,17.3994913986629,32256.9570682419,27884.3406503954,943.481430337362,0
3378,14616,6.12852920522547,2946.54225057802,27.8139229487092,16.8598063848052,17.4703635060451,25.9718016602119,30719.9134652847,25819.7157428238,187.011862799554,0
3378,14617,5.98227852318564,1864.02953222456,25.4735271289829,23.0487681573158,24.0851027246863,35.5612447628652,31721.3141701308,16619.401832953,316.395089550559,0
3378,14618,5.92152704547249,1931.3252595334,25.9944380781649,22.5600511070175,23.5659915234453,34.8048919364032,25692.8341540357,19230.2765531079,418.140227247931,0
3378,14619,6.47543885555803,3089.16087226499,26.7693402211757,16.1788700654224,16.7338220935737,24.914324813073,32280.45245229,27889.7424119987,920.742895950063,0
3379,14620,6.21014878697861,4966.05769925896,24.7787123178274,11.557643818901,11.8246197261796,17.7622750024441,35791.5808223722,14397.8510133736,370.023531397215,0
3379,14621,6.60798276079002,3853.91772148898,27.1735447320748,13.9192781042812,14.3352157971951,21.417769314888,32241.3644354542,27897.3298541937,955.567813301463,0
3379,14622,5.73330742378948,2316.67204698027,27.7843606362187,20.0436970656675,20.8814262297409,30.9072840537836,30721.6710447491,25810.4982041196,218.988854453523,0
3379,14623,5.50916242694165,2618.4794089325,27.7792020391557,18.3387951252106,19.0521038325233,28.2636740045709,27238.6744295876,25758.080867909,-297.644570985328,0
3379,14624,6.02210383014291,1459.39401930921,25.5823421073824,27.7622782914442,29.1831780724489,42.881361385896,28723.2011600942,17751.1421460894,380.309114473593,0
3379,14625,5.53482338477671,2166.43293830521,27.8401454315704,21.0654689682091,21.9809931284565,32.492535431018,28257.1052390446,23270.6783707264,-366.448106270686,0
3380,14626,6.33149110561688,6127.06504611388,24.8032413558145,10.0825309141449,10.2778847704301,15.484883949599,35767.7387306701,14367.5573367709,357.63027323764,0
3380,14627,6.87649678618735,4342.43502784081,27.038237108155,12.8233305344061,13.1740795480466,19.7224809375298,32238.4676613221,27901.5321160826,895.938354206107,0
3380,14628,5.86154470923828,2757.68855534777,27.6688785296638,17.6545622205287,18.3184638755875,27.2028559100537,30729.9483708097,25803.1641576885,203.044157862262,0
3380,14629,5.49618048738604,3027.92560698321,27.754377124126,16.5302767237921,17.1179541031583,25.4611602121463,27246.8783512164,25765.2794050824,-216.506871342953,0
3380,14630,5.25323786312546,2812.81673332616,27.8266383937236,17.4279496547405,18.0776882188217,26.8521278622015,28295.1393331474,23269.753832001,-337.682673529027,0
3381,14631,5.63650569032422,3816.09079597896,26.2848340604988,13.9281322838611,14.3375981203669,21.4295372767021,26018.1787018945,19624.6949439157,-25.2925128175762,0
3381,14632,6.90265234320998,3959.27073184081,27.038237108155,13.6526051877969,14.051562778399,21.0049534050089,32250.5776810498,27881.6997396128,959.805563232431,0
3381,14633,5.84675951883763,2155.00274495334,27.70181926558,21.12281337401,22.0409882962095,32.5810303545769,30726.0759383072,25809.1546941213,221.507398523781,0
3381,14634,5.47163103460101,4536.40413388281,25.2093726533891,12.3054661395144,12.6146774710725,18.9184487871566,34807.5396883185,14601.4915129357,-308.408215560623,0
3381,14635,5.65594917321071,2824.75778298321,27.754377124126,17.3657347991235,18.0104373249226,26.7555218104555,27232.407652428,25754.3218039543,-260.88810724403,0
3381,14636,5.52209471416525,3965.47356868491,27.6731749592515,13.6960444205174,14.10238369226,21.0734701726439,26680.2643630831,23700.6583763277,-303.827168747917,0
3381,14637,10.9064547988551,4881.02242042241,24.8190720493878,11.692909572806,11.967107276104,17.9712882712222,35843.0729841935,14839.9860683246,1195.23655228993,0
3381,14638,5.16453535970428,2794.57920532616,27.8266383937236,17.5090676026697,18.164440978574,26.9778296955206,28286.5151647637,23281.8088902663,-319.788064404998,0
3382,14639,5.70100945152251,2573.89942387286,26.3674834682541,18.3561904856744,19.0552735166837,28.286376718461,25985.0669718377,19651.6212520887,-95.6669727148871,0
3382,14640,5.90479623590556,4419.93064588281,25.2093726533891,12.5208117090607,12.8417095145412,19.2512525548802,34747.3041934501,14590.7226544994,-222.066149897493,0
3382,14641,5.85360317977811,1530.84035534777,27.6688785296638,27.3314019110079,28.7514475071571,42.2217153221221,30735.4735295796,25808.7281103404,248.867789098206,0
3382,14642,5.29947234836193,1465.02376732616,27.8266383937236,28.3207394158451,29.8278898433647,43.7599633881335,28300.1555838269,23272.0329075759,-345.498267574433,0
3382,14643,6.26851007818585,1743.80980698321,27.754377124126,24.7598048347938,25.9667810424397,38.2270696472709,27176.0264251441,25799.5127762141,-53.0704489627765,0
3383,14644,5.90834491142299,2889.30587485577,25.8402263470801,16.8367375319949,17.4260464021711,25.9306422779376,26074.3796873589,18796.805979376,458.063659665597,0
3383,14645,7.14630980405502,6511.40315002567,24.8959001129252,9.70172785860363,9.88029991185575,14.8974404037941,34404.8765951919,13752.2805436629,-1232.68682731763,0
3383,14646,5.92579653531987,2880.84754895334,27.70181926558,17.1174357585951,17.7445076041608,26.370647886885,30715.7071940281,25803.4613468873,207.808236270226,0
3383,14647,5.40414384327823,982.65436732616,27.8266383937236,38.9251774760927,41.3909695208963,60.2554962323243,28262.6321227512,23295.4164480709,-343.62516484099,0
3384,14648,6.580116521187,6802.7883825057,24.8720470079937,9.43320697384517,9.59980673198953,14.4831691378345,35529.1182377379,14365.3331417633,568.32679577049,0
3384,14649,6.15512721177273,3528.47836885577,25.8402263470801,14.650065683406,15.0994388565432,22.54543662762,26065.7038554312,18785.4574081897,423.218079673537,0
3384,14650,5.64772909832162,3531.60571895334,27.70181926558,14.8364983647944,15.3132239447689,22.8383028124106,30719.5803305855,25807.7379785933,226.257508519787,0
3384,14651,5.64876598153286,1092.60815932616,27.8266383937236,35.7161980662029,37.8834129136154,55.2613709404524,28269.9081681905,23274.8647070554,-369.574530589398,0
3385,14652,6.17304967405694,4862.33639207535,24.7152520489862,11.7146908658442,11.9893217214937,18.0047433623536,37132.1112029311,18170.3765783657,639.614723367913,0
3385,14653,6.54557406694608,6741.72260211388,24.8032413558145,9.48393813655361,9.65241380008707,14.561329878809,35649.622104268,14354.9128313614,502.606705915511,0
3385,14654,5.90787395909943,3523.85290885577,25.8402263470801,14.6632889373266,15.1134718508059,22.5658976305078,26085.4389534582,18799.5516975854,430.760872453137,0
3385,14655,5.70234346032378,3487.28940695334,27.70181926558,14.9670867406931,15.4520711556815,23.0404407685822,30703.5924416964,25813.3847106634,275.348748289095,0
3385,14656,5.89029627643612,2672.17895314576,26.8493983624502,17.9403378930746,18.6155775148105,27.6433534388755,29597.0192522856,31231.7520853263,267.020451483637,0
3385,14657,5.80402988483989,1499.03191132616,27.8266383937236,27.8214717904088,29.2858242547197,42.9840096456744,28272.1547869601,23282.807020092,-286.494328360986,0
3385,14658,5.91526388787531,6465.62139950178,25.250580998808,9.7650184704747,9.94824624870904,14.9955917396976,34979.1110088206,14469.7238228208,-710.432266315616,0
3386,14659,5.84988095429058,5615.44575767985,26.8308600945772,10.7953988018852,11.0361893761377,16.588455964609,29623.880387097,31246.8975594932,276.440865414592,0
3386,14660,6.4616125362803,7483.88867211388,24.8032413558145,8.87658983800752,9.0192179949289,13.6246579197187,35645.8980049439,14358.7391864135,527.288153240825,0
3386,14661,6.13711852079809,4432.78534007535,24.7152520489862,12.4553083324723,12.7690764909856,19.1490348617632,37132.3988517984,18163.3825155501,664.175320088199,0
3386,14662,5.89561412462984,2934.21688885577,25.8402263470801,16.6549031128055,17.2321337470736,25.6490211718973,26063.2763949671,18792.8247385325,426.640609443585,0
3386,14663,6.00371620533802,3235.52059934777,27.6688785296638,15.7666213971084,16.3028299999803,24.2782230297259,30729.1414702991,25790.4039687925,247.124491398418,0
3386,14664,4.29216944879755,6865.36618897641,25.3847751588574,9.40460085640093,9.57244675220058,14.4397337614064,35088.3987276384,14859.0425270747,907.144783002785,0
3387,14665,5.90265502777137,5501.64127464802,26.7852260682898,10.9383844072034,11.1861137373323,16.809206396632,29630.7059044125,31252.4541442559,290.603146059252,0
3387,14666,9.43294411874834,11035.584482606,24.9314797380067,6.98429593449633,7.0568514354858,10.7091817069087,35429.8898142874,14502.1344492324,660.719838053983,0
3387,14667,6.07673569463685,5069.62307807535,24.7152520489862,11.397330263083,11.6557356323836,17.5145543752645,37128.4648695212,18156.8388432835,634.698991801783,0
3387,14668,6.27042360343123,2835.58446085577,25.8402263470801,17.0611499537438,17.6654696867442,26.2782360610221,26066.9948592343,18804.6371062987,423.815485288773,0
3387,14669,5.07779271118355,10719.3478032412,25.413534987174,7.12401925643182,7.20279318967574,10.9247454827288,34979.4598419462,15340.8477688797,-263.793949554251,0
3387,14670,5.73099730580462,3101.50401695334,27.70181926558,16.2462280918166,16.8143957482787,25.0210550975902,30707.6717302886,25790.1657487609,219.245867609825,0
3387,14671,5.2889766377565,958.27158532616,27.8266383937236,39.7332358475816,42.2751343386145,61.5133441957761,28281.6186859351,23272.8935486259,-338.688435310252,0
3388,14672,6.04520857831747,5231.00781264802,26.7852260682898,11.3075872312039,11.5742210190356,17.3794776581386,29627.5777395993,31250.0658298464,278.853390037531,0
3388,14673,9.26511105582851,10574.9882136656,24.8638971649089,7.16590610431017,7.2443107765157,10.988748352401,35429.4724460614,14487.7029366501,637.756808090658,0
3388,14674,5.08185202461769,10199.7501729764,25.3847751588574,7.34303424384335,7.42927232796851,11.2620058441155,34996.3608045741,15331.2711451398,-252.37262847069,0
3388,14675,6.27568939495962,4068.59959895334,27.70181926558,13.4605927491613,13.8531120044119,20.7093083836789,30689.6508066676,25792.3186751643,222.666571699104,0
3388,14676,6.85311642861941,2658.39164307198,25.7134266273763,17.8413964732885,18.4973756734267,27.4866190928336,25815.5079497652,18573.679297408,771.789398381673,0
3388,14677,8.07493642296132,5173.67741368764,23.6149345590081,11.1682784677234,11.4081648787515,17.1588840926911,38442.4487249865,17930.5798660791,-1465.15106759871,0
3389,14678,5.84368403314342,5734.63230264802,26.7852260682898,10.6453116330108,10.878373325274,16.356618446408,29632.6737118865,31262.9893752962,268.895424233993,0
3389,14679,6.66964279646983,8103.01750611388,24.8032413558145,8.44444153614136,8.56959188185431,12.9584360655201,35637.1656941768,14387.0054009489,548.845833927472,0
3389,14680,6.30401039458646,3960.80435495334,27.70181926558,13.7096918889944,14.1170638876764,21.0946418838704,30677.5076604602,25824.7119837636,258.111423492853,0
3389,14681,6.75294922778956,2923.93709907198,25.7134266273763,16.6793750238809,17.2569321186924,25.686564914189,25826.3245542346,18568.4404649187,772.130035441618,0
3389,14682,6.89047998998518,5051.41190045789,25.6580002550406,11.4920507586332,11.7613096327597,17.662517397894,35727.2955116586,27239.1820553839,1060.23081669504,0
3389,14683,6.84676566045113,5120.7606040002,26.8901389849401,11.4751009029737,11.751102965124,17.6384374979424,33340.1384078148,23467.5139044931,-71.5509910024882,0
3390,14684,5.74528945001302,5523.28891730047,26.8532319084716,10.9145552114684,11.161466722881,16.7725108461297,29614.1609474895,31249.7888200735,258.488904239515,0
3390,14685,6.52243016420831,6120.4603027501,24.8862182203963,10.0943702695817,10.29071899004,15.5032786795491,35652.5038135991,14384.1575409348,509.871792691706,0
3390,14686,6.4260145381021,2789.20854551844,27.7289871208445,17.5199446142738,18.1750854837361,26.9944126695078,30675.9767864953,25822.5390103003,212.874984385118,0
3390,14687,4.01481434364322,5572.00006463041,25.4848278665058,10.7650084433139,10.9966250574498,16.5394105011531,35111.8861030597,14908.7864871123,832.403179465213,0
3390,14688,5.4630040011087,1041.02323936659,27.6991874333447,37.0871243754966,39.3784993020066,57.3939799350937,28280.1977543381,23259.0462049187,-294.652932671655,0
3391,14689,6.48142213431053,6569.9448847501,24.8862182203963,9.64585143294476,9.82188455778224,14.8112217069016,35658.0720915636,14368.9211592989,491.077201472285,0
3391,14690,6.76795761892396,4592.38335183014,27.6862840089006,12.3998584244607,12.7310885765699,19.0689863288466,28759.2885153296,27386.7802254181,-639.358207402564,0
3391,14691,8.48112163698936,6361.0056067948,25.3478722175358,9.87314714551822,10.0617849731924,15.1625741561446,35320.9304254586,14103.0115274165,1160.13460858135,0
3392,14692,6.54457776950524,6592.8298987501,24.8862182203963,9.62444719594662,9.79952989862145,14.7782005644967,35668.4618872389,14379.4659123744,518.48285811049,0
3392,14693,8.38715127151165,7172.88776994961,25.7665745915889,9.16459209873668,9.32378528429428,14.0700173073677,35903.675476885,26813.6710713242,-1454.53670214495,0
3392,14694,6.43892294617352,3949.12825203893,27.7440407214741,13.7412640281562,14.1508482384111,21.1435719070552,28303.8613150729,26579.9704883543,-170.866470747627,0
3392,14695,6.64580680868066,4671.71246215104,26.983281130216,12.2046098436706,12.5203862800519,18.7659020988516,32706.3434080885,21912.9180119911,197.647994338999,0
3393,14696,6.9552537272014,8061.27619270646,25.0201272228406,8.48107273342862,8.6085895270348,13.0151538594687,35388.1737615098,14284.0317205368,809.683685997385,0
3393,14697,6.19407149237504,4780.1024350018,27.6966620542294,12.0718882975072,12.3849722026038,18.5620329189792,28818.4113701902,27399.4616801061,-642.26547954805,0
3393,14698,3.82193966897312,7211.27764223575,25.260318600714,9.10921432268343,9.26369797220702,13.9839606408406,34862.4559179381,14597.7289727653,-203.768966226851,0
3393,14699,6.44785939260942,4908.07346815104,26.983281130216,11.8093402947901,12.1036552644889,18.1550335683837,32680.5178029318,21916.3394670889,132.630663625149,0
3393,14700,5.50186855572111,4068.37051446383,27.1086949465386,13.4084964403211,13.7935759210431,20.6275259650643,32980.2084740972,22594.8280111222,-841.62892432636,0
3394,14701,6.90900211023494,7724.87309470646,25.0201272228406,8.71103383354109,8.84782579872959,13.3696666395224,35373.840753006,14291.5285523712,791.879671404194,0
3394,14702,5.7577590625312,3565.616886867,26.932706259504,14.6590391547227,15.1182606200332,22.561883259064,25544.1388900561,27524.7838292429,237.453788625479,0
3394,14703,3.82172068332688,6934.10245823575,25.260318600714,9.33883124207679,9.50320470425976,14.3381155459356,34871.1169984135,14734.1369628465,23.7855967368357,0
3394,14704,6.26013432088035,4408.62120404407,25.7848170152552,12.5901977441383,12.9190240704108,19.3596326385477,36087.139022429,20353.5927206149,504.9159284105,0
3394,14705,7.17974081839158,4766.84275615104,26.983281130216,12.0413274355432,12.3481772012483,18.5135408963349,32689.6770106807,21848.6665930838,119.569399125596,0
3395,14706,6.91199201739895,6771.58781470646,25.0201272228406,9.46856784204621,9.63744303556115,14.5379169676389,35389.0530331672,14277.9513192975,779.216822281234,0
3395,14707,5.8171309050045,3173.68624286701,26.932706259504,15.8950152543249,16.4329098814457,24.4751919488272,25540.2344482245,27513.4115817656,274.448217024163,0
3395,14708,6.77617845958954,4723.84800415104,26.983281130216,12.1143983141807,12.4252323167212,18.6264727368544,32662.7947964184,21900.0728053387,131.167606448891,0
3395,14709,9.41546502801268,4094.07796168544,25.184838145668,13.1786995736876,13.535992219365,20.268168285139,36978.3666619554,20016.4913173341,-1199.06240395018,0
3396,14710,6.69568474114911,6020.58931870646,25.0201272228406,10.2098763509593,10.4123133352676,15.6817391300036,35403.9222809149,14299.6657393665,780.632070776875,0
3396,14711,5.87574649300029,3107.65229486701,26.932706259504,16.131042034189,16.684394895375,24.840684398908,25557.8240978959,27519.7214739321,256.133658394274,0
3396,14712,8.98819404948764,4245.97602454835,25.7792582697091,12.9114769527565,13.2581735420789,19.8562695405105,22298.5356935067,24832.665832096,-1227.68320713534,0
3396,14713,6.0835013621694,2085.27409024144,25.4626793063382,21.21486273473,22.1106913217781,32.7157405032191,29963.6667705951,17520.2068703746,400.943181429249,0
3396,14714,9.17030168136585,3978.64584990541,25.1624675602248,13.4334435648728,13.8050675798252,20.6619984194831,36982.3700325485,19990.0780883875,-1131.12307112205,0
3396,14715,5.41783417043664,3154.02867143166,27.8149328043474,16.0686396500771,16.6260509819708,24.7462964863399,28728.8772138809,24004.4047222348,-404.42942087432,0
3396,14716,6.54523031967267,4715.44983024571,26.9507575369273,12.1263500394479,12.4376253483289,18.6448862306505,32644.6607758625,21862.0721197242,29.0747235602163,0
3397,14717,6.61274830026629,5443.46406670646,25.0201272228406,10.899537292977,11.1350132447432,16.7463678407421,35407.9818772747,14287.942201387,750.154040539112,0
3397,14718,5.78840155349242,2856.88628486701,26.932706259504,17.1176709785392,17.7370648587941,26.3688927538295,25527.7496684584,27505.5061763735,259.904063777004,0
3397,14719,5.73679157535563,4069.3253835231,27.8417571984081,13.471303796932,13.8654804245916,20.7261581039236,28499.3232969833,25543.3492497742,-107.450447126518,0
3397,14720,7.19156322197504,8976.31908787079,25.5582274880796,7.95189418179506,8.060968890084,12.2001640156048,35942.6866020092,27696.656390431,1084.60558165821,0
3397,14721,5.94695877324612,8662.33683851574,25.4931711134552,8.12746447808145,8.24301399766062,12.4706593588994,35147.6185138989,29421.3109837352,217.639098675052,0
3397,14722,7.01360339085594,5306.80387824571,26.9507575369273,11.2118149964273,11.4744733408075,17.2318041243254,32665.9161108447,21851.0626888897,117.227171890639,0
3398,14723,6.62100648621212,6479.96357470646,25.0201272228406,9.7386031261153,9.91946259305264,14.9545091107235,35407.7566273803,14291.8159260674,775.954875888739,0
3398,14724,5.74747289184002,4741.43951068772,27.8519020773393,12.1492396622509,12.4675784025563,18.6818662399631,28510.5287147116,25539.6887873888,-88.9762067098337,0
3398,14725,7.92517874989737,7545.19327434235,26.8237175444729,8.92307953488494,9.07655810439292,13.6988124969119,34172.5933853747,22644.8604153929,-1450.80161478832,0
3398,14726,9.13082251412892,2403.02890395247,26.3486043478808,19.283613128315,20.0485563998587,29.7239265050665,24348.0241215154,21274.8708791384,-1114.98554614343,0
3398,14727,5.30299622775034,5364.27598015104,26.983281130216,11.1346467652016,11.393520156718,17.1126559259225,32682.2757181534,22041.4205034656,208.520770042256,0
3398,14728,5.74407392928355,1674.44250086701,26.932706259504,25.3365617808966,26.5783547749758,39.1193899946511,25519.0015474289,27492.0241140126,283.28402004284,0
3399,14729,5.67563549589819,5035.72889668772,27.8519020773393,11.6702871309027,11.9624778175726,17.9416308777782,28499.1309427296,25540.8233004725,-77.2450880164891,0
3399,14730,7.39368854717517,8360.68867140504,26.8069756804945,8.36236937707486,8.49235296840872,12.834168232668,34174.1862628658,22657.8862662503,-1226.88719384256,0
3399,14731,5.3933647220597,5006.43688506498,26.2553505389954,11.6029192691881,11.8817094910811,17.8348287982059,34854.1440333249,23183.007182871,-222.448574345632,0
3399,14732,6.39780276222381,4829.32537350235,25.0616200149917,11.7937485813979,12.0747965057643,18.1275098431672,35270.2685507284,14284.5693603859,711.510819176061,0
3400,14733,5.46248368637882,5524.27880450205,27.8263119226808,10.9746036664017,11.2300355276062,16.8667654408374,28522.1091722713,25542.1155017247,-104.8483034497,0
3400,14734,7.5909648163185,8937.02505509953,27.1030854447429,8.03142497084686,8.1493023411478,12.3243213868228,34164.3418489971,22675.2408348593,-1228.23221543154,0
3400,14735,6.1364745016606,5462.58853837703,26.193709543868,10.9514494991132,11.1964317185167,16.8284433777796,36073.3087233115,25376.1340899705,422.149586760999,0
3400,14736,7.88749603632173,4065.41048792204,25.8329565701685,13.3003835902524,13.6695866678052,20.4576860169649,34608.2272456202,15672.541051078,1243.57928458549,0
3400,14737,5.23295743495612,6199.07316259579,27.2367868609443,10.1445574965676,10.3555762826763,15.5841437450083,32617.3043686614,22018.9904244443,51.7334004697628,0
3401,14738,5.62044081998486,5887.97211650205,27.8263119226808,10.524762457948,10.7574209785792,16.1720111976642,28535.9772384243,25535.7343852234,-102.119753750189,0
3401,14739,5.97005104984936,4199.08907437703,26.193709543868,13.0445543150486,13.4018316020206,20.0628581095524,36087.3962060813,25383.5280432811,423.37766415537,0
3401,14740,7.73628247860398,3865.06199192204,25.8329565701685,13.7642222219677,14.160377131874,21.1750085324384,34588.807589629,15669.6686865004,1236.88476217341,0
3401,14741,6.90011945070171,5292.45662058547,27.2194629978382,11.2496786121932,11.5158713249719,17.2907287376105,32557.0367718456,21834.1911468687,-190.6816727086,0
3402,14742,5.5686849813575,6019.04361865761,27.8729029011087,10.3770990564115,10.6026799274165,15.9440629607891,28922.5675705456,25305.9142206863,-333.878367454437,0
3402,14743,6.56116291483444,4020.37185439016,26.2169328004691,13.4362333635077,13.8162197474391,20.6685730674847,36053.716231799,25295.6059259801,380.495160315054,0
3402,14744,7.61094527363836,4151.79645992204,25.8329565701685,13.112812355519,13.4712946509737,20.1676575313325,34582.7034991313,15669.6884130872,1222.61629201486,0
3402,14745,6.52101449543601,4837.88403258547,27.2194629978382,11.9404520697358,12.243331575226,18.3580589321388,32542.0013897748,21797.1890370857,-171.969318496932,0
3402,14746,5.87488117846631,6381.1707412746,27.6395576834626,9.97759175763236,10.1826285092002,15.3269562999076,27570.8011142509,24005.0792037921,-265.696027882061,0
3403,14747,6.27696947402293,5924.37178325642,26.3567116303423,10.3964558008035,10.6150112642704,15.9717465426891,35925.0326870313,24930.2731425831,590.011729078975,0
3403,14748,6.83758716569013,5153.51661258547,27.2194629978382,11.4493201290059,11.7259517879513,17.5991546277052,32536.5871742456,21851.3154430958,-131.364633462614,0
3403,14749,7.53013872949744,3379.11132077242,25.9530664381164,15.1061722914985,15.5847564842679,23.2515458113272,33398.0230551738,16157.8853523869,741.222244444933,0
3404,14750,6.87235717827482,3419.37370916269,25.9844097138196,14.9864560829794,15.4578544965541,23.0663430192877,33323.4772136791,16247.7197809552,844.543085435854,0
3404,14751,6.4483028058671,3611.71360877163,26.133434059304,14.4476837457625,14.8872041598876,22.2329807105395,35947.5830482804,25021.1512934769,836.008593673432,0
3405,14752,6.97522946745739,3775.82046716269,25.9844097138196,13.9999415176192,14.4112627644756,21.5399510357778,33337.4545654137,16233.1120215558,803.986339845737,0
3406,14753,6.79646176588225,4001.19049916269,25.9844097138196,13.4585015048082,13.8379943925959,20.7025179289658,33312.2863207103,16267.0184164171,790.297232425774,0
3406,14754,9.38030170290233,3914.89345874076,25.8387388762819,13.6454231310295,14.0346617214779,20.9912831486533,21444.1221735537,33474.8879137358,-1070.40463496387,0
3406,14755,5.83455972844284,2119.38485582196,27.2524306620254,21.3011406891744,22.2272279646217,32.8561369417577,32395.0932663102,22056.6334051335,-928.852461765001,0
3406,14756,10.6517839646392,2818.33580972518,26.4807488001175,17.2223186087913,17.8441997956529,26.5297391292033,35709.0270730885,24816.7925403901,-1003.97837315125,0
3406,14757,4.87442378551547,4057.93329560487,25.1876815058669,13.2579778822354,13.6197873011379,20.3907469581119,36234.3966156024,15075.6780949941,-117.169317101579,0
3408,14758,7.90689541327012,5159.72661542812,25.452277773644,11.3182401852539,11.5772986924447,17.3936902375569,32685.4143773276,14644.1661568298,1249.5840633344,0
3408,14759,5.74053412991309,2738.23439365159,27.7954030920246,17.7616463157832,18.4343347720381,27.3691669316292,30444.6112374734,27313.7075198831,-584.112050031975,0
3408,14760,5.39878815812378,2777.86352840422,27.6530912763737,17.5607027105189,18.2179053530821,27.0573601453169,28275.5385402158,23254.2520730851,-326.407193095045,0
3408,14761,9.99503969586387,2394.90412330802,26.4670507023541,19.350279808559,20.1214486390536,29.8276743365516,35755.4252248834,24826.6288215601,-1056.02035898583,0
3409,14762,7.85632096185844,5011.84405142812,25.452277773644,11.5369831918827,11.8072548636104,17.7315645242188,32702.7375712576,14657.6421774937,1216.52027491959,0
3409,14763,5.78517526252605,2752.22276547564,27.7403723316651,17.6894406289076,18.3565108986413,27.2571096373887,30429.7420963767,27330.7960406572,-632.136359046687,0
3409,14764,5.65851853102733,2932.41997040422,27.6530912763737,16.8968355581792,17.5083534286867,26.028738758913,28284.9614054151,23270.6467779075,-291.799037408661,0
3409,14765,10.1823403101587,3043.90021330802,26.4670507023541,16.3099227689128,16.8705969101348,25.1164746977262,35792.36293939,24853.7746028057,-973.399542447829,0
3410,14766,7.69443693461698,5034.68887639853,25.5447047245506,11.5090867185582,11.7785073817398,17.6886350082153,32723.9038731477,14666.5616439382,1251.02544546032,0
3410,14767,5.33886521200371,2591.52876787629,27.7891980397924,18.4774522290651,19.2007700667376,28.4786440240244,30402.8838487623,27320.7231686875,-611.758460593779,0
3410,14768,5.68099814644492,2426.87094358043,27.6326112593702,19.3519165468169,20.1367829948204,29.8339560933091,28256.3226935367,23294.4928564917,-353.039255543697,0
3411,14769,5.62744603216967,2804.38803187629,27.7891980397924,17.4602919534089,18.1118980874328,26.9021416263117,30434.8750604597,27329.189003671,-652.131555838733,0
3411,14770,5.61162222705739,2490.25583030852,27.6041113408269,18.9890415032748,19.747164557872,29.2712124700288,28273.1098595136,23273.7694944011,-323.730752709701,0
3412,14771,5.7687582303757,3011.89497787629,27.7891980397924,16.5967497444515,17.1892367466063,25.5642207689593,30440.019847262,27329.622475095,-644.853120586812,0
3412,14772,10.3928557146149,2716.56572895508,26.5180676179551,17.6836559987849,18.337530414821,27.2446206166873,35801.8376843094,24842.7755305024,-1092.69697712002,0
3412,14773,5.38410616991071,2269.46720630852,27.6041113408269,20.317309345835,21.173336006017,31.3310860515428,28310.9326714464,23274.3682258072,-318.70332064574,0
3413,14774,4.25415125866895,5072.46858551057,27.2955299128588,11.575526145375,11.859287973067,17.7942765038932,32353.3671428817,27765.81574612,-1115.0183862507,0
3413,14775,5.87445376547296,1197.48381230852,27.6041113408269,33.1085450414675,35.0337789990087,51.2033263827765,28295.351425602,23267.2576912175,-279.54848852506,0
3414,14776,5.4114341229953,5160.85638092571,27.4504604269438,11.4542459866686,11.7325158086986,17.607145577683,32492.8700805166,27489.2478724542,-149.469331245456,0
3414,14777,5.11541505532043,1998.96658342094,26.6880498273605,22.1317240503198,23.1141842476883,34.1428730811606,33457.551319924,19410.5448676404,-453.349159819164,0
3414,14778,3.38678375286988,2158.02607654803,26.0098064272201,20.7911371266018,21.662566366026,32.0605118992396,36551.6772811882,25270.4979443075,-187.887467701416,0
3415,14779,5.49011452251913,3051.49243892571,27.4504604269438,16.4027977366161,16.979053621646,25.2629099370644,32531.1077673975,27521.951495822,-206.37924597614,0
3415,14780,5.75763748383083,2141.65559360718,27.0593547200903,21.1020672053785,22.0105133956484,32.5465935742112,27196.4235098384,22043.2528385874,-242.375929655799,0
3415,14781,10.1364577355715,2708.74207697934,26.5060998945539,17.7183327395179,18.3744734562003,27.298317039829,35752.4141361793,24875.4432926845,-992.803252568784,0
3416,14782,5.41369331219535,3385.42862492571,27.4504604269438,15.251629428702,15.7525979502613,23.4803308293865,32520.6276480494,27506.0918170862,-207.366604296898,0
3416,14783,6.75972432873981,4294.50503490735,25.4147966826878,12.7819809606655,13.1187590771807,19.6553444595458,22903.487101582,21830.9110545345,864.160995979054,0
3416,14784,9.93329107893229,2860.81400295508,26.5180676179551,17.0457721481576,17.6560689499399,26.2563470227451,35797.422576995,24874.0787666026,-1037.60508398738,0
3416,14785,5.23150576048022,1642.11115877065,27.1468106553804,25.7684873111745,27.0492143372252,39.791199682152,27271.3520707856,22051.4242038454,-206.437393490931,0
3417,14786,5.4918276847526,3254.72634092571,27.4504604269438,15.6765293277925,16.2049070947306,24.1381818846323,32543.531516389,27504.7910191309,-180.51821247255,0
3417,14787,6.85057640470705,4651.83283290735,25.4147966826878,12.117701073923,12.4182515135939,18.6286906162542,22904.6308227373,21843.7329869367,842.43053182092,0
3417,14788,6.01471615406101,1519.49769654293,25.6537087088486,26.9367946228322,28.2898679944373,41.59923472452,28145.869871744,18426.7636332932,254.231455816249,0
3417,14789,10.1178742989921,2730.81655095508,26.5180676179551,17.617886564264,18.2672266550172,27.1427126145514,35747.4499982016,24839.5225034174,-1007.37296761466,0
3418,14790,5.98735447041457,2020.52311854293,25.6537087088486,21.7504766459364,22.6894063960025,33.5473716133808,28134.5221502519,18414.4240359351,225.377369837921,0
3418,14791,6.71506603469854,3999.92931090735,25.4147966826878,13.4086165345085,13.7808021059937,20.6241560432255,22904.6605529003,21811.0210489164,882.640047368904,0
3418,14792,10.4766420007535,2903.01581895508,26.5180676179551,16.8701638762188,17.4686231268095,25.9843211120003,35699.4678569332,24835.0325048917,-1014.66695843107,0
3419,14793,6.94601137572773,4808.79065017626,24.9210201474479,11.8163084034461,12.0975918708296,18.1621019069793,36314.6266058271,14842.3408110873,932.990455087675,0
3419,14794,6.73077980726435,4385.80280490735,25.4147966826878,12.6030965364802,12.9299840195719,19.3788391651319,22920.3724422331,21806.5250429719,885.50751830127,0
3419,14795,5.52845972223104,3778.18444235759,27.7359349866139,14.1641035414249,14.5992905893383,21.7977729373266,31434.4659171095,27142.1311641812,-847.112711066735,0
3419,14796,10.1150511593356,2872.02523695508,26.5180676179551,16.9986595463687,17.6057736832367,26.1833653747147,35752.7091643002,24846.1931720396,-998.434700901081,0
3419,14797,5.90921107238506,3390.7849221225,26.1270663552377,15.0895018049166,15.568598462446,23.2261730935778,35747.3349436777,19361.4972620395,-35.4095259575179,0
3420,14798,7.05424711129955,5613.99697811997,24.8749219817187,10.6735018147647,10.8971147319211,16.3971517179564,36301.15484403,14861.8180454326,907.703227325306,0
3420,14799,6.28502342941882,3689.46258538125,25.5112891165746,14.1751752758594,14.5930360749472,21.80994451811,22923.4351886333,21831.6989210373,873.926605956987,0
3420,14800,5.66125953657506,4266.53714821532,27.8703957052194,13.0468915097779,13.4163243729034,20.069785690577,31472.110264796,27136.0058944679,-919.717739156981,0
3420,14801,5.63011167969544,2748.07362667534,27.762479631764,17.711581247664,18.3804263092443,27.2914844043304,32913.9241317666,23848.9612209299,-815.968598517148,0
3420,14802,6.23772738270655,1831.64395247702,23.3282495833543,22.8613028155327,23.8499133323283,35.2611582237242,36728.0689268166,13727.4664314621,-428.489354187535,0
3421,14803,6.96294887421706,4235.32356011997,24.8749219817187,12.8543191347768,13.1910924017561,19.7660547167037,36324.3215159148,14870.1490207524,927.295707376392,0
3421,14804,6.72769479113151,4452.26701738125,25.5112891165746,12.4849460352697,12.8060408559533,19.1964155164409,22911.583542732,21818.1932910923,848.017465477813,0
3421,14805,5.63240358572685,2333.34171964284,27.6121252742083,19.9103959056579,20.7361770719441,30.6999752137173,32878.3731908086,23860.2950271456,-864.242395220264,0
3421,14806,5.54930131112783,2479.01711821532,27.8703957052194,19.0925026404207,19.8611159795283,29.432449117446,31398.4721158893,27191.2244100553,-755.007667195934,0
3422,14807,7.00063544766298,4035.90015611997,24.8749219817187,13.2778004385837,13.6382888272659,20.4207206884876,36293.447941128,14882.5706575268,977.960255495908,0
3422,14808,6.67482391437104,5238.44103538125,25.5112891165746,11.2103244066304,11.4642727570727,17.227117969089,22923.7595623212,21804.700003704,873.30238291777,0
3422,14809,5.28805777615468,2472.48432905873,26.7086715666241,18.9478956398005,19.69289304592,29.204621418401,31211.6601477133,19202.8528905337,-357.455543473243,0
3422,14810,5.54504596470967,2516.46793876128,27.8906980289369,18.8892833606409,19.6433603331168,29.1174199126158,31382.8676362667,27200.1606716296,-756.818383240258,0
3422,14811,5.45202257480933,2131.19208370223,27.4989132374904,21.2594942544748,22.1855518281772,32.7923907097039,30062.8120764888,22184.7146606743,-402.017758664141,0
3423,14812,7.00818994079555,6905.94139138125,25.5112891165746,9.37574569194936,9.54293333136294,14.3953901685099,22930.4936416989,21771.0200695262,848.716002409958,0
3423,14813,4.05885596262089,6087.02872753377,25.8324021614959,10.1851237957829,10.3907825140918,15.6447471528457,23596.477085525,21337.8670161068,611.395652778602,0
3423,14814,5.53912725795506,2896.35036076128,27.8906980289369,17.0767117126217,17.7028462557992,26.3080623252432,31393.994234615,27191.510649923,-721.376548158698,0
3424,14815,5.9648140541417,6603.8551325042,25.922784463571,9.66926045704314,9.85152998209476,14.8487734822351,35804.8174021278,28185.2636534029,503.167965171079,0
3424,14816,6.74175389683876,4457.36236506914,25.5846126330528,12.4814354830572,12.8028578033287,19.1911330471214,22918.9305978824,21813.3977771367,880.666576367179,0
3424,14817,5.55151252033227,2577.47333821532,27.8703957052194,18.56205292819,19.2923101096601,28.6100360125288,31402.7150317685,27170.7596255136,-760.059619211077,0
3424,14818,5.3394622200991,2419.02190717013,27.9287928107838,19.4445656575076,20.2396027974289,29.9785574975372,29303.3465340963,25400.035054046,-419.649523492058,0
3425,14819,6.02096238288373,6358.36784928889,26.0373815020164,9.91382718794508,10.1078720800906,15.226328497794,35803.3412651764,28186.1930309242,509.237097955072,0
3425,14820,7.15417821994643,3578.07710338125,25.5112891165746,14.4756697532028,14.9115873247731,22.2748201651756,22894.4826049293,21841.9354197075,859.77862650951,0
3425,14821,7.88404415672229,3953.80088750869,25.0244960473343,13.4774002976011,13.8504471781679,20.729665348555,36132.1919204561,14857.1466988421,-1464.67549006097,0
3425,14822,5.79857585884729,2055.92571014327,25.8692787495846,21.516590842316,22.44073542967,33.1853379864496,31755.028840743,32819.0158194436,160.145073937972,0
3426,14823,6.00022643250661,6253.17167328889,26.0373815020164,10.021039083859,10.2200701457711,15.3917902851508,35792.9486975465,28179.7524646115,509.843104673844,0
3426,14824,5.54061169237474,2597.04754579482,26.7926645417195,18.3021592115123,19.00216566668,28.2039375552126,32502.3715778909,19171.0573720751,-615.237553657305,0
3426,14825,7.43858410480767,4286.25253608492,25.8180391496837,12.8330920639133,13.1756729268607,19.7351687177451,23213.9527245816,22147.6245713606,234.449934007067,0
3427,14826,5.95163221930326,5155.90243128889,26.0373815020164,11.3645172910369,11.6295643428545,17.4661691197119,35772.7757774552,28176.2922481989,529.106655346483,0
3427,14827,5.38155607750739,3486.43539979482,26.7926645417195,14.8734744792396,15.3448676405568,22.893425305187,32512.4920215685,19157.8352855692,-630.043849342261,0
3428,14828,5.81335595753924,2790.48086693405,26.3049654838996,17.3199124701063,17.9465987815041,26.6804283378762,35396.6861579916,28002.7559038378,174.372362431858,0
3428,14829,5.91840270216277,1875.94644454227,27.2673981223929,23.3276952418913,24.4120677425829,36.0014041266375,27653.6017342253,28294.7814179721,81.972627595981,0
3428,14830,5.99037740664523,3075.67104025551,27.0174927537366,16.2590421516374,16.8216401422642,25.039132703047,25713.5562925107,24635.2072062707,-213.287077578116,0
3429,14831,5.92951495368557,4096.29227693405,26.3049654838996,13.274855327565,13.6461623653135,20.4191955530466,35381.3409133766,28009.913970088,193.207408879952,0
3429,14832,5.79321434524474,4879.36891367251,26.2508607909861,11.8019427026939,12.0912073249973,18.1423182977155,35749.2688684138,20691.2060050111,-57.5442924715099,0
3429,14833,5.8996410054647,3386.31331654227,27.2673981223929,15.2288772984634,15.7268065599328,23.4446719946967,27671.3695788032,28320.9801639523,56.653478199396,0
3429,14834,5.49106536258769,3382.24607702946,26.5541903877339,15.1631949037095,15.6507114001411,23.3412782305448,26669.9023506653,21035.6299627776,-207.664772775395,0
3429,14835,5.5436323542996,2283.7922882555,27.0174927537366,20.1238080787013,20.9582932218613,31.0289962755718,25742.7142574131,24666.9617144864,-193.182788293468,0
3430,14836,5.79227064595926,5221.24841005367,26.1751407634466,11.2800748205775,11.5416226695564,17.3359668237489,35389.1233114175,28005.7950030497,181.037404320638,0
3430,14837,6.76955298863991,5204.75234953485,26.1495294247155,11.3018496833854,11.5643597888705,17.3695581488975,36393.329505277,25131.0731871317,903.553064854315,0
3430,14838,5.97099475014633,5629.39472798184,26.3299778754675,10.7466272112512,10.9821747276327,16.51236470161,35778.8170856893,20668.1195666892,-84.5632483505635,0
3430,14839,5.65536081057618,3696.97095216596,26.4883709791582,14.2539575515875,14.6846534743274,21.9340554860093,26649.9482793693,21066.7650330454,-212.815361366302,0
3430,14840,5.7935084829659,3217.68284500426,26.9568499583703,15.745473143274,16.2738647637973,24.2437030014101,25775.2592534114,24680.7215973036,-235.998777135387,0
3430,14841,11.617700424516,6168.4076330279,25.3838624621143,10.0724596107995,10.2704621052284,15.4702027201492,36602.476221009,19866.7894915658,936.681865524214,0
3430,14842,8.72140076973495,2946.70395237206,25.1483727577044,16.5145621128917,17.0754762481831,25.4297377095949,19799.8335901165,29451.4892593067,-1424.57156492041,0
3431,14843,5.75950222935557,2845.19366005368,26.1751407634466,17.0657780378018,17.673897030759,26.2863657708972,35413.6198618765,28005.5034674092,201.057590025848,0
3431,14844,5.67313557054882,4690.47039998184,26.3299778754675,12.122023376642,12.4289764641113,18.6370721552312,35733.8407710775,20703.0927836225,-57.4922905326325,0
3431,14845,5.75971812024213,2610.45593438626,27.001768599295,18.265518232103,18.9652332527973,28.1477790701598,25782.9735069259,24657.1867804899,-298.401449394368,0
3431,14846,6.26984583610292,4085.00552012499,26.4154572226809,13.3095847900805,13.6837284123515,20.4731300143132,36099.9066237155,23186.8493544039,392.354837619734,0
3431,14847,8.6423340802922,3115.66539837205,25.1483727577044,15.8840088154654,16.4041833302198,24.4534662035295,19779.3694008799,29469.2432573737,-1430.67317305308,0
3431,14848,5.73937038325499,3441.38188296171,26.8250922693487,15.0115026101464,15.4918304709401,23.1071358696279,26692.2385148849,22017.4426932242,-328.504022278277,0
3432,14849,5.77080346863311,3359.41719398184,26.3299778754675,15.2096054958074,15.6980571382318,23.4125663830743,35753.5071030178,20706.6055724273,-62.6603341474706,0
3432,14850,8.70522911995849,2784.21815037206,25.1483727577044,17.1864340909163,17.7917844511059,26.4702650269315,19800.7233542175,29473.0494268316,-1391.46566249177,0
3432,14851,6.64503566229593,1938.35635992385,24.4825580670296,22.1793516516052,23.1339962595863,34.2080847110029,37116.9491824319,16205.6837455784,576.82110780624,0
3432,14852,5.87220593082327,2269.6385215307,26.234318397128,20.0795441586577,20.901094087419,30.9576840199677,27490.1289127071,19875.197341668,262.908000701905,0
3432,14853,5.96321589579485,2523.79277263932,25.9754634716436,18.5563448901766,19.2650584432765,28.5953623440198,36211.2241585001,23278.8228133109,536.511369907308,0
3433,14854,5.7649054782832,3076.86766598184,26.3299778754675,16.1702007249758,16.72037588077,24.8997408574593,35737.6526654143,20711.8902006901,-63.5615578605839,0
3433,14855,6.24488740979776,1735.63606041654,26.0251758943814,24.4425687003986,25.5976564008858,37.7272023367826,27157.5792248218,19722.6293586855,296.009307139729,0
3433,14856,8.42439718966578,3351.48447173138,26.4065400616848,15.2431314246352,15.7343834477834,23.4646485469343,36037.8426222167,22868.4113653184,-1234.10424967998,0
3434,14857,5.83809005264526,3633.11226998184,26.3299778754675,14.40933987159,14.8481719796632,22.1741065403287,35742.9119548972,20701.2182102518,-36.9393351350055,0
3434,14858,5.90050894188808,1544.80279641654,26.0251758943814,26.7001516047902,28.0398963851202,41.2333807793925,27175.8245827473,19749.381766306,243.022571765963,0
3434,14859,8.84673313161141,3014.64085373138,26.4065400616848,16.413363892156,16.9802718371243,25.276506484985,36046.7687837456,22874.3098084791,-1234.49167886224,0
3434,14860,6.23226384001463,2152.35144242824,27.7333794006758,21.147740109708,22.0682158339717,32.6198148421331,30712.8222602143,26685.9896204999,-771.158927350745,0
3435,14861,5.6165963830388,3208.47301598184,26.3299778754675,15.7036322895208,16.2235420058973,24.1773301755519,35747.1814897136,20699.7265988275,-54.3667776243129,0
3435,14862,8.09383994808696,5060.51906479234,26.6298901621223,11.5471401399347,11.8253331050236,17.7492958416864,33690.1679282692,29132.6049304602,-1515.1038458046,0
3435,14863,5.83243634240468,1096.86003441654,26.0251758943814,34.8920165535828,36.9465735588871,53.9686652177307,27128.5623409782,19741.7654738015,257.046681207544,0
3435,14864,9.32248824162958,3142.70001773138,26.4065400616848,15.941577843064,16.4775809486069,24.5459342014882,35996.8539655216,22852.5712205812,-1269.90321178767,0
3436,14865,7.86415985867573,5422.03180279234,26.6298901621223,11.0335170291044,11.2851743043852,16.9558880675198,33733.6774929552,29124.4585660549,-1463.19731233064,0
3436,14866,5.80820775698568,3173.93624798184,26.3299778754675,15.8226604885703,16.3502407791182,24.3616134196005,35753.5308701509,20692.1992381306,-66.7909490049696,0
3436,14867,5.99705271264184,1185.93317841654,26.0251758943814,32.7927017267311,34.658478280918,50.7034086876302,27169.0785550267,19732.663186707,289.49693170073,0
3436,14868,5.37475728793514,1117.35597259264,27.2364969718327,34.8515152828332,36.9275632756033,53.9126876599907,30694.131322553,20493.3604916603,-340.133541527481,0
3436,14869,9.17264541764902,3254.05435368048,26.3959917935403,15.5577021176427,16.0688617425783,23.9515766013839,36072.2861804249,22834.4635197841,-1281.94766502924,0
3437,14870,6.11323140720221,2213.38678503181,27.2839340156941,20.6372656639358,21.5134031870884,31.8263164797955,31465.7100398265,20393.1859266271,222.688311719261,0
3437,14871,7.65819886468717,3328.26906773138,26.4065400616848,15.316852806398,15.8127704373535,23.5787628792408,36098.1379312257,22832.7716980238,-1233.49676700653,0
3437,14872,6.06451351046694,1442.60215641654,26.0251758943814,28.1405581602742,29.6013060748046,43.4713332800928,27174.8918180439,19769.6216852019,244.573064044986,0
3437,14873,5.85132875505088,3370.62755025241,26.6184479238594,15.2065562314314,15.6973802726134,23.408552986648,33915.8939323469,28884.2861785779,276.386065809194,0
3438,14874,5.99422526422103,3826.81928521162,26.037027798788,13.8775037823996,14.2819771950064,21.3506757825822,36026.4475027822,27079.1060680229,442.658150306051,0
3438,14875,6.1962849023847,1571.72535303181,27.2839340156941,26.682022137624,28.0410466836954,41.2109807684669,31485.668366641,20374.5091391263,247.633482607124,0
3438,14876,5.48505820076976,5074.221266147,26.6145509634361,11.5254197685837,11.802378137871,17.7157127941423,35794.6333570603,23102.3295164295,-54.7931357619341,0
3438,14877,5.92684544713715,1500.74837777041,27.810980690088,27.792561098235,29.2541865557133,42.9390081070142,29984.6994961341,26138.2760359285,-666.81251209049,0
3439,14878,5.97626587882406,7103.23083721162,26.037027798788,9.23478499748367,9.39827088497415,14.178632236351,36029.9308003509,27078.5518225205,420.105108781078,0
3439,14879,5.65125903448582,4760.769260147,26.6145509634361,12.0239228025219,12.3274373930978,18.4859836003484,35815.2909956364,23084.9666858424,-19.1991261846498,0
3439,14880,6.12905956206288,1295.65146903181,27.2839340156941,31.0020998964731,32.7334050383821,47.9257382735766,31516.4279694668,20411.9869277803,220.66202105105,0
3440,14881,5.96788220812202,7450.83863538051,25.8241082710585,8.94889132797874,9.09911554684661,13.7374151485749,36019.9708463024,27084.6198530855,444.650907627494,0
3440,14882,5.85331692186313,3213.90379486541,27.4172407570294,15.8118348513226,16.3487348285941,24.3476118498,31511.107293005,20390.9449827314,319.492358039909,0
3440,14883,5.28927122684147,5264.79672940151,26.3520596050394,11.2305343581206,11.4906073112414,17.2597396924146,35832.9673693936,23061.132495942,12.4611876988429,0
3440,14884,7.66849605803194,4733.58286079246,25.9882910127626,12.02230533829,12.3216126325587,18.4823473993287,33641.3699282558,16512.805598205,559.638580100739,0
3440,14885,8.52347312529099,3349.03727832827,24.8268495009305,15.07195422807,15.5381341881558,23.1957588372174,34369.6330066635,14060.8179846812,-1474.51000938258,0
3440,14886,5.13287861362353,3478.4676636307,26.1734699079195,14.8306769111933,15.2940649992344,22.8257193831737,32968.8357862162,16708.1403649473,-595.525809620668,0
3440,14887,4.25402302099295,3078.91056380047,26.9418075879996,16.2377684305693,16.7982417133552,25.0059884383165,31587.5054862608,19775.999033703,-405.408355789276,0
3441,14888,5.92899208926479,7445.50834338051,25.8241082710585,8.9529476933699,9.10334380258185,13.7436708017712,36013.9539314658,27082.1145619422,419.348720255705,0
3441,14889,7.44550350966526,6626.05817630678,26.0398959096283,9.65461765419478,9.8367996447382,14.8263391389902,36368.3558230516,23180.4050270625,952.603076533055,0
3441,14890,8.5102710156806,5013.34089239162,24.8534376769498,11.4912821289931,11.7553538014198,17.6599089314019,34364.3858052101,14048.3626211696,-1418.92718512641,0
3441,14891,5.98649603300356,3525.06509686541,27.4172407570294,14.825983620714,15.2996798346064,22.8213757755213,31535.9539016422,20397.3868146598,324.011982731798,0
3441,14892,4.96647834284827,5342.98365101965,26.7814460796816,11.150568797435,11.4090831788178,17.1369249197734,35845.4049563473,23035.7985049684,97.2740512847601,0
3441,14893,5.10875793827329,3754.27087307968,26.1173593330165,14.0679251975088,14.4843864193434,21.6454148804851,32971.4532405382,16684.9242758055,-588.359804436871,0
3441,14894,4.41067432789694,3517.64645780047,26.9418075879996,14.7978115970499,15.2657467784178,22.7766721508313,31630.8537892693,19776.0406942059,-405.835725152443,0
3441,14895,5.60580063542287,1750.08853283119,27.5802422430143,24.6523553556467,25.8479835529526,38.0594848345346,29950.0326082558,26154.4084590715,-702.380069454399,0
3442,14896,5.94453225845195,6792.78985938051,25.8241082710585,9.49111228681916,9.66489981045567,14.5737794991165,36016.7817066587,27078.8562455675,439.239025618411,0
3442,14897,8.46763726968785,4700.46156239162,24.8534376769498,11.9905072940085,12.2804594881854,18.4311000759711,34343.5239986339,14068.7939333874,-1420.70650961623,0
3442,14898,7.33722190792545,3592.33250086541,27.4172407570294,14.6333297374038,15.0949681406395,22.5232012304925,31441.894384207,20275.4210447366,97.0421979845452,0
3442,14899,5.84803817887571,6666.29991274992,26.2523622952236,9.6282542758376,9.81027724605759,14.7859472238827,35884.2312953882,23092.7622772791,9.215896820712,0
3442,14900,4.51077111330519,3378.11174780047,26.9418075879996,15.2188384536039,15.7132887263959,23.4283494978393,31633.5687814431,19811.2061429996,-460.818353083681,0
3442,14901,5.15756476915079,2923.95675107968,26.1173593330165,16.7323840866595,17.3175729368628,25.7697963945974,32963.9585938273,16714.3929942606,-544.745603528401,0
3443,14902,8.2286675112153,5064.92578439162,24.8534376769498,11.414231125166,11.6743816577815,17.5409024368547,34358.1660786061,14050.6448702121,-1460.34347857415,0
3443,14903,5.84259446510113,3758.76897940151,26.3520596050394,14.0795490633754,14.4986120679807,21.6639218248295,35822.130675165,23074.0705798883,92.8794085094414,0
3443,14904,6.02928571365331,3886.26092538051,25.8241082710585,13.7122695775857,14.1053045887354,21.0946363827922,35997.0045577239,27090.2335964318,375.085368150758,0
3443,14905,5.64720067709843,2665.80037703123,27.2247127873506,18.0249465707336,18.7101284856406,27.775584748694,26368.7144883729,25096.0998560716,605.533967614552,0
3443,14906,5.25597601671689,3304.85331948022,26.1358028064149,15.3613317236977,15.8576167214986,23.6469382537632,32980.0325360033,16700.1810979179,-576.473010654298,0
3443,14907,8.33767185094327,3355.92742532019,27.2871166064213,15.3268958645264,15.831261693527,23.5964604968612,31174.9729247526,20102.9572651064,324.806872222067,0
3444,14908,6.17440770592105,3810.29336303123,27.2247127873506,14.03316023996,14.4563730745684,21.594067996644,26365.8499195857,25071.9441921631,613.531680851465,0
3444,14909,5.62930729224632,2441.72430940151,26.3520596050394,19.0629740930924,19.8120844532502,29.3818797425012,35836.4292806376,23075.0880497453,59.1378796331509,0
3444,14910,4.84415515583641,2855.38568321771,27.1383003657318,17.1513780063632,17.7751483142468,26.4216863084047,31127.5635950133,19631.9132860671,852.350712693399,0
3444,14911,5.16944506376571,3324.63029772572,26.0733467615258,15.2907874467064,15.7820477820684,23.5375875229086,32970.0965414189,16680.5767697383,-543.621684115479,0
3444,14912,5.56281376094132,3684.00384955392,27.6306171515019,14.4021928763822,14.8512078748248,22.1659733433037,29744.0775098205,26448.0736641091,-650.885117930915,0
3445,14913,5.7374212976905,1851.25130140151,26.3520596050394,23.3610832360441,24.4349279389225,36.0495917089782,35841.056287386,23059.2129252823,8.17651183176046,0
3445,14914,5.08883596550658,2252.14267548022,26.1358028064149,20.175670558006,21.003061049283,31.1064132207391,32984.0816317613,16703.2912224255,-636.165244886343,0
3445,14915,11.1570473650612,4931.14279919207,27.5220510039092,11.8111727359964,12.1089465359179,18.1587922969937,29559.8429370103,27321.0846381768,520.64681404762,0
3446,14916,5.72931418270534,2656.27957540151,26.3520596050394,17.944905310437,18.6150730349077,27.6489463089391,35856.5295587789,23073.5805914583,7.58776514014357,0
3446,14917,5.11916371119518,2601.24282323418,26.0687352947086,18.1731474248976,18.8560626966384,28.0017783279395,32976.5848098722,16687.2936641402,-540.956375443902,0
3447,14918,6.44704213213872,4688.26613609632,26.3771427505125,12.1294450493751,12.4371138885295,18.648628249403,33403.3292595989,17485.5892781046,-274.017783477445,0
3447,14919,5.8101031177319,2036.15957140151,26.3520596050394,21.7655927021483,22.7152915116329,33.5734791148192,35847.8299242265,23077.8660166666,2.80312194556128,0
3447,14920,6.62409162149999,2630.66013764814,27.5777672931645,18.2485139981944,18.9532496187963,28.1231381145662,30612.5744702844,26784.2989181919,-1169.03248950085,0
3447,14921,5.68637103275335,949.077219500757,27.3112684926311,39.8102600907763,42.3481002586242,61.630069583177,30759.0849012317,20255.2303022441,14.6598508287934,0
3448,14922,6.97246444877014,4610.78358348009,25.3311715198606,12.1827048464874,12.4861623711172,18.7289789612955,36904.9010880916,19602.8609806468,865.350092896022,0
3448,14923,5.61848160861489,3043.08790698777,26.5476711996672,16.3230237557933,16.8853430256354,25.1369786442631,35468.2522885677,24630.4146520398,-81.7859660409674,0
3448,14924,6.52224121005782,5569.76868209632,26.3771427505125,10.8246906382135,11.0643864529071,16.6329836402101,33362.7139371979,17493.5879419205,-238.655940178474,0
3448,14925,9.92456861534928,4067.32679997225,26.3563288148456,13.3434501213247,13.7191104893727,20.5253781576903,24966.2399000816,30419.9296034026,-1037.04581541624,0
3448,14926,2.97982157979709,3731.3156398784,25.7282005178227,14.0881989917002,14.5026786180576,21.6758975008466,32822.0911377818,16289.9452031216,383.783615559728,0
3449,14927,5.74096045952399,2718.23185458208,26.4645246927093,17.6683527702122,18.3205994177997,27.2207508804627,35481.7607680996,24623.0453841644,-66.3493851818281,0
3449,14928,5.32573065127054,4571.5412415455,26.327043253975,12.3314653288624,12.649818314088,18.9607614461363,33169.7619042636,17425.4598490656,47.5018508148411,0
3449,14929,6.87155389553761,2920.08984948009,25.3311715198606,16.6442272296539,17.2155326543119,25.6310499347937,36919.6731727915,19609.5186574805,821.596766179749,0
3449,14930,10.232978656548,3810.47081110069,26.3236985110876,13.9459236002882,14.3567608383358,21.4571443867835,24961.048989287,30390.9274726591,-1027.314477377,0
3449,14931,3.62324223768,3118.35162618405,26.4177816924587,16.0299222952034,16.5717787271265,24.6827559906761,25755.4933446114,30903.7881118136,-149.205680981602,0
3450,14932,5.55593098669259,3819.1363534323,26.4597442782465,13.9374488096868,14.3488654828382,21.4443335522621,33321.0417407591,18213.5260349955,-250.788602575895,0
3450,14933,5.65030997970819,2873.27028333673,26.1736832819927,16.9475623544238,17.5477141406772,26.1032442687779,35295.9858931383,24722.4154126057,-143.295348727569,0
3450,14934,5.45883090464369,3803.325225716,25.941550310811,13.926590723386,14.3332051569559,21.4263922579989,32934.7800901779,16731.7936028264,-494.569480984685,0
3451,14935,5.65467708208631,2619.86243545753,26.2458994631185,18.1070555697945,18.7873376869638,27.8999006389002,35134.8662237109,24796.4900134062,-203.204845241717,0
3451,14936,5.63148774863447,4381.93392792289,25.9360475172968,12.6541453466001,12.9875920660617,19.4587768599838,32978.7997734453,16710.577819906,-532.193087093924,0
3451,14937,5.56063553074134,4182.2569894323,26.4597442782465,13.1031967079332,13.4657796528446,20.1540714269049,33316.5430476,18219.1645872184,-232.999264562077,0
3452,14938,5.54150966831764,4566.26249901792,26.1880446046888,12.3299881211031,12.6473128635157,18.9582170183106,33180.7034607774,17415.4255336278,65.8743985590672,0
3453,14939,5.54591337799037,3835.00989741389,26.5136474694951,13.9031949254857,14.3129944070239,21.391463105969,33314.562860034,18235.88395813,-323.037510765635,0
3454,14940,6.06046703772007,2562.82543464713,27.478024995637,18.5801312369386,19.3074150759039,28.6368848117282,29985.206729326,25648.6279924766,108.231625394262,0
3454,14941,5.52952536949001,2065.33092741389,26.5136474694951,21.5696348867453,22.5065321883186,33.2700399832697,33302.6175839487,18228.6419266845,-300.48198028895,0
3455,14942,5.97032581013495,3515.18562264713,27.478024995637,14.8611931280825,15.3376123776132,22.8760133276188,29954.8353966829,25626.6822939605,92.610179164034,0
3455,14943,5.55336264152284,1052.52416094339,26.7521323923871,36.3676655036545,38.5725680742694,56.2688293212554,28622.2380470351,20120.7551383058,-133.808505970829,0
3456,14944,6.15354556719623,4712.16685385056,25.1669684761421,11.9951968645785,12.2875394508777,18.4389369773732,36231.0401273772,27818.5979215529,653.07999164496,0
3456,14945,5.94886147241301,4346.03887798715,25.4106157982113,12.6798294490884,13.0109171400034,19.4974351192359,36078.599663357,18258.9187016449,448.255663493068,0
3456,14946,5.99045882665905,3161.75642664713,27.478024995637,16.001430861881,16.5513225673344,24.6413634860816,29966.3231968355,25631.899086768,104.528272754125,0
3456,14947,6.05053381688721,1797.81750208478,26.6339839379763,23.9431393771704,25.0674332831349,36.9543416923792,31428.8784392813,18353.6763198488,240.990786700689,0
3456,14948,9.26371264706841,2977.8335139461,27.3413397604249,16.6745525585501,17.2679909988855,25.6835586095716,28112.9657811687,27533.4673095096,-1217.98223223483,0
3456,14949,5.39621598809181,842.946770943392,26.7521323923871,43.5990652092461,46.4841248568076,67.5251762925954,28595.9105675445,20104.4495524865,-94.6066592152268,0
3457,14950,6.28095876807013,5489.37628985056,25.1669684761421,10.8496568627538,11.0835593113789,16.6695930895792,36241.1908670704,27822.8993735883,651.647610281358,0
3457,14951,5.86876495501809,4347.94373008478,26.6339839379763,12.7788213729798,13.1242039764225,19.652881325824,31436.9723053023,18342.1904068313,271.517670444242,0
3457,14952,6.05420662436256,4096.48429798714,25.4106157982113,13.1939658122084,13.5538593388403,20.292249913354,36079.9885704737,18265.9116730044,411.69523696249,0
3457,14953,6.07721706195919,2689.36480464713,27.478024995637,17.9475949606837,18.6300274588514,27.6564422171606,29977.2982332738,25631.2659205022,108.963518784128,0
3458,14954,6.16171919383523,5470.72026785056,25.1669684761421,10.8737699991255,11.1088565985659,16.7068244458479,36232.4804163818,27802.0823969101,679.498986564061,0
3458,14955,5.9230526582182,4187.85876208478,26.6339839379763,13.1064893319789,13.4705369162952,20.159514434606,31425.5907118815,18338.3525414145,266.24823538363,0
3458,14956,6.15126393997166,4399.98055198715,25.4106157982113,12.5755623687804,12.9009061429906,19.3362731420636,36074.3698502173,18249.1756729418,403.638641023067,0
3458,14957,5.91161480338376,3245.08078464713,27.478024995637,15.7122709913568,16.2432221644914,24.1935926553093,29995.2950866356,25627.7077399089,112.710373799172,0
3458,14958,9.17945377048599,3502.8232239461,27.3413397604249,14.8831877328439,15.3598452878273,22.909741312598,28104.7817419053,27515.4838636703,-1169.94991530461,0
3458,14959,5.50526398771002,1023.62066534453,26.8035509472658,37.2162180842582,39.5005495567572,57.5895549258265,28628.2654158961,20102.4926768278,-59.6014332944421,0
3459,14960,6.26914109766649,5367.63858785056,25.1669684761421,11.0096604077351,11.2514582098558,16.9166534055691,36247.0120235407,27782.7244545807,687.348708043773,0
3459,14961,5.92769751845778,4063.76427808478,26.6339839379763,13.3763550477456,13.7560156333615,20.5768408882574,31468.023017775,18340.8465323122,253.955959095028,0
3459,14962,6.17510513407463,4434.91378798715,25.4106157982113,12.5092454062846,12.8309533382305,19.2337741138758,36075.4555170578,18251.7100580018,427.09266256595,0
3459,14963,6.88605381449019,3672.26309876407,27.3370459947481,14.4047506401079,14.8515648420867,22.169281708036,27921.0825195295,27301.9498026907,1049.44569393145,0
3459,14964,5.64377273379832,2224.87266809485,27.0845215084973,20.5239405132217,21.3890888840429,31.6498442802783,26023.0852699763,25228.7653100072,282.752404685708,0
3459,14965,6.12131656773396,3229.15598664713,27.478024995637,15.7664823761559,16.3009688930735,24.2775359530258,29995.5016761927,25638.1597834674,40.7810322562485,0
3459,14966,5.52646426411627,1342.19958540295,26.8651585459612,30.0236946782157,31.6615189422091,46.4024264928472,28625.5765465464,20163.7680753422,-3.92267415449982,0
3460,14967,6.320633203093,5871.6158453846,25.2463465148266,10.390243663083,10.6024209547653,15.9604762947076,36270.3566433998,27651.4582371462,727.133515401314,0
3460,14968,6.06332513395308,5543.94961045683,26.732300205704,10.8802028992645,11.1246965404627,16.7192681795954,31445.6814844365,18342.635404463,242.981845225356,0
3460,14969,6.26465932037482,4670.21175570534,25.4883214811637,12.0917342277764,12.3913975400936,18.5887043958452,36079.7142004318,18245.0631809291,397.162870384321,0
3460,14970,6.86569572221912,3782.90192219709,27.590444880508,14.1379941840878,14.5704469783969,21.7570598332757,27922.8622031475,27285.7290312032,1061.83726950517,0
3460,14971,5.89099264182131,2572.6275659174,27.1987576789651,18.4874762605601,19.2050821480338,28.4924111949907,25980.889837893,25234.0134510871,195.129845311144,0
3461,14972,5.928399486585,5416.50717445683,26.732300205704,11.0475688389857,11.3005336896132,16.9777549093147,31443.5431030118,18336.2873450044,237.752565361152,0
3461,14973,6.33090743744423,5362.3086473846,25.2463465148266,11.0221473981115,11.2650454971058,16.9360681962185,36266.6800118675,27654.5367132063,742.224075698998,0
3461,14974,6.00547341554094,4579.59679170534,25.4883214811637,12.2504073146041,12.558594352307,18.8339003378903,36075.170586965,18252.3504571626,428.090502323699,0
3461,14975,7.15622341196619,3592.97172419709,27.590444880508,14.6491763137269,15.1132238076889,22.5481177104752,27928.5191823254,27289.3789171619,1027.4177478982,0
3461,14976,5.75887624487459,2455.69420029966,27.1953535745278,19.1181659065139,19.8810198593956,29.470138073638,26018.6516324463,25208.8963539493,224.598556028104,0
3462,14977,6.33559945547308,5132.4232853846,25.2463465148266,11.3432820498484,11.6023256648966,17.432011795082,36260.028881557,27651.4365636132,722.289968805056,0
3462,14978,6.02822676756334,4261.90425445683,26.732300205704,12.960552313485,13.3169532451489,19.9340535407816,31447.7568410362,18345.3723805324,270.758388110033,0
3462,14979,6.89269004974162,4683.30277619709,27.590444880508,12.2304660861545,12.5516281531441,18.8069596432322,27901.8142970495,27322.3932834081,1045.51950854631,0
3462,14980,6.13899384470721,2058.9151679174,27.1987576789651,21.7515522182655,22.7115070156367,33.554822836777,25994.1207668381,25224.9968062238,223.469243793344,0
3462,14981,6.16275637189806,1056.58214370534,25.4883214811637,35.7277179455686,37.846519060935,55.2654708629018,36076.45443782,18243.7878243706,392.186821571913,0
3463,14982,6.31060745108521,4699.3700993846,25.2463465148266,12.0230307023286,12.3173881164779,18.4820917663795,36272.2131793666,27632.0972880265,730.920411055944,0
3463,14983,5.96223182827997,4815.81410245683,26.732300205704,11.9409480707051,12.2407447398762,18.3579675965505,31452.0784396924,18338.1470984973,257.098503988766,0
3463,14984,5.62423524838452,3786.50748554351,27.0791051641354,14.0795194819194,14.5043944068256,21.6654778016178,30397.9558389654,31038.5928887288,-500.546843380705,0
3463,14985,5.88314024590173,1914.6448679174,27.1987576789651,22.9594584350089,24.0136812787894,35.4295047595666,25992.1266105663,25226.9678988606,269.764895747496,0
3463,14986,6.37829980603008,2194.80201975166,26.0688357125321,20.5466393804179,21.400623053233,31.6815038694491,23517.3231093839,22170.2373370546,236.853261224052,0
3464,14987,6.29157151628303,5052.4028273846,25.2463465148266,11.4611018059862,11.7261567080909,17.6139904929806,36275.6496431902,27664.3952108468,727.184755510207,0
3464,14988,6.30144526268959,5105.64804975166,26.0688357125321,11.440345570652,11.7095013995719,17.5833559438169,23482.5769258898,22137.5171294947,222.450787016704,0
3464,14989,6.20020774872121,4835.41724245683,26.732300205704,11.9086968971172,12.2067568360719,18.3081290193633,31441.2098369678,18318.5038849416,277.622793671624,0
3464,14990,5.86556658679201,1992.70768029966,27.1953535745278,22.2848515872196,23.2861013591848,34.3824174402238,26005.5545075483,25207.4268837741,227.13143041933,0
3464,14991,5.3717933530817,4776.57500707699,27.0604166542144,12.030695563979,12.3374637009352,18.4972466116039,30351.1973491242,31059.6000804065,-501.335364698129,0
3465,14992,6.35764977187569,5223.0823013846,25.2463465148266,11.21365939607,11.4661436774344,17.2318177349305,36274.3456104326,27664.5466280116,717.44298986383,0
3465,14993,5.8557881944731,1899.7993439174,27.1987576789651,23.0934950899102,24.1583154327957,35.637569413201,26012.0148330631,25228.6027116768,205.931294482921,0
3465,14994,6.19529217813314,3376.27904588452,27.072179481328,15.2389225075941,15.735791251709,23.4597539103555,30974.9872989292,30722.6418576148,320.266551773887,0
3465,14995,5.93699277052309,3186.56672175166,26.0688357125321,15.7478404031567,16.2681469587151,24.2450992164396,23470.2902674209,22130.9140104152,244.508992435208,0
3465,14996,5.41455510606266,1697.50508746128,27.395113388736,25.1857299543293,26.4222454909008,38.8870930136944,30742.478455106,20256.8036340245,8.75733054594966,0
3466,14997,6.25454303117142,5705.6939873846,25.2463465148266,10.5852013464526,10.8067055308908,16.2614287264036,36273.528487204,27653.6286360627,742.537861270587,0
3466,14998,6.03475466141909,2129.9710439174,27.1987576789651,21.2130719369009,22.1317500864987,32.7193060962806,26031.7815817725,25236.0564723402,229.193947890676,0
3466,14999,5.69189149326598,1372.09746554599,27.0305322895818,29.5626012976623,31.1633045802145,45.6864665080922,28696.6297567505,20471.4147344119,-20.7334962695462,0
3466,15000,5.41734569153906,2318.99070346128,27.395113388736,19.964006985128,20.7911910877378,30.7824121502523,30730.6790230758,20254.7098947207,-8.59251754439913,0
3467,15001,6.44017646088867,5198.7215453846,25.2463465148266,11.2480976518313,11.5023190594497,17.2850039384832,36266.4369821416,27648.2689541609,703.165491765011,0
3467,15002,5.94434465051915,2142.1073699174,27.1987576789651,21.1244378407487,22.0363679331495,32.581792574598,26012.5453027947,25214.596302818,212.634256026849,0
3467,15003,6.1386839699407,3721.92408351552,25.8961342233939,14.1293050346264,14.5476261991048,21.7398679162946,23204.4013410786,21945.2656695307,691.92840802667,0
3467,15004,5.41598988409073,2361.34670146128,27.395113388736,19.7023106640542,20.5101523676055,30.3765594771727,30736.8792725928,20276.692990733,-20.6952375862182,0
3467,15005,5.58383462577065,1263.13484354599,27.0305322895818,31.5441189162171,33.3186267135444,48.7672398177157,28726.8142088326,20491.8230108655,-35.2388993304456,0
3468,15006,6.0759922005489,6289.31869551552,25.8961342233939,9.97598811578875,10.1721919614689,15.3220600289167,23184.9342541609,21933.8315456633,678.788796018965,0
3468,15007,5.81473553584639,2109.9714359174,27.1987576789651,21.3612080849517,22.2911937651788,32.9491437382088,26020.3503771218,25227.5331147314,257.464870737052,0
3468,15008,5.71281977677519,2142.84878146128,27.395113388736,21.1550839921975,22.0718489915222,32.6300298933822,30754.7548668375,20253.6522470167,15.927911364606,0
3469,15009,6.0974091534599,4179.60858619426,25.5833605383948,13.0318982621103,13.3839245204624,20.042040688064,23370.7457793585,20987.1880607994,632.65728982871,0
3469,15010,5.91696202064444,1940.8558079174,27.1987576789651,22.7275080784026,23.7634551415579,35.069466770606,26025.0068110164,25223.2292446162,221.94519300101,0
3469,15011,11.5448165964693,3778.49461676997,25.372254444165,13.9327098317342,14.3350389902904,21.4345765651372,35796.1925859567,28018.8063774698,-963.092736516944,0
3469,15012,9.44135899428066,3196.83505573451,26.9843767070453,15.8204310544718,16.3539441515742,24.359835354129,33580.8857599383,20963.7520574312,-1072.70918956709,0
3469,15013,5.66121448249146,1699.92794746128,27.395113388736,25.1584480070331,26.3927228495806,38.8447197136459,30735.6248458397,20228.6342441254,26.861139856819,0
3470,15014,6.21091022609294,2850.53025802321,25.528538648359,16.9556404526549,17.5496311671554,26.1139106199305,23346.301282142,20985.1646187193,634.438095709713,0
3470,15015,5.79901850319771,1910.21300765426,27.1225858139331,22.9833068820728,24.0383482408067,35.4662296527057,25976.83261726,25212.4986075244,204.860558711806,0
3470,15016,8.65714350609745,3334.81650736096,27.4165816422338,15.4088095324434,15.9195674993508,23.7235884922955,30864.3501799043,20563.5962660205,-98.560128971145,0
3471,15017,6.27987976618361,2826.34571002321,25.528538648359,17.0578205673417,17.6586355998493,26.272175138679,23375.8510084119,20973.2308514156,605.660453570326,0
3471,15018,5.86554374763448,2320.69576420433,27.4018449450146,19.9544275382517,20.7809815877128,30.7675773342377,30787.394776318,20308.1653186043,-48.2606683739219,0
3472,15019,6.51421340830893,5329.86492202321,25.528538648359,11.0850312767969,11.332774412954,17.0336478055894,23376.0027987426,21007.7875148636,584.885116989461,0
3472,15020,5.55790617756182,3784.25758526543,26.3097046323939,14.0104878103931,14.4250697531867,21.5569903547472,25220.000451475,21477.590928991,-112.060091612507,0
3472,15021,9.34082526115683,5723.75212177664,25.6830251401756,10.5906884159858,10.8149375518288,16.2705850119939,24461.3482132539,20812.2119581594,-1096.57681765574,0
3472,15022,5.75012767398954,2790.92848936096,27.4165816422338,17.469930244189,18.1184222347947,26.9160348306409,30791.986584198,20287.8815136229,18.4400435138929,0
3473,15023,6.35056684231348,5276.12148202321,25.528538648359,11.1589124352734,11.4103704445446,17.1477461182807,23369.49241397,20985.9924080505,661.966528684256,0
3473,15024,9.42738108776965,6115.41845377664,25.6830251401756,10.1459322034188,10.3489530421434,15.5840368441465,24485.745995159,20824.9886039234,-1095.30791013742,0
3473,15025,5.56846079999498,3802.42903526543,26.3097046323939,13.9647032983646,14.3765491605715,21.4861642337506,25220.7302142328,21482.3119526693,-57.5144977178216,0
3473,15026,5.94185111096246,2993.08311736096,27.4165816422338,16.6239032925036,17.2146586340784,25.6053017776058,30782.8955327706,20308.6250262304,-7.02429915765104,0
3474,15027,6.02224556633811,5683.40424802321,25.528538648359,10.6298801094592,10.8551560516328,16.3308500430585,23385.2954802441,20990.7007053156,624.003599169438,0
3474,15028,5.70307087168455,3768.86141126543,26.3097046323939,14.049590916886,14.4665142962924,21.6174819808445,25234.3177999283,21474.6020019535,-42.8347518621811,0
3474,15029,9.12281736109964,3349.9369439354,27.4426712637502,15.3631643716942,15.8712157004023,23.6529838960358,30859.9014703341,20523.7999848869,-85.3793866907315,0
3475,15030,6.2644696905694,4764.30332002321,25.528538648359,11.9357327440255,12.2273630579028,18.3477324931367,23358.7249248784,20962.1510109243,633.799754493085,0
3475,15031,5.81890290469295,3608.73184336096,27.4165816422338,14.5872826209587,15.0460482606742,22.4519356547529,30800.4935564736,20272.462274859,-10.9508064906126,0
3475,15032,5.46523453937678,2043.15038318708,27.1280971652488,21.8620477790028,22.8295934398006,33.7260274034725,29082.4612912289,20673.7409042477,175.440500079715,0
3476,15033,6.17000909645259,5599.13277202321,25.528538648359,10.7337728924959,10.9641130769786,16.4912530688702,23363.8343379859,20969.6347950226,678.815633734985,0
3476,15034,5.9391798445811,2160.61658128646,27.1653158076257,20.9849623099441,21.8858761293358,32.3652902714527,29061.2435773724,20716.2184650371,217.306882226778,0
3476,15035,5.57543138717492,3070.92335020433,27.4018449450146,16.3236506762135,16.8941699885134,25.140196706819,30719.6990562392,20229.866427272,31.8598917840867,0
3477,15036,6.34390362654833,3322.78972402321,25.528538648359,15.2345804614281,15.7173351934466,23.4492209365944,23368.6984785348,20979.9793771582,669.745750187779,0
3477,15037,5.41913805853105,3492.01663521723,26.7689444713226,14.8545080468085,15.3245132502122,22.8640152155654,31188.2625516392,31181.2859331297,-542.530511949006,0
3477,15038,5.90980702894106,1719.94239928646,27.1653158076257,24.8816746965475,26.0898068213205,38.4139016379534,29067.2439859018,20710.916356258,216.462366118066,0
3477,15039,5.4117687830164,3038.57579247173,27.1060887856928,16.4094274052831,16.9828486692973,25.2722757569148,31187.7743380973,31181.2619979398,-542.026886005473,0
3477,15040,5.61662060666904,2256.20328736096,27.4165816422338,20.372417957477,21.2302990973553,31.415939434181,30749.4746035038,20224.6111594345,34.7129633074764,0
3478,15041,6.248565730486,4715.62586002321,25.528538648359,12.0173591992304,12.3133260263008,18.4738558049311,23366.047040878,20979.2414528934,644.113121321408,0
3478,15042,5.25108359348826,3517.39772136683,26.7283232315051,14.7760525955095,15.240821171778,22.7424981497651,31262.2405544167,31273.7373543423,-526.336409933987,0
3478,15043,5.73700987785272,2050.72886728646,27.1653158076257,21.8093669463588,22.7733393367671,33.6444150603708,29042.1476663518,20722.4135663691,193.861095257535,0
3478,15044,5.56684691526856,2750.66531020433,27.4018449450146,17.6499999658425,18.3108328742278,27.1950279372513,30729.5556213922,20249.6214438332,43.0772808280734,0
3479,15045,6.39117486764833,3806.41460602321,25.528538648359,13.8784556092944,14.2788718164221,21.3510145154605,23381.8708080657,20976.90428486,637.846988673705,0
3479,15046,5.4123776083994,3408.23686536684,26.7283232315051,15.1019986024391,15.5871849932722,23.2469765898684,31296.3142040004,31275.04613472,-502.845938741388,0
3479,15047,5.74969920715998,2325.19542158628,27.2099640255498,19.8941604494306,20.7139640547306,30.6734785750151,29151.7004823239,20718.9452151556,234.119615049642,0
3479,15048,5.51845706080966,2369.32882336096,27.4165816422338,19.6574752645995,20.462267281368,30.3070992317987,30750.491078954,20248.8143780729,6.49224501365156,0
3480,15049,5.45805007434381,4236.82488870241,26.8223549492072,13.0200273818856,13.3804780378858,20.0261950211991,31273.3847911288,31266.6692763537,-505.920035392755,0
3480,15050,5.79368356784007,4367.09652795546,26.1267243569547,12.6989018861096,13.0361999945702,19.5283375647048,33227.5833871844,31133.8343679184,-36.4720140520605,0
3480,15051,6.55829894245128,3270.3950728982,25.4370938489734,15.3924954132077,15.8843000010912,23.6933996406468,23351.4242701811,21011.8776202475,728.108139617839,0
3480,15052,5.60706552593048,2975.02235546538,27.2696230858251,16.6766244538598,17.2695069811707,25.6865764791912,29314.2135814841,20736.5377739357,344.393163647371,0
3480,15053,5.86117185590612,3540.23228540028,27.4287371998154,14.7831577701384,15.2542607620512,22.7551173012245,30756.9084015302,20244.0148819654,5.3840460409251,0
3481,15054,5.67865040551313,3381.32004741462,27.6502928532333,15.2863184146081,15.7912347550658,23.5345090500706,27553.6554645845,26546.5528222074,123.438458405793,0
3481,15055,5.66906629515369,5288.48815995546,26.1267243569547,11.1822514096963,11.4385070859643,17.1847903960443,33236.1045842114,31140.3808037136,-75.4390083229308,0
3481,15056,8.66721937018452,4476.9282347202,25.4602149659545,12.434773164682,12.7527654143696,19.1187716173671,36047.4716641411,17682.5497446518,-1363.71396923521,0
3481,15057,5.39194863633999,4721.99159070241,26.8223549492072,12.1054172104463,12.4147119667021,18.612302847421,31306.4761626134,31285.9681140178,-515.690736872777,0
3481,15058,5.74520184671031,2235.19969635362,27.2280713965,20.4795956578633,21.3431971933183,31.5815493158228,29272.0831306157,20695.3227659732,298.478489246967,0
3481,15059,6.12243999618076,2972.00553740028,27.4287371998154,16.7087146171734,17.305302460924,25.7367105248224,30765.4546072863,20273.6602320321,24.5874138778726,0
3482,15060,6.13702106855812,5642.13476541462,27.6502928532333,10.8124504782201,11.0586306139076,16.6160413193713,27562.3210231781,26590.8116601282,148.778588362689,0
3482,15061,5.80868828860789,4730.08500795546,26.1267243569547,12.0387881972712,12.3398991071689,18.5080715179449,33236.3612502212,31145.9624593225,-49.3004544243412,0
3482,15062,8.63900364965148,4652.3432987202,25.4602149659545,12.1203827628175,12.4213871797065,18.6329201141834,36030.0393413991,17662.8638647188,-1366.89707951601,0
3482,15063,5.7528579932131,2521.41891146538,27.2696230858251,18.7680639703661,19.5065120901532,28.9275884023044,29314.0300023497,20727.5470882774,295.757581221154,0
3482,15064,5.68450802400585,3370.89490224223,27.4162107521263,15.2936411150221,15.7970020798438,23.5452879210339,30728.3172388206,20264.4980538589,75.5092741756791,0
3483,15065,6.74803690101359,7389.34721541462,27.6502928532333,9.07995003846525,9.24380388544697,13.9417667146456,27551.2681989184,26606.9995010066,175.943530513941,0
3483,15066,5.64934586927737,4307.60430195546,26.1267243569547,12.8165209997326,13.1604090509588,19.7101675639272,33252.0752635294,31155.4627424338,-49.6997829100782,0
3483,15067,8.93157934198383,5409.5751527202,25.4602149659545,10.9733137117759,11.2150680313576,16.8610141727392,36026.8323287008,17642.1311092857,-1289.08239787989,0
3483,15068,5.52463272146952,2239.40666235362,27.2280713965,20.451401325095,21.3128899326921,31.5378159314901,29268.239275232,20704.8851414935,306.703203714948,0
3484,15069,6.64212768343402,7564.91646141462,27.6502928532333,8.94505781992456,9.10299249718008,13.7336826316466,27552.86699111,26632.7710418689,170.376385199039,0
3484,15070,5.78265157401565,4561.78434195546,26.1267243569547,12.3332083844236,12.6502900977962,18.9630785068886,33235.7060533386,31135.8897089855,-91.1113200652069,0
3484,15071,6.06803554961237,3224.89303925087,25.7301336003452,15.5773924409562,16.0836264900895,23.9803556391941,22815.8900336407,22474.4368967254,495.045331358168,0
3484,15072,5.7380197815511,2057.61742946538,27.2696230858251,21.7753395861958,22.738062625689,33.5919927791283,29310.1500429827,20738.1868376557,290.529222908975,0
3485,15073,6.35534020215688,5904.55252941462,27.6502928532333,10.4951811217914,10.7254461278692,16.1260769508778,27542.9880520341,26579.6579031218,71.7231994508681,0
3485,15074,6.05107833078437,3947.54407325087,25.7301336003452,13.5584917460253,13.9418089358569,20.8566047033673,22839.9882319247,22479.9765435252,505.940528158961,0
3485,15075,5.6213041668981,3893.43598218786,25.9985158091747,13.7116870195184,14.1060708806803,21.094116507945,33386.7049827569,31339.9767633046,84.1523826598993,0
3485,15076,5.74166257585781,1288.46875824223,27.4162107521263,31.1813318203834,32.930908473781,48.205111103122,30708.6290737061,20240.8968479404,-3.38584688972762,0
3486,15077,5.98471094504983,5556.10120941462,27.6502928532333,10.9222086040147,11.1739779189622,16.7855654579619,27541.844473705,26550.4108066998,64.4886346861346,0
3486,15078,6.00804703975988,3256.32414125087,25.7301336003452,15.4728203318464,15.9724243340562,23.8184837481448,22826.4279492086,22488.8755405754,500.446511266828,0
3486,15079,6.00672444031514,2886.12223145263,26.4431636262252,16.92998488449,17.5317084106083,26.0767752108689,23695.3586336572,26580.5911849996,392.999321836351,0
3486,15080,5.85831587267698,2919.06744954165,25.8640725173917,16.7188110009197,17.3005215179595,25.7480649681627,33457.0531941878,31567.6540824282,107.512581049694,0
3486,15081,5.58139765188016,2357.25984497376,27.2661436799198,19.7059576491141,20.5125493553554,30.3817963273114,28025.7007121154,23137.5783009692,-321.323245964347,0
3486,15082,6.06054003047942,1254.92465540028,27.4287371998154,31.8413386844671,33.6497258113366,49.2315219401795,30689.3844479125,20237.6996026389,47.0693825093455,0
3487,15083,6.28034812386139,6355.38069741462,27.6502928532333,10.0043927425109,10.2107611406001,15.3683421473592,27542.7507760084,26578.70645858,61.455761119628,0
3487,15084,6.35760621000698,4704.32769301954,25.7027377514816,12.0499897469429,12.3488709715222,18.5245999767876,22713.7330853735,22554.6278049021,716.633326836886,0
3487,15085,6.01402237457299,3704.07976745263,26.4431636262252,14.2306746812499,14.6595902509111,21.897931026482,23699.5823133159,26578.1368361786,384.761055718979,0
3487,15086,6.04781218686682,2364.60730610138,25.8962223916307,19.4344485257592,20.2048273783462,29.9562744726458,33364.4298126665,31623.5649121673,55.382672531521,0
3487,15087,5.29770781191938,1221.95173340028,27.4287371998154,32.5197052992963,34.3886778608603,50.2865273404305,30732.9823901203,20241.9409078251,91.8639246552612,0
3488,15088,5.99012902776529,5854.85095069127,27.6246159402452,10.5518335711043,10.7847780971239,16.2135215023256,27522.0545797238,26568.8323156834,77.8374718488863,0
3488,15089,6.75730630349381,5272.40614917332,25.6327469912565,11.1711669027691,11.423877649706,17.1668470819571,22583.1784672839,22588.8828315623,948.224664306385,0
3488,15090,6.19064958924231,3790.73005145263,26.4431636262252,14.0071375833482,14.4225908011296,21.5521029627802,23711.4510049665,26558.3581616643,400.395437351785,0
3488,15091,5.97658251692998,2321.89889210138,25.8962223916307,19.6924859904397,20.4815391003213,30.3563420557593,33369.5285578369,31608.8961201355,72.8949879911688,0
3488,15092,6.49356742745197,3472.54228771003,27.4754283811221,14.9872722306833,15.4716306399703,23.0711618770485,30253.1575829004,21030.5235426355,669.674834056821,0
3489,15093,6.10700814601722,5762.74914141462,27.6502928532333,10.6634596242744,10.9021210455995,16.3859399590787,27546.5850864901,26587.8819512219,44.0560572787421,0
3489,15094,6.10168300176694,3164.66302745263,26.4431636262252,15.8685356284947,16.4001460654511,24.4329345210484,23711.0771089698,26583.6160486738,387.127102969752,0
3489,15095,5.75473459479041,2329.56394010138,25.8962223916307,19.6455303321099,20.431175856788,30.2835382458649,33371.5260215165,31633.1431779113,92.564415680277,0
3489,15096,6.3464264391642,3021.61953063927,27.3652576946669,16.5064870558148,17.088867921941,25.4232916435534,29157.1482674102,21962.2429637865,586.063571195682,0
3489,15097,5.61443797066874,2641.10744424223,27.4162107521263,18.1732965571275,18.8709773281432,28.0060753416935,30688.819010607,20209.298968328,63.7107437289785,0
3490,15098,5.92205069379099,6125.50087939184,27.7313497114995,10.251241340038,10.4699288141125,15.7495381835384,27541.9680612931,26569.0461665083,49.470117173276,0
3490,15099,5.69010593580978,2042.82790249933,26.0444948974947,21.6526282729548,22.5895066297659,33.397052547401,33354.7481029715,31616.1156392868,94.3946310155752,0
3490,15100,6.28170676678163,2261.08031443484,27.4677399334279,20.3490390666008,21.205791510516,31.3798474763344,29144.8670743661,21986.2634649117,697.325485533926,0
3490,15101,5.91329049429074,2736.9207360159,27.5246297922244,17.7303043691293,18.3980051123432,27.3198244245546,30713.2269566848,20226.5652075941,50.2760370777838,0
3491,15102,6.23740088633439,5514.91813339184,27.7313497114995,10.9809117783073,11.2361398489301,16.8763635228603,27542.5338750491,26582.6412618561,66.1107916156252,0
3491,15103,6.05409379500793,2832.34222863956,25.5672617220871,17.0376400927947,17.6375144430117,26.241030184017,25361.4794875628,19461.0497668059,504.769948948154,0
3491,15104,8.57955232644512,4430.50948604478,27.2860317908601,12.6710125860326,13.0148329414574,19.4874520209543,31462.8363850006,19361.3606166524,928.984133801324,0
3491,15105,6.43829994152849,4921.2171300159,27.5246297922244,11.8272270102019,12.1258848386439,18.1836067572286,30794.296070141,20097.2578282479,49.3498543170998,0
3491,15106,5.78894116922229,2377.49094649933,26.0444948974947,19.3829095000728,20.1513707761887,29.8768667536191,33367.8824696394,31612.0379062951,69.0201123475125,0
3491,15107,3.812073716612,4820.17188984886,27.7446360693957,12.0081786143026,12.318065842865,18.4636453956861,27577.8617474102,27276.8884054652,-289.920823709644,0
3492,15108,6.03144217833098,2120.90242863956,25.5672617220871,20.9732386752677,21.8523966580969,32.3413441033471,25375.6775330154,19464.5837125511,542.385125986041,0
3492,15109,8.57508697340748,3956.73022604478,27.2860317908601,13.6813383644037,14.0838847062506,21.049917784173,31465.7556047656,19343.1689594508,938.803776054648,0
3492,15110,6.85965485872303,4744.8769740159,27.5246297922244,12.1190060592154,12.4335869271881,18.6345581854144,30773.3397848856,20109.7735577947,73.5028687911689,0
3492,15111,5.88715599794763,2719.84106449933,26.0444948974947,17.601279180638,18.2444040253617,27.1155830904406,33358.8703625961,31628.9980793649,46.6379645105245,0
3492,15112,7.17709178210803,2554.35143858376,27.4936408441102,18.6268951991262,19.3576989268434,28.7094260850822,29283.4600609596,22030.9724592212,1056.01659837648,0
3492,15113,6.71961140203354,3333.15472939184,27.7313497114995,15.4490355316327,15.9651386646063,23.7866258742113,27538.9084680235,26639.1938525289,21.9844923299634,0
3493,15114,7.29501645383668,5916.48734372309,27.7465673900831,10.4869353192385,10.7172955043537,16.1134833593605,27456.7026740903,27669.8996610172,-472.256556672802,0
3493,15115,5.76566457361401,2717.85872449933,26.0444948974947,17.6104023161949,18.2541521085787,27.1297180341743,33383.408789469,31624.5485420515,81.0112547922147,0
3493,15116,6.05344422265619,4322.5504500159,27.5246297922244,12.9034889134872,13.2622184669309,19.8473612900275,30805.9184740559,20167.3242300292,38.2853230370422,0
3493,15117,7.25345871884921,5344.79835731627,27.8719555352083,11.2194065909727,11.4877915477321,17.2450035268015,27461.0509312798,27671.2893396225,-469.125915741313,0
3493,15118,7.30277700975911,4338.86611250661,27.4538943291123,12.8648220220382,13.2208401542973,19.787435148759,27457.9509581546,27669.6606750234,-473.795632350512,0
3493,15119,8.69347413012913,3344.55595941707,27.182751952279,15.3516090535914,15.856642379432,23.6344674445403,31448.5880516707,19419.6896941106,871.286715537692,0
3494,15120,6.0934307726412,6441.89951335204,27.7325031722539,9.92147873938715,10.124297420349,15.2404645988482,27612.6189133104,28563.9766967225,289.768255133097,0
3494,15121,6.99581750919222,5791.75868571537,27.762875325118,10.6351395646454,10.8729814873709,16.3423708366844,27614.3016578083,27086.3915666383,1025.00472605153,0
3494,15122,5.74083235923182,1591.88960449933,26.0444948974947,26.1006926248847,27.3911040524635,40.30229331694,33355.8707522696,31619.2168915218,86.3090825947448,0
3494,15123,5.70687569527078,2881.0588800159,27.5246297922244,17.0934098184166,17.7170816235556,26.3329399929656,30715.7918871114,20189.0495919921,51.7098433045424,0
3495,15124,6.0407993598477,6008.36175535204,27.7325031722539,10.3811327785868,10.6061900318313,15.9500917586842,27607.1831016779,28566.0095707392,297.87075335724,0
3495,15125,5.63209966674459,4897.82630640039,26.2907767435376,11.7753395886992,12.0634483712204,18.1012841324983,32529.0259677666,32115.0960809574,-77.1552754945357,0
3495,15126,6.22647198329894,5396.61208608838,27.7395991934429,11.1395895653996,11.4030608003704,17.1214899754618,27507.3938876661,27339.6535920185,758.152082676137,0
3495,15127,5.50060178227038,1689.4743060159,27.5246297922244,25.3077819222674,26.5563055969432,39.0772091897783,30731.1850378505,20222.4356458106,34.2498093417708,0
3496,15128,5.60754212169468,5973.64222440039,26.2907767435376,10.336808428087,10.5521354069804,15.879566477895,32527.1195835076,32121.7022219712,-72.4143564321204,0
3496,15129,6.29755893248752,3889.81342608838,27.7395991934429,13.884031375627,14.3021915316277,21.364437218537,27494.5019102695,27308.9017629563,797.365496300277,0
3496,15130,5.16275961692517,1614.5418540159,27.5246297922244,26.1993053779126,27.5217628166881,40.4620919934705,30744.1471374678,20251.2258094739,37.1394132049103,0
3496,15131,5.66684155104007,4016.35234135204,27.7325031722539,13.5825744804126,13.9825716297221,20.8980593351799,27593.5168979798,28530.3224546494,302.499699403259,0
3497,15132,5.54790840398374,5470.41420240039,26.2907767435376,10.9474664811055,11.192812090969,16.822447878666,32523.5651552558,32116.6904249375,-94.440103921458,0
3497,15133,6.42740939865355,2274.26220134867,27.7440036853381,20.3097926122422,21.166939684567,31.3198911175212,27477.7708214904,27302.6910455482,854.425435885877,0
3497,15134,5.28183946367008,1891.4086740159,27.5246297922244,23.2390001933636,24.3199300302634,35.8647100321561,30738.5360842675,20252.9003061597,-5.6164848385021,0
3498,15135,5.83275942062007,7631.16480240039,26.2907767435376,8.83546723299233,8.98292907477964,13.5630605108522,32520.615108591,32127.3385168897,-78.0142945628167,0
3498,15136,7.45092535371548,3928.87090980988,25.2808126313714,13.5595949157901,13.9394175969764,20.8573299266047,20636.4737879969,26651.3132005986,1259.50748328857,0
3498,15137,6.63825019887642,3189.60688608838,27.7395991934429,15.9336877576717,16.4814996511004,24.5371110209877,27492.3603999841,27279.4378851329,846.886040884994,0
3498,15138,7.05391622307311,7881.58330858116,26.5381774417314,8.66768433367268,8.80914853558717,13.3046166101314,31094.825456158,32946.3086832717,1032.60024553776,0
3498,15139,5.52716766150323,1856.21368986376,27.5197568889476,23.5679575050083,24.6750739048894,36.3753998095101,30718.775782305,20235.2408492823,-12.8831588819887,0
3499,15140,6.93123303841993,6730.52657458116,26.5381774417314,9.58388746491949,9.76527348064311,14.7178696847165,31070.660568883,32972.3267635432,1036.99581054779,0
3499,15141,5.88570387190912,5580.42145277002,27.2731972420821,10.8674184399991,11.1143048301757,16.7003628064106,29306.0439551331,31423.7473389496,465.859080781179,0
3499,15142,7.19870668645209,2906.64424980988,25.2808126313714,16.691533886144,17.2654317941732,25.7041659826946,20641.6848187085,26630.0101780039,1249.20155317303,0
3499,15143,5.95520261260063,2895.28456921148,27.565031950953,17.0389652720295,17.6593137645663,26.248698165702,30038.7764424884,22357.8355915324,115.043736941416,0
3499,15144,5.74289005313466,2399.4383640159,27.5246297922244,19.4951456993847,20.2892658687688,30.0557157913067,30688.8673704587,20284.7890940175,42.9924111490644,0
3499,15145,7.21958504655727,1902.39740475029,27.5463623033176,23.1428694829543,24.2164581438849,35.7155581363139,26779.6363235915,28040.1001335184,366.453351067592,0
3500,15146,7.13824692332834,6466.64976008799,26.632162350036,9.83856811892675,10.03210667341,15.1110078344271,31070.386860034,32971.8741089952,1036.99331582054,0
3500,15147,5.58469565956069,1845.41569538403,27.6351801893384,23.6965890515155,24.8156538143853,36.5755667524071,30023.9020761235,22367.1219632818,118.602766329604,0
3500,15148,6.02397875409656,5533.01654443009,27.3200066567133,10.9314339148497,11.1818330570433,16.7993061468,29286.4113305836,31411.7080217143,567.602718220251,0
3500,15149,6.01759460821071,1929.65940385124,27.5403012632351,22.8964161735067,23.9503852888936,35.3329522065322,30713.6487901105,20262.9281067395,49.4777592826664,0
3500,15150,5.6451986366255,1251.45492620169,26.8707298651063,31.7217079123238,33.5089228295833,49.0425492802524,24750.3368278853,22574.4375035205,94.2122636344292,0
3500,15151,7.61463913568699,2574.12306051618,27.2669600940682,18.4899157198148,19.2084445489263,28.4963991040795,30329.5494687097,31208.294043062,-1157.92481535471,0
3501,15152,6.71333549538687,11473.2437714779,27.6549522899311,6.89866056296254,6.97654768333473,10.5796013162108,27770.1278677595,29489.5265324714,947.147928369884,0
3501,15153,7.05540870592089,7749.532104088,26.632162350036,8.76483214616596,8.91076246820051,13.4545330655005,31082.9022965594,32968.4294447458,1063.47650212844,0
3501,15154,5.53022130328092,2724.01339744332,27.3366245420684,17.7641376997679,18.4322439202616,27.3717173294208,26771.7512888874,23065.0642262776,-355.511655117904,0
3501,15155,6.32230041460355,12537.5667852685,27.4931715633693,6.53170880035931,6.5969036755267,10.0144814933237,28060.5826075654,30332.9166916195,651.214588208419,0
3501,15156,5.92763258619958,2317.65170526199,27.642978427228,20.0139027087775,20.8477395525312,30.8606110418332,30043.6111043848,22327.5024227813,75.9955517116906,0
3501,15157,6.75870790745471,8376.54491545198,27.3716744973625,8.3748860867601,8.50757033135917,12.8540725082122,27476.8212872496,30172.9721992438,-307.159628666883,0
3501,15158,5.6925022825676,2157.76065985124,27.5403012632351,21.0736121510873,21.9860036030555,32.5041333763304,30689.2772434065,20257.1002159624,48.1960685002018,0
3502,15159,6.44844611610504,14534.6887114916,27.531608627841,5.97602313239861,6.02413369020884,9.15929583245052,28070.4578923107,30317.0359447128,599.628945584175,0
3502,15160,6.90331299267486,8211.263142088,26.632162350036,8.45060041861251,8.58348662997071,12.9700052191446,31072.7529778975,32973.0942929714,1066.49120731291,0
3502,15161,5.05851428835593,10686.2565057885,27.8045739782054,7.21057413628357,7.29987323474289,11.0601324856347,28339.3504260709,29672.3840759602,-199.293032031081,0
3502,15162,5.38436981218053,2575.88854744332,27.3366245420684,18.4911628341981,19.2105441434706,28.498542740936,26765.6426043437,23056.0008701349,-324.403888462478,0
3502,15163,5.68701750207195,2546.19348126199,27.642978427228,18.692370959043,19.4295136484995,28.8113823805314,30034.2898630018,22350.5145165887,118.071392783561,0
3502,15164,5.69947872097241,2254.49885185124,27.5403012632351,20.4050749708017,21.266909854748,31.4670107135301,30743.8542983526,20260.0757209211,63.5498165064258,0
3502,15165,6.84470465771487,3713.97330640344,25.5976272825751,14.1199445622741,14.5352332030257,21.7247063437525,34844.5460580584,17050.3305335713,41.221201764342,0
3502,15166,5.41041127276211,4958.88414769263,27.3093356196257,11.7520071714023,12.0452778937771,18.0669988772569,30715.489745447,31286.7246949245,1111.46911082961,0
3503,15167,6.25879277040491,18534.2358694916,27.531608627841,5.17406724156038,5.20041800421096,7.92590956210655,28068.6980197674,30344.9776332332,669.478969969618,0
3503,15168,7.10646240391036,9866.957562088,26.632162350036,7.53622249629388,7.63359963982713,11.5607587952517,31070.9076032564,32953.1742876002,1020.35572841464,0
3503,15169,6.41233201979785,17746.628868207,27.4420986837201,5.30635145788206,5.33585900818935,8.12923900416436,29370.9951777475,30935.1406004556,822.433004141074,0
3503,15170,5.53924861132733,1854.27973750517,26.6410446662166,23.3957558711597,24.4765583423767,36.104579577475,23392.2812232047,23835.8151519021,137.961606312336,0
3503,15171,5.47273572065301,2311.33426144332,27.3366245420684,20.0024245342423,20.8317592430137,30.8418021439243,26777.6354575527,23070.9657630414,-349.649442271097,0
3503,15172,5.62228358692335,2283.42473138403,27.6351801893384,20.2315701380036,21.0815521967246,31.1981975537163,30048.6107288515,22375.0465302801,111.013423827403,0
3503,15173,5.74155815980059,2861.34496353615,27.6884894120873,17.1985964685302,17.8311112451047,26.4963622236983,27353.2681603271,26552.2024601059,-104.933473647958,0
3503,15174,5.69564694545067,1741.68951985124,27.5403012632351,24.7331471789817,25.9347769625546,38.1847918929601,30734.4647728666,20257.6388220802,-3.64654622860914,0
3504,15175,6.32773528968588,19005.194508207,27.4420986837201,5.0970571952693,5.12135716293005,7.80748095842948,29375.3602023867,30951.0719327754,745.223153816206,0
3504,15176,6.96965337655998,9204.988158088,26.632162350036,7.86779888194027,7.97761981787993,12.0716677623412,31070.7670289422,32961.8423547832,1039.90311211944,0
3504,15177,6.38460675283585,20125.4381614916,27.531608627841,4.93059763886547,4.9511013910872,7.5516707263863,28078.0418760879,30332.2003250593,659.063001441881,0
3504,15178,6.65242774978802,6428.30142569096,24.7765831799681,9.77522232592811,9.95646915225648,15.0106602347855,36283.4991215817,27462.5147400275,899.653648792949,0
3504,15179,5.72293632474167,3101.51442338403,27.6351801893384,16.2381919744072,16.8052062313509,25.0084382739931,30040.5622735466,22385.214908646,128.445060787227,0
3504,15180,5.35085724307375,2565.27201544332,27.3366245420684,18.546240288409,19.2695504327301,28.5839202922859,26777.9789303375,23060.8715674158,-358.179891113583,0
3504,15181,5.60431969249132,3565.88925426661,27.2338302810554,14.689385778739,15.1530039394662,22.609539298916,32098.3360435112,22401.7294228084,-318.421285869924,0
3504,15182,5.71294787207031,2712.9371536372,27.7150800216329,17.8689236711348,18.548308375507,27.5351977247524,27352.0141090266,26569.5227880031,-140.295040749486,0
3504,15183,5.71142159068351,1895.97495550517,26.6410446662166,23.0101009285089,24.0604479243646,35.5059388265595,23439.4378378516,23838.7751898246,123.806231039678,0
3504,15184,6.71862070091373,13709.6349800573,27.5932655356408,6.19077134680838,6.2454780568239,9.4897861116381,27768.5056063325,29488.5527621331,953.327069353075,0
3505,15185,6.28426540344589,13599.287250207,27.4420986837201,6.21747687559246,6.27263078304495,9.53078144375875,29437.8108439102,30984.4317564163,700.968412927513,0
3505,15186,7.34374488420719,8795.723052088,26.632162350036,8.09407200716252,8.21267053747937,12.4203990839685,31176.9945342513,32998.6657179629,1169.40061676231,0
3505,15187,6.68944322194618,6059.85049769096,24.7765831799681,10.1528117853244,10.3512638395742,15.593302451003,36281.3883746762,27461.9738727023,908.731863921845,0
3505,15188,5.59001740360592,11128.567305017,27.4441416690515,7.022656450329,7.10421624008304,10.7703886367346,30050.7713322398,31054.0055429181,-422.573243991253,0
3505,15189,6.83946014917768,8820.05788947793,27.6549522899311,8.11850609695527,8.24185692162147,12.4591109947804,27742.9094702275,29485.0310765883,983.351067906956,0
3505,15190,5.43605341689836,2491.77125344332,27.3366245420684,18.9394301325024,19.6909642278176,29.1934671219486,26788.149359388,23065.6301218689,-349.552610360753,0
3505,15191,5.4491220559278,4329.71965641699,26.0368630870428,12.7648872358652,13.1052322302837,19.630166530441,34931.2279100961,20952.090169603,-306.009989627212,0
3505,15192,5.7214728380044,3362.98506938403,27.6351801893384,15.3427186521854,15.8511290976448,23.6217909918845,30050.1977570334,22368.5720412642,118.35996963026,0
3505,15193,5.4568995523069,3815.11344426661,27.2338302810554,14.0218727775739,14.4444736105654,21.5766241524925,32129.5287365104,22420.3651010886,-340.131719886375,0
3505,15194,5.54342082396451,2794.1470156372,27.7150800216329,17.4959542437913,18.1492872806029,26.9571978119643,27399.704289649,26568.7749775913,-81.1008114057515,0
3505,15195,7.06261718125181,4478.8952960887,27.3914510898532,12.5870666021585,12.9268597446594,19.3578645362246,27496.9510214059,30152.2118259362,-388.173649658533,0
3506,15196,6.73026178113127,10843.5236089219,27.4743895008402,7.13624946595018,7.22188922870073,10.9453678989094,29590.2067610196,30859.079547888,961.765194071355,0
3506,15197,7.30207295570752,7013.9703647176,26.5888068290197,9.33654974800279,9.50705978412967,14.3363220625291,31211.0685588297,32989.8492492663,1204.11054251933,0
3506,15198,6.84470184803339,6064.98255569096,24.7765831799681,10.1472778484935,10.3454739119922,15.5847622182611,36284.6537289599,27458.2685175828,892.622289528107,0
3506,15199,6.64775255494763,9285.0196622795,27.3507143820368,7.85109229503147,7.96282193417546,12.0466283436763,29597.0460663766,30871.7785221588,935.937033259928,0
3506,15200,5.75850446969944,4034.81666329923,26.2174077397701,13.4036341060746,13.7817310610443,20.6181599093333,34651.4659241384,20896.9245088559,-382.809393014309,0
3506,15201,5.90228242918961,3822.90997538403,27.6351801893384,14.0404288437596,14.4672792510293,21.606194592355,30048.121425955,22354.6930584161,72.2218710083245,0
3506,15202,5.09283156212104,3299.46275826661,27.2338302810554,15.5032979066409,16.018527829107,23.8694329829935,32111.2161363448,22411.6350304064,-320.123559009146,0
3506,15203,5.44326296712466,1483.24422153615,27.6884894120873,28.0122086167615,29.4905936273241,43.279805847183,27374.30287457,26569.0866799092,-78.9800613701894,0
3506,15204,5.68164515928576,3867.41877985124,27.5403012632351,13.9204616073653,14.3393024602535,21.420380494054,30713.594036896,20247.0431735367,104.028999457052,0
3507,15205,6.61767075365595,10487.4733189219,27.4743895008402,7.28436129090389,7.37529799505778,11.1735136389417,29583.8920062035,30840.8573033511,880.809444403013,0
3507,15206,6.75702600511212,5718.16115969096,24.7765831799681,10.5407268552321,10.7574016942413,16.1920276273236,36281.0114511514,27456.3679608799,934.061125252744,0
3507,15207,7.24989012377694,6212.9508227176,26.5888068290197,10.0938068137996,10.2991003167111,15.5048894745371,31208.3014368713,33007.2863129717,1198.47396906393,0
3507,15208,6.02098372873205,4339.73250880446,27.3706489865508,12.8562187219973,13.2111653566547,19.7739726437653,31047.7272054926,19580.278132374,560.04794979973,0
3507,15209,8.36558013191215,4538.261171271,26.1446178275933,12.3773348324969,12.6969568789099,19.0313134349134,22747.7136255176,28816.244010009,-1345.28051157322,0
3507,15210,6.73066604392306,4417.19550917025,26.0432528685742,12.5951730168804,12.926106178382,19.3678281687796,22692.6643329151,22032.3720882416,900.878734008376,0
3507,15211,5.94694051490597,3109.26757538403,27.6351801893384,16.2096664398152,16.7747837874382,24.9642579756684,30047.5787020428,22358.7908973342,89.799245206411,0
3507,15212,5.42753794599557,1325.95655553615,27.6884894120873,30.5721702346923,32.2729188336102,47.2592930392016,27359.0161325113,26557.9025799621,-136.130934673856,0
3507,15213,9.69246691673723,4739.56416058214,25.895732136031,12.0051494160054,12.302922646887,18.4556675341683,33536.9771552503,17099.2717368292,-844.200052840844,0
3507,15214,5.61010980869975,4969.71001078203,26.1835854369188,11.6544366166059,11.935479216251,17.9142960315775,22464.4582746736,24816.0292233975,748.095734248491,0
3507,15215,5.47044764545253,3820.27515032317,25.8928124683836,13.8796960899676,14.2831395637712,21.3537472551385,32624.6416244388,16413.3289541016,-442.372586413143,0
3508,15216,6.8252301230113,6031.83342569096,24.7765831799681,10.1831679630531,10.383026249911,15.6401500883731,36294.4601466741,27454.2026539149,918.622518759926,0
3508,15217,6.45986445337673,6407.09074092191,27.4743895008402,9.94262534943504,10.1451911657907,15.2727586867093,29594.0115227411,30863.8649392028,888.90531944182,0
3508,15218,8.32808476411072,4618.634045271,26.1446178275933,12.2330234611453,12.5447608437626,18.8082742570731,22773.2217623443,28835.4415968402,-1357.84344753573,0
3508,15219,5.84838058634163,6287.09501262128,26.1794127585887,9.99401042101429,10.1925098100054,15.3502771015583,22466.339943958,24771.5174549192,620.252168177838,0
3508,15220,6.88908992288969,5212.27460520291,25.9963955557672,11.2806187198759,11.5411085509529,17.3365071321148,22701.9894230804,22034.0580402614,866.240979358673,0
3508,15221,7.09398694875733,3953.7219767176,26.5888068290197,13.6241641602817,14.0180019316331,20.9600142127114,31230.1681442391,33007.2591252296,1242.10175199492,0
3508,15222,5.43357626901749,2180.65345953615,27.6884894120873,20.9369579564287,21.8408002258742,32.292629936453,27392.9680315062,26572.0478155019,-92.7359892335566,0
3508,15223,5.5402043619123,3641.5106192985,27.5463184438914,14.5095264851072,14.9645154239398,22.3318910132914,30690.8673858277,20240.3799313278,50.4422237126431,0
3508,15224,8.07511723248868,5410.31493638231,25.5859074537287,10.9806578259394,11.2235264864036,16.8725618596068,34016.5653447046,16423.9477011149,303.010715288328,0
3509,15225,6.66830681917588,5304.4912069219,27.4743895008402,11.2496339584429,11.5173087878245,17.2910694982529,29579.5948962096,30861.1149876666,855.073253851091,0
3509,15226,8.41001001846619,4702.376897271,26.1446178275933,12.0873428946101,12.3911877979072,18.5831372705739,22774.3741407214,28802.7991040104,-1380.96791027459,0
3509,15227,6.65832517722458,4777.45933920291,25.9963955557672,11.9494075163083,12.2448680714804,18.3697181911304,22705.8578349283,22011.377270176,888.397077407783,0
3509,15228,5.12439038566947,6405.27279123721,25.3318634023897,9.82839790985851,10.0149144180658,15.0935007572628,34514.6988985704,16067.2081723515,-496.238365837184,0
3509,15229,5.33971610886224,2017.2239176372,27.7150800216329,22.1852558898254,23.1856825007914,34.2297640889258,27377.9754072661,26568.4099279233,-92.0162757064707,0
3509,15230,5.63422526815223,2798.49699985124,27.5403012632351,17.452960757694,18.1015388969799,26.8900871176152,30721.3163289839,20253.4791013529,-8.1844494402641,0
3510,15231,6.49531195961228,5289.21520056484,27.4566331423469,11.2699228206212,11.5385526916051,17.3223845270359,29589.9135766834,30870.8254086487,881.170897670595,0
3510,15232,8.3792632545089,2858.63521085397,26.1748260590054,17.0089689402838,17.6132592544829,26.1983658767999,22768.3355184719,28828.9963112287,-1340.66063176323,0
3510,15233,5.33377815448833,5937.52352686445,25.3884578492191,10.3239722914576,10.5337931710262,15.8583994091144,34499.8124777666,16062.2103539042,-483.708016689294,0
3510,15234,5.40335799526115,1516.13387449937,27.6478425104555,27.5300717642816,28.9666509023336,42.5303457401137,27373.6444747212,26577.4762180054,-98.5664736476502,0
3510,15235,5.91051047199126,1851.40602398312,26.8055540455256,23.4588677210605,24.547062032231,36.2032120913657,23277.0040167274,24642.6282474493,747.947527443997,0
3510,15236,8.1115203667094,2901.93735909464,27.5360757387408,17.007466382709,17.6253782903996,26.1998184995328,28991.2738285521,21210.1290238086,-450.204155978592,0
3510,15237,5.71648638597107,4670.08426374861,27.6093052142798,12.2550973891051,12.5777484265618,18.8450677867934,30701.3352885471,20266.5027424157,13.1466874168797,0
3511,15238,6.61539370112522,4541.01400656484,27.4566331423469,12.4760717747096,12.8100564026906,19.1863883406716,29582.547605679,30859.0829303359,881.469510677011,0
3511,15239,5.21925252787759,5483.85400486445,25.3884578492191,10.8712840737989,11.1075607273768,16.7033486064993,34494.0620363459,16073.8750574752,-532.010738393377,0
3511,15240,5.84675651197985,3483.04653430185,27.6144953871743,14.9705530240657,15.4550244998099,23.0456045723258,30726.9561093307,20246.8922640205,8.26251279985588,0
3511,15241,6.34850819844411,1611.05831198312,26.8055540455256,26.059693717049,27.359122017484,40.2420465449059,23247.3769052149,24638.1612785551,692.371690348954,0
3512,15242,6.55252671131001,3847.08487656484,27.4566331423469,13.9629745967686,14.3837428632806,21.4859767850061,29596.4506880192,30874.6943543206,887.970761800396,0
3512,15243,5.34985013048403,7032.83433807313,25.3476347434,9.25957082946175,9.42091964069654,14.2159742138759,34520.4722629659,16077.4825147341,-460.536421672813,0
3512,15244,5.64603163793171,2669.16380830185,27.6144953871743,18.0643064318163,18.756396327418,27.8377277490853,30726.6290024853,20233.3237419606,14.2437083489217,0
3512,15245,6.42276509929221,1045.87312493349,26.7446432747952,36.5508121351872,38.7724188507846,56.5537636953191,23263.6821657733,24676.0184225691,703.892098260537,0
3513,15246,5.29645935343602,5045.23012407313,25.3476347434,11.4791017841783,11.7457253586132,17.6419719158928,34517.6439125469,16048.7408484147,-463.750250233277,0
3513,15247,6.11348679076982,1782.48864293349,26.7446432747952,24.1230548795755,25.2634235788856,37.2341366964853,23249.2953125483,24644.087512066,719.876633255269,0
3513,15248,5.5268726282565,1246.63662430185,27.6144953871743,32.0716281542053,33.9040244254815,49.5906302401981,30701.0900240059,20256.8064777196,43.4204110551906,0
3514,15249,5.24490120762211,3587.40332130461,27.7135813070955,14.677443163096,15.1442663288546,22.5921441592659,28814.6820560419,29271.910632668,-511.175119299362,0
3514,15250,6.28749314075284,1740.02251493349,26.7446432747952,24.5656204051396,25.7416815951066,37.9213274248742,23258.1058343294,24634.4252744605,713.83427952365,0
3514,15251,7.90028316449939,2117.26609733811,26.7472491507681,21.2225199638017,22.136075808886,32.7323519235575,25739.0018482349,20825.2598694859,1242.15105886616,0
3514,15252,5.74752127176779,2155.89519387967,27.4974036659461,21.0792587172791,21.9915399069232,32.5127447653791,29210.9138324865,20364.2962914559,174.761972431818,0
3514,15253,5.83958648531751,1797.78373374861,27.6093052142798,24.1625970623269,25.3188581545327,37.2990505377134,30749.0733489467,20244.2941583373,-16.831434493233,0
3515,15254,5.27194044491545,4055.35965807313,25.3476347434,13.2783351247187,13.6425438218385,20.4225646351652,34495.9812415952,16062.1121650509,-478.59150203121,0
3515,15255,6.375331587552,1744.11935093349,26.7446432747952,24.5220401051929,25.69457481899,37.853655075819,23249.4562106365,24630.1987403414,743.447373633615,0
3515,15256,5.95591083207491,1221.16507974861,27.6093052142798,32.5990334377421,34.4785466656415,50.4108634169564,30751.6366206389,20252.3232919246,31.718132239607,0
3516,15257,6.15765699345224,1928.74128293349,26.7446432747952,22.7396278410484,23.7702044420399,35.0865312238726,23231.5548924336,24665.0914505388,722.82917713335,0
3516,15258,5.39197649139521,3801.75229407313,25.3476347434,13.8722286949682,14.2707990176549,21.3409756793455,34543.1694105626,16059.5996102845,-545.625255133091,0
3517,15259,7.33813904859009,4050.1412807535,24.279533983957,13.1910154150156,13.5419093760917,20.2852531295859,30796.1541568,13634.4871634012,1081.65798798356,0
3517,15260,6.13872310407193,1541.50217693349,26.7446432747952,26.9383815517779,28.3100907031007,41.606830230295,23250.2823523768,24666.2009528644,699.299926576217,0
3518,15261,7.49439928936722,3600.7227767535,24.279533983957,14.2832678390663,14.6969374217562,21.9742229826963,30798.3721329352,13635.5336522763,1091.88207960437,0
3518,15262,6.05488271019406,1384.52287493349,26.7446432747952,29.268816689509,30.838972730372,45.2283782949628,23257.6165765411,24642.6486695377,723.148237505756,0
3519,15263,7.49786388986673,3864.6823607535,24.279533983957,13.6141374696042,13.9889460557164,20.9394238794275,30806.5837744946,13619.2030956777,1069.10949559938,0
3519,15264,5.73290709149647,4416.57185893927,24.8259922204666,12.4950679415783,12.8117925301269,19.2107013267066,35518.817853418,15590.4397817155,-153.197121288243,0
3519,15265,6.56618465655566,2411.39239180604,26.5467597266257,19.2674087442537,20.0335283947978,29.6994504437831,26018.2096807614,20258.5399285257,853.165280091937,0
3519,15266,6.27014086729675,1342.75960598312,26.8055540455256,29.9951588733344,31.6294105216093,46.3577630053578,23276.9647057035,24652.3307082602,732.62421452736,0
3520,15267,6.53152201858776,2808.0016994668,26.50910253256,17.2711122091064,17.8966075228354,26.6054123885041,26035.2551651564,20252.476818687,862.916632881748,0
3520,15268,6.26484100339905,1393.9831470987,26.7802556086341,29.1249929935345,30.6833728391613,45.0050027026772,23251.8353205924,24640.47115134,737.48359197946,0
3520,15269,5.87653347556594,2507.48308920803,25.3949007972142,18.5517570208972,19.2533909966903,28.5863898625965,31345.6490584641,15784.4738309965,239.60204169014,0
3521,15270,5.97997942452105,3451.65695751393,25.4076961170394,14.8264906169549,15.2828750665549,22.8173830546309,31364.2881910223,15787.2241149367,213.610398174997,0
3521,15271,6.69662663396236,2996.4341294668,26.50910253256,16.4964342308478,17.0698480869931,25.4054361036857,26038.8953429898,20266.6181880282,849.983176393614,0
3521,15272,10.1600733565714,4759.02674999047,26.9834369962836,12.0545351715015,12.36210483396,18.5339535263731,25534.4249046415,30028.6224618646,-1052.03712598583,0
3521,15273,6.43160675056479,1508.4522690987,26.7802556086341,27.4004822756413,28.8116765479688,42.3249789763019,23251.0598956773,24664.9476455856,706.235375264807,0
3521,15274,5.75830223978088,942.320840640385,27.4471612352783,40.1071859425178,42.676059172552,62.0931342279709,30731.7709263108,20253.3634805972,52.4297274093172,0
3522,15275,6.45640841212159,3017.6231414668,26.50910253256,16.4148700043069,16.9828808172015,25.2791153281545,26027.8042096885,20251.5274979536,862.118982206154,0
3522,15276,8.03137021623002,6485.24132917224,27.019909958393,9.84096677387515,10.0365237591934,15.1152369765094,31922.610690655,25886.1542520465,161.219567634285,0
3522,15277,6.40494574403703,1812.68007645606,26.7207553513121,23.8149555610782,24.9302834854741,36.7556850521309,23258.9503424455,24674.8220886877,727.542106020696,0
3522,15278,10.2191628813196,5376.08513999047,26.9834369962836,11.1185437780177,11.3765910443731,17.0877827916964,25587.6617667584,30067.8866090167,-994.737015488807,0
3522,15279,5.9797362622344,2145.77703437171,26.5224599647103,20.9731907035088,21.8649622003418,32.3447511224163,29087.3854830307,18242.6633750368,184.17382833588,0
3522,15280,5.43824026493686,1818.08462286168,27.4573052084222,23.9252164564935,25.0601212369472,36.9298472327465,30736.3114329662,20243.156453387,70.9992355367532,0
3523,15281,6.91843030209737,5742.37988766375,26.8528061357059,10.6400363236927,10.8732072679273,16.3485749690688,25885.5169308389,21103.8214160919,-286.574109529429,0
3523,15282,5.64134445452134,5582.95418595801,27.0935972184252,10.8529700222902,11.0981241158543,16.6777716615116,31892.355693644,26960.3524488692,-182.186408716624,0
3523,15283,5.89516364515807,2127.09898637171,26.5224599647103,21.1083078463277,22.0102762317557,32.5543566939041,29096.4815782185,18231.4179247976,215.664990400037,0
3523,15284,3.50203888413959,5665.45548132604,26.2891665710932,10.6993609629025,10.9323408467901,16.4393162465727,25811.8381943332,20647.2095233812,-752.376594777421,0
3523,15285,6.08838631834952,1426.0530030987,26.7802556086341,28.6152932575138,30.1298481949758,44.2127976199462,23279.6031837036,24638.3303165462,720.865449176486,0
3523,15286,10.6254128621962,4541.32176599047,26.9834369962836,12.4383069505198,12.7670081063942,19.1271334211864,25512.2678111096,30006.7830376855,-994.379621068057,0
3523,15287,8.69099007375023,4568.02648828602,27.6000671125557,12.4375840553863,12.7703614918746,19.127151043386,29404.1004643737,25946.5361066626,-1200.31421104733,0
3523,15288,5.59478310174383,1635.46705686168,27.4573052084222,25.9257952859858,27.2244195478285,40.0369046795059,30709.1490658348,20242.2887360299,35.3741985388939,0
3524,15289,6.42913234773692,4104.5842154668,26.50910253256,13.2748732949663,13.6477082802787,20.4196441949419,26063.3267173456,20294.8865642092,795.3661712606,0
3524,15290,5.62258267714035,5231.37517395801,27.0935972184252,11.3278355889409,11.5973547893037,17.4112635432515,31907.7669532044,26988.5744966497,-202.714177658975,0
3524,15291,5.86499375050795,2167.63399736636,26.4323034385209,20.8013236539735,21.679008407361,32.077827969184,29069.7665031651,18205.9808014607,201.721804105576,0
3524,15292,6.2485707016182,1751.9496990987,26.7802556086341,24.4475582850572,25.6146098991292,37.7381487810898,23268.9773653436,24646.2282876656,719.420954114407,0
3524,15293,10.4416798007565,4503.17273399047,26.9834369962836,12.5089575086143,12.841599493878,19.2363488769567,25533.5505474444,30057.2894240423,-985.568219142514,0
3524,15294,8.75450377138175,4559.96497228602,27.6000671125557,12.4523658104241,12.7859729418429,19.1500028989389,29391.2374215605,25933.3303806237,-1209.29117820014,0
3524,15295,5.69070643207884,1263.21763464039,27.4471612352783,31.6822375468052,33.4768130583033,48.9841969536834,30732.6543994215,20262.9762710013,31.9527243300521,0
3524,15296,10.6128534932086,7496.14818564854,27.5375884094943,8.99220157210325,9.15171913038809,13.8062719189451,30288.8131062058,27373.1070356447,335.107371316978,0
3525,15297,6.47355849668894,2656.1764814668,26.50910253256,17.968247020197,18.6417512216589,27.6855895897015,26015.1763947109,20264.4751019242,848.515294829519,0
3525,15298,5.45765627042768,4745.70187395801,27.0935972184252,12.0853848710305,12.395349099795,18.5818285941465,31926.7182768819,26971.4128717295,-145.497294599395,0
3525,15299,6.09776064645069,1893.85081736636,26.4323034385209,22.9848207011016,24.0301925489091,35.4658738762423,29068.5843766732,18228.1513457771,171.420864733978,0
3525,15300,9.89022363884339,4304.14579799047,26.9834369962836,12.8956398268937,13.2501238173954,19.8341781441937,25562.3434192747,30086.1785602781,-993.451836471452,0
3525,15301,6.0785277785035,1478.80996845606,26.7207553513121,27.8058830876551,29.2503776232598,42.9546402492802,23256.5386926155,24629.2554462681,762.222168589842,0
3525,15302,7.17830231657434,4205.05916213721,27.6238455343745,13.1551445121745,13.5291435275651,20.2367228786849,29567.8809425014,26347.715864787,848.710500545366,0
3525,15303,5.84427967866115,1244.5979467523,27.4707039881038,32.0643612270029,33.8934145475352,49.57857779639,30745.0764330575,20269.929259918,-32.2007943061603,0
3526,15304,6.70825106197842,3203.8749974668,26.50910253256,15.740424954431,16.2643678711819,24.2347515514867,26028.4499102359,20272.1515601075,803.922829406545,0
3526,15305,5.70954664959452,4217.31239863558,25.1963218313234,12.9194288820874,13.2622388369683,19.8673680914999,32373.0041760599,15319.7109631461,4.31366016431242,0
3526,15306,5.55989795431427,4899.07356885298,27.0834450914931,11.831019768426,12.1271290613675,18.188708380147,31921.8190462431,26950.0751179284,-161.453921844583,0
3526,15307,6.43597195051506,1551.20943045605,26.7207553513121,26.8026333124347,28.162570696546,41.3958170064822,23242.8456112923,24644.5174590176,735.597745659737,0
3526,15308,10.3200153835238,4917.70205399048,26.9834369962836,11.7939675656718,12.0874590883394,18.1312788904375,25535.6966924055,30034.0942045046,-1014.27544563565,0
3526,15309,5.58339148401036,1745.05841064039,27.4471612352783,24.6754116919906,25.8709475516492,38.0947451569661,30723.5639862205,20239.7587989041,28.3352367588019,0
3526,15310,6.11544956845235,2505.28781331443,26.811557827352,18.7846187668993,19.5190965181304,28.9518306867727,28883.8693803039,18867.1636776642,6.59487643958306,0
3526,15311,6.48476763034892,4789.63440698194,27.6088034197401,12.0493409449701,12.3606291606257,18.5270295766742,29573.0829154648,26335.6586178701,895.343815673213,0
3526,15312,5.96909638978767,2961.16265724211,26.8561672951168,16.6790548882171,17.2680587204248,25.6892278307837,31143.921515275,32239.6861412899,525.407853501079,0
3527,15313,5.70173839293714,5180.44330063558,25.1963218313234,11.2706310504353,11.5256792564554,17.3197187995314,32381.3827586483,15322.0693281585,20.5724602256257,0
3527,15314,6.705683325914,2772.9803594668,26.50910253256,17.4256938815535,18.0617434029326,26.8449040956694,26044.4494717577,20265.32129768,825.130287323856,0
3527,15315,5.694561758273,4672.24982085298,27.0834450914931,12.2113175241278,12.5281201789339,18.7764510467328,31933.8457767547,26964.8913989831,-164.873646661907,0
3527,15316,10.4724152281362,4849.04701199047,26.9834369962836,11.9048466788634,12.204301878296,18.302621302229,25541.4449820065,30030.6328238513,-1001.46336410599,0
3527,15317,5.82091209679482,2398.46171331443,26.811557827352,19.3856133933002,20.1634192434794,29.8835812582105,28889.6769152882,18874.222578659,11.2983488641138,0
3527,15318,5.54548938631008,1447.02460464039,27.4471612352783,28.4855610259605,30.0004910503691,44.0143629940231,30723.545691241,20240.7263563357,5.43939601741918,0
3527,15319,5.26792623262537,1443.94991246982,26.9592260099854,28.3920319817203,29.8905768401037,43.8666774315258,23729.3050730994,24220.1050256464,178.521975060132,0
3528,15320,6.85234277975873,3623.9548694668,26.50910253256,14.4526906554706,14.8956624874548,22.2415945076454,26032.581913484,20273.785035996,804.557273026099,0
3528,15321,5.83767924160805,1760.43289289375,26.7330602572021,24.3477219311564,25.506002135355,37.5829293393943,28907.2206728252,18876.4251368874,53.8646344011756,0
3528,15322,9.99073671738239,4006.92695399047,26.9834369962836,13.53675265749,13.9284416374344,20.825640682278,25564.0857415092,30040.1594508023,-1065.509163104,0
3528,15323,5.30579963079264,2140.66377898179,27.5166017275257,21.1932755961569,22.114496657326,32.6897106771423,27036.3008741209,25842.5360218868,-227.615108597442,0
3528,15324,5.55158202386848,1249.07694264039,27.4471612352783,31.9653817547017,33.7851649990996,49.424523756713,30766.3177248054,20245.7337022493,-15.0882123350646,0
3528,15325,6.01942972036525,4004.2236908493,26.9515025077679,13.540073674189,13.9317177130985,20.8307110414232,31962.3481526117,26989.7789243181,-275.107736621143,0
3529,15326,6.63679071493829,3530.4544994668,26.50910253256,14.7152303514034,15.1743590882368,22.6478572937471,26038.5476690788,20275.704390191,844.714501591457,0
3529,15327,5.50361465784462,3816.31058023852,27.5122461790909,14.0454068740337,14.4716065894091,21.6136341085386,27013.948743645,25836.173028697,-280.509920367614,0
3529,15328,5.99551157991384,4291.47462477243,26.7513690204548,12.9018097701443,13.2549982264629,19.8432639481883,32742.1317145812,27170.359621989,626.411674529198,0
3529,15329,5.65154325472269,2469.67009289375,26.7330602572021,18.9673117893791,19.713983605787,29.2347988854728,28908.1641374203,18883.3883500204,24.181303779279,0
3529,15330,9.47539945847226,4044.08500753135,27.0007930200406,13.4535404610148,13.8404619020185,20.6969724445038,25551.4914067184,30047.0475849732,-1047.4781906666,0
3529,15331,5.56780515411866,1586.16284664039,27.4471612352783,26.5377733989741,27.8873173193635,40.987593716128,30740.8817598691,20247.7524296496,76.4339588875467,0
3530,15332,6.6596739365581,3792.71622784243,26.3114549552903,13.9892969723082,14.4026258844151,21.5242129687315,26016.1094924602,20262.1503378268,847.871762026983,0
3530,15333,6.65101506264445,6633.02581638296,25.9666245311655,9.64427233613811,9.82562657005139,14.8102771332591,34084.5923309037,29022.4858835213,729.132319467986,0
3530,15334,5.57351412378243,2490.56556968882,26.6811673616159,18.8442942220715,19.5815536574662,29.0439291879562,28906.3590708392,18894.9263381902,40.4433320287137,0
3530,15335,5.43508075100012,1593.33428480637,27.3009489967793,26.4085806283477,27.7449785797694,40.7862320271724,30711.0209831111,20251.2893916694,35.3486697132684,0
3530,15336,5.85504265478891,7473.75661208689,26.679372015032,8.97060678048813,9.12550718976537,13.7719441651598,32799.1683455627,29477.7636728202,-119.613118809653,0
3531,15337,6.51323779772636,5019.26193138607,26.1891899871714,11.5785802854908,11.8556803513014,17.7971123114219,23028.7611172381,22155.9513195991,615.870642808822,0
3531,15338,5.77341537363997,2920.45474810691,26.0320880485267,16.735322268191,17.3198414985605,25.7741087895775,33972.6063038618,29575.350494546,269.717535317483,0
3531,15339,5.55519816921804,3677.76898960308,27.3160860270407,14.3878035506997,14.833404192275,22.1430102098674,31483.1983247466,28846.2178524787,-256.905340439095,0
3531,15340,5.92538511697295,3537.35121968882,26.6811673616159,14.7135024438724,15.1739856254945,22.6455858604037,28876.133538263,18886.4972855976,33.0875281328248,0
3531,15341,5.60716416567927,2185.12885280637,27.3009489967793,20.8359977914741,21.7273435112036,32.1346652788449,30730.1967678118,20259.3697196545,56.6482370709028,0
3532,15342,6.04234212360887,3716.27615410691,26.0320880485267,14.1576062807156,14.5787441172436,21.7839584550997,33945.5881297418,29529.5390161181,213.389906153364,0
3532,15343,6.1995599449076,4894.03526847694,26.242365365287,11.7778428313771,12.0657742990955,18.1050663362315,23034.7034289903,22190.846130425,570.662805639648,0
3532,15344,5.36053307063321,3951.64027360308,27.3160860270407,13.6961284903714,14.0997843689191,21.0728594807406,31498.4118370539,28860.8435938345,-257.570064840138,0
3532,15345,5.74920614781703,4264.56163568882,26.6811673616159,12.950754014138,13.3062289878664,19.91880222879,28918.3697858593,18894.4258777793,68.6464596123122,0
3532,15346,5.74444873892272,3100.51769922303,27.3100514950738,16.2027313222107,16.7643601740956,24.952683048003,30701.1542883929,20240.9592637653,26.330328751554,0
3533,15347,6.05415213792263,5823.96612010691,26.0320880485267,10.4930882088112,10.7145508918309,16.120441878722,33971.8660384933,29557.6947167306,225.796381014705,0
3533,15348,5.50922048368273,4311.36890560308,27.3160860270407,12.9087929213869,13.2663708274636,19.8551614982278,31489.0016626245,28844.199142817,-284.090457275368,0
3533,15349,6.0112022260217,3567.60752247694,26.242365365287,14.5815938680776,15.03021977524,22.4404359755771,23021.0010369925,22217.287481467,494.687751639476,0
3533,15350,6.41776565962852,2747.85951656607,27.0024113842995,17.6075450703019,18.261278328339,27.1280955125097,25944.8496550975,22345.3498219406,758.303880295713,0
3533,15351,6.00329407325523,7025.25642368882,26.6811673616159,9.33146076569784,9.50216853523909,14.3285883305727,28883.2341410327,18896.6422047106,24.9577454937741,0
3533,15352,6.03821085767877,3330.26059280637,27.3009489967793,15.4106497972778,15.9205103832703,23.7261578228785,30727.093327933,20227.2682402366,-30.8816072292295,0
3534,15353,8.77344365812171,5018.03128453293,26.6431127419652,11.6127330009479,11.8944610200942,17.8506591659631,32760.0804796398,24996.85308912,-1219.35519090443,0
3534,15354,5.91978250409537,6313.38384010691,26.0320880485267,9.95899759107914,10.1551108690919,15.2960317426498,33949.1342995484,29568.7280972919,265.872389417615,0
3534,15355,5.58171673509699,5330.15950960308,27.3160860270407,11.2034413228431,11.4677965472828,17.2194569278395,31487.2519138337,28856.6298061925,-283.83415342255,0
3534,15356,6.77538538614379,2912.08537256607,27.0024113842995,16.8962303252554,17.5013010629617,26.0260364950512,25947.414041685,22362.831945431,869.655051315053,0
3534,15357,5.98554231943906,3686.19149379461,26.1583358817427,14.2493326030785,14.6770339445322,21.9261520739118,27711.496825481,18576.1237902862,79.9901842045092,0
3534,15358,5.80899274751852,7584.56946424485,26.5985777641621,8.88359283707753,9.03441680579598,13.6376451864593,33014.0036987994,30171.7911194145,-79.1183936779349,0
3534,15359,5.676654008411,1135.32564080637,27.3009489967793,34.4335823703544,36.4728564959924,53.2628592702647,30739.0342077788,20247.392320509,-31.8240788007006,0
3534,15360,6.82799403686039,2208.9192449079,27.1702220840207,20.6477161787516,21.5232252395444,31.8421371656883,25936.1144986407,22352.7172439402,893.110440514452,0
3534,15361,5.33718466516352,1989.66876969151,27.7166957305794,22.4140366215116,23.432395415085,34.5848556306219,28873.8965876741,26223.2124304061,-390.151587232263,0
3535,15362,5.55693850630363,8585.2945779194,26.51692702536,8.21311504009061,8.33598110513164,12.6037705208227,33020.6748346592,30161.7526523044,-23.4225503466557,0
3535,15363,6.78001856842973,3102.52216856607,27.0024113842995,16.1582044520712,16.7140025367305,24.8829294858988,25943.707135822,22358.0472554803,769.725652210857,0
3535,15364,8.98274769355182,4253.75111053293,26.6431127419652,12.9697233180261,13.3260066858656,19.9480571285247,32751.2319568065,25001.2706067537,-1228.52816711579,0
3535,15365,5.77963625373637,2691.95987979461,26.1583358817427,17.7471128545165,18.4014879790176,27.3418779925597,27736.3532406174,18573.4126198109,125.618032694844,0
3535,15366,5.4262811128935,6192.91792960308,27.3160860270407,10.1555041996844,10.3674508996996,15.6011536680748,31504.6646674412,28839.5155842428,-296.447099119524,0
3535,15367,5.24197227130358,2002.86234369151,27.7166957305794,22.3039110278542,23.3136381842361,34.4139292314212,28889.4754538471,26202.0543675641,-370.949247035038,0
3535,15368,5.71885009445401,846.564780806367,27.3009489967793,43.7354815823978,46.6467528743964,67.7412866886653,30724.1130702507,20248.7066367803,-1.49490355821038,0
3536,15369,5.8980828911728,7765.3767279194,26.51692702536,8.74848983440021,8.89324806227485,13.4291974398309,32978.5084059876,30181.9914870324,-27.5951357794098,0
3536,15370,5.76270053853334,3532.31785779461,26.1583358817427,14.672851245547,15.1263653770097,22.5814502313588,27729.7182695856,18591.5948980513,144.21666277806,0
3536,15371,6.52567327946061,3406.89946256607,27.0024113842995,15.1360191017392,15.6257443599877,23.3002945261514,25947.7832080126,22348.6746666755,846.891579904994,0
3536,15372,5.41914884614848,2604.95694162298,27.7027484445125,18.3961314544201,19.1127088318875,28.3523267489456,28898.9338762125,26193.905430492,-356.30541589535,0
3536,15373,9.26746106934708,3825.3702884876,25.537993095339,13.8325498664616,14.2303436436816,21.2800341134876,31826.1140108489,35027.5224347146,-1168.47052221012,0
3536,15374,5.68121541685838,1480.48337322303,27.3100514950738,27.947090692489,29.4135914019574,43.1768507368381,30720.3218996694,20264.3680562888,6.72633238144343,0
3537,15375,7.68277589651419,4042.14456858505,26.9258259663234,13.4511939672702,13.8374170332256,20.6931887301523,26729.9564374425,21413.6796346872,240.36593472941,0
3537,15376,5.35832005327825,3258.37458086692,26.6886754537574,15.5770755352103,16.0921510982419,23.9823058330387,32419.8845931762,30981.4600624285,-290.773417885572,0
3537,15377,5.87592619611368,3519.69695979461,26.1583358817427,14.7090710958975,15.1648151663138,22.6374983082328,27721.2552990774,18581.3078426466,129.449412665642,0
3537,15378,7.7466441085404,4521.21083208201,27.0285526834936,12.4789936640469,12.8102675693378,19.1901127757421,26015.9499140544,22305.0489768848,813.055368844889,0
3537,15379,5.91866342224665,4053.68662077802,26.4441127177707,13.3818041517381,13.7603530070174,20.5848742178571,23106.0643284187,22726.7074382044,145.080010285713,0
3537,15380,5.60397330399478,1657.29642969151,27.7166957305794,25.7283100215988,27.0145405123784,39.7312371246946,28908.030708379,26205.8523759699,-421.311637311369,0
3537,15381,5.63500775146514,780.508806806367,27.3009489967793,46.7989990291075,50.0065152256174,72.5123170939706,30705.4105311533,20248.8568938782,13.3924104138319,0
3538,15382,6.12134381098657,6233.64389277802,26.4441127177707,10.0640483380827,10.2671925920334,15.4587512616232,23123.318496149,22705.0668655575,121.901997967938,0
3538,15383,6.41708715213799,3454.19674113579,27.4635401899503,15.0412330004955,15.5289103099121,23.1546620127405,28084.8668050574,30336.0736497918,703.920128717911,0
3538,15384,5.44443573863167,3228.26503886692,26.6886754537574,15.6782675520622,16.1998569220158,24.1389725105387,32414.4694763929,30987.4757172937,-229.48448756081,0
3538,15385,5.89883498687749,2521.39053579461,26.1583358817427,18.5973864194782,19.3110986732107,28.6595529854892,27722.5591847953,18591.1872622194,160.386761291253,0
3539,15386,5.88098140427382,6421.52567277802,26.4441127177707,9.87295608839862,10.0671568575455,15.1638202065879,23103.2883873724,22703.1340721615,154.813087462562,0
3539,15387,6.44150525449498,4959.65181513579,27.4635401899503,11.7617538170815,12.056500607319,18.0823230523639,28067.3879971538,30310.9022897507,710.502233017141,0
3539,15388,5.41843887176661,3505.50630086692,26.6886754537574,14.8064671981352,15.2727910110226,22.7894755341527,32434.9795276581,30970.9066160813,-280.610788407933,0
3539,15389,5.83908072696324,2902.57249179461,26.1583358817427,16.824595449912,17.4163529543856,25.912733495469,27716.4961112181,18578.0861923804,147.698321420075,0
3539,15390,5.50241180793138,1156.82301680637,27.3009489967793,33.9212944145724,35.9140636713595,52.4659244022162,30732.1145691892,20251.434998685,56.9721489613051,0
3539,15391,5.96323689257153,2902.07229049038,25.4366694672208,16.7308224815424,17.308930988972,25.7654562104817,34700.9175747889,30069.8470041829,211.785801938151,0
3539,15392,5.57224352382052,1937.62133169151,27.7166957305794,22.8621757980083,23.915850122196,35.2804678843966,28867.2777804225,26193.2603547825,-406.925748156432,0
3540,15393,5.86554008554577,6356.80326598614,26.2384446247497,9.92642375618414,10.1220741765704,15.246050947915,23100.9246552147,22701.8764729214,127.932890375686,0
3540,15394,6.41218993460741,5824.09034681964,27.3983249693759,10.5748470766264,10.8077332608029,16.2487266763816,28081.3885315645,30329.9284562981,708.510896870278,0
3540,15395,6.05902862247693,3513.09406540331,26.0968703210457,14.7215670266175,15.1775507838142,22.6566891198536,27747.6863930932,18581.9203331908,150.033955079692,0
3540,15396,5.28210657331323,6026.45461686413,26.6364502325906,10.2979630530354,10.5132568668291,15.8201060739638,32410.8632170135,30976.2134051821,-302.493370176494,0
3540,15397,5.85764825417204,6180.27114779316,26.1958710340818,10.1061777513015,10.3100256083077,15.5234230225238,33589.1603324242,30091.2440831748,-114.298754054599,0
3540,15398,5.52515530373933,2223.33503932741,27.7142534439331,20.6449950440495,21.5270191355638,31.8397705216833,28891.6415063725,26209.2885156786,-359.627743606431,0
3540,15399,5.3544109022514,1556.47342878351,27.3202484221533,26.8921063976838,28.2693714679649,41.5375518915674,30739.9110950626,20237.2810273127,27.7867474095564,0
3541,15400,5.84733164595393,5750.75787598614,26.2384446247497,10.592462037354,10.819904175329,16.2741817260115,23107.5110594102,22698.2892107169,145.009544219516,0
3541,15401,6.23407066934572,3794.79270895428,25.4992780029732,13.9044913580157,14.3062016756224,21.3912182762775,24816.3070005694,19621.6994459756,574.656987144645,0
3541,15402,5.69709359843287,3337.89926140331,26.0968703210457,15.2512785629388,15.7402618200876,23.4764926899018,27729.5521238775,18592.363627497,160.763139326436,0
3541,15403,6.38220061686269,4591.99995881964,27.3983249693759,12.3782983515811,12.7064251917472,19.0351335085898,28087.7494826541,30360.1506711056,683.487393990882,0
3541,15404,5.36535575425213,5709.58858086413,26.6364502325906,10.666681769775,10.8999815940524,16.3893903950527,32420.7672714984,30979.5262277936,-291.380516413477,0
3541,15405,5.61306652544147,5791.77655979316,26.1958710340818,10.5409480183902,10.7656388124199,16.1945813824585,33583.2433074888,30085.5980088235,-104.356699860138,0
3541,15406,5.84453608243508,1857.48074478351,27.3202484221533,23.5128608161256,24.6127402835571,36.2890763899887,30715.1284112704,20256.8687259648,-6.19223127354993,0
3542,15407,5.91644596170613,5802.07845598614,26.2384446247497,10.5313421036486,10.7557993337696,16.1798153801516,23110.5176635267,22692.3602652125,127.832779769018,0
3542,15408,6.22050623720586,3223.42439639786,25.706460393837,15.5795291455648,16.0856764263255,23.9836019287556,24949.4701247401,19924.011919879,497.060991045661,0
3542,15409,8.86958636728758,6306.14159285525,26.5294624358857,9.99382843270385,10.1941035893628,15.3504895450055,32938.6344273723,30592.8628987927,1217.41380713558,0
3542,15410,6.47154949138776,4608.31436334213,25.5048102064443,12.2008275852081,12.506456184732,18.7573142411886,33843.6846103851,32315.3509442353,622.211333383065,0
3542,15411,5.32566008305493,3019.74451435223,27.4627433091521,16.5258200838908,17.110427902337,25.453493896187,30714.2061387853,24145.2285035101,-536.663186063859,0
3542,15412,5.8436126282852,1393.94357478351,27.3202484221533,29.2879441387488,30.8699460817303,45.2609427577694,30722.1400502125,20247.0204631745,38.8042921394316,0
3542,15413,5.29881165517847,2242.25537332741,27.7142534439331,20.516896477753,21.3892538929979,31.6410529334409,28900.3514880433,26196.0848380764,-421.287161753316,0
3543,15414,5.83023451260582,5617.76488798614,26.2384446247497,10.7554121238845,10.9908774852222,16.5257869763867,23115.7712109672,22702.0100816346,155.94513159745,0
3543,15415,6.2893486116063,4825.64490534212,25.5048102064443,11.8331684218157,12.1192237982268,18.1892226370027,33884.0876956253,32325.3306151984,620.988527323778,0
3543,15416,6.02027993823506,3450.09396239786,25.706460393837,14.8638599933918,15.3251995318548,22.8759411643581,24920.0677116618,19925.1792988073,474.665729977842,0
3543,15417,5.77263043548104,3960.00921342149,26.7812196308453,13.6272059965407,14.0226992818379,20.9651258791813,31988.6097644281,31161.5249206266,316.837071047323,0
3543,15418,5.20471047380744,2449.03757594948,27.4342713574498,19.1934263827859,19.9644688314955,29.5875797520056,30785.0925433715,24108.3346990697,-539.329707053937,0
3543,15419,5.42972323314257,1163.66174478351,27.3202484221533,33.7692477924536,35.7486314675167,52.2295115917308,30720.994066529,20263.3310785207,8.19402794529064,0
3544,15420,6.10601676981363,6803.79890998614,26.2384446247497,9.50239022615136,9.67866734332831,14.5917286611321,23097.851488654,22685.080050125,149.605041728539,0
3544,15421,6.19354774433408,4941.41356134213,25.5048102064443,11.6490776761975,11.9254973499402,17.9048184059509,33872.9040362794,32308.5650162907,683.712526460296,0
3544,15422,5.6012090083039,5875.56276307117,26.824739877553,10.4803584346798,10.7055114586054,16.1019791628084,32657.9920528173,29296.9312870316,-361.256485496275,0
3544,15423,6.24221678763223,3468.97024439786,25.706460393837,14.8080915227722,15.2659951571871,22.7896420888768,24947.154001649,19923.791598195,477.975755719941,0
3544,15424,7.59476893567058,2161.97795004908,27.1021486119433,20.9637408687579,21.8622445040999,32.3321464880169,25322.9621188148,27510.7650189591,1269.00593561299,0
3544,15425,5.86405488097698,5547.88557942149,26.7812196308453,10.8782361323387,11.1229077953705,16.7163072799354,32011.2429657641,31153.8215945167,350.841753630967,0
3544,15426,5.54033777491733,1571.05464078351,27.3202484221533,26.7002528330246,28.0613924365981,41.2394675376138,30718.2951333429,20259.8118106886,17.8009722812673,0
3545,15427,5.90031961157097,5792.12270398614,26.2384446247497,10.5431243538577,10.7681559480822,16.1980063425712,23116.320368499,22712.1904038693,170.318045199493,0
3545,15428,6.1608261347697,3866.32450134213,25.5048102064443,13.7295729222842,14.121065727211,21.1206937480896,33874.5662183983,32340.7586804373,617.01979096951,0
3545,15429,5.69321121532165,4869.74547307117,26.824739877553,11.8595381166789,12.1555455806939,18.2323267480682,32638.1626959374,29322.7808602288,-362.514485689455,0
3545,15430,6.05605835182403,3079.37435639786,25.706460393837,16.0837983960063,16.622291546437,24.7642860860109,24939.6705617712,19909.5770757201,463.912359436401,0
3545,15431,5.25816768873049,1216.17172878351,27.3202484221533,32.6043272327102,34.4788093744082,50.4175617965514,30763.2552342797,20238.8615885573,72.6364747781486,0
3546,15432,6.03362324523919,6225.10981198614,26.2384446247497,10.0614588619993,10.2634223493399,15.454461746141,23111.2719835386,22719.0463885318,170.578889252295,0
3546,15433,6.35455368177474,3768.35285334213,25.5048102064443,13.9714062707478,14.3771107156677,21.4947307344234,33867.4477582911,32329.7218478234,658.945162720237,0
3546,15434,5.43656431115852,4841.53310421622,26.8979703929,11.9108735294218,12.2101097380594,18.3117848009781,32631.0051972237,29321.0701961001,-334.253132961289,0
3546,15435,5.69415434883417,3778.72154708309,27.4318880929946,14.1334837218645,14.5644184861627,21.7497384619902,28165.0580669229,24025.7939699164,-270.844065756233,0
3546,15436,5.54609730823489,1163.15514678351,27.3202484221533,33.7809788335136,35.7614241058699,52.2477598860857,30741.9498465322,20250.7648679135,34.7864006147445,0
3547,15437,5.82154188354049,5451.73289998614,26.2384446247497,10.968641309259,11.214747258911,16.8550651512673,23113.4186271089,22696.7286361821,151.942343705982,0
3547,15438,6.15549544258813,3727.16423334213,25.5048102064443,14.0764845543103,14.488415259054,21.6572664631842,33863.7063744408,32314.9480665437,676.364206558485,0
3547,15439,5.4067997382408,4027.62541507117,26.824739877553,13.4750219945203,13.8618844963344,20.7298332119052,32663.0203709995,29320.2931227863,-345.687355446493,0
3547,15440,5.84846802959838,2561.03139275879,27.2497050895041,18.5553339003774,19.2783364037208,28.5977530445781,25673.6041161755,26094.2163596623,450.278444804917,0
3548,15441,5.9987686427773,6227.84103598614,26.2384446247497,10.058607594222,10.2604370748798,15.45006095627,23100.7398412934,22706.9448452381,170.561782459943,0
3548,15442,6.2256368729067,3410.51845734213,25.5048102064443,14.9602179628914,15.4257058756676,23.0245579589117,33866.2133702916,32310.2302706969,654.395583113944,0
3548,15443,6.09038794728995,3002.45445875879,27.2497050895041,16.566351583629,17.1516345921857,25.5157125942847,25670.1118893591,26082.5231795525,441.7290503713,0
3548,15444,5.83708382948547,1223.79773268642,27.3213666340844,32.4435286266657,34.3036348388848,50.1674810183212,30730.0417666941,20228.4802644707,58.8246474349904,0
3549,15445,5.8791239747354,5297.39671798614,26.2384446247497,11.1773903228623,11.4340666872735,17.1774668354788,23120.9823216111,22718.7535919447,172.529711872509,0
3549,15446,6.08940500272478,2659.37748275879,27.2497050895041,18.0597212869168,18.7476141019991,27.8295536908152,25662.2119348675,26062.3323076059,445.623278478919,0
3549,15447,6.18600197944944,3572.36550534213,25.5048102064443,14.4908500407796,14.927630385221,22.2982909891912,33851.6274439452,32325.8571972881,624.894842897591,0
3549,15448,5.51148564658853,919.129092783513,27.3202484221533,40.8747482500345,43.5134026031856,63.2872442643007,30738.1651509913,20234.4836803142,-6.99172470802597,0
3550,15449,5.92273260866654,4333.10461507489,26.1874691973608,12.7708616320321,13.1126216558716,19.6397003518474,23102.9429162493,22692.461481534,146.081278966869,0
3550,15450,5.70517965359417,3051.78745326972,27.1622771981791,16.366283363846,16.9373705189955,25.2056016747145,25667.2846577795,26068.1577325952,420.468194228435,0
3550,15451,6.17109360249511,3173.09947978057,25.4275748445569,15.7173782816119,16.2296411497777,24.1962620128878,33868.8315950817,32309.6910546396,651.334047035086,0
3550,15452,5.84210623105965,1883.41371191503,27.1182096374056,23.2265871502086,24.3008178282703,35.8438603242214,30740.2453827911,20233.5990165177,-0.34763285847518,0
3551,15453,5.95699231011628,4507.57256107489,26.1874691973608,12.4370933300921,12.7602958134676,19.1237596171168,23095.7476296192,22696.4702454923,147.802429125178,0
3551,15454,6.22342877995066,3549.74407978057,25.4275748445569,14.5459175510682,14.9853645121442,22.3833053740491,33858.7830020116,32312.0619938489,647.599225643354,0
3551,15455,5.9420394047665,2563.60318926972,27.1622771981791,18.5288262862968,19.2489745056387,28.5563970986338,25672.9273581519,26087.8384234541,416.15320590525,0
3551,15456,5.65584196785659,3795.12080238067,27.1127085703901,14.0608376684167,14.4848463354155,21.6366470025698,30760.176478063,20220.2921191421,-12.8622976244065,0
3552,15457,5.88685243623754,4600.54430707489,26.1874691973608,12.2684821639405,12.5824416967265,18.8631557181117,23108.6897852662,22690.0060120796,133.795699303658,0
3552,15458,8.60988033230345,5201.31493677702,25.4764425229083,11.2603823202011,11.5166512575663,17.3043705900252,36348.339188873,20633.9363597169,-1299.48029329085,0
3552,15459,5.85410808168857,3392.21473835969,25.4394422098496,15.0085320336948,15.4764169433583,23.0991620241506,34148.8406869835,31688.0540434716,554.144815960999,0
3552,15460,5.90286391174412,1823.76715330679,27.1261523717164,23.7960166424972,24.9157563794731,36.727920580467,25600.2602207262,26035.9978698425,368.359784748524,0
3552,15461,5.66443633834998,2004.23079438067,27.1127085703901,22.1731510582761,23.1645915089824,34.208755616902,30732.5143194556,20236.4571197687,-5.07489993555846,0
3553,15462,5.84972398807489,3935.35910707489,26.1874691973608,13.6299393267531,14.0210081624886,20.9680899265298,23118.6193262068,22699.0778835931,124.245740483494,0
3553,15463,5.49642889549444,5140.87266934144,25.9235087055243,11.3784715818527,11.6435350887881,17.4875302173703,35509.758894747,18865.0395866078,-216.567690914281,0
3553,15464,8.30744246508803,6273.21022677702,25.4764425229083,9.9689817937944,10.1626842477063,15.3106454479029,36320.4225638924,20648.2374293221,-1350.01591147145,0
3553,15465,6.0224331570311,2903.14943435969,25.4394422098496,16.7268288652527,17.3047022140758,25.759279281495,34114.7337413442,31675.6848519025,525.325181330486,0
3553,15466,5.84753862220871,1454.89773130679,27.1261523717164,28.2742941606847,29.7656328902254,43.6844929496506,25593.2082854913,26059.7964312288,335.448489291261,0
3553,15467,5.43496012784111,812.09109791503,27.1182096374056,45.1724748480693,48.217820732672,69.9778358401722,30734.9623621591,20236.4048270969,81.5901190434521,0
3554,15468,5.95475109684459,4311.18874507489,26.1874691973608,12.8144908190927,13.1587019224148,19.7071494967483,23103.9218109907,22694.2937645911,120.970984705762,0
3554,15469,5.26868342400079,5674.5859749393,26.0035944755488,10.670350800501,10.9002957240325,16.3940788710692,35495.4849720399,18873.3861425594,-212.563075291787,0
3554,15470,8.37390043381328,6219.20247477702,25.4764425229083,10.0246403588751,10.22091480973,15.3965396413242,36354.1900674049,20645.43114119,-1337.72748336843,0
3554,15471,5.65725981791193,1509.36802930679,27.1261523717164,27.4827638180864,28.9067120396499,42.4544406772683,25581.3663396465,26050.9555694594,408.725444681542,0
3554,15472,5.83264732767974,1065.89669591503,27.1182096374056,36.1494885512972,38.3420467744708,55.9315082581705,30759.1399866332,20249.228357565,-8.4563223087233,0
3555,15473,5.67737208347997,7936.923792603,25.9351410481404,8.60370000223336,8.74000935796967,13.2052642259027,35501.2528338434,18860.7867088034,-229.976132745433,0
3555,15474,5.87685597138544,3596.55517507489,26.1874691973608,14.4950869839159,14.9379537307746,22.3064523172319,23091.6380178481,22703.2219152278,148.538432835473,0
3555,15475,5.9962887723004,1471.37317930679,27.1261523717164,28.0290029986862,29.499386311014,43.3032857226433,25566.5766472942,26058.3435946866,324.602410391657,0
3555,15476,5.90132701569093,1085.21349791503,27.1182096374056,35.6307084052996,37.7756045255244,55.1243091382027,30757.9740531172,20250.6171951146,8.09979984352161,0
3555,15477,5.46608552093004,2543.8584842036,26.9803026348677,18.604724213795,19.3282600029057,28.6734906784721,32218.353073688,29310.4227844831,-367.353969999851,0
3556,15478,5.58703642345211,7994.29691734144,25.9235087055243,8.56429684015098,8.6989450875513,13.1444996458103,35505.6019855979,18837.7332116175,-195.286386083041,0
3556,15479,5.97371689978166,3117.02712907489,26.1874691973608,16.0066847929717,16.5448320943839,24.646169812601,23094.8872620938,22686.5190424919,137.394929863357,0
3556,15480,5.79382924998843,1454.67747130679,27.1261523717164,28.27760927251,29.7692316466299,43.6896450914112,25569.7045129395,26039.6574121114,357.764087617963,0
3556,15481,5.71921455870062,1191.53299991503,27.1182096374056,33.066192708073,34.9782109164294,51.1348279528728,30752.2402455921,20229.3147404001,-8.12281788307491,0
3557,15482,6.11920998393762,3496.93157707489,26.1874691973608,14.7781188361605,15.2383758881576,22.7444177499092,23095.1704076905,22685.7655457815,116.68844742266,0
3557,15483,5.64883849073704,6711.83515844537,25.6810754394709,9.55675016765852,9.73277152536098,14.6748532161133,36001.4654361377,18072.8745320661,51.065187868992,0
3557,15484,5.70782095669807,1329.61384330679,27.1261523717164,30.3285484166835,31.9977544895832,46.8776894994225,25551.0676864535,26055.0620289388,410.142055542209,0
3557,15485,5.35073613954417,978.413896380673,27.1127085703901,38.7437682168668,41.1770513606992,59.9687875388655,30728.1267171138,20240.3796639196,89.3753855216138,0
3558,15486,5.65100382683975,8573.78835035488,26.1262589954336,8.20469893835369,8.32572502163583,12.5903802607216,23080.6090521389,22740.0339081921,184.219419898495,0
3558,15487,5.48541678285657,4930.11119622619,25.630002240155,11.6759055161282,11.9545327884674,17.9464868492653,36090.4534065395,18117.1889850052,-90.7138462034908,0
3558,15488,5.96063396973421,2312.28652926972,27.1622771981791,19.9670541376854,20.7916767639444,30.7863691664588,25603.2250462957,26048.0428630966,362.707803841768,0
3558,15489,5.57138894409602,1458.92863991503,27.1182096374056,28.2115293212136,29.6973644062295,43.5869106869385,30719.0731094509,20242.591481727,32.5044019704752,0
3559,15490,7.18170332941084,5384.79999802397,25.9640876771446,11.0397625477732,11.2878354251291,16.9644567721282,22556.7842130865,22813.7680514366,878.967307140159,0
3559,15491,5.67055633122307,2970.78836622619,25.630002240155,16.4833402211785,17.0471267918023,25.3827442999288,36095.5891409209,18106.734449895,-103.825726818068,0
3559,15492,4.00153276607014,4190.97750695942,26.2765527750289,13.0688150589083,13.4280851187939,20.1005379257536,23057.2229167281,22621.5871562307,283.473900626412,0
3559,15493,6.08842764399591,1230.56292130679,27.1261523717164,32.2346643499912,34.072380243007,49.8416108034069,25568.9108364132,26042.7656243796,339.658646488886,0
3559,15494,5.41040072499605,1001.93319191503,27.1182096374056,38.0050225105154,40.3694379157371,58.8190400184717,30740.4692476932,20234.6459797898,25.6575176860144,0
3559,15495,5.06819420355017,1030.94639634654,26.6949275860222,36.9561151859603,39.2140420995531,57.1841428488985,27668.8471335724,20850.2006800946,-292.983648501729,0
3560,15496,5.62745452781176,3115.80472436662,25.4294002701353,15.9182039713401,16.4433172019589,24.507161548969,36091.5721365056,18097.0949864805,-115.149669313115,0
3560,15497,6.58742628620565,3720.06698880814,25.670020174717,14.1114314724812,14.5268142978821,21.7117031905197,22519.8985495673,22867.9840893421,938.658806833762,0
3560,15498,6.20008500239419,1624.55727176135,26.7780793614053,25.8874461689005,27.1721768247253,39.9743647693417,25568.1764355898,26023.875352779,364.211237934274,0
3560,15499,5.37910901130955,1421.18112972321,26.3966282218054,28.5778188542759,30.0823973212008,44.1526770509439,27783.2824459475,20804.1394146902,-176.394364086289,0
3560,15500,5.51832303969024,1555.37515049845,26.7660119236374,26.7596616078018,28.1167493501462,41.329262983983,30730.314313527,20230.3640445751,17.0755448616596,0
3561,15501,6.74902508992275,3733.54690080814,25.670020174717,14.0766267727202,14.4899361081858,21.6578640006901,22508.270554538,22865.6081076846,927.739905595395,0
3561,15502,5.59189581558314,2615.35197836662,25.4294002701353,18.0074822644421,18.6717077586581,27.7430818907238,36078.8380845868,18103.9437128974,-98.8923732546702,0
3561,15503,5.88158894259671,1388.10944311093,26.7761466632249,29.2195317384899,30.785995456731,45.1519281365627,25561.2866339894,26021.8992223657,392.493098884003,0
3561,15504,5.48327612649324,1485.35449649845,26.7660119236374,27.7240829843529,29.1624130771717,42.8277436562405,30736.681359015,20253.9108655538,63.5124150925801,0
3561,15505,5.12904923963091,1176.7145557232,26.3966282218054,33.1327621563697,35.036435117468,51.2343731416081,27782.0346814546,20809.9387062472,-147.673145332957,0
3561,15506,6.76722362854352,3431.07600619539,25.5784346090777,14.9065052265216,15.3693367571798,22.9416198839945,23958.9219850634,20954.5841988856,603.36919087789,0
3562,15507,6.71618928910304,3496.83347880814,25.670020174717,14.7228408274686,15.1751888958693,22.6576371078926,22513.0565352469,22872.5138523051,928.875400700774,0
3562,15508,5.408301941935,2343.26480036662,25.4294002701353,19.4831753440235,20.2513159549947,30.030232558836,36100.9951959695,18103.1144353371,-80.7773569810627,0
3562,15509,5.75719193064469,1498.30199127987,26.7592773702026,27.5374335864192,28.9598455367093,42.5376803673727,30724.49613139,20238.846244439,10.4958326816219,0
3562,15510,5.44970243166048,1062.2894857232,26.3966282218054,35.9517187630445,38.1108215935145,55.6195144254422,27824.3383904242,20799.7762863905,-215.910926210216,0
3562,15511,5.52570783524691,2093.921663576,26.7427120137323,21.3957108863957,22.3223818387649,33.0010336599372,25470.7403496747,25966.2697441988,360.906952344188,0
3563,15512,6.75270683384885,3390.80031480814,25.670020174717,15.0386223966134,15.5104540218668,23.1463019268202,22516.2038389155,22854.1887209398,913.269860929237,0
3563,15513,5.44507979467531,2368.19197432344,26.6708757764872,19.541805509944,20.3293111260507,30.1253032451494,25067.2399425722,25786.707446281,-97.3751515824533,0
3563,15514,5.34226498622627,964.792012498448,26.7660119236374,39.0304357477484,41.4828486666694,60.412815726957,30712.497109984,20256.6913629025,50.8802660551658,0
3563,15515,5.57982348005015,1727.54999636662,25.4294002701353,24.3859070557022,25.5271069394076,37.6366440651986,36097.2266335112,18096.905211516,-66.7037010144619,0
3563,15516,5.63221486003316,1179.6880657232,26.3966282218054,33.0665275400626,34.964269513313,51.1313596466503,27754.0536877002,20805.0574947297,-148.946656484681,0
3564,15517,5.71185173219254,2512.72658632344,26.6708757764872,18.7228287422481,19.4512973738594,28.8556063247873,25049.6738056955,25762.6150741081,-91.1947876058454,0
3564,15518,6.00011417073528,3340.36454052686,26.0615081798493,15.2394863728732,15.7274077045045,23.4581524581491,34602.1640278982,22273.0550616351,361.785077356032,0
3564,15519,6.72426807661887,3381.37318680814,25.670020174717,15.067564192541,15.5411945639266,23.1910922853139,22512.6346189667,22832.7541986407,898.878266073273,0
3564,15520,5.38558578500891,2037.06351795924,25.3551748409035,21.5608331861331,22.4812225221549,33.2520126615583,36131.4723394711,18100.2547136113,-141.734762956565,0
3564,15521,5.5135572378461,1238.57519249845,26.7660119236374,31.9456024973498,33.7506754765801,49.3901564956428,30743.282110412,20237.0725751618,29.8881853127097,0
3565,15522,6.00652057825485,2666.47907052686,26.0615081798493,17.853679659882,18.5143473741729,27.5067099513004,34639.1847910552,22287.69422224,389.575662887561,0
3565,15523,6.61147939150352,3743.32644480814,25.670020174717,14.0515176103885,14.4633331580668,21.6190233552841,22508.1180328771,22868.3419455214,923.439220641409,0
3565,15524,5.44290877119315,2948.37884032344,26.6708757764872,16.7062454943828,17.295239105224,25.7308397422465,25040.575002712,25763.6358060422,-65.7257644369182,0
3565,15525,5.60743498582083,1569.44976449845,26.7660119236374,26.5756728168173,27.9173816244814,41.0434225012856,30750.5085442841,20258.8815812422,-36.0217079339976,0
3565,15526,5.65470467660327,1604.57883836662,25.4294002701353,25.7831731480354,27.0372711327373,39.8062992506316,36075.1228574213,18104.6226383325,-89.5914590985636,0
3566,15527,5.89485844699542,3065.56816452687,26.0615081798493,16.1786440591804,16.7267689981268,24.9120985487765,34611.7020229828,22271.9840981555,419.088068838925,0
3566,15528,6.92394281193362,2231.21951880814,25.670020174717,20.2301544953389,21.0556211351937,31.189268587534,22510.8627873979,22862.8112949794,932.227378897863,0
3566,15529,5.62090186702165,2364.29337232344,26.6708757764872,19.5651777413004,20.354387138557,30.1615435519953,25054.9455316157,25727.1486051824,-6.56714920154273,0
3566,15530,6.09055588934986,2230.7830485321,25.6680447103858,20.232679497497,21.0583061815669,31.1931771617148,34673.4006809467,28859.5144990133,343.604959602579,0
3566,15531,5.88201706421546,871.133667279869,26.7592773702026,42.4339190952955,45.2077825633995,65.7110449273554,30699.606300899,20239.0955452513,24.5466290423256,0
3566,15532,5.36084515670079,1464.33929636662,25.4294002701353,27.6458567853208,29.0542375199648,42.6997182233561,36133.876731385,18110.9821208135,-99.2442007789956,0
3566,15533,9.32733353628314,2425.08374494165,25.075512254563,18.9493173751322,19.6750729741092,29.2014940463374,18256.7463545791,29572.126534404,-1269.2362608303,0
3567,15534,6.07057358853864,4346.2922445321,25.6680447103858,12.7011102598395,13.0352421492971,19.5308443242804,34650.0254116388,28866.9808677312,366.951849591758,0
3567,15535,6.2591976512608,3087.39593052686,26.0615081798493,16.0984947083145,16.6413971948413,24.787992976445,34613.7798887984,22270.7208649905,392.018257725433,0
3567,15536,5.94161273401072,2235.42392505797,26.7776035580873,20.3990056172341,21.250995385035,31.4550054738029,25656.0612926648,25207.0048034593,372.258000353467,0
3567,15537,5.60723251475339,1159.61198249845,26.7660119236374,33.6578421850571,35.6161350939927,52.0531421993176,30742.7348876547,20249.5934351657,-2.00345586635672,0
3567,15538,5.35875367234919,1732.35166436662,25.4294002701353,24.3351431175713,25.472290442443,37.5578324021186,36101.6228657729,18097.8550797541,-63.106036873299,0
3567,15539,9.35346301001876,2723.53604494165,25.075512254563,17.4455947310818,18.0675544422862,26.8714806612918,18259.7622861044,29572.9128684493,-1233.74273076773,0
3568,15540,5.95828891269169,4208.8500045321,25.6680447103858,12.9783010313197,13.3279367118892,19.9593524075263,34626.6593333094,28867.9644501528,378.029297050858,0
3568,15541,5.79101427273121,2681.98537452686,26.0615081798493,17.7800976289509,18.4356904778051,27.3926960064382,34632.8180771311,22282.7925784889,426.791670231905,0
3568,15542,5.85438482903969,2294.07916305797,26.7776035580873,20.016964496303,20.840615005598,30.8624871990497,25687.5453407628,25204.2516298598,340.994162097182,0
3568,15543,5.58928976709048,1569.31521236662,25.4294002701353,26.2218838285071,27.5119459999226,40.48766913533,36098.1164506689,18081.7551846009,-105.791836095348,0
3569,15544,5.96115840248795,3018.74088852687,26.0615081798493,16.3541502432625,16.9137646881543,25.1838721954416,34635.8118072214,22288.0854844234,390.926718085299,0
3569,15545,6.05099312069072,2064.48013905797,26.7776035580873,21.6271688868209,22.5719883937541,33.3602804800045,25655.8981149789,25182.1415096558,323.928586717789,0
3569,15546,5.77263507157506,1788.80430236662,25.4294002701353,23.7575508173059,24.8488416733118,36.6611844054351,36110.2174893941,18088.4112343004,-127.411428112999,0
3569,15547,5.52281293202396,785.302138498448,26.7660119236374,46.2514653769452,49.3925244296513,71.6557955252642,30738.9235938209,20241.4052255517,-8.07158916097133,0
3569,15548,5.72878323188745,855.413530532096,25.6680447103858,42.4988685533346,45.2523429091317,65.8047045227946,34632.5263706303,28835.8096594743,334.961597466694,0
3570,15549,6.01106213850878,3910.75532921731,25.9879767067499,13.6693642150654,14.0611812521674,21.0286350299076,34017.4262727529,18800.8372079926,480.562852820355,0
3570,15550,6.11958642004078,2095.44869578192,26.6155937911233,21.3600896037054,22.282372946744,32.9453055955931,25683.5525539151,25207.3830691357,280.050510873685,0
3570,15551,5.94427669122379,2954.59426867732,26.088835143648,16.6063352374177,17.1828612161805,25.5744948184382,34625.6597085394,22297.6809976898,368.288041684366,0
3570,15552,5.67315676630839,3402.10819812787,25.2454714085828,14.9567547955327,15.4196866284601,23.0185535282407,36097.5003340802,18096.144121217,-110.442495573267,0
3570,15553,5.74884720962261,919.379775708598,26.535707233259,40.4865307848692,43.070494245954,62.6778457199279,30744.7276169043,20230.5269670507,24.6979093885189,0
3571,15554,6.1902473641803,7645.2856552173,25.9879767067499,8.81161749637311,8.95677307159868,13.5259210957915,34020.4054164103,18781.8511002599,483.559182900269,0
3571,15555,6.01145126759415,2628.63207778192,26.6155937911233,18.1182863572579,18.8034281356544,27.918428155157,25678.3279774535,25206.8094353275,307.089111132471,0
3571,15556,5.57190668350872,3724.89347531451,25.1741376927839,14.0489806633584,14.4565204561411,21.6139624104838,36091.8939758404,18103.9492716618,-76.852920755294,0
3571,15557,5.62399281185696,1086.0284917086,26.535707233259,35.3758869846912,37.4852989232106,54.7244458897933,30707.8474383827,20235.8786225959,-8.54509831307752,0
3572,15558,6.22549358751715,6844.9489192173,25.9879767067499,9.45313990127537,9.62602244888605,14.5154141774878,34021.781967756,18784.5503028318,471.190539631821,0
3572,15559,6.09915354157732,2336.98581178192,26.6155937911233,19.7216398851018,20.5216141922279,30.4039725915734,25681.319662829,25213.4121852399,302.127089821193,0
3572,15560,5.53796478449832,3790.88912412787,25.2454714085828,13.8891461700021,14.2878693052249,21.3669096107668,36110.1283013224,18111.9601684684,-114.853487584489,0
3572,15561,5.48625899217011,912.309429708599,26.535707233259,40.7432562398958,43.3514441978848,63.0774854539469,30772.3339348429,20248.9088538478,32.2465769678028,0
3573,15562,6.09566914068688,6252.5816752173,25.9879767067499,10.0188848334768,10.2175599183017,15.3883948736267,34021.5941819775,18782.17955483,494.017639773742,0
3573,15563,6.53654363572648,2899.07454348262,26.7939906308221,16.9226032977691,17.5273729725078,26.0663169057359,26740.2618725347,25332.8783411712,765.80415718126,0
3573,15564,5.52418646093446,3566.15784612787,25.2454714085828,14.4806819271254,14.9145999269191,22.2819402982696,36105.4908713947,18100.6612519033,-102.434409246078,0
3573,15565,5.66450682173851,939.269253708598,26.535707233259,39.7844572551472,42.3023469088237,61.5849917398987,30747.9894988202,20241.4254206383,-16.1209774887909,0
3574,15566,6.03206698514532,3857.06079910308,25.5880432461675,13.760015628464,14.1539593951546,21.16796108487,34911.4369934729,17939.2618809141,238.802145657253,0
3574,15567,6.45867023625701,2425.75782948262,26.7939906308221,19.224574068285,19.9904962295674,29.633838704888,26756.8463630433,25313.5025120936,731.60447988462,0
3574,15568,6.50943151942409,3734.51409124707,25.9813260925151,14.1052284277,14.5228097686156,21.7028153258982,22985.1328747302,27009.4701036536,889.107522547789,0
3575,15569,5.39074792434126,3744.88238110308,25.5880432461675,14.0393485682001,14.4497641811904,21.6000131465454,34877.7826700881,17966.1103647835,229.955113562704,0
3575,15570,6.39940595441637,3839.2964765511,26.8186711992953,13.9217675295804,14.3350833360972,21.4208569461456,26766.3979619767,25334.5154741917,739.691155045182,0
3575,15571,6.62847617988242,3804.00612124707,25.9813260925151,13.9287740129999,14.3358393497064,21.4298579828851,22979.1735456936,27021.5366340771,904.475522552514,0
3575,15572,5.69306127703028,823.588701708599,26.535707233259,44.3279850048093,47.2777037121507,68.6587278816018,30740.2870160349,20223.6829499949,96.7355423720931,0
3575,15573,4.82274663428812,3340.7123353158,25.0216189659522,15.1201618108445,15.5911231201606,23.2708567402552,34971.5579623655,17250.4654085942,-47.0602316182127,0
3576,15574,6.59822112215302,3276.48342124707,25.9813260925151,15.4357653663597,15.9353496345905,23.7617663499165,22981.0304645613,26976.9548829413,902.649788536651,0
3576,15575,5.54635042512039,3033.30286284222,26.5986990748785,16.3663789139149,16.9320555021151,25.2042576552459,33151.984356155,24557.9584406264,-614.93357920324,0
3576,15576,6.39437729639241,2447.34098061686,26.8355119633112,19.108403663734,19.8664140598859,29.4538619158919,26804.956859135,25401.7121308719,888.634230293151,0
3576,15577,5.60057915077037,1115.0147077086,26.535707233259,34.6379470810243,36.6801935792741,53.5764271171271,30736.5733432447,20241.9382545257,35.6127206291486,0
3576,15578,7.00771948611335,3818.99464393653,25.7801216519045,13.8718940400933,14.2739666897848,21.341428640384,34569.6444089882,18342.0833672645,-14.379992464476,0
3577,15579,6.52397846622593,3690.59807882821,25.6884337220031,14.1901837647911,14.6104244871186,21.8335704440307,35167.6848507736,18646.7398118465,871.072450608805,0
3577,15580,5.47778802628199,2202.71292921214,26.9637092670299,20.6535522331701,21.5269147756657,31.8504767077931,27508.4926289909,25779.9557667674,-195.019448499742,0
3577,15581,6.68810668997498,3212.14547524707,25.9813260925151,15.6500468418672,16.163267023971,24.0934761088983,22984.0059983476,26990.1590045009,900.527523421937,0
3577,15582,5.80786667949458,1218.6029857086,26.535707233259,32.2774325281177,34.1075193845461,49.904934212933,30748.2265288925,20251.7108835087,-8.06972837794328,0
3577,15583,9.56412815950394,2569.93343477338,23.24254437644,17.8933066241562,18.5240661984122,27.5591194028813,32778.7478023175,10689.5107612912,-1210.6552092275,0
3577,15584,5.42573550325025,2486.91679175178,26.8055950463957,18.8836409367232,19.6251407788889,29.1053171593161,33118.9560492429,24559.5823339096,-563.959318306126,0
3578,15585,5.37973891208485,2889.26334921214,26.9637092670299,16.9855572481138,17.5962892054393,26.1643091204939,27505.0949407713,25788.1196762942,-234.895740205917,0
3578,15586,5.42521043820725,2940.83771484222,26.5986990748785,16.727139381943,17.3168139434959,25.7630050210191,33156.5864726019,24540.893126941,-631.563846629249,0
3578,15587,6.95022035113091,3766.36256660581,25.9283795785407,14.0184031388956,14.4303676731989,21.5683834098039,22971.9871484533,26981.8977601452,863.336611352914,0
3578,15588,6.80383311391421,3311.70682682821,25.6884337220031,15.288174222602,15.7757559333677,23.5325747852888,35206.7967963932,18665.0592147187,971.538518298437,0
3578,15589,5.4497424635085,1146.1374457086,26.535707233259,33.8856596904739,35.8598338163062,52.4062033892332,30735.0995604074,20250.904731159,38.6526884234934,0
3578,15590,5.69236955145582,3255.04810271801,26.3011609254778,15.5434214335312,16.0527973922614,23.9292289932691,23412.7823677791,26292.2438479093,-66.3276989120918,0
3579,15591,5.49731017247303,2320.97052321214,26.9637092670299,19.8791771456626,20.6949205542154,30.6494272652653,27502.7693288408,25787.1861596967,-220.607168484105,0
3579,15592,5.8209598425086,2921.76721828377,24.7840317861384,16.5646470344507,17.1250434596117,25.506249212093,36526.1626063283,17269.5773799054,34.4278798740596,0
3579,15593,5.72469688761936,1002.1314577086,26.535707233259,37.74329679217,40.0706132945627,58.4081487612263,30736.3333328732,20223.7761999319,37.3153369574391,0
3579,15594,5.72010500647787,2296.20185235962,26.5922401842309,19.971778138423,20.7898281735086,30.7917862936678,33078.399081044,24430.9716339997,-748.473381720058,0
3579,15595,8.80767118437938,1817.16318170587,25.3913613996884,23.4714881706262,24.5396635932677,36.2169930556844,19137.4701743186,30702.2838381853,-1443.69344887896,0
3580,15596,5.76060752481992,3722.8674201262,24.6922361607274,14.0052485032913,14.4061490374033,21.5452016943154,36467.3805929695,17256.2100371188,66.106409369493,0
3580,15597,5.47020639519807,1843.71789084087,26.6697805909832,23.5023564680295,24.592034391625,36.2701791110203,27434.9214162869,25818.2487631907,-220.914613060518,0
3580,15598,5.53351412921962,2504.54665741273,26.4993990039419,18.7402356209043,19.4679889451555,28.8820499721338,33072.2040089638,24432.2823896717,-785.015209218125,0
3580,15599,5.49883518058722,1351.65442657823,26.3769630501679,29.7066538656001,31.3079980034535,45.907097282685,30716.6629611212,20241.3227775508,41.636214422787,0
3580,15600,9.08885407186647,1754.90509020839,25.3232253949577,24.0750886293049,25.189866425006,37.1536499023619,19138.8852045125,30707.5590261986,-1419.05048239125,0
3580,15601,5.98240495366194,858.950794593737,23.1738056689993,41.00547502626,43.5532507615652,63.461808948578,36908.5782779577,14083.1176268975,429.116760567121,0
3581,15602,5.62932916697091,3097.91208958092,24.7730048853927,15.9004530167405,16.4179621734359,24.477899640788,36315.7810533746,17208.4211997493,65.3256255022541,0
3581,15603,5.43099817924181,1996.42414884087,26.6697805909832,22.1489561395576,23.132499705231,34.1695451759106,27422.2036828278,25829.3326346593,-255.392352259071,0
3581,15604,5.79128564152337,2735.52141062111,26.5434624257026,17.5998792324525,18.2482491048448,27.1148854621407,33122.7049051289,24394.8625830396,-869.114421152351,0
3581,15605,5.63547172505651,1243.34392971839,26.3940887606507,31.7207316334239,33.4986783751734,49.0384741464991,30726.6391404217,20242.1134415228,-67.904636965015,0
3581,15606,9.66241172953218,3139.39107196031,23.4947814278875,15.5950533093163,16.0805404061963,24.0016705966002,35777.7461855195,33158.446773219,-1072.28090397748,0
3582,15607,5.51528204296027,5447.34827254724,24.5417906017425,10.8626673428242,11.0934575476492,16.6886451959085,35912.4259195359,15858.8252694219,-113.668086902753,0
3582,15608,5.82141021548471,6681.93553948579,26.4536533682467,9.62420352013634,9.80701602894609,14.7799661239803,33431.3252630658,24023.6412039704,-299.701058097389,0
3582,15609,5.52729720853116,1717.17852084087,26.6697805909832,24.7943969947387,25.9878628485555,38.2762698481993,27426.9935426502,25836.8817524693,-283.484155237825,0
3582,15610,5.69870310477967,1749.81842857823,26.3769630501679,24.3759035658507,25.5310513382631,37.625192633644,30683.3925173576,20254.4191450522,18.7997179994124,0
3583,15611,5.87460146096663,6140.55848548579,26.4536533682467,10.1630514437609,10.370932655839,15.6115807386614,33471.0164591708,23983.1199840115,-355.292440372468,0
3583,15612,5.37545869028535,5030.51298342111,25.9966328203963,11.5477329519027,11.8220133621505,17.749123240202,32707.6322068961,18529.1025846749,-614.477514367232,0
3583,15613,5.31618895163395,4245.49958254724,24.5417906017425,12.8043687012317,13.1358686627774,19.6881526544935,35929.2171996124,15849.4709983755,-111.403331226532,0
3583,15614,5.64013269459382,2806.33998445424,26.1671447810799,17.2315673873003,17.850808056368,26.5431668342534,33640.7065471603,28989.5023591097,-182.904543014303,0
3583,15615,5.66169075599443,2389.43938393935,26.6594259366458,19.4137970663342,20.1918538714153,29.9267847577273,27435.560349277,25636.2045943879,-148.747920565723,0
3583,15616,9.9005151172807,4491.66100269021,26.4736113519857,12.4896333136106,12.8177133167851,19.2055157332716,31919.7874341937,20380.4083019475,-1173.24936303332,0
3584,15617,5.67932247470052,5995.05472948579,26.4536533682467,10.3223329033329,10.5378325474925,15.8574600063452,33469.4555377748,24007.5476411433,-335.714914071492,0
3584,15618,9.77744281510445,5835.27324377558,25.2323819264482,10.4312596473216,10.6453095636839,16.0237671424029,36450.4122307885,19452.0542356507,-1116.32385818446,0
3584,15619,5.50728704489789,5503.47728142111,25.9966328203963,10.8853957536912,11.1259309627208,16.726122358245,32714.9683396833,18547.1271917327,-663.844449100294,0
3584,15620,5.65957976894844,1979.69154889621,26.6477362545517,22.2832317189605,23.2768763731389,34.3778373585223,27461.7100552612,25454.8553528648,-47.2708918019958,0
3584,15621,5.51751420236446,2954.59699045424,26.1671447810799,16.6164652256872,17.1944491483831,25.5904001531261,33654.3629529556,29020.5794938815,-195.004706624174,0
3584,15622,8.9027576858981,4846.80822669021,26.4736113519857,11.8709927708827,12.1653693730173,18.2494077849239,31956.0285997088,20367.0363758775,-1168.42134527319,0
3584,15623,4.00932553645827,4453.17738029966,24.6776359154094,12.4141528841603,12.725428425632,19.0853600354595,37242.759908414,19930.6013969138,-164.46801355146,0
3584,15624,5.87065089931682,2258.24778454724,24.5417906017425,19.8528233312065,20.6362017097891,30.6001695146863,35928.6932827117,15850.5769825999,-176.855777210788,0
3585,15625,6.05293944083347,8332.96700924739,26.454193149354,8.36563086797716,8.49436110458204,12.8388125397596,33500.260731985,23943.8173036401,-290.235371484703,0
3585,15626,6.24303839191505,3186.12431792102,25.1022309980512,15.633515804184,16.1373299519815,24.0655849199903,23770.5074556199,20575.4544963083,480.343508277224,0
3585,15627,10.0499070957189,5958.22237577558,25.2323819264482,10.2914393468797,10.4988654946943,15.8079471239259,36490.3728222679,19495.8700738689,-1105.7504730702,0
3585,15628,5.50664179575694,1970.13226489621,26.6477362545517,22.3634585426676,23.3633323015164,34.5023411602964,27441.7012453274,25463.8517451467,-40.7777830248559,0
3585,15629,5.21762049875468,4463.16592766721,24.3820654965356,12.3710052122613,12.6778191953813,19.0180929197234,37564.9853935426,19490.2372058084,701.762831480228,0
3585,15630,9.10931840004459,5065.26209469021,26.4736113519857,11.5290077104311,11.8052847833139,17.7210159855353,31940.7146649972,20284.5678011393,-1185.19534980997,0
3586,15631,5.71608129922781,9629.05743887679,26.7286730635646,7.65418926793975,7.75626841276015,11.7426040056547,32028.568787256,23361.9950093314,-410.9828355186,0
3586,15632,6.79565367347443,10633.5390507913,26.5421859255246,7.19409239368014,7.27888301471063,11.0336575524674,33150.6916764808,24209.6921780578,-1048.1963076805,0
3586,15633,6.00470575615994,3236.87222192102,25.1022309980512,15.4632128988013,15.9563017215292,23.801985205059,23772.9053244828,20569.3017702304,523.805042234726,0
3586,15634,9.66243683613766,6366.59574775364,25.1436349055096,9.85624739724917,10.0430575653131,15.1362043393333,36471.4667914283,19464.3006794347,-1113.47468949032,0
3586,15635,6.07853748226921,4865.33606559419,25.0346409117062,11.7339816978936,12.0117382080361,18.0351301394857,36227.1975253552,25855.0164025881,516.273472289783,0
3586,15636,5.52652633191409,2136.60477289621,26.6477362545517,21.0625535852794,21.9626957047274,32.4838275927972,27451.9418892957,25460.8529520684,-85.0192746364843,0
3586,15637,6.4289572853419,2925.83289002134,26.5983515864783,16.7876006599522,17.3813232141221,25.8566549071182,27792.9662996581,29749.5755272351,720.481170869665,0
3586,15638,9.04762926264433,4093.25471469021,26.4736113519857,13.2965959615282,13.6704232377098,20.4531637244211,31955.7353433044,20317.974741773,-1141.24150878801,0
3587,15639,6.41172419049957,4814.98088402134,26.5983515864783,11.9323853442819,12.2308581499972,18.3444973712304,27802.8569735662,29764.1912308047,712.108883604606,0
3587,15640,5.43173495367338,7843.55352781421,26.7149656920647,8.70181843003418,8.84544343634829,13.3574554608885,32002.6001531309,23347.5408480268,-358.628432439214,0
3587,15641,9.16134809948045,6276.61953775364,25.1436349055096,9.94675640555505,10.1376944240838,15.2758659569439,36491.1057272951,19494.5685082919,-1118.52835659346,0
3587,15642,5.57017008484876,3773.86343089621,26.6477362545517,14.0699076556305,14.4907704210733,21.6496617131185,27450.1030082283,25466.5724646193,-49.6067739422323,0
3587,15643,5.23034977517566,4238.08943750796,26.6614038078673,13.0036377946089,13.3619899054447,20.0005326797767,32580.1846587184,27993.8074440901,-428.02847322452,0
3587,15644,5.44379144556931,7242.62939548579,26.4536533682467,9.14103256792541,9.30232093684072,14.0345405455971,33494.6686165767,23939.1641901903,-421.164943784518,0
3587,15645,6.01676846200664,3641.14815894516,26.3821342867407,14.3928107300878,14.831069992345,22.1486511994447,32955.3906954397,20145.8031028106,555.357610881295,0
3588,15646,5.5583507757983,6659.79845687679,26.7286730635646,9.65895313817926,9.84467589049084,14.833953763454,32004.9587497843,23340.4814761076,-338.713559667955,0
3588,15647,5.34251124787819,3566.27796821615,26.6151592324882,14.624209578073,15.0786106663012,22.5072494103045,32579.0440315627,27992.1214489804,-461.905418144086,0
3588,15648,5.92618782223078,4300.02051889621,26.6477362545517,12.8757792784129,13.2267492030185,19.8028133271735,27444.6616385792,25463.6479739881,-18.0082773282045,0
3588,15649,6.50840569815353,4403.29413184285,26.554332630602,12.6639601143926,13.0023204859638,19.4751530142593,32633.8414787524,21317.0318764334,726.168155818435,0
3588,15650,6.38268885909618,1984.50772802134,26.5983515864783,22.2331063592438,23.2221840440105,34.2998615015769,27808.0934539003,29756.8928816991,718.113739196543,0
3588,15651,5.49253575489536,5881.31246548579,26.4536533682467,10.451652683741,10.6734060755628,16.0571068228661,33520.7051793743,23937.7413263756,-407.898890376992,0
3588,15652,9.91787289287916,2610.77632367194,25.1598607476753,17.9893189297721,18.6492262812231,27.7140936388562,36481.5147442764,19485.1356450538,-1155.36673723564,0
3589,15653,5.55959549773182,7012.94131487679,26.7286730635646,9.34424753723281,9.51574275931607,14.3483757541345,32007.6842492675,23341.2875142837,-323.755612739009,0
3589,15654,5.34905230285672,4363.85789750796,26.6614038078673,12.749697358461,13.0936296907855,19.6079079230087,32587.988442336,27979.6527771012,-429.501610568062,0
3589,15655,6.16442480358554,4356.58328689621,26.6477362545517,12.7628932590864,13.1074737784611,19.6282826185756,27376.002802763,25480.8369783711,-16.7687745464357,0
3589,15656,5.41731871114818,7759.84392748579,26.4536533682467,8.74966872235109,8.89421027159589,13.4309416657672,33492.2403394988,23935.4735392597,-420.153976308078,0
3589,15657,6.01301035177243,1067.07170984989,20.8361946359205,33.4398165221264,35.242918464137,51.6762748682516,17820.534416254,10842.5893515544,410.337052885664,0
3590,15658,5.50865871204439,3854.94364006749,26.4701715005714,13.8499144799975,14.2561957259611,21.3089490914273,32574.0203742375,28005.4654637892,-435.424075459853,0
3590,15659,6.17755674053806,4244.79229023995,26.4285759193084,12.9698345334387,13.3245742800721,19.9478018067647,27421.0388705783,25487.1894219256,-10.9433952445932,0
3590,15660,5.39562939717373,5926.084979352,26.2745953079464,10.3896463225083,10.6074304876098,15.9611117667931,33535.6962186922,23924.8749725252,-381.710760051662,0
3590,15661,6.36654305227762,1402.58891060568,20.788321209161,27.1105686406609,28.3839029470029,41.8431033942835,17852.5640036538,10823.1096317859,428.495136633908,0
3591,15662,5.29469361354956,3650.87275006749,26.4701715005714,14.3754137390631,14.8133432053805,22.1219345896082,32575.5454963213,27984.9764957567,-481.009821760414,0
3591,15663,6.21850421009756,3918.45507423995,26.4285759193084,13.6925577229079,14.0891890835567,21.0654588868059,27404.0256662531,25490.0550400371,-5.23904813387602,0
3591,15664,5.3059915267792,2165.740181352,26.2745953079464,20.7856954586061,21.6601688845951,32.0530235259324,33498.7684243118,23939.6564565374,-378.156603558625,0
3591,15665,9.47739566813952,5352.17998851276,17.766668456252,10.4986872903787,10.6676465430924,16.1144857371887,40075.7556264676,30838.3602718322,-1118.56519970452,0
3591,15666,6.24927325359618,1515.36203060568,20.788321209161,25.5871787331039,26.7400584873935,39.4783476449807,17810.650541231,10859.7243591686,446.691341254184,0
3592,15667,6.25210040785851,4464.98621223995,26.4285759193084,12.5359816148401,12.8663234925655,19.2770742883271,27403.5254540417,25508.3314968261,13.1685352327468,0
3592,15668,5.46292925287856,2203.514771352,26.2745953079464,20.5244242802905,21.3793990812615,31.647777840399,33512.0511100041,23923.2164778739,-393.180433515671,0
3592,15669,5.6174106872381,1667.28725128802,20.8221718812373,23.8508629191447,24.87093641341,36.7843235702346,17812.4626415778,10819.0848476961,445.327364471051,0
3593,15670,5.79351365522557,5040.50613104324,25.7849360682948,11.5175131450587,11.7888903040409,17.7020714592364,35071.8181950576,23245.7374878037,-392.414211383191,0
3593,15671,8.8240469636968,4834.73328872718,26.5396535276739,11.8955835910099,12.1917020053277,18.2875238510504,27925.7457688881,26116.9885485365,-907.65569031775,0
3593,15672,5.43356266652616,2529.59776981947,26.1189407334506,18.5479778735588,19.2577501111048,28.5828485634091,31013.4454939662,32444.5740916108,-94.9511425086392,0
3594,15673,5.4980612126136,6277.87231981947,26.1189407334506,10.0001215350836,10.1985959963365,15.3596230002784,31023.5205039804,32452.7315723266,-104.056325912482,0
3594,15674,5.63564307054279,4759.46956129556,26.3660752075014,12.0073868498955,12.3083853524352,18.459981698979,27021.5147470873,25324.7223305434,-263.145896255907,0
3594,15675,9.03677655789534,4513.10532437123,25.0557142214769,12.3352134184776,12.6449439928331,18.9641193466493,34624.6956331681,31434.3255351973,-1160.58364790262,0
3594,15676,5.21289975760336,3132.41577704324,25.7849360682948,15.902779286296,16.4303454672357,24.4842299475397,35093.2814298018,23280.1070333843,-406.533625569042,0
3594,15677,6.28652766356696,922.018931204054,25.4161140189865,39.8452807299329,42.3424954569382,61.6722718068336,30277.0429925184,35426.5074921171,70.7318622505031,0
3595,15678,5.45502421269007,5714.79965581947,26.1189407334506,10.6284871669491,10.8570278526225,16.3296202712136,31029.024619487,32451.9873051259,-120.928436514008,0
3595,15679,5.87719403868213,4335.53513929556,26.3660752075014,12.7810349814291,13.1246420504356,19.6557796652489,27005.5850195172,25330.0541386327,-276.738141948252,0
3595,15680,8.90347377045737,5297.99717924021,20.7901186153712,10.7948482143919,10.9982770007346,16.5772863469059,38996.5171579149,14243.7999677568,-1258.97879234724,0
3595,15681,10.2435887629969,4747.99490072718,26.5396535276739,12.0398239246065,12.3437095232925,18.5104221406712,27926.3525838808,26057.0636621814,-915.923768067325,0
3596,15682,5.31097367557193,2535.90080929556,26.3660752075014,18.5528847054774,19.2658233281215,28.591230952953,27051.784586975,25283.5846070887,-338.811689776662,0
3596,15683,6.05804339097211,1633.75178060568,20.788321209161,24.2009195331905,25.246909428617,37.3272242499022,17809.2512381121,10842.3504980005,494.095806444197,0
3596,15684,6.27857750883069,3862.35310805666,19.0278983818205,13.0791064692272,13.378157764742,20.0996754794937,39884.5302580179,13947.6582647495,336.274089641577,0
3597,15685,5.39495351008595,3627.71984595257,25.6293591955753,14.3519177980905,14.7813738847938,22.0836400932731,35374.8918436199,19599.2748156972,-282.201385450582,0
3597,15686,5.36911503711683,3000.93574729556,26.3660752075014,16.4608984725941,17.030551429515,25.3500133803355,27051.793337614,25286.9849855264,-332.766556692487,0
3597,15687,5.73195162928044,2188.85103260568,20.788321209161,19.5865178420328,20.2985290145235,30.1729290031541,17831.8179829897,10834.26202156,471.828644772198,0
3598,15688,6.21398081734519,5303.64815464688,26.2939012178251,11.1724411645745,11.4291958193961,17.1699139428275,26712.0370345118,31899.9168469789,664.703026490335,0
3598,15689,5.46814046045059,4607.70063795257,25.6293591955753,12.2117739066142,12.5188484590871,18.7744661643435,35356.4334784963,19596.2773254231,-272.625166238263,0
3598,15690,6.02414889022046,2539.02038060568,20.788321209161,17.6449034541341,18.2282017822735,27.1658704827555,17836.3077197405,10856.4006638761,434.097626239277,0
3599,15691,6.22526810284405,6223.93043877578,26.3030229993465,10.0663089762671,10.2688338342627,15.4620398343036,26713.3261022716,31900.1310630323,640.925839675469,0
3599,15692,5.49256120356731,4171.98230595257,25.6293591955753,13.0520062944782,13.4055134864138,20.0732238122704,35361.4283530942,19592.251370944,-285.363773505976,0
3599,15693,6.00969113689672,2373.60512060568,20.788321209161,18.4968584684837,19.1356677709055,28.4850618608548,17819.1333863637,10846.4765102565,440.485028845857,0
3600,15694,6.24216657117278,6057.35164540285,26.1921779017528,10.2382267614723,10.4483122281513,15.7272426631578,26715.1628185221,31898.8091473285,655.417774591089,0
3600,15695,5.49934277714198,3146.48661780544,25.6473637553997,15.836464141774,16.3584463286894,24.3811978034201,35359.0520907508,19611.9165660779,-248.829326325162,0
3600,15696,5.98120031485685,3124.18312200328,25.546242191664,15.9027886748005,16.4280491745951,24.4836092707584,23706.7485122833,22692.8987586059,38.4386212947091,0
3600,15697,5.73084938674079,2347.69103101986,20.7768927849376,18.6381330833094,19.2861345653539,28.703811975653,17836.5082451307,10826.6208249846,471.667583601929,0
3601,15698,5.29404112603378,3634.23036180544,25.6473637553997,14.3361674061667,14.7648274493806,22.059315116897,35341.8235959344,19609.5511992078,-235.244538119681,0
3601,15699,5.84513203380665,1921.64211301986,20.7768927849376,21.4969965318224,22.3426711574245,33.1337059017527,17830.879382041,10830.7431087575,451.018946233436,0
3602,15700,5.50000055542894,3778.36850580544,25.6473637553997,13.9602691730582,14.3664855507619,21.4778267151388,35356.3663585107,19607.4838674664,-237.381183832198,0
3603,15701,5.40524811522529,3354.47813580544,25.6473637553997,15.1483832362448,15.6268420722454,23.3161143587799,35352.5058001506,19604.9919433278,-267.599488287551,0
3604,15702,5.54543456655963,2004.43484686518,25.7007790598134,21.8885385061787,22.8386447409521,33.7617547297231,35338.2207502415,19575.9056605789,-240.590034959547,0
3605,15703,7.27823548720365,3150.2737717376,25.2625290372361,15.7763960901714,16.2908235292956,24.2871839130785,36374.5440313548,21747.0265433032,1141.0555879739,0
3606,15704,6.71621126027165,4407.28640736362,24.6685168148236,12.4993465926106,12.815155234492,19.2169970026357,35252.6687093244,30996.1109501686,945.85170620647,0
3606,15705,7.28705486093433,3200.06972258591,25.2695440418269,15.6062995794224,16.109999925073,24.0238996300001,36370.5307464469,21719.6424805013,1146.93182688663,0
3607,15706,6.67570953407576,4523.80394736362,24.6685168148236,12.284142384991,12.5883770411121,18.8844403931,35248.5331184636,30993.1144558059,922.376318632828,0
3607,15707,7.57617691885643,3075.8919697376,25.2625290372361,16.0410777451558,16.5724435631725,24.6969398294882,36394.9180112967,21740.6946369153,1168.03033547206,0
3607,15708,6.05860544607902,3304.34719878736,24.801775728653,15.2092496006781,15.6836681619962,23.4081562786399,36116.422812272,27543.7896443321,475.550101611024,0
3607,15709,5.09763480513997,1617.28358684415,25.0801476312549,25.5387207383058,26.7670436128321,39.4250485471445,27593.184671895,19366.7111603626,-136.61772129942,0
3607,15710,11.8341670516782,3267.69103238076,25.036432305996,15.3544101194105,15.8400641839463,23.6334166532521,35666.4605824427,28843.9949646986,143.33588214531,0
3608,15711,7.41898903729869,2783.4968197376,25.2625290372361,17.2056019642595,17.8134700869128,26.5002946136188,36390.7259787745,21753.8301293507,1151.80889419811,0
3608,15712,5.57817936088313,1564.15687484415,25.0801476312549,26.1932730935208,27.4749959377866,40.4415731324926,27597.3105824829,19330.3776306081,-127.056288181669,0
3609,15713,7.5535231330514,2658.89090258591,25.2695440418269,17.7736548559273,18.4200369960282,27.38029801713,36416.2022029478,21724.7579890841,1168.12613031406,0
3610,15714,7.5993193889126,2982.52148798282,25.1823820008557,16.3798835391663,16.9323631985571,25.2212914441832,36399.4455795354,21747.6487193542,1171.69517554172,0
3611,15715,7.57913229948127,3455.26552598282,25.1823820008557,14.7910838732975,15.2432860049672,22.7620415675468,36384.6238806902,21740.3420558373,1176.93482350831,0
3612,15716,7.37505297693371,3218.35386998282,25.1823820008557,15.5343527892063,16.0326785992311,23.9123060073876,36371.6902847007,21757.73446124,1139.45238022724,0
3613,15717,7.49441337346489,3183.88317998282,25.1823820008557,15.6508264697725,16.1565077226654,24.0925928525498,36374.4388236785,21762.7587560791,1159.73216683875,0
3614,15718,7.57569622327458,3113.70834398282,25.1823820008557,15.8951642980945,16.4163853149449,24.4708277099765,36382.6797204363,21756.874392813,1150.2520574216,0
3615,15719,7.51426894034114,2859.90274598282,25.1823820008557,16.8694404939471,17.4540561480051,25.9794008937464,36387.3439703616,21741.6546986535,1126.42335015465,0
3616,15720,7.40207793747326,3292.88985398282,25.1823820008557,15.2900760819898,15.7730865894387,23.534226419959,36396.1860532933,21745.6167432381,1131.16703374513,0
3617,15721,7.8801082920806,2843.41611221228,25.2797096000989,16.9515312952059,17.5426229709211,26.1068231217092,36234.9489558356,21625.1910725433,-1482.1449223297,0
3618,15722,5.97190406818965,5478.98155984139,24.6854931869309,10.8313422171171,11.0614761577694,16.6405220184046,36206.3094934913,27670.8437336987,629.705344815905,0
3618,15723,5.53037531640771,3157.92517691228,26.2835797057751,15.8730856585171,16.4034883506227,24.4395656189139,31602.9387277095,29916.7789409027,-182.739705866393,0
3618,15724,8.59249183134496,2234.36392296223,25.3685586410919,20.1553930954581,20.9714910359129,31.0722649859574,36101.6044828652,21635.8342366482,-1354.49582724092,0
3619,15725,5.96999971440879,6687.17653358592,24.7994635638937,9.53296883936718,9.70357572605402,14.6369587943406,36258.2717345886,26876.5929796243,540.346450974364,0
3619,15726,5.35413524370951,3161.73567491228,26.2835797057751,15.8597226473624,16.3892612459537,24.4188757714357,31588.1321965097,29910.8707378198,-190.011005834323,0
3619,15727,8.47963939890247,2259.15443621228,25.2797096000989,19.9788819961773,20.7809656901531,30.7982557052523,36131.5186356557,21597.1118177627,-1411.44864811359,0
3620,15728,6.06778127973658,4603.97513604421,24.7914358238969,12.1515718383687,12.4496122537693,18.6798361820998,36248.9030964389,26856.0101018583,540.221563612678,0
3620,15729,5.29355748476447,3067.20624992206,26.3401528002746,16.2071472380903,16.7598399801018,24.9569802569058,31621.2008983055,29906.5144997155,-220.817723478017,0
3621,15730,6.0575761424295,4651.11077604421,24.7914358238969,12.0697525832263,12.3634573465032,18.5534180089681,36265.7660378703,26860.2741557445,530.526275715095,0
3621,15731,5.41048717378425,3072.27222992206,26.3401528002746,16.1884067588184,16.7398718598923,24.9279601575771,31604.4391174113,29891.1109596294,-209.441443008926,0
3622,15732,5.88967423109905,4690.09679604421,24.7914358238969,12.0031835166799,12.2933765345816,18.4505670827916,36239.9713642511,26870.4485029813,529.094748257191,0
3622,15733,5.52944024585595,2555.25593192206,26.3401528002746,18.4479685262855,19.1532056051508,28.4285367835668,31622.8742755682,29884.2724240725,-201.456473434765,0
3623,15734,5.79039908991765,4527.78720204421,24.7914358238969,12.2870142889248,12.592278603919,18.8891198459517,36251.0473280089,26849.741808405,553.02630272659,0
3623,15735,5.38466519301644,2725.31867792206,26.3401528002746,17.6180466832126,18.2654999171381,27.1424378496407,31601.2461814158,29883.444349137,-208.420715033499,0
3623,15736,5.87184387450466,1701.30365533423,26.3784807589758,24.8989975837339,26.0964431241255,38.4374545935191,32447.1406615163,23006.5100986068,-975.287653180143,0
3624,15737,5.87168537739607,4652.89488204421,24.7914358238969,12.0666845973388,12.3602272018458,18.5486778061678,36259.6435693286,26867.4569628288,543.040689987978,0
3624,15738,5.53796751868802,2854.34698592206,26.3401528002746,17.0492468506127,17.6579540290388,26.2612271152689,31612.3149904727,29879.1953200633,-172.521039075152,0
3624,15739,5.51214239444306,2864.33653597363,26.002344346168,16.9618921870724,17.5612396097281,26.124954255139,32892.1296572336,17938.1423629661,-632.353904393101,0
3624,15740,6.0103124073824,2030.92274533423,26.3784807589758,21.8122503949917,22.7658829839091,33.6459727598223,32456.5994576132,23018.3810836674,-995.216513823707,0
3625,15741,5.98330023746847,4804.45578804421,24.7914358238969,11.8134524800039,12.0937148993765,18.1574491814371,36257.0981959277,26860.4942654733,527.751950634444,0
3626,15742,6.01778005329144,4916.25976404421,24.7914358238969,11.6355393100778,11.9065961863858,17.8826180042751,36246.8314409465,26863.9580855594,512.186078553027,0
3626,15743,5.63763717118926,2896.86893797363,26.002344346168,16.8272860275266,17.4176301072189,25.9164620592472,32889.4710891927,17927.7599922847,-698.173440649421,0
3627,15744,6.04106111043637,2916.32099004421,24.7914358238969,16.5872923429549,17.1492434569968,25.5413356606926,36260.951779797,26879.0954226053,524.598249669067,0
3627,15745,5.38472655757245,3088.84755397364,26.002344346168,16.0859049204786,16.6274158022694,24.7683412438147,32871.6556508702,17935.6294915201,-707.270090071009,0
3627,15746,6.248150673757,2526.68214525738,24.9200387461411,18.376368651983,19.0601857717146,28.3130525974844,32232.8778690624,15027.4359967513,215.081302620849,0
3627,15747,5.95506443591581,1965.23134594639,26.3687689190812,22.3477813369829,23.3425576968976,34.4769399128999,32591.86042408,22650.1826983932,-1057.53473623932,0
3628,15748,6.0042843380973,3534.98837325738,24.9200387461411,14.5331109268641,14.9673335102625,22.3622657357961,32205.9929159431,15006.2043159742,241.401770706158,0
3628,15749,5.48533013642403,2247.41030197363,26.002344346168,20.1830149950918,21.0092591176846,31.1173374830418,32870.2187814669,17953.777951595,-656.82987488938,0
3628,15750,6.06622374776162,1438.55174781278,26.3685626599049,28.3023686107628,29.7829486122705,43.7244702702616,32562.9219837367,22646.2774420158,-964.660325989846,0
3629,15751,5.84225026468877,4080.61644525738,24.9200387461411,13.1837653905145,13.5392930956534,20.2754347897064,32181.1520338276,14995.4925442909,211.550294852149,0
3629,15752,6.35597125669353,2605.66878220497,25.557045576891,18.0743468422416,18.7446347348414,27.8470869866225,35922.3720809254,21979.5548212411,550.557879661118,0
3629,15753,5.74588084224982,2838.03749197363,26.002344346168,17.0727693804645,17.6795639295897,26.2967010689438,32905.0910127832,17954.4534402775,-651.902490287631,0
3629,15754,6.09518581409894,1859.92503994639,26.3687689190812,23.2832565720449,24.3511999271232,35.9288513227661,32581.5119023119,22615.8646978302,-1030.24057515234,0
3630,15755,5.94694170709054,3628.71998876701,24.9693995221153,14.280604726253,14.7001401695904,21.9717635039769,32173.9998435767,15002.4368432245,209.352836502685,0
3630,15756,6.24672424869645,2700.83136729268,25.6074486409974,17.6263534210616,18.2664332870824,27.1531198906546,35903.8147127156,21979.8881593552,563.814288988715,0
3631,15757,7.20991465477836,5409.62045662185,25.3804347422962,10.9679604681956,11.2089724039732,16.8526161729557,32779.1005141951,15768.6812689479,1004.71069967845,0
3631,15758,6.17143508870103,2391.43214529268,25.6074486409974,19.2289684957651,19.9810724373037,29.6367550793008,35909.3745058989,21976.9221231144,603.343147892735,0
3631,15759,3.01540691880191,1547.64298764705,26.4479993582103,26.776745985502,28.1299855823655,41.3543419616038,32037.9249779647,22615.3158260936,818.121748059714,0
3631,15760,5.55886862360125,3197.45956646408,26.0725649609975,15.7108785541333,16.2288484244189,24.1878861702353,32916.0332404106,17906.6240219744,-671.888118794999,0
3632,15761,7.10094377399007,5713.11671062185,25.3804347422962,10.5846518275462,10.806894249969,16.2607917259928,32793.6981799481,15795.4019996943,988.85761169338,0
3632,15762,6.21495048513129,1882.25710329268,25.6074486409974,22.9118474118709,23.9395025098267,35.3492968147139,35896.8602192284,21993.905204935,581.781036521524,0
3632,15763,8.36036063533426,3574.94593752504,25.1500695638662,14.4461934480163,14.8772041396473,22.2283553754511,22188.461327921,24025.3694135674,-1306.55627690472,0
3633,15764,7.11045005936443,4384.86080662185,25.3804347422962,12.6020241568856,12.9286047807145,19.3771132867076,32802.686254918,15775.2265116024,980.894696290287,0
3633,15765,5.83901817510665,5629.47998635435,26.0767756119954,10.7306383205861,10.9639627626499,16.4872802073966,32596.6098125758,31120.2154966272,250.723011797394,0
3633,15766,6.08897097216923,1943.04886329268,25.6074486409974,22.3779632329001,23.3642706974911,34.5207928096054,35907.4269730731,21941.9760763841,589.376040352202,0
3633,15767,9.35405671022465,3606.41734720298,22.8066587662528,14.1094904077649,14.4997956419668,21.7018212288555,20842.8461155623,16960.1029191437,-1188.67758077435,0
3633,15768,8.30400494371284,3395.21377752504,25.1500695638662,14.966967179387,15.4296603957054,23.0341176555655,22176.8747372945,24000.2067753278,-1402.03334991516,0
3634,15769,5.8892957353708,4562.28842970298,26.104391745948,12.33052358737,12.6473055396461,18.9588868218109,32606.39528244,31112.1412245149,272.811506345706,0
3634,15770,7.28257536987478,2555.51340262185,25.3804347422962,18.2996031946911,18.9834811347087,28.1955814315494,32816.3557980663,15807.6471721751,1001.6224250355,0
3634,15771,6.08021975605193,2448.78784929268,25.6074486409974,18.9037628224517,19.6327120960631,29.1326540089425,35902.459735045,21996.6489112448,551.243680544697,0
3634,15772,8.20092164967278,3491.8634098326,25.1034616134081,14.6758361454927,15.1203143884645,22.5835293175543,22162.5836109874,24020.4390687103,-1425.96034582896,0
3634,15773,9.50534268868919,3834.14414903236,22.8576300072215,13.5445966285552,13.9034197502122,20.8285861369869,20841.0094887256,16977.341065786,-1111.77899762071,0
3635,15774,5.98715950633339,4341.55368835435,26.0767756119954,12.7448529678234,13.0843630828322,19.599274408891,32596.9257673565,31113.5387964749,252.823256758976,0
3635,15775,7.28122335941001,4483.62539062185,25.3804347422962,12.4158395331779,12.7322362135496,19.0893541290327,32809.0621516152,15803.2603696912,1000.18860457089,0
3635,15776,5.70358314463535,2305.67929887111,25.9642133340538,19.8044938788111,20.6025379178161,30.5302459040361,25199.8601630429,25845.4755731319,-121.614158274062,0
3635,15777,9.02143243892099,3734.74456752504,25.1500695638662,14.0213034129455,14.4270079890261,21.5710972604484,22259.5874153942,24034.7285650107,-1195.13077369629,0
3636,15778,5.90793667050338,5913.74754235434,26.0767756119954,10.3919740209769,10.6087999940465,15.9644094064071,32597.7075447569,31114.3585799312,258.877540140351,0
3636,15779,7.15042955535352,5043.87872662185,25.3804347422962,11.4834822150842,11.7505396939807,17.6487958041199,32780.1836602739,15810.6935324857,1008.73631221781,0
3636,15780,5.36327811829518,4377.52243047891,26.4705129643341,12.7071136222289,13.0473060800291,19.5417034787059,30062.4379243104,31294.5728076804,-511.805460262116,0
3636,15781,6.28736266212721,3605.07702892197,25.2566843780531,14.3746649940417,14.8023012057959,22.1179528043525,22301.7733280435,24605.9784579122,652.765024811808,0
3636,15782,5.39925316519949,2084.11976487111,25.9642133340538,21.3205387285387,22.2311330534783,32.8815482602074,25209.8395882482,25839.0673265834,-127.70064054088,0
3637,15783,5.98602268034631,6711.40930170298,26.104391745948,9.57906769967769,9.75814930772273,14.7098557951538,32576.8876279323,31103.9635001162,261.148837612254,0
3637,15784,5.23909994215763,4620.82162647891,26.4705129643341,12.2546096852678,12.569721488782,18.8422421158797,30083.648296735,31296.9728694535,-473.044993466288,0
3637,15785,6.05998631054119,2983.95786310684,25.2119037875006,16.3781980208454,16.9308687171781,25.2187644043576,22288.5341064827,24637.8227093162,615.786600438201,0
3637,15786,8.43094694643267,3720.82485933696,19.2944963707165,13.434535094531,13.754493035386,20.6494182842292,37604.8012902581,10643.4366152801,-1457.77231334289,0
3637,15787,5.6320586772928,6364.45556498154,26.5864296424073,9.93770646024614,10.1356384852771,15.2639494921855,31604.4793469058,28930.7060053551,-734.454722531541,0
3638,15788,6.78970789166477,4051.29241653497,26.0094886478467,13.3477860577989,13.7210658192988,20.5313580529983,34707.3407524475,24532.7363463909,825.879831329953,0
3638,15789,5.40429773967246,4762.91135247891,26.4705129643341,12.0094814613363,12.3112762846356,18.4634071272917,30077.4018020158,31307.244006267,-439.116853569807,0
3638,15790,6.1202288729314,3236.48595310684,25.2119037875006,15.4774858770279,15.9725130040577,23.8243636320127,22264.7051873137,24623.1389648496,646.427533884268,0
3638,15791,8.32233738750144,5087.8502049309,25.0032854070735,11.3911593303677,11.6510970098497,17.5055331161675,23766.5976838781,21029.5006853819,-1365.70233895555,0
3638,15792,5.98589172052895,4134.30122370298,26.104391745948,13.1743647786632,13.538392305534,20.2633906335292,32588.2537706748,31111.2173722307,236.377107868702,0
3638,15793,5.65760469190147,2297.64548669691,25.817654904814,19.8293897055934,20.6274202755699,30.568344527587,24339.6767653765,25773.8744841353,-63.8710557785716,0
3639,15794,6.75046632122744,3993.51821853497,26.0094886478467,13.4783464610295,13.8591850052443,20.7332610550414,34712.5874043378,24530.0896707538,841.098564334919,0
3639,15795,6.07556622204774,3619.63352458433,25.2950710906412,14.3391051337171,14.7649379439285,22.0630322903643,35022.1475780749,29421.9123747985,170.790084733217,0
3639,15796,6.39465024408843,3840.81331510684,25.2119037875006,13.7629367171375,14.154003300563,21.171638813063,22275.3016416083,24595.3123638189,659.958839174321,0
3639,15797,8.65515397890772,6019.4619009309,25.0032854070735,10.2101119506078,10.412467690891,15.6820772410123,23790.3864159883,21022.0057713817,-1281.30526878413,0
3639,15798,5.63773279124916,2138.19927269691,25.817654904814,20.8960988855256,21.7728370045029,32.2226167983955,24375.8660192117,25766.9590352834,-15.950967627459,0
3640,15799,5.70063065536723,3904.12903951226,25.2659106011745,13.6163315724821,13.9993166572357,20.9450356817546,35079.5547078081,29408.3757747503,199.1119088519,0
3640,15800,6.58930999387046,4001.3222236075,25.7814873756374,13.439462684007,13.8162828015382,20.6726427886803,34723.1042753872,24518.0548371199,849.690875528603,0
3640,15801,5.98190187039124,3442.38863476645,25.2230140112065,14.8335876278851,15.2887538799329,22.8279093057551,22266.7209109532,24618.4764057117,662.558898821214,0
3640,15802,6.56131970952476,3194.12094705096,26.1812519748616,15.7352069642669,16.2557578775998,24.2258312630088,34722.0253703341,24520.5718715543,853.032957620724,0
3640,15803,8.75955914959998,6539.31300824714,24.9974269546798,9.68072194145024,9.85887363800799,14.8651755423233,23785.2758665311,20975.5487093653,-1339.85839808365,0
3640,15804,5.59443171940327,2316.07883848326,25.757967628602,19.7046379204663,20.4928572686992,30.3747103643873,24359.8766614087,25760.7268378421,-9.56371201964625,0
3641,15805,5.88753694627855,4424.86773151226,25.2659106011745,12.5161876777115,12.8372392657345,19.2442180259149,35057.3008465456,29398.6453609756,173.688337592128,0
3641,15806,6.46817602007118,4091.03185794862,25.8429735033975,13.2449143449383,13.6110122990622,20.3719357511897,34716.6172544126,24520.6609932799,852.660005448773,0
3641,15807,6.06800327682132,3504.01738276645,25.2230140112065,14.6538455418856,15.0980485012256,22.5497972937169,22276.2193386615,24614.1130709787,635.764586881538,0
3641,15808,8.38464052913874,7239.80588624714,24.9974269546798,9.07378544794474,9.22554764150882,13.9289850506057,23769.0060229527,21006.4309969779,-1326.78060359079,0
3641,15809,5.66369060386207,2730.18966448326,25.757967628602,17.5131466365805,18.1471531411991,26.9781860315376,24340.2318547229,25791.1187534795,-56.3669757924523,0
3641,15810,5.86377426947965,5489.34069691164,25.0525025142967,10.8421958711141,11.0750530235118,16.6578855375636,24842.3864186433,20999.105509374,1023.54295617012,0
3642,15811,5.97075877218984,4258.87979551226,25.2659106011745,12.8407147178241,13.1796583156075,19.7458320315016,35064.4172582192,29388.6931155417,213.343827389331,0
3642,15812,6.57260713037767,4396.24613994862,25.8429735033975,12.6187685545965,12.9495894774055,19.4039095394243,34711.7552962319,24519.7174924748,878.932253918252,0
3642,15813,6.17893396766458,3431.28753076645,25.2230140112065,14.8665838288301,15.3237719578665,22.8789663416999,22264.423834315,24617.6833723652,665.978629402799,0
3642,15814,8.58174732675741,6347.86301624714,24.9974269546798,9.86674646200809,10.0532720611827,15.1521939564073,23765.6566134739,21035.8963085894,-1315.71454524665,0
3642,15815,5.57524465375644,2851.22253448326,25.757967628602,16.9838845323209,17.5821651304708,26.158319286614,24359.5570281265,25781.6381350256,-17.7017040309313,0
3643,15816,5.43718029137625,4853.54847340945,25.5839646374639,11.7940025531454,12.078518358644,18.1288556662942,35239.0062192752,24362.6867448026,-113.396023069108,0
3643,15817,5.76630665472411,4340.35396951226,25.2659106011745,12.6786564872027,13.0086250336472,19.4953312887079,35060.3990670341,29390.31667745,206.57206368284,0
3643,15818,6.44882128474594,4400.01303676645,25.2230140112065,12.5597957861074,12.8829231752026,19.311531532132,22254.5533338618,24604.4044005679,620.621651136363,0
3643,15819,5.45047473135994,2750.69587048326,25.757967628602,17.4204754261475,18.0481815875198,26.8346189593768,24361.3481389639,25763.5590834089,31.4510134080239,0
3643,15820,11.0083516184506,5077.08837873789,25.1727914604999,11.419150385142,11.6815922961032,17.5490638851214,22774.438890275,23390.1815123508,142.670902665181,0
3644,15821,5.83336189590979,4189.10642127353,25.9567227593143,13.0447991951333,13.4003396280696,20.0627540771465,31784.3331427934,32914.0247368282,165.314973976116,0
3644,15822,6.24050878069624,6474.61605273789,25.1727914604999,9.75208359948666,9.93433050285733,14.9755241769565,22698.999846855,23025.3563942418,353.13988516081,0
3644,15823,6.86032265160594,5404.06824676645,25.2230140112065,10.9648498671844,11.2047644106382,16.8475523793295,22266.932111573,24526.2443345017,567.700311573978,0
3644,15824,9.50893594419509,4753.36669225206,23.6398608644245,11.8072767994413,12.0793044077674,18.1457241785377,33453.2548349355,36076.1946527795,-1054.37843118831,0
3644,15825,5.68760085591946,2559.51971578255,25.7871631333856,18.3415962470145,19.0330809204246,28.2619468061563,24345.1086352781,25796.8151969913,-13.5739861278431,0
3645,15826,6.13273210606126,6196.74827794645,25.1485491937432,10.0293026315359,10.224058273531,15.4032550288181,22699.2282337322,23010.4521525788,366.562398296207,0
3645,15827,6.48854678873405,5353.36439476645,25.2230140112065,11.0326157428587,11.2758933149616,16.9521944156136,22283.7390803287,24577.6587220997,585.387000640839,0
3645,15828,5.41331014011011,2832.99716733995,26.2036158251315,17.1215769679173,17.7337563717071,26.372883460512,33167.5492490906,28621.9674688173,-436.456563921777,0
3645,15829,9.27522804507672,5727.09375743149,23.4863510829968,10.4481123008761,10.6528757454801,16.0469919762806,33485.7683585722,36080.8826592597,-1037.4776355624,0
3645,15830,5.77936629482517,3442.26821848326,25.757967628602,14.8927883858801,15.3563705232686,22.9208332846253,24351.2435140708,25759.0707955153,-19.5786030887107,0
3646,15831,5.29601264638506,3833.52589194862,25.8429735033975,13.8421620813647,14.24298692845,21.2955806748064,34598.2262027042,24414.3380194728,-373.496815685606,0
3646,15832,6.28272625116145,5460.75494335906,25.6500040199426,10.9184287576644,11.1585807535687,16.7765722544867,24247.1220507635,24306.1333114706,28.4532086422005,0
3646,15833,6.27929324251701,4213.36471276645,25.2230140112065,12.9299060263222,13.2735013841691,19.8836196502562,22275.258872081,24607.6187004056,616.500279989055,0
3646,15834,8.89552575400652,5012.57413133284,25.7481890993465,11.557194878274,11.8303976019077,17.7633069251308,24304.6245092356,25497.5505890185,-84.5106600390531,0
3646,15835,9.58782070243807,5333.77547543149,23.4863510829968,10.9400929885624,11.1680834915909,16.8063682935724,33461.5763686092,36067.7644496601,-1035.61242066777,0
3646,15836,9.74220401134105,2722.59230953791,24.253802482443,17.3306406600991,17.9357205505969,26.6908960770987,29514.1872823657,14846.2306250535,-1200.37126626405,0
3647,15837,5.32904668178201,4039.43822737803,25.8479814866656,13.3595550570734,13.7322770459434,20.5492164860625,34611.7870790187,24407.6545494784,-405.782383909978,0
3647,15838,6.54485271277938,4652.21073676645,25.2230140112065,12.1019637563784,12.400359205716,18.6040105429796,22282.7295966638,24619.5026382322,623.764752174008,0
3647,15839,8.52911974638414,5693.08636077574,25.4546847374346,10.61349340069,10.837553679259,16.3054349259268,23366.1693596036,24200.1242194661,1260.33794405907,0
3647,15840,7.12759928908232,4454.38717719943,25.7185171583134,12.4980088727501,12.8212867009608,19.2170099167009,24203.8550149848,25654.4161573284,-210.169393885421,0
3647,15841,9.62573827213706,4775.43840143149,23.4863510829968,11.7593078009146,12.0278153622676,18.0713374093552,33440.7715845944,36084.5043672615,-1035.33280896479,0
3647,15842,5.83771222128745,1288.07376620323,25.8838946575528,30.682156012314,32.3589896716394,47.4209554511604,30585.211615992,20890.5271598873,331.581033092581,0
3648,15843,5.98810609867955,2588.77514420323,25.8838946575528,18.207820992222,18.8910725138847,28.054938126439,30609.6798127945,20893.843660278,321.962040172382,0
3648,15844,6.52045233222821,3691.59079876645,25.2230140112065,14.1402293588273,14.553583695028,21.7552188071222,22285.5588496247,24633.1047632522,589.898011310124,0
3648,15845,6.06823413564863,3253.13095648326,25.757967628602,15.4866113587095,15.9873476100205,23.839902530044,24315.4273237752,25758.305046006,-56.4500966735564,0
3648,15846,9.30993265875997,5475.35860343149,23.4863510829968,10.7558624098098,10.9750555861419,16.5219795728586,33458.1153729017,36098.0996884572,-1022.99279126329,0
3648,15847,5.34790006818984,1165.50777337803,25.8479814866656,33.1805372222711,35.0772913190585,51.3055555348035,34604.4564252068,24391.0182087824,-376.164973244948,0
3649,15848,5.42907325222948,2526.55650473217,25.8703427859539,18.5254871868234,19.230816770568,28.5472028175947,34435.3887696415,18488.298463662,-142.070877984598,0
3649,15849,6.11567250854127,2221.27133420323,25.8838946575528,20.3344993875055,21.1703958298947,31.3518416195001,30609.2543869665,20880.3224224361,317.511638098032,0
3649,15850,9.22493328250388,5353.44469343149,23.4863510829968,10.913987906677,11.1407246817347,16.7660690527659,33446.5675677376,36093.861880967,-1093.65315410572,0
3649,15851,6.62819695811787,3359.49631626644,25.1523195326699,15.0766968731149,15.5461777051209,23.2039266506173,22143.5979504099,24357.4923409481,976.134442522269,0
3649,15852,5.36099833070488,2104.62923848326,25.757967628602,21.1283661382164,22.0217064677673,32.582674113769,24357.9408866804,25787.1480273909,-20.7504470264717,0
3650,15853,5.50729793969129,4467.78057787407,26.0078158234928,12.4965540368246,12.8217845290933,19.2153218719585,34437.6017696844,18482.2136081443,-107.071827562545,0
3650,15854,6.81974859953459,4005.21837970155,25.2489026566112,13.3812125095125,13.7505267219029,20.5814233513079,22090.7509136177,24260.8300420616,1002.5876047053,0
3650,15855,7.45696347378385,3564.72757439027,26.4844029396469,14.6149748526814,15.0677033301156,22.4926550862778,28437.4279807275,25286.7638011814,1184.75451210383,0
3650,15856,5.94712376428923,1654.03680435353,26.0669291525427,25.3581494105941,26.5880180241938,39.1491261320554,30602.1024839341,20890.769306793,351.916786642309,0
3650,15857,9.47791682404403,4833.16492657859,23.521749421093,11.669647031834,11.9338565422767,17.9329280111564,33468.0498785732,36113.3478071064,-1068.0586686341,0
3650,15858,5.6137912171168,2457.50950104844,25.8253747693106,18.8905109412725,19.6211084793849,29.1128265836948,24347.1754119576,25784.7634973863,-48.2526277542689,0
3651,15859,5.53111299552662,5752.44702787407,26.0078158234928,10.5762964302134,10.8016669158241,16.2488685108205,34428.5528802596,18493.4565408716,-101.306360500727,0
3651,15860,7.45705789067751,3668.32595058761,26.5133196261464,14.3327657397902,14.7684538951461,22.0560452018,28439.2300043464,25408.1269524123,1188.91301475097,0
3651,15861,5.13803775194511,4005.63183138385,25.6336731820724,13.4159986203568,13.7903165648256,20.6360419184105,32299.5278664731,15776.5197510194,-275.82231960645,0
3651,15862,6.12575955690382,2366.09333235353,26.0669291525427,19.4541172126843,20.2279919373976,29.9873406127227,30619.4405214516,20931.0169038373,295.0293783292,0
3651,15863,9.99233243689741,4085.95490257859,23.521749421093,13.0428247960649,13.3794471815218,20.0545157357761,33451.7435786844,36083.594631505,-1096.29517295483,0
3651,15864,5.43129228539487,1609.28105398389,25.8541022218518,25.8365131385761,27.1020446458629,39.8910978500426,24349.533203186,25788.5178142114,-48.2031171888888,0
3652,15865,5.66876054855287,3287.78194889228,26.4180777240162,15.4489997091352,15.9534199679665,23.7833532658452,32858.9376397359,24178.4522525539,-151.780399798347,0
3652,15866,7.44612567618353,3140.34070458761,26.5133196261464,15.9627990581455,16.5011899450212,24.5790705543251,28462.9484054994,25412.1790297641,1231.90482459877,0
3652,15867,5.15554984011637,3193.11471738385,25.6336731820724,15.6735029039902,16.1849399465407,24.1288840670626,32303.873024581,15785.6047036235,-314.334625414529,0
3652,15868,5.77926942164268,1893.41402833621,26.0799916154861,22.9132890012599,23.9479717515661,35.3534447662566,30707.6756547936,21024.5663403533,167.19176094535,0
3652,15869,5.58715265531036,1766.79616704844,25.8253747693106,24.0712111694596,25.1934948108593,37.1497911682822,24369.1251982746,25766.8133565414,-58.0679222589762,0
3652,15870,9.77053618833385,3761.33741062067,23.8134363243842,13.8186343241055,14.2012087879527,21.2545420460773,33417.9084869306,36021.3480781927,-1080.77734828269,0
3653,15871,5.64514248219214,4524.56387489228,26.4180777240162,12.4242581083788,12.7483391633753,19.1043579699441,32852.9771299604,24202.8601733075,-114.458655316803,0
3653,15872,6.19282866785174,6151.4646882837,25.4091655510509,10.0917891926587,10.2908244241354,15.500071354355,33580.3895204734,15050.6018406591,444.442826696836,0
3653,15873,7.26213018356476,4167.87563058761,26.5133196261464,13.1384333082426,13.5034320926372,20.2086661151351,28452.3724230627,25432.4423299435,1242.51225664257,0
3653,15874,9.4238987357103,4039.81043257859,23.521749421093,13.1423209995207,13.4844149389517,20.2083009230801,33481.3897868165,36082.7888765416,-1091.21255348898,0
3653,15875,5.36697075385408,2081.58457198389,25.8541022218518,21.3183377928693,22.2272778752215,32.8777232740838,24329.3995613196,25758.482908558,-48.9460745243732,0
3654,15876,5.57832796991638,4596.19242689228,26.4180777240162,12.2943581618683,12.6112935424639,18.9035789934422,32860.881978365,24208.2597866963,-125.227004498802,0
3654,15877,7.36014642371718,3460.95116058761,26.5133196261464,14.9191426587815,15.3909834126906,22.9634429067938,28450.3704533413,25407.5121954858,1189.22406179992,0
3654,15878,9.56349501161428,4426.89535657859,23.521749421093,12.3652623167259,12.6654183103217,19.0074664096239,33473.2245867257,36087.1757934636,-1116.7899144907,0
3654,15879,5.57329670798923,2112.48704998389,25.8541022218518,21.089027319825,21.9807036567079,32.5220083769805,24354.9687661985,25796.0954287351,-13.7032520383074,0
3654,15880,6.01239335179583,4359.8918742837,25.4091655510509,12.6527101611967,12.9822901601855,19.4555140045598,33590.7533305223,15060.0795853729,457.906996263041,0
3655,15881,5.6168973157973,4173.40335689228,26.4180777240162,13.1183423011838,13.4814871685688,20.1774062850883,32878.7778803403,24204.8753603066,-132.987528600962,0
3655,15882,5.46274873314176,1433.88801598389,25.8541022218518,28.2218360612246,29.6864192521993,43.596784293,24344.3961956304,25774.9184432486,-39.9220048774482,0
3656,15883,5.53859809667591,4316.44020089228,26.4180777240162,12.8234405154286,13.1698085651974,19.7214414690551,32865.4366054427,24215.9711479109,-136.886562108087,0
3656,15884,5.17817865482611,6463.46598305177,25.5074983858309,9.78109274979587,9.96635662417593,15.020755907044,34882.7222474635,16396.9583145019,-406.864025222298,0
3656,15885,5.44392825638988,1840.30741403069,25.5186513144076,23.2796398945355,24.3346961848474,35.9197544973469,27631.6024272258,20897.9289977757,-183.483240365266,0
3656,15886,5.51019024102856,1794.85010398389,25.8541022218518,23.7952593679665,24.896043409464,36.7215195031832,24338.5744074092,25764.8005776641,-19.8761877659355,0
3657,15887,5.54883363383305,4214.04132689228,26.4180777240162,13.0327362876457,13.3909841593444,20.0450384728995,32867.6078602472,24207.9059620046,-148.835654952563,0
3657,15888,5.18198381051978,7244.72820305177,25.5074983858309,9.09438799685381,9.24937661787712,13.9614095048563,34893.4756549219,16388.5283726383,-433.597359665126,0
3657,15889,5.53054277217994,3300.16950118128,25.61391642723,15.3165990095128,15.8052788252681,23.5763808724238,35574.0051168357,20146.3526166805,-203.60235692526,0
3657,15890,5.60905688698313,2067.48793198389,25.8541022218518,21.425060797994,22.3420658450263,33.0432844133578,24365.0586416756,25775.7058184135,-0.213469898047705,0
3657,15891,5.44441179523186,1803.54602003069,25.5186513144076,23.6327523729739,24.715565466037,36.4678443222819,27665.4817817683,20900.5972397672,-197.357811919176,0
3658,15892,5.60791195817186,5197.85464289228,26.4180777240162,11.330117689991,11.5957120412528,17.4136728145748,32868.7187970605,24189.8987481289,-139.881542375923,0
3658,15893,5.68754994711653,3702.1918972467,25.6140547470314,14.1522769347876,14.5696308704932,21.7747594276434,35563.8782235688,20151.3822690329,-150.948980798998,0
3658,15894,5.33565495890531,7995.22010105177,25.5074983858309,8.54588924999812,8.67805477715064,13.1156400362225,34896.6468276475,16390.585649446,-417.923701307057,0
3658,15895,5.38616172905515,3236.24921603069,25.5186513144076,15.5145081665857,16.0147681570638,23.8824669162323,27650.5157928776,20851.5865823374,-241.010930044797,0
3658,15896,5.76876599815186,2434.36017504844,25.8253747693106,19.0195845640315,19.7593643793412,29.3129013506909,24342.3954235456,25794.0853859598,-77.7712748521884,0
3659,15897,5.15213284624037,6916.78308905177,25.5074983858309,9.36618654906812,9.53293706506731,14.3806393921253,34910.9560079476,16389.5606228661,-404.123824540393,0
3659,15898,5.63791180137686,5110.9748572467,25.6140547470314,11.4005315602002,11.6648043435119,17.5210739363011,35570.958558556,20144.4051575594,-151.30421601492,0
3659,15899,5.29693390693322,3131.60369003069,25.5186513144076,15.8731457408527,16.3962371021761,24.43764384213,27696.4005313629,20884.3902166989,-286.30946291345,0
3659,15900,5.62104761959086,1910.99320198389,25.8541022218518,22.7081977570115,23.7236198975017,35.0342420826969,24359.8333096524,25776.5280243435,-53.8734234434088,0
3659,15901,5.57173841707759,3217.55327686576,26.1748835865542,15.6545161048396,16.169830255936,24.1008929756787,33656.1919595914,21564.9676820985,-599.238766597304,0
3659,15902,8.18934100118822,6455.98718474387,26.1401611191551,9.82261982181934,10.0129725507875,15.0857186832526,33844.4323107579,18559.3240348098,343.689650491472,0
3660,15903,5.34775889525206,4484.28433356935,25.5869618277069,12.4315049999442,12.7502131218446,19.1139672451082,35558.4067595664,20131.5781442554,-154.430412326477,0
3660,15904,5.18204817054754,1723.81257793367,25.7156349213962,24.4945071397137,25.6489223098798,37.8065044917848,27660.8262292195,20880.542184881,-230.790613386495,0
3660,15905,5.66064196873279,1697.29027738715,25.9682576911656,24.8438258610596,26.0303560724108,38.3499974842894,24349.8398303843,25782.2561094232,-55.1204760420985,0
3660,15906,5.42405701444863,5265.31935948523,25.6604406380643,11.1829185041813,11.436391851933,17.1850430687735,34881.0338691358,16414.4457014785,-453.95293988866,0
3661,15907,5.72294690609678,6538.31896356935,25.5869618277069,9.71339202997476,9.89598873115483,14.9164053054954,35534.7845425755,20166.4255176733,-120.370647575913,0
3661,15908,5.61700605569187,1737.09125938715,25.9682576911656,24.4136532022742,25.5655347374854,37.6820622186238,24341.1625044179,25766.9266833952,-35.4891972859796,0
3661,15909,5.35808560423005,1195.16655193367,25.7156349213962,32.4796317539768,34.3112726586473,50.2147986391509,27645.9200119037,20891.8111109598,-235.051570526995,0
3662,15910,6.84893200956755,6922.90601826943,25.7461292851146,9.37289755486175,9.5410786817166,14.3913061762992,35223.4140665591,20256.4590631792,308.041426480369,0
3662,15911,5.80031667528665,1467.11685753713,25.9978075497285,27.7698260457602,29.1987285933838,42.8951324225066,24347.666228484,25792.4872081429,-14.2854352086481,0
3662,15912,5.60999170384168,1290.49507993367,25.7156349213962,30.5809697864764,32.2457294788295,47.262746681034,27669.3282963518,20902.6678227301,-174.168358067593,0
3663,15913,5.62014842778914,7149.16505777697,25.890818289576,9.18991499900874,9.35077521705475,14.1092341841086,34910.931675469,20448.4518761907,-350.261689776893,0
3663,15914,8.3469113942295,4281.3651634956,26.217898403779,12.8770958328504,13.225054268499,19.8039980303203,29014.4046696523,34238.9205280778,-1353.46804409209,0
3663,15915,5.66766081031793,1803.34374753713,25.9978075497285,23.7440115235595,24.8429078898,36.6425659398175,24340.5094824523,25817.7472459278,2.27377138030738,0
3664,15916,5.62332242821892,3984.73606222076,25.8212464804682,13.4810341776006,13.8605690974788,20.737015245205,35102.5551504579,20425.1036161943,-309.288262070853,0
3664,15917,5.48175236990439,6052.10142553065,26.3001313730139,10.2502230896034,10.4614520725744,15.7459186105652,32064.8112182471,18215.0310234728,-460.425902929798,0
3664,15918,8.48036442803265,4266.0350674956,26.217898403779,12.9082461308948,13.2579647445145,19.8521580467921,29023.8724364384,34219.616328811,-1428.78392370128,0
3665,15919,5.43404370156549,3953.04599082463,25.8224760558367,13.5543470067752,13.9381478630827,20.8503945779289,35115.5987010774,20454.4028919645,-272.163679296638,0
3665,15920,5.38988939139075,6219.583906785,26.2822672385481,10.069691952657,10.2722689452494,15.4672317462286,32214.3537479359,18023.1635047598,-593.317308876971,0
3665,15921,8.48217635271131,3612.8980894956,26.217898403779,14.4531422378966,14.8937059322092,22.2416222391549,28994.9154265263,34237.714918688,-1346.62021123271,0
3665,15922,7.52345968820407,1143.49721727995,9.81622530842838,26.541602703177,27.4464954732462,40.8706879531601,42126.7581816363,30939.5353012268,868.329118454874,0
3666,15923,5.40593019840643,4087.24506622076,25.8212464804682,13.2512465784878,13.6175421137699,20.381681544743,35117.9083248136,20429.015623175,-292.01761919892,0
3666,15924,5.69101786790502,5948.642080785,26.2822672385481,10.3644923212212,10.5811054385704,15.9222909759639,32245.6059927778,17934.442829001,-573.448244345629,0
3666,15925,8.18562583746824,4081.5452914956,26.217898403779,13.2995013330744,13.6715757269324,20.457127188136,29032.7760359872,34219.792708907,-1397.54793463902,0
3667,15926,5.47500668023037,4046.62912222076,25.8212464804682,13.3410438521349,13.7124947426322,20.5205351657033,35136.5744075693,20437.1512411325,-325.455630183053,0
3667,15927,8.74095461234132,3941.9445034956,26.217898403779,13.6172980539502,14.0078625118655,20.948603742691,28993.5114485693,34233.2138221436,-1385.13059310445,0
3667,15928,5.59352122107072,5626.754116785,26.2822672385481,10.7469325178802,10.9822258016075,16.5127617328324,32247.9133065539,17962.9736086595,-607.945876271744,0
3667,15929,6.07156107253381,2011.43587665755,25.4389474686931,21.7794624792174,22.7175867363327,33.591510870611,33711.9048084295,32442.0879904818,679.245805151916,0
3668,15930,5.32348160399288,4003.85463022076,25.8212464804682,13.4373773323813,13.8143850750905,20.6695029213149,35109.3580663163,20434.6811318481,-270.793016135183,0
3668,15931,5.57410381478861,5954.038450785,26.2822672385481,10.3583913601584,10.5747107594485,15.9128725343126,32236.3855220981,17961.4679183353,-602.181810367571,0
3668,15932,8.52655987074964,3260.6582974956,26.217898403779,15.5151783900131,16.0219867255591,23.8852963144674,29015.2673870563,34223.0382339792,-1428.3245812708,0
3668,15933,6.19425562466143,3144.84978465755,25.4389474686931,15.8168423174158,16.3355584334973,24.350267379025,33741.7724773789,32435.7769710067,618.010976653407,0
3669,15934,7.05963040048251,7432.3529283485,24.3887863680702,8.89580173013814,9.03733249601234,13.6537567540591,37015.0426403138,16830.9245706463,892.893018956558,0
3669,15935,5.34717468004987,4530.78262822076,25.8212464804682,12.365055289882,12.6817724238172,19.0117187167158,35117.0543292507,20428.2563599165,-296.756737245317,0
3669,15936,8.66044714835934,3820.7794774956,26.217898403779,13.9099860750359,14.3178364857448,21.4013197689872,29042.3682180998,34217.3602082428,-1397.04269476167,0
3670,15937,7.15081829175435,10595.2344182406,24.3902278427519,7.14248660303259,7.21853496453036,10.952252354056,37153.8229058277,17092.341139525,528.952074374661,0
3670,15938,5.3974897603248,8081.76567799932,25.8885406850456,8.50443289502136,8.63650011599593,13.0521660730212,35127.2531439998,20423.3797401188,-252.896259167449,0
3670,15939,4.74872782664187,8516.93726030226,25.4177067836171,8.21069372163031,8.32917743068199,12.5988503546303,36676.979080483,17378.7344524648,-394.066136402839,0
3670,15940,5.56872421615345,3814.55202467237,26.4948984181146,13.952287343922,14.3648705884489,21.4673650480938,32199.4181172251,18160.7486073169,-444.086482701012,0
3671,15941,6.84996326154982,8143.78596018481,24.4913095819903,8.4046995672731,8.52697192257538,12.8968155941272,37042.3426352793,16844.5435611602,861.771338872919,0
3671,15942,5.46494911512671,6395.45511799932,25.8885406850456,9.86863839085638,10.0598402484862,15.1563828540133,35152.41650128,20433.04752798,-288.788440791569,0
3671,15943,5.32427966837618,4284.93947221857,26.5081885863219,12.8945133564295,13.2455482526972,19.8315032734056,32168.1929434271,18463.0722730077,-508.637396056877,0
3671,15944,5.60498923090128,2081.48202338704,26.3285089952182,21.4105711681821,22.3328782700094,33.0225720703227,24925.7145257322,24549.6549423524,-132.373737296914,0
3672,15945,5.89748355197123,3758.048653469,26.7370529784276,14.1191826622875,14.5437343982418,21.7260924658871,28760.360317299,31623.5873384285,562.782630380778,0
3672,15946,5.45487755114458,3406.98255372676,26.5227153528821,15.083342496189,15.5655524249095,23.2176039172712,32152.4389474774,18435.2616943629,-552.171396252575,0
3672,15947,5.79706587927453,3457.89187617919,26.3099697975016,14.9063077494141,15.3755809410975,22.9430920733771,24734.4855415875,24540.1176877772,-168.917632154827,0
3672,15948,7.09229458965304,3365.70780618481,24.4913095819903,14.9821867879556,15.4397396786564,23.0559949212044,37029.2297575355,16835.7645033081,881.097722143544,0
3673,15949,5.37119828696676,3552.86075172676,26.5227153528821,14.6526015753228,15.1079746289512,22.550970570908,32155.1636031436,18448.020743882,-506.876301462869,0
3673,15950,8.81067216247251,4072.17221861398,26.605720434787,13.3550727320435,13.7332826072921,20.5438689697658,28026.5090620509,32856.494033861,-1296.90204957002,0
3673,15951,5.56035548851926,2559.16499817919,26.3099697975016,18.423166985105,19.1263157640195,28.3900031159576,24733.3487948426,24530.5692306031,-108.193075814086,0
3673,15952,5.71417806806067,3670.8310183038,25.8503246943529,14.258887689262,14.6846041755965,21.9402290862452,35206.7518997423,25542.1830303909,-144.985182833694,0
3673,15953,5.16107495185052,3081.44597330592,26.2042751066722,16.1378684989264,16.68471732677,24.8493407954964,34263.3899781731,20881.1433802831,-414.210309919884,0
3674,15954,8.67945612747635,6070.35461713296,26.5882625751333,10.2467928673525,10.4593746175715,15.7410426912538,28021.8868433841,32859.4544046773,-1323.62980417219,0
3674,15955,5.72529125842067,6328.36968921133,26.046352255688,9.94457723679641,10.1400936657159,15.2737969924279,34661.6024816001,27905.8992283036,-75.01492703369,0
3674,15956,5.52063494937855,4200.74121530592,26.2042751066722,13.0420114599934,13.3992216777568,20.0589478438777,34312.0249797948,20869.9776849178,-448.613152638948,0
3674,15957,5.45601199404868,4325.33459772676,26.5227153528821,12.8144593524039,13.1610661533054,19.7077618539024,32162.6447970865,18448.8516769737,-499.810205735929,0
3674,15958,5.52892995482865,4679.8420783038,25.8503246943529,12.103326746298,12.406061899754,18.6072939106821,35217.8288670683,25547.91819492,-138.321427709245,0
3674,15959,6.8963906548844,1992.98785688378,26.7786156416574,22.199127030554,23.1880460573163,34.2478140138054,28172.8346181739,25376.124931922,779.570415577679,0
3674,15960,5.52831881360892,1999.55041617919,26.3099697975016,22.0510583474769,23.0220972385809,34.0162637794028,24735.7231140105,24541.5752154066,-148.989665756895,0
3675,15961,5.37024691186943,4404.95858772676,26.5227153528821,12.6581466593406,12.9959600335509,19.4661048508951,32166.271118981,18468.4937764676,-517.552249576438,0
3675,15962,5.73640950450387,2386.23887217919,26.3099697975016,19.375296131386,20.1464009352876,29.8659434767582,24739.5401463375,24555.8411317506,-140.265814037472,0
3675,15963,5.45041500643105,3209.63729330592,26.2042751066722,15.6848649163311,16.2023985698216,24.1479526094027,34267.2255745796,20885.8939470072,-441.344159515895,0
3675,15964,6.32309684840133,2194.04118488378,26.7786156416574,20.6801355554039,21.5531582750077,31.8910677175471,28188.3756940066,25410.5473906482,795.544529887312,0
3675,15965,5.7589713476203,3029.24933121133,26.046352255688,16.3124245493711,16.8691516279145,25.1192164952339,34636.339321113,27903.5458261289,-60.0130335379905,0
3675,15966,9.23198016737586,4515.11507861398,26.605720434787,12.456662921199,12.7838207099341,19.1548011332857,28029.4870932083,32834.1280749287,-1274.51545969923,0
3676,15967,5.43840209504485,3922.14866772676,26.5227153528821,13.6925899612389,14.089954869087,21.0657103658498,32220.0284591572,18446.0348590355,-541.962879461506,0
3676,15968,5.44688265008494,3601.32917540534,25.1274104193032,14.3713231252577,14.7976427198542,22.1124753829829,36055.1067343386,16513.4929311696,-140.44106215322,0
3676,15969,6.46582221523733,2168.10300274912,26.7567038518167,20.8573206506477,21.7433824395499,32.1658408320228,28180.9606131141,25375.3084011803,819.490611780171,0
3677,15970,5.20361418267377,3366.6237004763,26.5325011013234,15.209561771754,15.6998141785597,23.4129954632791,32299.4381166602,18442.0867131308,-541.62516584268,0
3677,15971,6.8067005131361,2129.87846037504,26.7988684347078,21.1395704986628,22.0475039646248,32.6038492936422,28186.0097105742,25388.3783798412,821.769615070402,0
3677,15972,5.52624924870728,2854.77993140534,25.1274104193032,16.8832224716042,17.4681687001759,26.0005850163593,36040.6339721528,16535.7720941099,-173.365731141888,0
3678,15973,5.28142877233606,3218.39594172676,26.5227153528821,15.6924288994691,16.2134037172011,24.1604769406719,32280.0481394573,18430.3491292694,-503.65629846126,0
3678,15974,5.4257108666738,2477.38905110297,26.7373054494301,18.9253133685522,19.6690197228396,29.1697039594528,27778.743708681,25411.2984553104,-112.843943734208,0
3679,15975,5.39699233584541,3428.4727084763,26.5325011013234,15.0188689553472,15.4971164979145,23.1178369178608,32308.7416559392,18425.7110092148,-545.779265918744,0
3679,15976,5.49029205262285,2719.14642710298,26.7373054494301,17.702670411296,18.3601936683538,27.2747270730518,27799.4779171698,25434.8133857259,-162.487580342196,0
3680,15977,5.45405388517651,1969.94608721155,26.9327232072589,22.4229713027746,23.4314087271337,34.5957882010782,27756.3277432582,25403.4116937632,-174.989690259533,0
3681,15978,6.44181764058408,1708.11376512835,26.5831435351962,24.8730944512156,26.071616866711,38.3981099126014,31177.1105288863,21008.9377227064,549.873681644657,0
3681,15979,5.81323089115289,1441.67005240886,26.7638611387968,28.3701510214786,29.8634374162244,43.8317310362355,31948.3830595201,24375.5358770047,-950.051879606952,0
3682,15980,6.26586641747042,2093.3101457561,26.5924667111654,21.3717654901356,22.2946315740646,32.9633359086581,31210.1544262167,21041.8777062382,571.509951618127,0
3682,15981,6.00353869740451,2716.46429771287,27.1926915121196,17.7792405518257,18.4468917929657,27.3947065561811,30673.3327407402,27103.9345224176,-885.921201941838,0
3683,15982,8.74533610374429,4972.3787683973,25.6061174230828,11.6084971281201,11.8834585564221,17.8423087351811,33742.2946961177,32307.3535781343,-1353.12698509572,0
3683,15983,6.30742520829502,1831.37126112835,26.5831435351962,23.6018340558507,24.6981505651843,36.4242589020073,31198.3106326591,21031.2453888303,580.775893040441,0
3683,15984,5.26368683345514,2335.77462496333,27.090304585955,19.8085106621717,20.6205653524981,30.5402571217149,28032.4591632002,27766.3818962598,-302.966187955276,0
3683,15985,5.7268263954735,2274.09411371287,27.1926915121196,20.2165596141232,21.060073194414,31.1734398940148,30625.5008019593,27186.4143119576,-808.437651496948,0
3683,15986,5.98834574349048,976.288106099797,25.5030296216317,38.0795721608615,40.4145967708774,58.9248929741088,35816.6459059735,26490.7661205341,153.461195586016,0
3684,15987,6.06279159772575,4636.02869912879,25.3935304009538,12.1434728813132,12.4452570693415,18.6684739703584,35865.4833108924,26518.9081281791,234.459673366093,0
3684,15988,6.24708537238997,2315.87718312835,26.5831435351962,19.8466347899216,20.6553750803184,30.5976908327652,31197.3672290885,21021.7537153592,546.756198030304,0
3684,15989,5.49665894657991,2327.47754828136,27.0889261326113,19.8596832521524,20.6754933102367,30.6196108706892,28037.8114019665,27763.0367397269,-311.64248883975,0
3684,15990,6.0630435912524,2938.77271571287,27.1926915121196,16.8119992334812,17.4132587657607,25.8960725544427,30638.4890975698,27183.7333438884,-826.640368591898,0
3685,15991,5.92227239342426,5606.06742890672,25.288093175755,10.7097867711743,10.9375647743511,16.4538353291365,36020.7751835605,26629.4238030361,356.336426663681,0
3685,15992,5.47276679463663,4995.22263964093,26.0926374183701,11.6084815001176,11.8865384998569,17.843139241779,34465.9512358089,23313.1737537121,-223.965644862188,0
3685,15993,6.2478443678836,2443.58393112835,26.5831435351962,19.0894395775302,19.8431532930593,29.4236534180681,31183.696032614,21015.5021820621,597.605493915898,0
3685,15994,6.05438838008926,3423.2756530879,27.2059152837934,15.1077387441056,15.5974314870241,23.2570029872531,30589.4407021593,27146.7835173586,-929.256102896479,0
3685,15995,5.6754286229421,2973.91079810264,27.113459363093,16.6612493781863,17.2515790500563,25.6623420231778,28291.6210553277,27693.6782053777,83.4174530685196,0
3686,15996,5.9059303471657,5634.52502090672,25.288093175755,10.6745604546754,10.9006263761052,16.3994497911935,36009.1474417046,26629.5201857436,367.542911967064,0
3686,15997,7.92356994888402,5143.73700029038,27.193370332997,11.4619477204647,11.7390876906453,17.6186210263309,29076.298143068,27109.2513359475,1114.05383402361,0
3686,15998,7.38842717549853,2875.19589397639,25.6460826602655,16.868867047902,17.4583058952396,25.9798517244821,30102.8066093634,16390.764202379,1153.08264845247,0
3686,15999,9.04229124636661,4555.39120150159,27.2164021590982,12.4307974635771,12.7606439119944,19.1159561674633,30370.8055311992,27145.8726332788,-1053.6132729708,0
3686,16000,6.50598950092283,2291.53845312835,26.5831435351962,19.9998009152845,20.8198030099835,30.8352126340284,31182.5997937088,21031.8389117041,535.315011882486,0
3687,16001,7.0549765480846,9711.25733234934,25.3791042472934,7.56774442523255,7.66195084470002,11.6081219399791,33870.357697344,14272.116942562,1049.37529417178,0
3687,16002,5.94284585776114,5187.99192290672,25.288093175755,11.266265313485,11.5216646092274,17.3131341523545,36023.8412793504,26619.5513936591,363.779210101799,0
3687,16003,6.74092850474089,3668.35302452081,25.5639018005393,14.2362442119242,14.6581981472366,21.9045370426974,23320.1054976491,21451.9523928791,801.570715618915,0
3687,16004,7.36857509032912,5379.21696629038,27.193370332997,11.1279599388252,11.3877045816247,17.1026625017744,29046.4877484621,27091.5854591911,1149.32969791591,0
3687,16005,5.54956829368903,7576.77724517567,25.461221695484,8.83800508483467,8.98196778265428,13.5659755837331,33610.2475371707,14716.5561623488,-557.536560313928,0
3687,16006,9.53987872726647,4936.00158894201,27.2241564624467,11.7821407061064,12.076501745706,18.1134181413605,30340.9064383275,27156.4839423543,-1071.51311504574,0
3687,16007,7.53712706676527,2437.89168997639,25.6460826602655,18.9707209844325,19.7048830681485,29.2365685217319,30106.3660749985,16429.9490261118,1120.75190375298,0
3687,16008,6.08333170514853,2136.29920512835,26.5831435351962,21.0527646389223,21.9513277337379,32.4684102104968,31186.0168130034,21004.8868434992,577.635512480582,0
3688,16009,6.87863781542011,9750.54501605232,25.3014277506435,7.54626784383915,7.63942801011219,11.5749630927815,33830.9460213913,14223.3986810464,1002.19228276711,0
3688,16010,6.00654307710261,5234.97338090672,25.288093175755,11.1998317906343,11.4518774760945,17.2105339719972,36014.5232306378,26608.4197996579,358.408104543234,0
3688,16011,6.58702173490865,3575.57951252081,25.5639018005393,14.4881421503414,14.9252681623354,22.2942418492718,23330.819740806,21450.5346660326,822.520149082621,0
3688,16012,7.38824458956668,5358.62265629038,27.193370332997,11.1561306432015,11.4173277910484,17.1461777717865,29033.1810532993,27103.4185047584,1082.07155512768,0
3688,16013,5.46981482765722,2083.33616414876,25.8188326003385,21.2983538904623,22.2053085427934,32.8465907679938,35107.2467309085,23053.5229991821,-277.734661938385,0
3688,16014,9.43411138254181,5043.33428694201,27.2241564624467,11.6148853874059,11.9003047750618,17.854971959253,30311.8442991021,27162.6590473065,-1030.12485466713,0
3689,16015,6.03846204322904,5361.84314090672,25.288093175755,11.0255769042669,11.2688978220177,16.9414337153041,36005.0214361825,26596.5088829243,338.319118019416,0
3689,16016,7.27869859480722,6184.51359005232,25.3014277506435,10.0508311859573,10.2473934388256,15.436703116798,33849.757653243,14237.7276302866,1047.93354594512,0
3689,16017,6.50138086978036,3359.28419252081,25.5639018005393,15.123978630557,15.6001573270796,23.2781354885136,23318.5191592423,21467.0072462978,815.583800438648,0
3689,16018,7.49331166216269,5251.46616629038,27.193370332997,11.3058598880254,11.574822923086,17.3774769604395,29043.7201297128,27104.5370264879,1081.90123493088,0
3689,16019,7.44074713678633,2510.04886597639,25.6460826602655,18.577646445442,19.284038807171,28.6273242483244,30107.1122330493,16424.7163147265,1113.47678612842,0
3689,16020,9.40276727789205,4940.42881494201,27.2241564624467,11.7751141940328,12.0690977308522,18.1025601292894,30333.5882527954,27140.4056925835,-1067.20871680394,0
3689,16021,5.23034391022305,1574.97608414876,25.8188326003385,26.2540461096121,27.5533466505759,40.5394498789459,35098.8386541978,23094.6149018118,-312.896750027552,0
3690,16022,5.82283090500187,5117.74808274271,25.5961712478986,11.3893376558531,11.6529247185219,17.5037527407436,36015.9412623883,26622.3191953113,375.095506649511,0
3690,16023,7.17657717856466,5897.66312983614,25.3431119458061,10.3663551185826,10.5779354372449,15.9237508771625,33856.6262672805,14241.3259424471,1033.47405337553,0
3690,16024,7.34342364217496,6132.36460673889,27.2401048803533,10.2162703661421,10.4307591688664,15.6948563116752,29053.69923982,27095.6557457811,1112.31732758222,0
3690,16025,6.63725531697394,3181.45247342962,25.5004352052485,15.697443549148,16.2091354547472,24.1655949973467,23314.2239818871,21456.7424679427,823.852540925304,0
3690,16026,9.25796849691221,5825.49563572066,27.2843294439616,10.5664080416423,10.7982655182852,16.2355268991302,30318.2490951388,27152.8724110569,-1042.42952836502,0
3690,16027,7.33287868460783,2761.12672682379,25.6571931614992,17.3596474701242,17.9821457023207,26.7400883243843,30099.2172606177,16421.9529919131,1074.01159811637,0
3691,16028,7.25856533414447,5970.59121583614,25.3431119458061,10.2842473298066,10.4919419125803,15.7970142623773,33851.7530548476,14236.8134211898,1034.40761075093,0
3691,16029,5.86549195902645,4825.96966074271,25.5961712478986,11.8395136213431,12.1265060252164,18.1991923524835,36025.5335945303,26609.2610601639,358.970057379403,0
3691,16030,7.33967316694535,5633.71799273889,27.2401048803533,10.7978020579454,11.0409875087219,16.5927954684233,29049.0938906417,27100.0378695312,1065.88534042551,0
3691,16031,6.54322412611991,3125.26414742962,25.5004352052485,15.8933391153142,16.4175486565191,24.4688574236876,23319.5246099034,21458.3202122094,814.705486808578,0
3691,16032,7.72549589967911,2789.32000682379,25.6571931614992,17.2353094796216,17.8494103374145,26.5474782287915,30096.238241708,16411.1562567549,1095.19826388396,0
3691,16033,9.10900472813722,5569.24515172066,27.2843294439616,10.8824292938237,11.1301386145762,16.7235636140433,30301.149386756,27141.071880071,-1040.75196878512,0
3692,16034,6.02982082168518,5280.82858674271,25.5961712478986,11.1569882545953,11.4087607600749,17.1448880823623,36013.7529100037,26610.4161692439,348.770458127691,0
3692,16035,7.28202073661421,8689.59078583614,25.3431119458061,8.10569970558069,8.21982499781649,12.4369548127753,33845.5664749669,14264.1252236717,1026.51619015512,0
3692,16036,7.43621931419292,6310.59899873889,27.2401048803533,10.0281279421155,10.2335979288302,15.4044195426709,29058.3465276592,27092.8613390538,1107.88794985659,0
3692,16037,6.63118346035179,3479.99287742962,25.5004352052485,14.7534303769634,15.2061599670951,22.7045589257783,23316.3551518561,21441.7397610672,856.327788149411,0
3692,16038,9.18143759430725,5691.99604972066,27.2843294439616,10.7279145882192,10.9678289305359,16.4849319039744,30325.8299371102,27137.4641831609,-1057.00819935891,0
3692,16039,6.20106064019542,3868.55556903703,24.4343226689062,13.6201201477683,13.9965525015713,20.9490278287338,37117.0972043889,16821.9581342035,428.349795285315,0
3693,16040,7.18505248300336,7070.70181183614,25.3431119458061,9.22779976439745,9.38775439570185,14.1669642616338,33848.4391070014,14245.6214269346,1026.05086002499,0
3693,16041,7.77859794207022,7887.61654673889,27.2401048803533,8.69343982650646,8.83887123918127,13.3451326389273,29025.3124667486,27121.9512472906,1073.81511288708,0
3693,16042,6.90025578859499,3707.77717956181,25.5522590179295,14.1314684904255,14.5470657206502,21.7424285017788,30430.838836161,16002.344425681,851.665886604712,0
3693,16043,6.03326884860355,3833.94064674271,25.5961712478986,13.8171743101345,14.2145365211182,21.2563832352488,35999.0796866299,26609.776168588,346.301112607101,0
3693,16044,9.12385520502745,6537.55216372066,27.2843294439616,9.80394607995865,9.99905711231938,15.058455129094,30307.5537343442,27169.8619599629,-1018.55629918619,0
3693,16045,4.96707907882193,4014.58224833776,26.0288073281922,13.4321284622997,13.8104341377424,20.6618273858881,34537.9954602735,17297.7163753373,-576.898633901561,0
3693,16046,6.37254197209671,2811.74411908413,25.6242065723657,17.1334968553989,17.7403976540306,26.3896726178029,22261.3574927233,23623.9996251088,651.268655782628,0
3694,16047,7.49641328151351,8101.31279873889,27.2401048803533,8.54776868528879,8.68708523411149,13.1204971836132,29026.3598250557,27114.0780723438,1047.59296438908,0
3694,16048,7.11896453751333,8108.39072383614,25.3431119458061,8.4638887419725,8.59206904224937,12.9890385407426,33854.7466644669,14254.0680912101,1009.56176517584,0
3694,16049,6.32307493333215,3801.8195533475,26.8228813674376,14.01593423812,14.4349411569308,21.5665451811024,29311.002685243,22572.9191297472,666.165183206104,0
3694,16050,6.7832483020674,3695.00924141708,25.667459556984,14.176477733483,14.5957233146833,21.8123194564816,30426.4459655055,16011.6869776777,843.926915532416,0
3694,16051,5.7306250704564,5573.67197135318,27.0799343104578,10.8639693691161,11.109602501632,16.6947380459608,28633.9143394808,27674.3033790941,-337.227538230204,0
3694,16052,5.60156848131411,1953.72877810403,26.1525852865416,22.4006722440161,23.396508344641,34.5581795295038,35034.51559213,25669.2268715199,-163.559596474356,0
3694,16053,9.08098977000606,6584.93008972066,27.2843294439616,9.75837434714075,9.9513582128202,14.9881214450495,30279.3858178102,27162.0113603627,-1004.79083937697,0
3694,16054,7.26148049089618,7095.70690505212,25.4318684707648,9.21148359829985,9.37115025034257,14.1419134677732,33441.1961053498,14988.2017340166,-178.036444575995,0
3694,16055,5.24865969410566,5783.113008406,26.1131768311461,10.5461895386633,10.7706787900956,16.2025476294373,34553.7297321831,17308.1564656285,-501.849114860147,0
3694,16056,9.13875365146155,2481.22950139255,25.9920245947633,18.7869437996703,19.5121500947827,28.9528337294779,22902.1738337506,24855.1491008177,-1283.85964002267,0
3695,16057,7.33069917819349,6765.44347783613,25.3431119458061,9.4908109082018,9.66225020353536,14.5726684819365,33872.2704238494,14251.2302095946,1027.27197002042,0
3695,16058,7.34471130916162,6683.43310073889,27.2401048803533,9.66318281949684,9.85153986241878,14.841155632778,29033.7405946462,27088.3360490087,1074.80969023215,0
3695,16059,6.27454067677357,3244.8260653475,26.8228813674376,15.6378944964962,16.1581063282013,24.0768028479566,29315.7960722338,22578.0985316406,660.688444763897,0
3695,16060,6.91419823308232,3257.99137541708,25.667459556984,15.4600119051321,15.9582218902273,23.7984967170645,30419.0509163546,15995.5748607731,839.929149690493,0
3695,16061,9.37783902734361,5818.07287372066,27.2843294439616,10.5752163623122,10.8075108353704,16.2491284070558,30306.8679197082,27136.1227799247,-1046.48421861022,0
3695,16062,5.58382172028959,1640.34285010403,26.1525852865416,25.5401149990752,26.7862320941926,39.4321087101572,35051.7683079115,25659.8221889845,-168.994203547214,0
3695,16063,6.56685259460221,2722.87396955661,25.844389703403,17.5588490850912,18.1969079612904,27.0492490755816,22545.4010451339,24396.1436676971,926.750894538702,0
3695,16064,6.86081122927284,5774.65350305212,25.4318684707648,10.5144384262467,10.733588938784,16.1524785325885,33834.8671645917,14257.5971518028,1020.2727486863,0
3695,16065,5.92063957637805,1816.61487057582,26.2170534768507,23.6633991356897,24.7591890270291,36.5183347854555,34539.4669771438,28820.0023545803,-61.5248838735702,0
3696,16066,7.16976833787266,6555.84406183614,25.3431119458061,9.68368827530006,9.86372126428538,14.8702358689708,33853.8231677529,14245.192895997,1007.09970920464,0
3696,16067,6.44234674989366,3631.2722353475,26.8228813674376,14.4646158056147,14.910919130529,22.2607634743495,29301.702305404,22583.7792690448,636.718786882812,0
3696,16068,5.65292006566359,3611.18322057582,26.2170534768507,14.4577699329208,14.8986087158181,22.2487806197816,34549.3351900844,28851.9120426184,-90.2457340227879,0
3696,16069,7.22319225367994,5574.31387073889,27.2401048803533,10.8731677242963,11.1201609829173,16.7091913869819,29036.1723081746,27109.7569326481,1123.58742155618,0
3696,16070,7.04825070909198,3448.27398941708,25.667459556984,14.8649968527261,15.3260607122829,22.8776051652812,30434.8419214519,16022.2931280377,856.534277314745,0
3696,16071,6.65512271833924,2658.99444299061,25.8580766865235,17.8597260992645,18.518569722413,27.5154613599005,22537.8482011811,24382.3720499538,949.001316350531,0
3696,16072,6.90227605035939,5869.58556305212,25.4318684707648,10.40382252266,10.6176771851105,15.9817218129706,33835.0900875351,14251.4759876921,1007.33024659946,0
3696,16073,5.19637187615003,3583.630092122,26.0526480567407,14.5169595791766,14.9600194261227,22.3399810950309,34546.5994341153,17324.4621630247,-540.319169792295,0
3696,16074,9.08631486041535,5138.83508572066,27.2843294439616,11.4754122422397,11.7538073290824,17.6395744155187,30282.359504595,27147.5801294494,-1080.23595134844,0
3696,16075,5.3549688490601,1800.58200010403,26.1525852865416,23.8064877972811,24.9126797909329,36.7401991995007,35039.5526119621,25684.1783738164,-202.933037188278,0
3697,16076,7.17038250227607,6522.2061086325,25.2682205019097,9.711606043727,9.89251599311794,14.9132053136702,33869.1139822567,14244.0872329421,1017.09493682053,0
3697,16077,6.34756282615935,3404.2062013475,26.8228813674376,15.1247370211401,15.6121848905642,23.2824002287422,29302.0221620781,22582.9000146703,646.57322471337,0
3697,16078,7.61858855789681,5644.81909673889,27.2401048803533,10.7838735251047,11.0263574421158,16.5712846251558,29032.5340639279,27099.3711286169,1145.91878626938,0
3697,16079,7.07486636160715,3719.14259556181,25.5522590179295,14.1019739884266,14.5158148803413,21.6968038448001,30431.5991779298,16008.7856302707,827.50075191398,0
3697,16080,5.29342554080596,4480.52025233775,26.0288073281922,12.4744614047028,12.7986209980403,19.1812143718064,34572.8087523774,17280.6460224292,-543.469211746461,0
3697,16081,9.15832066301461,5393.91819172066,27.2843294439616,11.1138629754075,11.3734044572116,17.0810315037573,30317.0113479471,27145.800979628,-1077.60217112603,0
3697,16082,5.59030662686118,2173.54825810403,26.1525852865416,20.7086436685533,21.5757749333126,31.9330728355741,35051.9524408106,25679.3226701614,-173.49684935885,0
3697,16083,5.74954190590418,3933.77869376461,26.1394794831031,13.6291638853855,14.0198127679178,20.9667873987984,34565.3814188234,28888.4299647651,-89.7707371802493,0
3698,16084,7.0945801383318,6761.56690183614,25.3431119458061,9.49428354621448,9.66587629213368,14.5780256497766,33870.3331126498,14242.2121719042,1031.29338218913,0
3698,16085,6.69861239909283,3455.19015341708,25.667459556984,14.8444897320644,15.3042897392995,22.8458712528334,30436.1921533119,16014.2204382924,818.830140443857,0
3698,16086,6.57577079161858,3551.44214002328,26.830597633688,14.6887807972102,15.1489915684604,22.6076748025068,29605.8756527389,22549.3660437086,734.643155198007,0
3698,16087,5.54626382624549,2247.04902010403,26.1525852865416,20.2119322036341,21.042207530178,31.1627061532597,35041.3989938332,25677.5606813952,-186.363693512005,0
3698,16088,5.79951786436771,3954.54066553782,26.9502909527353,13.6556417498116,14.0541095838088,21.0094658449498,31090.4091136985,30167.9427186825,-930.394968857336,0
3699,16089,7.32565466658506,5994.26916583613,25.3431119458061,10.2579658416717,10.4644218584484,15.7564491723632,33866.3925613895,14240.8702762578,1045.4109194679,0
3699,16090,6.7589821400302,3408.53908541708,25.667459556984,14.9842724629516,15.4527091503502,23.0621851988274,30431.093868794,16004.5499369537,839.963707614051,0
3699,16091,6.35305954764681,3057.91230506175,26.8372001667706,16.3031898318583,16.86698829147,25.1070305908864,29677.9854215739,22548.15916244,778.853712927301,0
3699,16092,5.62830307227392,1897.51842610403,26.1525852865416,22.8919321275208,23.9259961413579,35.320588262529,35063.5061277324,25669.779735087,-154.471503672581,0
3699,16093,5.78189558637737,3357.06338953782,26.9502909527353,15.2860417863554,15.7848414849181,23.5324009762658,31065.6934068819,30186.9015231675,-885.83940644579,0
3700,16094,6.8629889669623,3381.26384250379,25.6194237364042,15.0622348435582,15.5350769659636,23.1827186873686,30428.6485859508,16013.4239727694,836.748495228911,0
3700,16095,6.665926285968,3207.95168883903,26.8797148628437,15.7698492069087,16.2991151996185,24.2812509636285,29652.8485413883,22555.5167646822,746.75606654629,0
3700,16096,7.39261878956759,5264.68582337017,25.3711526834534,11.1640460611363,11.4148010571163,17.1554087931815,33917.7079695416,14296.8176013344,1123.39844505885,0
3700,16097,5.56622021442911,1815.06918464718,26.1966484840025,23.6739006859051,24.7702194395016,36.5345529796575,35056.056074914,25689.2278866857,-172.911323694438,0
3700,16098,5.9288401704452,2163.06213884535,26.2433295434914,20.7987840591644,21.6738314294024,32.073213507954,27576.2424770114,20812.3150657096,471.167107570578,0
3701,16099,7.00727033403748,4298.63433485615,25.498362327392,12.7809094270904,13.1182410483398,19.6538571406128,30430.284490883,16000.8907676517,820.034044274715,0
3701,16100,5.96511423892093,3482.48613748311,27.1548006845334,14.9236351069362,15.4012609928555,22.971912006805,31083.0006486207,30164.1679951436,-920.284667704824,0
3701,16101,6.17996420601654,2669.24688773561,26.7200142696648,17.935801124896,18.609331333842,27.6359390073795,29586.5692085973,21715.1198407864,605.479448413501,0
3701,16102,5.72950780584697,2045.28975532552,26.2746017756449,21.6786317421748,22.6206288086307,33.4382628382136,35049.0925916036,25676.5643836325,-156.617837411974,0
3702,16103,6.96754053809549,5270.30170650379,25.6194237364042,11.1731864360107,11.4259181765384,17.1699437007932,30410.310670922,16018.5921692333,824.790217843038,0
3702,16104,6.74070188026433,3055.86926573561,26.7200142696648,16.2963765285636,16.8586003447719,25.0961692443889,29574.9316711099,21727.2491039996,590.764766709737,0
3702,16105,5.80733885858487,1975.66556932552,26.2746017756449,22.2409784574755,23.2261748699096,34.3108373385319,35025.4852924211,25679.2849460893,-201.211006364939,0
3702,16106,6.13007072715706,3235.29729654403,27.1338391058427,15.7059432314508,16.2333811323215,24.1829404858456,31090.2056304185,30184.0270534875,-923.371218855356,0
3703,16107,6.97907717827278,4982.90645850379,25.6194237364042,11.5932625023225,11.867517571502,17.8187976802303,30430.7893453639,16006.0224302701,825.117493936864,0
3703,16108,6.31760758823028,1921.27820692665,26.7470641509501,22.8059343214728,23.8417432275156,35.1894555271028,29587.4327858104,21723.7136087318,567.379354249363,0
3703,16109,5.81325739207075,3149.94654654403,27.1338391058427,16.0027539376687,16.5495591218854,24.6425383140769,31102.5127698102,30161.2889433094,-916.738796054189,0
3703,16110,7.00046699872498,1757.69761198257,26.3769539993741,24.2935742419597,25.4421020049912,37.4973618971946,34781.7637280763,26527.6009263793,919.867890050114,0
3704,16111,6.80812378675365,3791.89456050379,25.6194237364042,13.9235663581322,14.3273842788391,21.4209929322316,30432.6216959319,16007.5336616164,847.473997410973,0
3704,16112,6.65266635241829,1831.57281598257,26.3769539993741,23.5541456743844,24.6436402828953,36.3493885851174,34772.8359183275,26514.8317049357,944.069001410777,0
3704,16113,5.24545814969367,2150.36466024879,26.5454815771331,20.9445893216346,21.8345046412675,32.3004655807762,33043.6432502408,21578.0342642562,-683.450421458651,0
3704,16114,5.2602256046172,1250.3357939422,26.5937822123226,31.6494721100855,33.4249814671527,48.9287443999242,25772.8175460897,23512.5752042136,-308.144878551938,0
3705,16115,7.00856197536724,2564.17493885615,25.498362327392,18.2735652224764,18.9569946838109,28.1556072983937,30430.6454572385,16000.6127150965,854.593737638312,0
3705,16116,6.65127410569935,1716.39683792045,26.138394371103,24.6758582183957,25.8514945767788,38.0899207274099,23343.979467635,26773.9530219677,792.514623032341,0
3705,16117,5.09735533974833,1653.6759059422,26.5937822123226,25.4939317302609,26.7433197391069,39.3623348963474,25754.0911304287,23568.3518265841,-257.610521997867,0
3705,16118,6.92445720899765,1369.79772598257,26.3769539993741,29.3999713606789,30.9748058544938,45.4303932369655,34756.2194869548,26515.8170790534,914.886019739655,0
3706,16119,6.45646274060533,2240.17511792045,26.138394371103,20.2545865794738,21.0878298687422,31.2288058887526,23339.7256646361,26733.9863972212,840.077556355106,0
3706,16120,6.79655594830414,1263.47822398257,26.3769539993741,31.3166082794163,33.0585625686467,48.4100077774644,34754.7112666959,26530.8285706612,917.497667417254,0
3706,16121,5.19552378842565,1539.46947143995,26.6489270343381,26.939855478566,28.3100961229945,41.608678680313,25918.2068442444,23678.3596197504,-373.884268753475,0
3707,16122,6.37213045960964,2942.76046592045,26.138394371103,16.6597500468946,17.2403194933477,25.6573589434116,23342.7831114163,26766.6951846465,864.719316440292,0
3707,16123,6.69401785712939,2111.87569198257,26.3769539993741,21.1926224885675,22.0990541089751,32.6846286970464,34768.738031015,26502.3007708907,980.441103483231,0
3707,16124,5.14297039739287,2117.74007543995,26.6489270343381,21.2005904661159,22.1111983559351,32.6979760334636,25888.8288901105,23664.6918691208,-331.041419040326,0
3708,16125,6.45882555334529,4761.85203963564,25.3146290212825,11.9234425764901,12.2129906322388,18.3283481740313,36298.3263662988,27454.425829467,877.618454663826,0
3708,16126,6.54375508506763,2520.85243592045,26.138394371103,18.5971460451771,19.3106123589223,28.6591173213188,23322.0974017819,26749.9407699267,831.535810492656,0
3708,16127,6.69570525984968,4280.26931398257,26.3769539993741,12.8928523765226,13.2428495716728,19.8286751013557,34762.6745719438,26528.3359989015,933.772827206198,0
3708,16128,5.14507385264118,1441.82821343995,26.6489270343381,28.3343482580098,29.8225737829917,43.7755339808267,25897.7417617326,23674.7934104868,-336.662665719873,0
3709,16129,6.33504438461469,8681.0592121606,25.457437805798,8.11514018689304,8.2300745408645,12.4516272055271,36275.9022278338,27420.7289088451,879.458097452771,0
3709,16130,6.64763710479287,2149.27381592045,26.138394371103,20.8769807892725,21.7565156054516,32.1941288848447,23338.4533663946,26721.9658178514,859.762833710308,0
3709,16131,7.23938072638785,6569.85657313016,24.3469364144669,9.61676120211894,9.78875329673644,14.7655822710651,36554.143048996,26655.4498148591,-192.144668638438,0
3710,16132,5.97747043394888,9325.37624096803,25.5677041882336,7.76636405028037,7.86851270929647,11.9143003788706,36137.7090265847,26427.9398117554,437.624734682472,0
3710,16133,7.03602603856045,2974.28048359168,25.3189559938557,16.4294074385259,16.9865064036248,25.2983591783625,22532.8787166821,21740.5281184234,1006.36086185198,0
3710,16134,6.4687894359161,3083.35308095331,26.1771155865419,16.1275294859757,16.6734413603316,24.8332590564816,23354.8903743771,26749.2513532371,862.392635551756,0
3711,16135,5.80807805992856,6983.57192096803,25.5677041882336,9.31203572078573,9.47670437587476,14.2971880236333,36157.9846089632,26432.1985407302,440.4168795879,0
3711,16136,6.96494402760919,2959.85345359168,25.3189559938557,16.4854710245458,17.0462341624024,25.3851727213293,22544.9392947061,21745.5569180048,1005.30309052896,0
3711,16137,6.83972179817306,3415.43908295331,26.1771155865419,15.0195835580465,15.4947531254468,23.1180827837408,23333.7519714992,26757.4833480577,867.021033578302,0
3711,16138,5.7505178121948,2283.19262389983,26.9663226831792,20.1188949827873,20.9523916776226,31.0212042898801,26506.7880209063,26467.6115561718,-258.136410537224,0
3711,16139,5.5986317279983,3640.42491993693,26.3511208795063,14.3916118635775,14.8295401126652,22.1467251667565,33570.1174162328,19997.8330081751,-534.005510966907,0
3712,16140,5.92333429459875,6806.66836692906,25.5623302745601,9.46534880256895,9.63672877912132,14.5336835441602,36216.5108074247,26503.0933578227,441.269871594337,0
3712,16141,8.39757618122965,3745.00371698865,26.1329041340277,14.0932553173981,14.5113600491796,21.6846349373603,23127.993793676,26551.7009334785,-1317.80539822727,0
3712,16142,7.15480445192902,6195.82526959168,25.3189559938557,10.0400103689077,10.2361649011737,15.4200295923617,22558.4159757361,21805.8308568967,1029.97191563508,0
3712,16143,8.44872646249445,5322.18500469244,26.3485465239353,11.1504856663562,11.4064453480543,17.1360923378956,32901.4261595056,19177.9931835464,-513.315840509862,0
3713,16144,5.86634671543077,6993.29466492906,25.5623302745601,9.3035233368306,9.46779525556538,14.2840504333168,36217.8576023694,26490.787809159,460.778141606372,0
3713,16145,6.99504761836205,4461.69626359168,25.3189559938557,12.4514800246398,12.769380760038,19.1443157370715,22548.8674823088,21744.1453713111,989.437171529495,0
3713,16146,5.58833040850157,4550.14881047038,25.9464616479327,12.3398993278399,12.6561087876758,18.9730782142183,34873.1464330004,20562.7671024055,-336.23853185006,0
3713,16147,8.53809708708843,3020.30426498865,26.1329041340277,16.3572330990664,16.9177539661185,25.1888401062171,23146.8566674308,26524.6939480456,-1320.69934266198,0
3713,16148,5.32911895358532,4999.29907216667,26.312835226936,11.6179913478591,11.8979336705287,17.8582140849955,33694.1762745427,20657.8335515757,365.910255790736,0
3714,16149,5.82427301194998,5408.08344492906,25.5623302745601,10.9820605617443,11.224858818656,16.8746892469174,36222.2824472014,26504.1354585315,456.691391023215,0
3714,16150,6.87402974603882,4164.54349759168,25.3189559938557,13.0401376144941,13.3906365711888,20.054229711558,22544.5238991537,21772.5687015124,1022.11802216514,0
3714,16151,8.6482209083999,2930.87870498865,26.1329041340277,16.7065677143707,17.2901951175737,25.7298548186134,23160.2367043056,26562.5753033192,-1339.53908653069,0
3714,16152,5.42059992243688,2660.27395847038,25.9464616479327,17.8665393096386,18.5268288025161,27.5262871809396,34886.2197101249,20561.6990519229,-355.372311471268,0
3714,16153,5.50905588767119,1444.94989922826,26.2589667824821,28.1735841711619,29.641275817225,43.5238030237743,33083.5638017972,32161.7173455348,102.184193703146,0
3715,16154,5.97980668152083,4863.38046492906,25.5623302745601,11.7766003918267,12.06006012372,18.1019307695796,36229.564393513,26493.1981231172,449.340414534373,0
3715,16155,5.97277895766318,2296.47505922826,26.2589667824821,19.9128572483329,20.7224743178313,30.6992840579894,33062.65889699,32150.1150776296,126.003677600759,0
3715,16156,8.59881598607418,3679.38826298865,26.1329041340277,14.264810325812,14.6932357680175,21.9500399129897,23130.8266637928,26559.2335271008,-1349.02045154014,0
3715,16157,7.07829395120849,5154.56814559168,25.3189559938557,11.3163430669413,11.5744732823502,17.3905304414112,22534.4218675533,21766.3770834177,1013.4091444187,0
3716,16158,5.88415606044479,4882.45498092906,25.5623302745601,11.7461363902543,12.0279982165201,18.0548656118628,36212.8079925859,26488.093894226,443.584940514246,0
3716,16159,5.74603269856644,2573.31985322826,26.2589667824821,18.3427638117775,19.0396838678177,28.2652314624465,33050.4422195149,32144.547450746,144.908987983881,0
3716,16160,7.04254528664161,4081.06495759168,25.3189559938557,13.2192305679187,13.5798546906338,20.3311184005137,22532.4715233554,21760.2977700905,1016.02558338265,0
3716,16161,8.66591432426522,3249.96936698865,26.1329041340277,15.5407823253687,16.0484392587369,23.9247164139528,23131.5482215779,26602.8639419526,-1375.72154955878,0
3716,16162,5.45127557972572,2623.50291767426,26.4646580059216,18.1214009969931,18.805102423337,27.92279815907,33102.5165760996,20778.379718349,-564.175036054715,0
3717,16163,5.9659879904551,5089.98395292906,25.5623302745601,11.4278058967618,11.6931539855436,17.5631132238957,36212.615023484,26490.2284440618,441.269338510357,0
3717,16164,5.61022184980811,8168.81492853085,26.8422213682735,8.4868403142334,8.62204931522452,13.0261118662477,30786.1693533187,32725.4589529945,-41.8549107352871,0
3717,16165,6.94779564267073,4077.25445959168,25.3189559938557,13.227561993125,13.5886594533954,20.3439999285123,22543.3331134859,21753.2036038064,1004.46047767568,0
3717,16166,8.64350089689097,3839.31904898865,26.1329041340277,13.8559385992355,14.2599013429703,21.3175300160786,23132.9674558116,26576.4805349412,-1296.36647038479,0
3717,16167,5.42164758516019,2391.92744704245,25.9563703061347,19.2837836884905,20.0440435665597,29.7228964767373,33527.1176952185,16138.862600343,-512.159172931424,0
3717,16168,7.55022099222917,5311.79040722827,26.2589667824821,11.1588419805165,11.414695250055,17.1488519947899,32824.0606661387,32233.4334198632,416.374180006829,0
3718,16169,5.96365845150449,4850.45120292906,25.5623302745601,11.797370544441,12.0819214598292,18.1340199562998,36226.1485227567,26505.0386404463,438.61282885142,0
3718,16170,5.49571472286364,7060.96166495614,26.9179205902293,9.3127193146294,9.4836720383847,14.2999732106551,30665.7296619494,32541.6551617248,-128.816873679142,0
3718,16171,5.64132197181349,6138.97147229012,26.5564353741672,10.1705805921974,10.3793542137277,15.6233504556669,32302.4900075181,32396.3574868224,-96.7479452024109,0
3718,16172,6.75894085402482,6129.58411175124,26.1278119597885,10.1562689704683,10.3621259218119,15.6006408860116,33563.2916796036,16953.8748947777,289.512507852421,0
3718,16173,8.78341041399595,2668.37283698865,26.1329041340277,17.855031210433,18.5165749648102,27.5090198273267,23110.249439123,26568.4206107222,-1271.74823558513,0
3718,16174,7.13055291550724,3488.67556374508,25.2429249635348,14.7002196903302,15.1474197378632,22.6215976937748,21970.719378373,22510.1850484929,61.942875059891,0
3719,16175,5.65293655861328,5045.60933165106,26.4383878651995,11.5562090241238,11.8336929493778,17.7629797824089,32313.9932275032,32395.1787815102,-164.00527622823,0
3719,16176,5.77142435735139,9493.65963309965,26.1642875196709,7.70197173764629,7.80386554443764,11.8156809594975,33171.935579839,17092.1677735773,-326.108760967634,0
3719,16177,9.89312157790511,6025.65170710054,26.0532152172257,10.265012024538,10.4756340314343,15.7683846802289,33530.8330436094,17372.5361690005,-434.146240328353,0
3719,16178,8.85436738344862,3510.05237498865,26.1329041340277,14.7341973594007,15.1912708325909,22.6763197883397,23127.5542401152,26544.7986187653,-1362.53054316413,0
3719,16179,6.04761452212289,6687.95969622509,26.959322795854,9.64462374112926,9.83079249906734,14.8121466247229,30628.2046474043,32488.6103819894,-178.050917021323,0
3719,16180,5.47104400011514,6649.07662679286,25.6865236105301,9.61466432161934,9.79330680474566,14.7642132680509,32898.0968903599,16023.4220072705,1121.72850600459,0
3719,16181,5.75246023221701,3761.21321287581,26.5458350454953,14.0923156244517,14.5137100615773,21.6841031375861,24696.3374715723,23859.4551585809,-145.995778259174,0
3720,16182,5.45675836636565,3086.267003704,26.7585303717157,16.1881968535226,16.7436595524586,24.928739951092,32303.1695692006,32396.5725692285,-98.7996133935455,0
3720,16183,5.76384240787853,9304.51534986172,25.7562993291944,7.78395475356901,7.88744327084679,11.9415934630106,33134.9191328295,17099.8147302502,-368.872884192299,0
3720,16184,8.68121264120473,3228.36268652551,26.1804520857539,15.6186489971671,16.1317188318995,24.0453808516915,23121.2233198445,26549.2334682913,-1278.24906643419,0
3720,16185,5.82390978929359,2768.86109939263,26.5276000007619,17.4466756475899,18.0843562096024,26.8774656037725,24110.2878006311,24509.0586161642,-54.6703286144532,0
3720,16186,5.26993089879964,6547.53313835712,25.3914486888585,9.69415205138416,9.87489874276758,14.8864476334614,32893.0235844083,15999.4866640538,1059.67857849397,0
3721,16187,5.65869188749694,10499.1395118617,25.7562993291944,7.22582185873888,7.30920189151691,11.0818263023532,33138.3265679243,17092.5203460579,-361.116725294914,0
3721,16188,5.38011155051608,3246.131711704,26.7585303717157,15.626081276658,16.1449455508321,24.0583517702002,32304.1632234955,32412.469521679,-94.2618399126775,0
3721,16189,5.98252188633616,2709.36543593156,26.4839698173834,17.7122828332519,18.3677686242947,27.2888773454554,24105.9789983429,24493.6513872814,54.2756311804051,0
3721,16190,5.68680877269681,2452.23265283828,26.9253247125613,19.0950595637018,19.8531436780486,29.4334594554091,33569.5597649389,25901.298241881,-658.752439165227,0
3722,16191,5.53427964212071,3476.86017465191,26.8008447312539,14.9026741877141,15.3759641193868,22.9386373870318,26233.148618063,23701.6489190422,-385.33734440536,0
3722,16192,5.55591867411414,6298.63956210638,25.8158945111775,9.96200731474763,10.1571488373474,15.3003692788856,33675.5433791565,17747.5970345762,-695.904325909186,0
3722,16193,5.5839072781407,6380.1951265175,27.5922590814861,9.97605174762967,10.1807834692225,15.3245150668791,31389.5380993573,30795.637953034,-128.72992736292,0
3722,16194,6.74015291969196,1506.00029457623,26.2060157619659,27.2755839592676,28.666502028953,42.1282109432836,28783.8057907414,20815.9165663519,815.158249429734,0
3723,16195,5.44450955233242,4041.25439865191,26.8008447312539,13.4419545794335,13.8266989645645,20.6786405530236,26215.8084877455,23709.1809883282,-395.716760463616,0
3723,16196,7.5520946337565,2650.68034186158,26.6724035294319,18.0186161525665,18.6974086545327,27.7641355772149,26547.4134941229,35689.2760000237,1122.03875992929,0
3723,16197,7.98418170809727,7184.57260636206,27.839351327477,9.25334615507834,9.42574759857605,14.2095062155131,31233.4063484633,29578.8410083917,466.446503647358,0
3723,16198,3.37625956268363,5137.22857102924,27.4830317477756,11.4913642833048,11.7717910016983,17.664549148307,31535.2265064601,30712.9610818917,395.439032975027,0
3724,16199,5.8459336500129,5793.74875688371,27.3549113105377,10.6084395840925,10.8427644423678,16.3005361144083,30134.452988521,32245.2189866539,-151.463564952246,0
3724,16200,7.50197436606575,3024.19724986158,26.6724035294319,16.4102403453943,16.9795348713506,25.2723832948775,26527.420512848,35691.0781820467,1122.97043123803,0
3724,16201,5.70839645381585,8208.66926167926,27.6894177477628,8.49525494673382,8.63415060475033,13.0400110792521,31282.1618401595,30317.653041366,-713.285024043092,0
3724,16202,10.6958879366124,7121.0799403199,21.7529354226911,9.00554136635603,9.13872235535895,13.8193940197654,39898.7800071758,18798.9056372226,-1025.79861511534,0
3724,16203,5.81942688663334,4745.71195665191,26.8008447312539,12.0633790027009,12.3702456882608,18.5472948398552,26223.2657090467,23654.2362486552,-353.051374887023,0
3724,16204,4.85585325591478,6041.87794911517,19.3194284529469,9.83360232809261,9.98603319427093,15.0920301085351,41015.2600435569,18957.910534501,906.273713942272,0
3725,16205,6.6876971511945,7449.08679153966,26.6139002562842,8.9864802083076,9.14177971565463,13.7963481304368,25750.8231910424,35589.8198594308,1031.31588336618,0
3725,16206,6.39465999346953,5816.88964270537,26.4450106218237,10.5263463642687,10.7516923006634,16.1724151555446,26035.2283727486,22332.6800117838,-631.483929074614,0
3725,16207,5.83323528202423,2119.1847404342,25.666132643503,21.0044781390147,21.8872989635578,32.3901655564098,36409.9005057736,26324.9289669757,615.034800188596,0
3725,16208,8.36523312690351,3292.60839089162,23.6964686854722,15.1164027080287,15.5745637958681,23.2615773085219,32230.0175468254,10970.0530282931,-1239.080334662,0
3725,16209,10.5001479277756,4640.8862623199,21.7529354226911,11.8398179360387,12.099783523657,18.1921960451819,39954.2002958845,18853.9370770513,-1029.97700091126,0
3726,16210,7.0844375161753,8612.36795553966,26.6139002562842,8.2007144057732,8.32345881336607,12.5847583153407,25772.9551176423,35563.5275897936,974.573416812938,0
3726,16211,8.58365044114174,3704.34040889162,23.6964686854722,13.949978167381,14.3390866593952,21.4573617069908,32247.992549614,10980.0060512384,-1308.33848676504,0
3726,16212,5.62338743901244,4675.21441834911,26.4255039102295,12.155744148216,12.4651626992896,18.6893609012562,25860.1282197044,22348.795867521,-397.254195157083,0
3727,16213,7.06214269271779,6389.57011353966,26.6139002562842,9.91396651677805,10.1109263211131,15.2273477421203,25772.7254580469,35558.825788455,975.991316204794,0
3727,16214,9.08430657568847,3809.73481889162,23.6964686854722,13.6880141747538,14.0621278268682,21.0522987724702,32244.1510525299,10983.5283548943,-1306.80016123117,0
3727,16215,5.31279567606651,4895.59206124092,26.4737063141991,11.792282082319,12.0824594184617,18.1277848739361,25863.3898904936,22383.1265415413,-374.764238538296,0
3728,16216,7.10984698456823,6725.86238412503,26.6283727061314,9.5927656361482,9.77498596699173,14.7316880942029,25783.1983055087,35551.2300760417,988.701245697521,0
3728,16217,6.37648935775342,3222.26591948784,25.358206133158,15.542179121679,16.0426712527008,23.9248807572624,29775.4630481439,17553.3415428671,243.136776016317,0
3728,16218,8.70644962929303,3741.14585489162,23.6964686854722,13.8569937629948,14.2407576416813,21.3135781012991,32270.1895152378,10975.6638307762,-1308.85468020156,0
3728,16219,5.29683836509223,2281.01775724092,26.4737063141991,20.0480493519254,20.8702568486977,30.9096635740725,25866.6688049023,22375.8489975674,-391.236841807388,0
3729,16220,9.08152355886985,4055.36877089162,23.6964686854722,13.1250048481977,13.467558432777,20.1819258003948,32250.9952990974,10973.3172511546,-1320.67018635636,0
3729,16221,5.76028838677106,2954.92525324092,26.4737063141991,16.6547520906433,17.2383456967596,25.6505426306518,25866.66122291,22364.5981458184,-371.241911317631,0
3729,16222,5.59269252712527,3327.99375506538,26.0559724848066,15.2781017474777,15.7684047382813,23.5179085981283,27750.6516160589,20769.8296932605,-281.099900104025,0
3729,16223,5.87081736836636,1411.96058767995,26.4432299493567,28.7361352341754,30.2550896335314,44.3989531390561,34956.185975826,25380.179006293,32.2770585267777,0
3730,16224,5.58577158723084,2068.16226421958,26.3927683559406,21.5244904841787,22.4563246902219,33.1995506732938,34988.4271789794,25398.4483802059,14.6572133933582,0
3730,16225,8.91476350180137,3517.89526204739,23.6662724791286,14.4443953901322,14.8620487083793,22.2219229645384,32267.0740861663,10972.6802475272,-1335.98609118112,0
3730,16226,5.58045332797808,4759.63625016655,25.9692838321091,11.9770674639923,12.2738267726225,18.412409225691,27589.6964329236,20792.3623319615,-318.81521954133,0
3730,16227,5.55842998270008,4248.52362575525,26.3441102754197,12.9549086987106,13.308187369798,19.9245554004041,25857.61992119,22355.8582155862,-414.832389516643,0
3730,16228,9.97026084200239,2320.55912293028,26.8640462274738,19.8649549274925,20.6784488339378,30.6270402042767,32818.1396932965,32405.8224260703,-1054.15288773866,0
3731,16229,5.44204623025615,4257.92306007203,25.4184459541516,12.855892891982,13.1968131759569,19.7696068925119,31671.9078139661,16847.5652231101,-126.170711459143,0
3731,16230,5.53483224391123,2029.714976791,26.3592230776912,21.81803326225,22.7718467720336,33.6548731311479,34974.732083639,25395.3749027651,3.57484060333724,0
3731,16231,8.99030957474525,3642.32013604739,23.6662724791286,14.1072668450407,14.5052029295194,21.7005214370382,32245.2416456122,10969.3799339335,-1287.49472534987,0
3731,16232,5.37995516621274,4707.42518825696,25.954450298672,12.0641076120624,12.3654331079158,18.5468813117213,27509.0219542376,20839.8943643735,-364.980817244717,0
3731,16233,5.62437523337549,5344.54649325925,26.2972921126678,11.1163962892257,11.3703169819421,17.0833567683597,25846.4578692966,22351.5227439668,-355.087759133899,0
3732,16234,5.37966707703487,4126.29142794752,25.4390572597074,13.1321922791343,13.4887994201471,20.1968010633734,31689.3185753871,16856.4825795652,-146.30557287173,0
3732,16235,5.61370692495028,2192.773454791,26.3592230776912,20.6131943814031,21.4758664477376,31.7857608605051,34981.5074732959,25382.6940440463,-15.2276652452223,0
3732,16236,9.1500424704952,4772.93674204739,23.6662724791286,11.7774875222353,12.0481787213126,18.0997637618842,32245.6678547818,10950.80167846,-1288.29355697398,0
3732,16237,5.53709547713615,3847.95808416655,25.9692838321091,13.8189763853657,14.2194460185577,21.2599975879638,27547.869811518,20820.0070376694,-411.96344781188,0
3732,16238,5.38491255449726,4316.87030375525,26.3441102754197,12.8163524850863,13.1617919020078,19.7103373905971,25863.097251008,22343.5430461907,-457.00727970972,0
3733,16239,5.42640645395283,4209.79625007203,25.4184459541516,12.9544563564921,13.3008903047499,19.9219759768757,31678.7123958795,16849.8771330362,-155.543810994601,0
3733,16240,5.59512785129597,3072.25608014654,26.2860560031842,16.1817810446721,16.7322897941735,24.9175562137881,35060.7266588623,25372.4660610984,-187.045252659252,0
3733,16241,5.37532613195501,3824.02840625695,25.954450298672,13.8763975841557,14.2801422158441,21.3487819498828,27505.9685881837,20835.4251813852,-414.765515781576,0
3733,16242,5.26134708592366,4430.68841071225,26.3231122320475,12.5923975124881,12.9251428837562,19.3640800720272,25821.7057425836,22362.7241542452,-399.418131205251,0
3734,16243,8.48530588094438,6838.0071874544,25.817099469006,9.45060388336813,9.62255717657267,14.5112757986683,36096.7417368875,28056.3447843288,-1317.21268676165,0
3734,16244,5.643610432238,5345.14828301695,26.3183538668636,11.1169716579345,11.3710461569061,17.0842798192387,35042.105903623,25385.0311009172,-179.250420670599,0
3734,16245,5.31813298542221,4469.80870025695,25.954450298672,12.4884112856702,12.8128197440657,19.2026329085611,27497.208078292,20831.2982087076,-353.232777659712,0
3734,16246,6.50060114119789,4013.50368828531,25.6726274324497,13.4017812719938,13.775582646343,20.6141402199505,23618.6538936264,21970.7763257449,424.259160722103,0
3734,16247,5.33314749266638,4646.27824125925,26.2972921126678,12.1962816347454,12.5070486011925,18.7517742867234,25855.0032594181,22348.4113161956,-329.176206589743,0
3735,16248,8.48335980363674,5776.7504554544,25.817099469006,10.5356413444589,10.7579735408546,16.185807996028,36113.7333139537,28060.765671634,-1265.96392458235,0
3735,16249,6.05150309625931,3667.93836872341,25.7293812796932,14.2542527396421,14.6786777396017,21.9327795617313,23595.7263580081,22197.7902596568,390.889987129974,0
3735,16250,5.70151206961094,6317.54489414653,26.2860560031842,9.96878638132497,10.1666524490432,15.3114977090613,35065.9341786713,25379.2442441518,-176.056825170064,0
3735,16251,6.12715388058483,6191.30899119734,25.3821441512808,10.0483371939401,10.2452118093191,15.4329725512548,36377.8314304251,24280.2377058451,351.110001523552,0
3735,16252,5.43680258118336,4226.17634325925,26.2972921126678,12.9970411878244,13.3523736169601,19.9896043014404,25894.6209878938,22345.8973419722,-439.459485737506,0
3736,16253,8.45864883640982,6431.1429154544,25.817099469006,9.82949554800858,10.0185373421207,15.0958791118109,36102.2302413678,28061.4515674362,-1311.43823331684,0
3736,16254,6.07414468139682,3769.80503761583,25.8276764972462,13.9997192306309,14.4097500928464,21.5392552723617,23601.6382836238,22200.7602831277,382.484415420506,0
3736,16255,5.45413330630471,6641.29027901695,26.3183538668636,9.65494341790364,9.83849978235738,14.8272178725899,35084.7077738548,25389.0965983947,-188.527010744473,0
3736,16256,6.26488763723331,3585.47411305988,24.6025808511209,14.3591002678745,14.7801109705378,22.0923057671107,36375.2021563373,24259.2188366776,405.628792868526,0
3736,16257,5.30500354184609,3385.17961125925,26.2972921126678,15.1256704333913,15.6085488357475,23.2825701853163,25841.8749208354,22354.3496159155,-374.930256721588,0
3737,16258,7.807535777117,7454.4336709067,25.9457112832754,8.95176389543458,9.10264805385004,13.7419941892452,35592.6023113199,24845.10370239,1107.1058380801,0
3737,16259,8.74464974362498,6244.5826954544,25.817099469006,10.0175729275072,10.2153007180507,15.3861251291658,36089.7793663033,28026.3281756983,-1249.97244784977,0
3737,16260,6.16337172512871,3196.03934495829,25.7788533962343,15.6808367470802,16.1941174055072,24.1406161718003,23612.0263146748,22195.9361060772,368.065990253225,0
3737,16261,5.40195004142737,3896.21775575525,26.3441102754197,13.7377718569176,14.136413226785,21.1352120207986,25860.804453514,22381.6935137882,-402.518529016429,0
3738,16262,6.13831579965965,7298.06320306906,26.109596622432,9.08064512650712,9.2377730653163,13.9409689704594,35633.4358527542,26610.6077528415,100.837030276025,0
3738,16263,5.90063156340634,5167.27767851133,25.3521858900176,11.3003769687486,11.5579039921949,17.365928347024,36387.3054674846,24280.9722751709,359.735574860734,0
3738,16264,5.48773776906423,3418.62799775525,26.3441102754197,15.0282020377246,15.5053828935478,23.1318272158597,25850.689639967,22355.9155999405,-368.055977884017,0
3738,16265,9.6373207162943,7675.53291450016,25.880064411722,8.78484899786458,8.92841970031572,13.4845144012902,35942.5939191588,25413.6572505433,241.926164584247,0
3738,16266,5.5675525133533,2197.43380034082,27.9887690444539,20.8722841578305,21.7749132137404,32.1933145246908,31360.1079733181,30911.4185795627,-638.738514107873,0
3739,16267,6.41500622362614,6965.81177878663,26.1020827478606,9.35373173116333,9.5227450462824,14.3622041036767,35700.8771904864,26623.9641594038,188.143459116674,0
3739,16268,5.67602030504069,3574.65483992002,24.7529430781034,14.4047952764612,14.8298515439731,22.1633557294202,36314.9838093655,18269.7207262459,53.3273185711333,0
3739,16269,5.22441774362423,3202.13444375525,26.3441102754197,15.7269687568207,16.2485112488955,24.2134959381977,25868.9948331106,22372.3031741689,-425.333851392469,0
3739,16270,5.19854911808274,2775.84784818439,27.9023927787588,17.6036840595255,18.266417445115,27.1246660821875,31348.8657334164,30909.5728079036,-638.265703115767,0
3739,16271,6.07996616987869,5029.65220385855,25.2773441766578,11.4974398259383,11.7645565375466,17.6701737907433,36395.8874982756,24287.5810882851,334.350074881457,0
3740,16272,5.92755081355482,3165.95829845771,24.6933265931551,15.6527026763814,16.1537525813644,24.0941887021107,36315.9106555777,18249.5252830787,35.55023658951,0
3740,16273,7.3115178961526,1433.48194253823,26.9133788806289,28.5391855786946,30.0495401435905,44.0951576770543,26022.9501753112,26819.732024341,1022.3858028346,0
3741,16274,5.91901686461498,3903.08041445771,24.6933265931551,13.5637061307861,13.939030217701,20.8623820491281,36334.9129220705,18253.3348119014,52.2780850984987,0
3741,16275,5.43020361658379,3098.51990668695,27.9706105404744,16.2894732813878,16.8630132815415,25.0887208431749,31342.0492388708,30892.8636893618,-675.391185240275,0
3742,16276,5.23596460240408,3553.90745668695,27.9706105404744,14.7994997157769,15.276104256433,22.7816437054862,31345.6260504523,30902.5075296713,-670.414882131148,0
3742,16277,5.74683525224091,1860.05878445771,24.6933265931551,22.9119342189005,23.9258594170394,35.3456371082808,36356.5522815563,18260.7845795636,46.0122955595841,0
3743,16278,6.76921584274793,5978.97033287786,27.7768243044716,10.4169521425926,10.6440047373047,16.0054631249389,31094.4299453701,31870.2250161304,340.93928896338,0
3743,16279,6.75413260756125,5458.73927148789,27.7320615931517,11.0552982728828,11.3143617981219,16.9912683122085,31095.2147809224,31868.9437685057,340.91097531416,0
3744,16280,5.5780241027556,2830.48292116935,26.7006148485682,17.1995930059399,17.8221963211537,26.49515695496,26345.8935305955,24083.9763670109,-192.356269637435,0
3744,16281,5.12086121438291,2720.22547360913,27.9756450634001,17.8708094234851,18.5530223606803,27.538863190253,31323.8809553999,30911.9032129122,-652.266093460752,0
3745,16282,6.04774119292504,4916.7835649664,24.1365121988277,11.5856631857736,11.8498092008775,17.8043762654391,36658.5096487479,15569.2177954448,193.563198674171,0
3745,16283,5.38056785246864,2809.03218868695,27.9706105404744,17.463973668849,18.1176599943499,26.9083495582196,31341.4910649421,30901.2888082195,-692.434484646134,0
3745,16284,5.56321419416797,2555.35615516935,26.7006148485682,18.5021690951669,19.2152908574845,28.5136623811774,26363.9942789848,24081.6052670529,-230.380449678,0
3745,16285,6.00971483210393,2464.06175254978,26.2040529077533,18.9147144753443,19.6514865022885,29.1515712713259,23346.8471970556,26530.8848321045,536.626928630053,0
3746,16286,5.86100366079985,5101.7358869664,24.1365121988277,11.3085815486373,11.5587873573807,17.3764632371347,36648.4298439905,15564.7258131893,205.395458914919,0
3746,16287,8.490632900324,6060.56664698558,25.7227651497155,10.2074900904202,10.4136188729387,15.6791077516645,35458.4150358768,30520.934196481,-1410.99987436994,0
3746,16288,5.59206748808743,2284.01520093945,26.7255676033755,20.072273401841,20.899372055628,30.948086729571,26323.9768601105,24104.7440727084,-193.683509025861,0
3746,16289,5.32839213099422,3191.73605560913,27.9756450634001,15.9535797192697,16.5048326788538,24.5685030912834,31356.7938748495,30887.574195101,-689.305952937794,0
3746,16290,6.30959746941381,2352.83045254978,26.2040529077533,19.5563944700066,20.3393413727801,30.1463742939135,23369.3814479067,26589.4996681059,493.351343830185,0
3747,16291,5.8040981478084,5598.7305509664,24.1365121988277,10.6445826047128,10.8624454083309,16.3513028223548,36660.0198029912,15566.6182435819,208.480238805318,0
3747,16292,8.3089214216602,4783.74145298558,25.7227651497155,11.9182878807517,12.2102844171635,18.3211347432504,35466.2105680553,30513.466873611,-1411.32141402668,0
3747,16293,5.87172503442995,2108.31645916935,26.7006148485682,21.2800378069489,22.1973529320963,32.8214182628637,26354.7827620552,24092.9541065135,-205.814001357298,0
3747,16294,6.22707398752553,1952.73365604121,26.2516099351452,22.4296382204847,23.4291160848803,34.6035164370988,23473.8930508819,26765.4629152945,691.489606848128,0
3747,16295,5.51092333143928,2921.02630618387,28.0089703459287,16.9891809756396,17.6104642061532,26.1727617818636,31354.6550294635,30900.0349734291,-661.386341766169,0
3748,16296,5.8254377584443,5310.8727569664,24.1365121988277,11.0158566221637,11.251616452379,16.9244683845002,36669.0371198227,15574.4107800164,192.090589177764,0
3748,16297,8.46816479843111,5871.67566573711,27.6432383783884,10.5331442478684,10.7652573245901,16.1846885452543,32339.9793564177,31041.0534844969,1109.07822353739,0
3748,16298,5.67341826424682,2655.35153493945,26.7255676033755,18.0036531807936,18.6819774719058,27.741106062819,26364.6355428033,24098.1479386581,-149.048476927002,0
3748,16299,9.69557951909289,4429.06139534845,24.6332418440672,12.4554031230112,12.7685799150934,19.1490167938165,36502.3087137113,18800.2583531308,-1071.91942619637,0
3748,16300,5.40282765042924,3985.12439218387,28.0089703459287,13.6801480261153,14.0880325539368,21.0495668205642,31364.202621103,30901.5215931329,-662.521241754639,0
3749,16301,8.42445957633674,5550.95507973711,27.6432383783884,10.9284287240845,11.1804769165738,16.7951621288693,32322.8955422914,31039.5410409242,1135.26869752031,0
3749,16302,5.74852544505938,2718.52476316935,26.7006148485682,17.7003788058383,18.3573537605584,27.2710687541765,26368.7979685032,24070.2519561932,-186.058566151288,0
3749,16303,5.37418749436839,3760.78958218387,28.0089703459287,14.2354434330525,14.6771446160989,21.9087517534626,31341.8734448616,30888.4515892648,-680.271557570739,0
3749,16304,6.16187821822928,2392.27710446905,26.2992924457036,19.3381578408807,20.1064510951207,29.8083292332707,23732.3511558991,26692.1310039791,397.890188967211,0
3749,16305,5.46810476123959,3661.44687502132,23.9443648443799,14.0865512196675,14.485740168541,21.6691619520275,37531.9326827818,18271.0773477989,166.513188893705,0
3750,16306,6.57144778444847,5307.95687015717,24.2436774028479,11.0272000596389,11.2641852173681,16.9421676144766,37086.7015447671,18831.1600059734,758.809859404047,0
3750,16307,5.48611312435531,4568.37405958616,24.3028963919346,12.1746844662486,12.4704929399319,18.7145934126839,35791.0098596871,15413.9512205855,-147.43127435029,0
3750,16308,8.26901620833455,5809.65532044897,27.5731540140938,10.6024159785757,10.8376087956663,16.2915569545927,32355.0582794779,31022.5896574559,1129.67688788984,0
3750,16309,5.43478215199356,2498.11070208546,26.6954516256644,18.805479237691,19.5401267332818,28.9838038974135,26374.2557965211,24091.0573526978,-174.494024046459,0
3750,16310,10.797879652496,5646.05201229905,27.9882554263854,10.8281736670372,11.0769939920983,16.6408341090893,31854.0845389364,30349.167273802,964.984173266444,0
3750,16311,5.73324307602261,3979.41397235941,27.2072089899613,13.6208724283899,14.0192260666641,20.9562206753505,32807.406061001,30469.8464503434,-293.952094349341,0
3751,16312,5.54465495532765,6053.12469358617,24.3028963919346,10.1319712022449,10.3268538215524,15.5604197390529,35792.3726136053,15411.0065613517,-166.690517941872,0
3751,16313,6.47546874205576,5298.19935215717,24.2436774028479,11.040432624503,11.2780661174665,16.9625986560149,37090.2542721977,18819.7744441836,742.418539166862,0
3751,16314,5.4746986751217,2692.97472408546,26.6954516256644,17.8192791220014,18.4844394963464,27.4552984329699,26337.8003087085,24092.2699793689,-173.045707713784,0
3752,16315,5.63606464877837,6987.75395158617,24.3028963919346,9.24491740966108,9.40062862220095,14.1919871837623,35801.2659373785,15417.2084061832,-163.814747518942,0
3752,16316,6.56347410712384,6031.99554215717,24.2436774028479,10.1512341742523,10.3466708053862,15.590054065032,37091.556549984,18817.9525528082,730.942245839332,0
3752,16317,5.39854237741736,2227.12482408546,26.6954516256644,20.4400336541278,21.2940536541023,31.5183575373929,26347.5910215449,24077.5289670508,-199.745998754707,0
3753,16318,5.53330843272782,6733.90430158617,24.3028963919346,9.46459161812461,9.62972216330611,14.53079512372,35783.2273239705,15409.3252590833,-180.580071113599,0
3753,16319,6.48731285459836,5485.26906439178,24.1566221544175,10.7881749552628,11.0130247302903,16.5729960416911,37092.9971719852,18811.3217331894,737.26097932948,0
3753,16320,5.32824148148563,3370.62664008546,26.6954516256644,15.2150888142469,15.7071336703203,23.4219482081296,26345.8116420437,24093.5993058591,-164.129713085852,0
3754,16321,5.64669395576783,6266.95310158616,24.3028963919346,9.90875995214948,10.0935048382985,15.2160010389719,35791.3826205418,15407.8253989133,-132.709989155252,0
3754,16322,6.55308757106956,5299.25660015717,24.2436774028479,11.0389967765755,11.2765598904128,16.960381703026,37095.9288834219,18818.843836726,778.374241090034,0
3754,16323,5.46542310078542,2988.33035605304,26.7263364405899,16.5554901276197,17.1349617781992,25.4974886357293,26345.4990759317,24088.9428008602,-160.723118516388,0
3755,16324,6.48064769400566,4825.60949615717,24.2436774028479,11.7373674890828,12.0099846912396,18.0388932354474,37079.9066905221,18810.2685763115,781.834748017643,0
3755,16325,5.6195354776297,4820.14300992624,27.9773600212098,12.0251882832835,12.3374687729689,18.4903382820048,30527.7017956889,28638.9851678663,59.0022251196172,0
3755,16326,5.48434387771587,3467.51901408546,26.6954516256644,14.9191545053401,15.392569932641,22.9638947799064,26356.1574961646,24083.4989608568,-185.179180932501,0
3755,16327,5.39485962790064,2259.12416758616,24.3028963919346,19.8042798411707,20.5810276598837,30.5240472359764,35793.7849401169,15408.3205804195,-183.112800345819,0
3755,16328,11.6668657750335,3994.52475063159,28.0687994236753,13.6634817557644,14.07080638685,21.0239051723226,30651.9766885098,30004.0102761479,-125.030151860689,0
3756,16329,7.85185148038454,5415.78525069544,27.6829815448581,11.1099128870477,11.3715237701555,17.0755573016596,28015.1518855894,30039.7335683993,1255.49749178159,0
3756,16330,6.70614375854608,4699.9279709731,24.2548263465706,11.944315899456,12.2277083728968,18.3585951951502,37079.2450323387,18868.4415491305,820.552550084766,0
3756,16331,5.32752291917225,4100.55411962987,27.8583522555113,13.4027116239703,13.7929411733777,20.6200916262496,30786.9375820071,31788.3058227255,-328.117462390824,0
3756,16332,5.72685074318611,4585.76014385927,27.9700324085363,12.433773530145,12.7687692696562,19.1219307600651,30543.1304827611,28642.126350275,90.8659569084429,0
3756,16333,5.59865771728696,2480.16851005304,26.7263364405899,18.9082925570315,19.6506524766314,29.1432829055913,26346.1337142008,24105.0473648847,-214.28801365941,0
3757,16334,7.56951149199902,5471.84142069544,27.6829815448581,11.0347288477324,11.2924555437425,16.9594184717346,28011.0419943917,30047.5137177158,1265.78622700862,0
3757,16335,5.40083952707511,3795.64820162987,27.8583522555113,14.1309300612301,14.5650361811747,21.7467037909608,30801.6568856702,31787.496736658,-339.842637335086,0
3757,16336,6.83127124129856,4601.1633869731,24.2548263465706,12.1132490731654,12.4054778877715,18.6195806553466,37068.6956909354,18868.5575859915,831.81730480735,0
3757,16337,5.81496833382531,4720.05686592624,27.9773600212098,12.1954633166967,12.5171655478971,18.7535378171895,30525.5198891382,28631.4825888277,55.0294559402303,0
3758,16338,6.89136725265481,4582.9699109731,24.2548263465706,12.1450716474949,12.4389751983677,18.6687462557181,37070.2982377714,18879.2890327946,812.890380727866,0
3758,16339,5.84283790415809,4303.28089392624,27.9773600212098,12.980085614177,13.3463805727652,19.9666759714414,30529.7431140052,28620.8043873729,95.3621025287914,0
3758,16340,5.47549830069184,2720.03051762987,27.8583522555113,17.8554485761066,18.5353705096105,27.514722436241,30819.1203603594,31789.5920648812,-367.169013486879,0
3759,16341,5.83163692941981,4269.40490592624,27.9773600212098,13.0498695931418,13.4202219852422,20.0745970053486,30525.2781816025,28613.7934348628,62.6070459504239,0
3759,16342,5.57085739947896,2430.45924395661,27.4582539130379,19.3035268545689,20.0828636280707,29.7583723155377,31423.7261460655,32568.3533888115,-172.236957495806,0
3759,16343,6.70527365623404,3201.48074151739,24.1680387816306,15.4685255365866,15.9529131933305,23.8077193532516,37076.9563110653,18869.8338737091,812.956510064366,0
3760,16344,7.50760735075538,4596.09106495454,27.7055423912493,12.3946174820389,12.7256803377788,19.0609190760938,28019.9120425507,30072.670326159,1262.39768991616,0
3760,16345,5.62992150756714,4006.18047593892,27.9798841988796,13.6283111315054,14.0328690801229,20.9693149717528,30537.8991051871,28621.9097275578,89.4066523323735,0
3760,16346,5.26067225080879,2493.56057306182,27.4220356538599,18.9427807402471,19.6955167880203,29.1989264928356,31405.4972759672,32554.6826135957,-160.482154271602,0
3761,16347,5.74002048280512,4490.57626793892,27.9798841988796,12.6115561020449,12.9566855555992,19.3968162680482,30528.8468417273,28632.048613835,73.1532479743155,0
3761,16348,5.33118437511291,3082.27150106182,27.4220356538599,16.2837478904115,16.8518022342805,25.0784472645032,31434.3528854274,32549.6036963084,-161.007869490789,0
3762,16349,7.62517041493452,5585.32277695454,27.7055423912493,10.8880174433035,11.1383457891551,16.7328392468505,28016.7273824568,30055.3858749011,1247.61577096555,0
3762,16350,5.72216530941888,4283.71114672546,27.432366222772,12.9748420430136,13.3370336179804,19.9575198178088,31550.9718843652,32512.9685553089,-116.865540663361,0
3762,16351,6.55802833664711,4471.25287198473,25.5082735205479,12.4492524912747,12.7683746892102,19.1412434807559,22830.3433158198,22275.5761945026,844.324557653004,0
3762,16352,5.53650118025785,4619.91293993892,27.9798841988796,12.3726062228199,12.7042247859409,19.0273846449559,30541.7299830036,28611.306942621,89.3754592062969,0
3763,16353,6.23821522371238,9255.95295633245,27.2835682000581,7.86406617824346,7.97606162674412,12.0665578255799,30956.5272316396,33294.6456073073,464.914263661143,0
3763,16354,6.59576480044635,4804.21991398473,25.5082735205479,11.868361192861,12.1562942204411,18.2436022072292,22813.0272944504,22300.154549427,846.000931432652,0
3763,16355,5.61074429779127,4777.86138593892,27.9798841988796,12.0965303316331,12.412762921539,18.6006152373703,30542.3174746306,28623.7966953001,92.1306738174627,0
3763,16356,4.20964023318725,8897.49124128935,27.121118029916,8.05438185468952,8.17322943922374,12.3597245069249,31287.031937698,32855.3828364056,-1242.56438878686,0
3763,16357,5.67026009853817,8251.9004845929,27.7778909894024,8.47067604732357,8.60888979304382,13.0022055055163,31325.9336138383,32484.4747594031,282.884947423955,0
3763,16358,5.65756141116824,4718.81031500269,26.6174493465531,12.0953268618608,12.4027305978091,18.5963382418268,33797.2921006754,25855.2241207906,-666.450564009878,0
3764,16359,6.03176537262588,9193.10254707526,27.3168935386715,7.89873103820313,8.0121888161356,12.1200157806303,30906.030117368,33262.7891910977,343.178202591897,0
3764,16360,7.68560056193958,4515.21159295454,27.7055423912493,12.5435789328858,12.8830252263405,19.291212146816,28027.9661321504,30054.0144525534,1268.9714492119,0
3764,16361,6.5131284632363,3899.23765198473,25.5082735205479,13.6511149148579,14.038060357103,20.9993623052335,22814.3989766493,22282.3576032911,831.772722674682,0
3764,16362,5.99649915663903,4434.54678953476,26.3031983628814,12.5834157931568,12.9155221194996,19.350157573233,34756.7317928991,28732.7887077869,750.852557227019,0
3764,16363,5.79474346307759,2729.52436076548,27.7616386991069,17.7975360764659,18.4723924505754,27.4246927908506,31171.4917081138,28038.0716672686,-229.974416550016,0
3764,16364,5.5421483710525,8139.7000405929,27.7778909894024,8.54426039456651,8.68555381604845,13.115675376714,31277.6028397168,32471.8766255849,361.277426902164,0
3765,16365,6.18711245473547,10487.4824630753,27.3168935386715,7.27949778255112,7.36976478911188,11.1658845779059,30880.5530296012,33276.8459503781,306.117427942834,0
3765,16366,7.63645264771224,6210.13431895454,27.7055423912493,10.1587074434903,10.3727701738747,15.606640873667,28011.0613586264,30047.2002131243,1246.4781564757,0
3765,16367,6.19141821786909,9728.59829928935,27.121118029916,7.61884442288541,7.72093958024568,11.6885151727428,30882.7641992743,33278.2012974524,303.838484595471,0
3765,16368,6.71022037698721,4033.18521571438,25.4483766437393,13.3368726099026,13.705206273312,20.5132919215814,22807.6175136255,22256.0812215611,833.16116265495,0
3765,16369,5.62701950238624,4221.61992559178,27.2336692394977,13.086901652467,13.4541540880751,20.1304193245646,32779.111466068,27282.0552680931,-530.603373310868,0
3766,16370,6.28066496076593,12510.0639650753,27.3168935386715,6.53594214125133,6.60080357117292,10.0208678211466,30853.9052348472,33279.0245350851,265.792351938162,0
3766,16371,7.55908551193808,7213.15430695454,27.7055423912493,9.22362436147145,9.39410612771319,14.1634873147956,28023.6304462885,30044.9763625033,1246.33067535318,0
3766,16372,6.53820165583384,3783.49102198473,25.5082735205479,13.9336465941612,14.337149605448,21.4363337360804,22810.7216989447,22261.9096845442,850.371160693759,0
3766,16373,5.71524755821002,7081.12269495345,27.6984029016156,9.33307344358275,9.50844794432101,14.3323475654408,28096.3280796152,28606.9636424512,-251.916478359364,0
3766,16374,6.547364094702,5948.74379521448,28.0133637205467,10.4651109561478,10.6957741791958,16.0801657167647,28410.495859599,29486.8167372653,-266.081314160204,0
3766,16375,4.6708312604961,6438.70753533716,25.7697058304895,9.81949560692224,10.0078395289064,15.080381642622,32006.0486029781,34510.0163869401,895.544800902181,0
3766,16376,5.67559745189234,4461.59319559178,27.2336692394977,12.6072847515039,12.9471475956099,19.3888271099667,32785.4892557941,27274.0497878164,-565.106826528662,0
3767,16377,5.97666947265352,8115.15010707526,27.3168935386715,8.54172138071678,8.68109103419822,13.1112568057763,30770.3716110552,33235.0253255111,296.280924052157,0
3767,16378,6.68807396560025,3282.00305398473,25.5082735205479,15.3630339444228,15.8536510645237,23.6479823165184,22825.0868768089,22280.4229531584,842.935509810494,0
3767,16379,8.99166602801296,5479.21014800368,25.6108973233123,10.8918288919382,11.1304312688951,16.7354341296545,35376.1447101806,30184.1462838053,-1181.00000238025,0
3768,16380,5.67146084050239,7956.05630907526,27.3168935386715,8.64927479080266,8.79315333786077,13.2771103379566,30738.85429644,33213.123645387,326.315970377262,0
3768,16381,7.59871917421356,4594.48316695454,27.7055423912493,12.3975331608557,12.7287594420792,19.0654265068813,28015.9751866481,30059.4600232655,1260.00535408306,0
3768,16382,7.90610879787029,6793.24435987903,25.5097968291078,9.47458737112909,9.64612148572566,14.5478653803385,35588.0233670669,30027.5857182399,-1156.32592535375,0
3769,16383,6.40577682195122,10621.4886470753,27.3168935386715,7.22282629253331,7.31106104557819,11.0785884822965,30747.8430437523,33188.2489867735,184.517023970374,0
3769,16384,9.70223659911784,11867.8365787316,25.5465179619945,6.70031586461028,6.76551297318797,10.2725250645181,35540.7060250992,29913.7822010325,-1206.34043805741,0
3769,16385,3.64926354497859,9362.6924806509,26.5873091514969,7.78357468472643,7.89002836779199,11.9418338973417,34859.7107758977,29810.0816037251,-900.466765608534,0
3769,16386,5.6794791786584,11433.0638184785,26.0754018108677,6.86885623962077,6.94110877373438,10.5324240895168,34577.8192677719,30191.3164005209,334.135867099817,0
3770,16387,6.83337606262371,7798.08809761858,27.1765307663779,8.75378707904934,8.90151580325485,13.4381271065168,30731.2441781087,33162.0404223929,183.875225685621,0
3770,16388,8.53200541981993,6671.09533760786,25.6219508374647,9.59095722467683,9.76821866095337,14.7275485911874,35650.0114036719,29960.0902682321,-1252.71534457209,0
3771,16389,6.99527485366724,8552.06010361858,27.1765307663779,8.25881769674241,8.38603201893213,12.6749207452853,30747.5370668839,33174.4090879101,130.275773556235,0
3771,16390,2.97497345573848,7760.24086601844,27.6898624343995,8.80294288321401,8.95488473468472,13.5145239749882,30843.5136476057,32633.1131251137,-404.885054688821,0
3771,16391,9.66609419590353,3404.56673444329,26.4948547778553,15.087699153379,15.5699380237431,23.2242796740675,33867.1804512611,31320.0756603194,-1088.14197140631,0
3771,16392,6.1281425525509,7290.91998040957,27.3624402211594,9.14475669173235,9.31022896168885,14.0413980189782,30398.0583626191,32835.420668603,867.038192288757,0
3772,16393,6.62774001609828,7791.52434961858,27.1765307663779,8.75845872590638,8.90638601406908,13.4453318006557,30766.7223436153,33187.5062320169,177.456291633192,0
3772,16394,9.40200620131172,2552.33674244329,26.4948547778553,18.4866510535179,19.1963638213038,28.4889729013535,33884.9777705058,31327.849810248,-1086.59043837995,0
3773,16395,7.04706499842959,8168.43326161858,27.1765307663779,8.50078264264657,8.6378947484145,13.0479769764938,30756.0853620681,33189.0385406444,123.429741319218,0
3773,16396,9.49081407051556,4541.37264644329,26.4948547778553,12.3995476032562,12.7227891260773,19.0663076989844,33896.2888016489,31272.8065304893,-1102.33742568502,0
3773,16397,7.86531193059135,4794.83689442301,27.3790488979504,12.0236672998257,12.3320905763775,18.4869465997336,32858.3863916277,30563.7086547052,-355.445913980614,0
3773,16398,5.59359019536468,3625.20243795629,27.8919735321776,14.5893328060049,15.0520878018579,22.4561722993294,32355.2999111979,29657.2393240956,-418.664188270549,0
3774,16399,6.63347090234958,10017.5159616186,27.1765307663779,7.48387395213588,7.58113659927824,11.4806106062135,30753.5617684093,33193.0977714295,171.19212365324,0
3774,16400,7.02462407792293,5920.69588442301,27.3790488979504,10.4606904911582,10.6878245033436,16.0724254509748,32794.5746885462,30474.9560404748,-287.746455173784,0
3774,16401,9.78886264057459,3385.51397885252,27.7525825670571,15.2842336114363,15.7898958615065,23.531523738966,28279.5578074987,29429.9620675584,-1203.81704250775,0
3774,16402,11.4247741826203,4965.15414795629,27.8919735321776,11.7833575485885,12.0818981487774,18.1164335134588,32587.8702368043,30172.492425407,-341.38863204675,0
3775,16403,6.3616336074677,11910.9149736186,27.1765307663779,6.72996435121174,6.80079449136767,10.3194636400417,30759.0177796935,33188.510631022,141.194873829781,0
3775,16404,5.30861849904025,8420.21269420122,27.222827280031,8.34165610171388,8.47240866423443,12.8026806941269,32703.7439321178,31430.851328293,-279.679028887043,0
3775,16405,8.73004101490659,7699.62437327191,26.3233702088323,8.78713370585725,8.93269803904071,13.4885631105298,30230.6045120175,35268.3865643382,-1363.87647091648,0
3776,16406,6.5645984221863,9783.62186761858,27.1765307663779,7.59411612356209,7.69547244774774,11.6504650648002,30772.2382325798,33184.139317076,146.272160556446,0
3776,16407,7.14289680545918,5151.07494390714,24.9758888289579,11.297243616044,11.5522526212622,17.3604375262387,36600.769772977,24833.7757720482,905.344803595884,0
3776,16408,5.09229610673689,8772.62825058053,27.5372569551048,8.14158808236066,8.26543280020402,12.4945735672334,32213.833123091,30971.9932419625,-1128.13483209187,0
3776,16409,3.11808384854361,11525.3166070135,27.6492232804158,6.87942820081708,6.95663927704522,10.549979754396,30843.7264951073,32630.5761088334,-431.748524215289,0
3776,16410,4.44834906192612,6428.32271622502,26.6522979371378,9.87743273478053,10.0728792563712,15.1710159793555,32619.1673457531,31697.6842907133,-1143.00730299195,0
3777,16411,6.75780589095977,10524.9729756186,27.1765307663779,7.25919582328567,7.34829268130446,11.1344890531894,30754.4450702123,33181.862380492,147.371257489622,0
3777,16412,8.41047570513561,4994.71848755802,24.7805659589694,11.5141089808764,11.7788719158686,17.6950354758193,36956.5858396498,25294.4594632004,-1405.74385452173,0
3777,16413,5.35060304833565,10687.9798330781,27.5473186752005,7.20211636036357,7.29032311927832,11.0468853738567,32067.8774223249,31361.770738017,-354.182771069021,0
3778,16414,6.59588766767043,9868.62020161858,27.1765307663779,7.55353579703595,7.65337863563503,11.5879395377582,30746.609632978,33177.2997796871,148.417244295067,0
3778,16415,6.48434885082551,8188.2014499735,27.4310865242646,8.49819056588389,8.63619831864021,13.0442579929543,32473.0266390201,30974.0121373471,856.29839958919,0
3778,16416,8.28076366453449,4355.17155155802,24.7805659589694,12.608484329829,12.9310446263651,19.3858915240325,36939.7279455037,25297.4346027645,-1455.56804352365,0
3778,16417,11.4994922916756,9433.8541343893,27.8525777916039,7.79110298287551,7.90224974464236,11.9546564823694,31420.6696849396,31895.9916215816,537.485387083176,0
3778,16418,4.47231691279622,11341.2927675739,27.2856226308889,6.93722380525214,7.01536273755942,10.638689940055,32104.5980641051,31421.2286643445,-315.216429906848,0
3779,16419,6.59329435627752,10020.3793416186,27.1765307663779,7.48255169109084,7.57976558307424,11.4785734416313,30768.8963512115,33195.5267354772,149.334200666223,0
3779,16420,6.34689654523535,8346.0617919735,27.4310865242646,8.3964945151263,8.53029548262868,12.8874523867725,32485.0174276733,30973.1514074543,830.305705272603,0
3779,16421,8.2723403776933,4396.62448355802,24.7805659589694,12.5290177214852,12.8472534975297,19.2630773259761,36955.80970101,25285.9205310768,-1429.89458640002,0
3779,16422,11.8460178854968,11425.6284015698,27.699357567699,6.91747186608285,6.99613410896009,10.6086059586066,31459.4439214002,31948.7768796623,506.612643392235,0
3779,16423,5.66088023530511,1728.03135610333,26.1886942955468,24.5624774810569,25.7297515310364,37.9140858313853,27931.3010448511,22349.1725838603,87.2420097635512,0
3780,16424,6.63965135973406,11886.4332309406,27.0645059850508,6.73537689376762,6.8060714273996,10.327709580672,30763.6351802893,33196.313464665,160.697839731195,0
3780,16425,6.58789192553311,8769.56900060035,27.4032894569171,8.13833151709104,8.26155201598377,12.4894166159464,32376.7260029241,30986.5180890228,865.756138231652,0
3780,16426,8.26479244067976,4056.51309137918,24.9730273921997,13.2413553468113,13.6005496429443,20.3645856279074,36958.0639357137,25292.7469444575,-1426.4758575793,0
3780,16427,5.34228128473987,2103.87883167668,26.3610534872938,21.2488050583209,22.1592776930644,32.7717291703235,28390.0737421559,22953.7123153168,-344.871709332672,0
3780,16428,11.1159271916581,10336.3247338641,27.773551989194,7.35921594862948,7.45381751895459,11.2890907572445,31376.7518680523,31917.0487067993,497.770224359712,0
3781,16429,6.58898538161869,10246.2230889406,27.0645059850508,7.37669656176608,7.46967287358448,11.3153930954591,30766.7071807545,33196.0621448777,173.683615038781,0
3781,16430,5.36669988613321,7056.30381909136,27.5586623032707,9.34743285522636,9.52283238395611,14.3543308983817,32544.8255225257,30385.7926614882,-417.239984527766,0
3781,16431,5.33921866504337,11446.1151208185,27.4809903546766,6.90379722058869,6.98135881749309,10.5873723487356,31805.4414178591,31677.7616015158,-342.865657277852,0
3781,16432,5.45204976657724,2425.26019767668,26.3610534872938,19.1577456106631,19.9137688521376,29.5288306461913,28382.3980240119,22960.2789412353,-329.498918776254,0
3782,16433,5.55333382585075,7712.37025509136,27.5586623032707,8.83193692983051,8.98458728173684,13.5590940395431,32521.8930955138,30388.7569987113,-410.212916583389,0
3782,16434,5.41407611442999,9249.55024481855,27.4809903546766,7.87446336420589,7.98755663836645,12.0827744254352,31843.5481842956,31654.4210605227,-340.377790880621,0
3782,16435,6.26682428575542,2192.48602806857,26.3938849445453,20.6214452138207,21.4851769510874,31.7986808175905,23537.0924233518,26757.3786149743,582.566054769798,0
3782,16436,6.97165634748403,5603.88109809937,27.3119292952509,10.8399387155847,11.0856490562787,16.6579813338348,30380.5292708899,32793.8833666688,774.693947266231,0
3783,16437,5.56604388332075,5673.93750881855,27.4809903546766,10.7622988220054,11.0050172793965,16.5383301125592,31859.9085812953,31660.4084539972,-452.691234066681,0
3783,16438,6.37837774736702,1876.74331806857,26.3938849445453,23.1326812755332,24.1891226106846,35.6952253969354,23556.9281048274,26742.0039439451,588.017350396453,0
3784,16439,6.86291292871992,3093.11412462139,24.5282113320367,15.8868358843093,16.4010322852065,24.4561464185589,33430.3092142912,14107.1287560643,751.28492285502,0
3784,16440,6.30146534332812,3048.04194606857,26.3938849445453,16.2852500789855,16.8435903198902,25.0780707573564,23531.4567301818,26775.4621036045,592.486090491435,0
3784,16441,8.47734797226225,2152.27849560695,27.4692401678443,21.10023525452,22.0137590564694,32.5451914896287,31632.6932652376,31899.239037253,-1303.72333459364,0
3785,16442,6.49934275046104,2982.55644038112,24.5254691173575,16.2940091292139,16.8341801901982,25.0864720652332,33432.9185417249,14094.2567914445,756.5372158985,0
3785,16443,6.19565149080814,2755.25032806857,26.3938849445453,17.4892525507336,18.128439433485,26.9430436859109,23548.8640736678,26757.4752752147,589.184360242046,0
3786,16444,6.69143106101869,3000.36956519371,24.4722250293812,16.2195662103969,16.7544042234263,24.9710696226481,33437.427003179,14116.5610742272,784.953238075719,0
3786,16445,5.90291985796771,1979.18624406857,26.3938849445453,22.2359286486235,23.2223954411255,34.3034597256612,23541.3290661439,26747.1433342086,617.186619319318,0
3787,16446,6.15133829261027,1918.70284806857,26.3938849445453,22.7545355473926,23.7813203472712,35.1082988941484,23526.1312248453,26750.855661908,618.509467972757,0
3787,16447,6.58821449091469,3240.30469238111,24.5254691173575,15.3832683289627,15.8658435489425,23.6767355312455,33441.5337533726,14112.3787519403,799.568109170248,0
3787,16448,6.09084759012945,1322.20492074234,26.7219523445701,30.3324034758271,31.9945367169983,46.8816215009363,23529.8267453889,26748.069689728,617.421965182557,0
3788,16449,6.5316271881877,2774.30061038111,24.5254691173575,17.1415144136389,17.7370648359806,26.3988169833266,33450.3625700972,14103.3898471365,762.716126375095,0
3788,16450,8.59619259327772,1793.32884981331,27.6046945213082,24.2068799471836,25.3666592173062,37.3677958534042,29708.8959170743,26329.8579369335,-1430.25150048305,0
3789,16451,6.62391211074089,3191.26198062139,24.5282113320367,15.5465944674774,16.0393739595906,23.9295139736021,33441.2701877637,14121.7056866,758.644502036703,0
3789,16452,5.86692052276888,2660.40990070249,27.8123105041271,18.1351804921537,18.8343696089436,27.9481552883503,30175.7119484445,26894.7060632261,276.941594123806,0
3790,16453,6.02526909942216,1787.11878565594,26.5773470062551,24.0379253608353,25.1689648864085,37.1012710995247,24175.4752895311,26248.4918088098,24.2065479143503,0
3791,16454,5.80507589762771,4188.40006979134,26.3264937431803,13.0785999954508,13.4387962471873,20.1157688486529,34943.1150861622,29474.0642191197,114.469595672857,0
3791,16455,5.75214557561463,2006.56382365594,26.5773470062551,22.047490898106,23.0219290166859,34.0117427188231,24149.138351269,26250.7720537715,121.851697379596,0
3791,16456,5.76474543172042,3386.04037616022,27.7458729929881,15.2818486140662,15.7872999877887,23.5278154614488,30786.7480720535,26669.9333822258,-709.320292553566,0
3792,16457,5.44399108698595,2888.46283765594,26.5773470062551,16.9380195567044,17.5416452982982,26.0895960996415,24188.4954548076,26250.9155155167,82.2309942246501,0
3792,16458,5.76505425936961,2853.39895472226,27.8090801376062,17.2485589181636,17.8857129472359,26.5741068564938,30731.8808106778,26666.2899425833,-803.826027459526,0
3792,16459,9.77819991046359,3527.27990446691,27.8237568964785,14.8617540169955,15.3410839021281,22.8776734589701,28312.467580839,28942.430917134,-1088.69695213974,0
3792,16460,4.76292327790733,3437.18550097428,28.0818530879938,15.1588979270244,15.6593093075071,23.3382534474415,29332.4910295539,29001.7537614588,757.875444706117,0
3793,16461,9.32695255724958,4904.5052449839,27.8651935933231,11.8784758951899,12.1820225841439,18.2633902548645,28341.1401010822,28962.7562963552,-1128.57871395517,0
3793,16462,6.12217939005156,3292.57385965594,26.5773470062551,15.4515160022943,15.9575402127965,23.7876461845648,24183.7298465892,26251.3244041937,83.5487328160841,0
3794,16463,6.03515937250506,5011.47817694401,27.4413758263785,11.6791292056815,11.9693034460233,17.9546070730276,27818.231959087,26460.9896363319,181.410553147563,0
3794,16464,9.24450789348185,5815.91346046691,27.8237568964785,10.6097873990292,10.8466813938679,16.3033084939635,28334.1576630459,28936.6351593691,-1125.67250144006,0
3794,16465,5.6560451047749,4101.23748939653,26.5306822017409,13.2841334310507,13.6576653328495,20.4340087016473,24030.7835664538,26240.7793215096,75.0921229094721,0
3794,16466,9.99671914015287,3910.01175935102,27.9149925566954,13.8510124537641,14.2685024495943,21.3137177869835,30859.7859300091,30703.3010838544,-907.92764615717,0
3794,16467,4.66385797450279,5056.25435579257,27.9829846068315,11.6477869135754,11.939554297022,17.9070781958902,29219.0626543022,29379.7404546871,-501.455831499145,0
3795,16468,9.73433540351613,6419.6958109839,27.8651935933231,9.95071934817561,10.1555732057543,15.2857786581873,28351.101797455,28905.8576003923,-1129.39508135494,0
3795,16469,6.02266381409942,4195.26246873976,26.4326125272435,13.0733730993875,13.4340493151564,20.1079015195699,23699.7648049673,26167.9265774205,172.200155154787,0
3795,16470,5.46674033705059,4360.74784168188,27.2970807371982,12.8082893713882,13.1599863268321,19.6997221331682,27619.2626618479,25999.8578728392,-248.402682155387,0
3795,16471,5.4835410003587,5559.03453299651,27.4913670028424,10.9085023360579,11.1586898926228,16.7641517674168,27276.7271504447,29048.333233112,610.341545289577,0
3796,16472,5.10944081098865,1666.28523568188,27.2970807371982,25.520031927665,26.7825691698653,39.4059212961678,27594.195499505,26001.5086525699,-246.49829615748,0
3796,16473,5.44308559894179,1186.77963872226,27.8090801376062,33.419457928937,35.3766925500613,51.6880465435312,30707.8152763799,26674.4032505894,-757.0200526181,0
3797,16474,6.65179539777308,3721.19122513142,25.0462609749092,14.0455426461191,14.4518048064877,21.6083485288765,35546.0025504951,21706.0956231421,842.146937637522,0
3798,16475,6.6446744241995,3483.26637313141,25.0462609749092,14.6944387742366,15.1395368502707,22.6121710349826,35552.8495441336,21696.0921086953,828.326200809956,0
3799,16476,5.76119562602547,2840.17245582128,25.5425787119736,17.0011248354965,17.5982983634228,26.1844003229472,34034.6559962026,21980.5988154228,37.6357961525406,0
3799,16477,5.80201809717338,926.210029774922,27.8186782491375,40.8547860467979,43.5026983348512,63.2592968592618,30710.0537569329,26683.0084286604,-784.859909327753,0
3800,16478,5.77993043345013,5137.53765605903,25.5605066094448,11.3579474964453,11.619705492211,17.4552062155979,34034.3693393539,21982.5386858617,20.5905981082077,0
3801,16479,5.36729561174049,3632.74419067626,26.661714505922,14.4441925100306,14.8879108031115,22.2287938955492,24365.9922182752,26011.8233364992,-13.8478550613033,0
3801,16480,6.10176613758561,1839.80493605903,25.5605066094448,23.2937362943407,24.3505275452904,35.9418076968442,34020.6325976749,21968.7159359019,63.1721901487085,0
3801,16481,5.82525157310317,1397.48513553602,28.0002861928784,29.4322730061565,31.0385993744518,45.4885811070946,30738.1454112747,26661.6324059184,-756.547254027371,0
3802,16482,6.72212192772693,2244.98822666495,23.9244209696134,19.8252678670299,20.5984774910149,30.5551936269166,30291.9672897086,13434.9100121966,937.208097606713,0
3803,16483,6.77787350258841,2272.52072666494,23.9244209696134,19.6520913335572,20.4129663957299,30.2867515972147,30260.1427798336,13432.8920697161,887.860166024668,0
3803,16484,6.3838457231625,2074.33021961901,24.3070435397547,21.0693215748731,21.9382288205502,32.4855679176673,26243.5832454329,17651.2398727896,709.911700427697,0
3803,16485,6.30562077741558,1345.53937290421,26.4307628154196,29.8287777620816,31.4416961730182,46.0972085514208,24940.8390830048,24103.5641727052,387.661252964608,0
3803,16486,5.85680425539292,1075.53864032331,25.3337975813666,35.1595686025353,37.2233610506831,54.3806774181654,29763.6641009782,19233.2365341283,179.699825865858,0
3804,16487,6.59087406032407,3738.81301361901,24.3070435397547,13.9254421149105,14.3184092076185,21.4208733813598,26222.1885328809,17668.3192837291,702.278592120086,0
3804,16488,6.04762355674151,2403.25578292875,26.3817035462399,19.287695631876,20.0533268754669,29.7303643261495,34933.3038351307,25263.4291628725,67.2920174777497,0
3804,16489,6.00814373733571,3711.48779566996,27.8072403872386,14.3458827621524,14.7928202140595,22.079219481196,30066.0207082548,25923.3926822839,-525.235755674644,0
3804,16490,5.66804298580841,1764.85827015837,25.3456406675063,23.978632908811,25.0861128649483,37.0040126752533,29766.9504161327,19251.2292415116,175.764725809418,0
3804,16491,5.99431154026397,1759.93653690421,26.4307628154196,24.2828125807116,25.431294067139,37.4808791223393,24922.9209448541,24091.1806296736,454.89154594994,0
3805,16492,6.40256847434337,3824.75846561901,24.3070435397547,13.7127532140297,14.09344020499,21.0919732865637,26212.3156446928,17665.8329607233,684.598909737374,0
3805,16493,6.10116106998476,2463.84930892875,26.3817035462399,18.9440848913966,19.6850262387921,29.197671141775,34935.0742647274,25263.0433271469,55.6029622577969,0
3805,16494,6.14337861155108,1915.92466890421,26.4307628154196,22.7868717723241,23.8167094417591,35.1586312841383,24928.7845265032,24068.691985745,469.29922934648,0
3805,16495,5.92380587583696,3471.82288966996,27.8072403872386,15.0245004482075,15.5140159271909,23.1295594308331,30095.0775536758,25934.7813339572,-473.018901817521,0
3805,16496,6.1690288499974,2959.74674415837,25.3456406675063,16.4893759762253,17.0506674119012,25.3912946885162,29773.8712720522,19248.0008498132,184.64334215793,0
3806,16497,6.22442976850428,3378.41647067952,27.086427145973,15.233783636734,15.7304497139891,23.4518331388229,29140.8972180658,24335.7747176797,591.170785648026,0
3806,16498,6.64203130683378,3141.34649928868,26.3356235255949,15.9378411924655,16.4729307469339,24.5399637083312,34925.4578558482,25181.9359195833,88.6952309336102,0
3806,16499,10.2511713631429,6260.30187633304,25.1095435348199,9.96148329860092,10.1529161667913,15.2985416589935,33599.5747731266,17029.4104196551,634.370359111335,0
3806,16500,5.93463551266287,2454.87886290421,26.4307628154196,19.0017713367825,19.7474138753647,29.2872546093406,24919.3846609619,24047.779530082,486.461773632456,0
3806,16501,5.54402428393148,2432.02563045406,25.4421473348737,18.9704238291074,19.7021165574875,29.235433176212,29887.128710533,19790.8142287648,205.85243590687,0
3807,16502,6.87767963779762,3742.64470345846,26.3182829447947,14.1176913672348,14.5387723912604,21.72285384459,34550.5099223651,24663.4711620668,964.723826460023,0
3807,16503,7.17459003545222,4801.22039645312,22.0255725837752,11.6022540451248,11.852509626053,17.8259313412669,35335.1472572288,10603.7007631753,1033.01274829599,0
3807,16504,6.36079377135755,2737.01810960746,27.0804277308899,17.6681339771284,18.3268814971297,27.2222070841438,29125.7924664816,24327.4968506041,625.625509994071,0
3807,16505,5.93535211985894,2469.62241623389,28.1045058682489,19.1813869830802,19.959096693537,29.5709922271958,29890.3507004248,29938.8773203414,511.98009379968,0
3807,16506,6.99138703094227,2955.69524643953,26.7425011491666,16.6862540769588,17.2746188047608,25.7000700193607,34560.4010739773,24663.4229042901,970.870956952331,0
3807,16507,5.28121477688594,3971.62103456262,24.7407504684561,13.4096842578598,13.7765945843063,20.6243359867484,34472.6312964337,16755.7428408567,-606.792110643379,0
3807,16508,6.09910952213273,1828.41537090421,26.4307628154196,23.5965720610941,24.6902278073069,36.4154700388052,24940.1458384054,24084.8726740955,474.74970152626,0
3807,16509,6.00178376935877,2037.42984045406,25.4421473348737,21.5753335814286,22.4980319610598,33.2748422080122,29880.3270891391,19804.2980410961,149.873669284872,0
3808,16510,6.84498866820968,4047.59467345846,26.3182829447947,13.3840769947642,13.7618058337588,20.5881267461322,34591.5444208844,24628.2064046274,945.48116687652,0
3808,16511,7.44732211949745,4799.30413445312,22.0255725837752,11.6052744673937,11.8556783092194,17.8305949394671,35351.0812499611,10621.2119880196,1067.74652546871,0
3808,16512,5.87096161239223,1775.06839890421,26.4307628154196,24.1268877835692,25.2628542852272,37.2387849061602,24944.278957965,24086.0197094997,389.210899428538,0
3808,16513,5.7511295416237,1906.04802408047,25.4755617607621,22.6707917231583,23.6777929158448,34.974667926718,29822.1238742662,19839.5183938705,216.62093308288,0
3809,16514,7.2741354328263,5022.50791546211,22.1476643126852,11.2764278311512,11.5117151511198,17.3231314408954,35324.2157966892,10630.5857030099,1045.38647034322,0
3809,16515,7.23591769945328,2206.6170796409,26.1977001052529,20.4894924372151,21.3408865055698,31.5933280734999,34763.1608280272,24441.7937341495,947.968265561592,0
3809,16516,6.25131980228041,1767.84387090421,26.4307628154196,24.2010188013121,25.342931103354,37.3538821025953,24938.7021882988,24082.6552006168,437.559371562398,0
3809,16517,5.31874402364843,4543.25143256849,24.9841450955382,12.2748619035397,12.5808402991598,18.8707180102823,34507.863005326,16735.2913184075,-581.333202106017,0
3809,16518,5.25987542663529,1456.04191143071,26.869778898053,28.1837145646171,29.6629141174139,43.5425010805739,30582.6878893022,24288.7542782448,-498.502951394707,0
3809,16519,5.89701161577236,1470.88034208047,25.4755617607621,27.5648482142442,28.9672594485723,42.5740874549971,29861.4992880769,19846.2306407145,182.314581585322,0
3810,16520,6.8353104754379,2838.65944841217,26.5645522550236,17.1461356505035,17.7637072729724,26.4119554146149,34767.3210548949,24443.6153458307,951.366054885064,0
3810,16521,7.45718548737495,3598.03606795401,22.0222682331118,14.0455360713369,14.4249270753385,21.6009318954324,35328.2099476995,10610.2394320971,1029.45782353731,0
3810,16522,5.35498453422445,4988.75987181689,24.9264994485658,11.533842424899,11.80056390927,17.7257775675251,34488.5949648984,16761.045097892,-634.328185163276,0
3810,16523,5.32054909574729,2065.92626999974,27.410303467426,21.7373459542986,22.6989815072047,33.5335450147518,30571.4337299157,24275.9718204554,-464.683746020901,0
3810,16524,5.97073117814696,1445.84997463462,25.7340196311701,28.006526301981,29.4507326682556,43.2616223194747,29917.0733947232,19872.8482151378,45.4818124359866,0
3811,16525,6.6864713512279,2548.79728841217,26.5645522550236,18.515689624664,19.2282413360972,28.5341981293686,34767.32450032,24441.6040311526,966.737357605909,0
3811,16526,6.10882302728397,3682.76959429816,25.1271163429947,14.1535033098894,14.5668336960697,21.7755277060182,23097.611455767,22008.1098957467,818.87017479665,0
3811,16527,5.24692420166364,5106.44478981689,24.9264994485658,11.358426890875,11.616215515224,17.4548438762507,34479.0413472731,16733.9430405273,-578.133641963457,0
3811,16528,6.26194429804369,2070.19897063462,25.7340196311701,21.3810395782356,22.2930808323547,32.9745417409711,29862.8229500101,19848.888380349,195.673660402575,0
3812,16529,6.76903749045177,3086.87044241217,26.5645522550236,16.1622472452221,16.7141542965933,24.8880452074579,34777.2243720575,24442.2015260856,928.436012600657,0
3812,16530,6.54088410189894,3272.49129229816,25.1271163429947,15.3494580276376,15.8356579070645,23.6259879120339,23085.9135559553,21990.677565771,822.744127464801,0
3812,16531,6.47374740485843,1733.75925725663,26.6937499291424,24.6206407984595,25.8003823041182,38.0065505709641,28822.4848530373,22665.9605647907,767.424856797131,0
3812,16532,9.56983514185522,4963.18868375675,25.1370329465456,11.5883982226615,11.859291239642,17.8104249760529,33563.6261983807,16940.4675565288,727.045507027027,0
3812,16533,5.56076890403982,1739.7147933027,25.6943233030237,24.3209295268674,25.4611105351696,37.5369184627394,29869.4935187653,19836.2397962396,204.038021598817,0
3813,16534,6.87327421454155,2880.99342041217,26.5645522550236,16.9673727332563,17.5728482267356,26.1350301149617,34765.18445065,24440.3690046695,966.967395185824,0
3813,16535,6.46333804864602,2999.25876229816,25.1271163429947,16.3087593254543,16.8560561907719,25.1110096098737,23098.8390669403,22003.4348897508,855.418777692848,0
3813,16536,6.71491252301082,1592.19815525663,26.6937499291424,26.2660753600617,27.5808236577695,40.5621400950873,28843.4411774809,22664.2265055218,750.962787464113,0
3813,16537,5.78269348316696,1823.83578824396,26.687948971338,23.6982213564533,24.8037502051487,36.5743209676461,34119.5011929733,30431.825765705,11.3172080111703,0
3813,16538,5.2934131782412,3706.11981381689,24.9264994485658,14.0722027704991,14.4790246638395,21.6493055103016,34471.2973247895,16718.9156988142,-606.727106237375,0
3813,16539,5.4979600761565,1645.12422683187,25.7384158308122,25.3791732380182,26.605435055859,39.1803029140391,29892.6207632012,19834.9591887639,183.552009517535,0
3814,16540,5.85894558720679,3181.43032424396,26.687948971338,15.8390443445817,16.3710284680897,24.3879015505522,34122.089912521,30436.3128594658,-11.7884297338896,0
3814,16541,6.30057668002789,3391.58587429816,25.1271163429947,14.9754108340937,15.4384143430442,23.047125985454,23107.0842588284,21984.8744523797,825.647616289168,0
3814,16542,6.71391581450997,1519.04980925663,26.6937499291424,27.2296722651577,28.625010659509,42.0591739518114,28819.203569499,22679.0963135876,786.531732585395,0
3814,16543,6.38866712721133,2824.14107038019,25.4838432095201,17.0610692809357,17.6616281252354,26.2770766703229,23098.7011396972,21985.2210365357,833.412041243272,0
3814,16544,5.66051591830818,4671.39816668101,26.5942790616479,12.1753532778684,12.4869604939833,18.7199758185351,35494.3673903538,26011.443420134,37.4459696074612,0
3814,16545,5.41961137986122,2978.60103381689,24.9264994485658,16.3616186579046,16.9102940232723,25.1922895652767,34486.9928835509,16730.9588705544,-577.757067275033,0
3814,16546,5.7715535292133,1024.44854263462,25.7340196311701,36.7305961065783,38.9465683366092,56.827306488513,29893.1398862538,19865.5690248727,189.046645014009,0
3815,16547,5.96646256330852,6206.76725609506,26.5706809333228,10.0993001401925,10.3047608288174,15.5133429912523,35508.1896649509,25981.3017377515,81.4299130158967,0
3815,16548,6.57894564834427,3325.99244629816,25.1271163429947,15.1784243712778,15.6539729299319,23.3612901103236,23090.0609167021,22013.3089504182,816.032573985227,0
3815,16549,5.66574173529854,2473.36050224396,26.687948971338,18.9397958230642,19.6839736881837,29.1919989525544,34100.5030956976,30428.4629597947,-11.9165867775055,0
3815,16550,6.79137048381047,1748.84706725663,26.6937499291424,24.4601252408069,25.6268837696004,37.7573004832758,28833.7141086873,22678.4433011213,775.951401035505,0
3815,16551,5.99703566695824,1172.4351633027,25.6943233030237,32.9680140291342,34.8426334112598,50.9741576349714,29837.1138600986,19822.199126668,145.607215232858,0
3815,16552,5.21697622884721,2962.70576571718,24.8279788039891,16.4099907386833,16.9607873948359,25.2669064438529,34490.4970800807,16746.9308933507,-587.470758679942,0
3816,16553,6.00110037074019,6546.1560555855,26.6699712200513,9.76341923944472,9.95366326646891,14.9950847988468,35495.6777606099,25983.5533165238,70.4677157155265,0
3816,16554,6.188830635182,3154.26075641844,25.1829506715926,15.7528319619188,16.2649882816625,24.2504938943909,23101.5130422558,22003.4975886939,821.467952789442,0
3816,16555,10.5329949759416,4283.8314016854,24.6419612149159,12.7363820143504,13.0649057484115,19.5832800959587,35558.5503593918,16884.8064486386,-1352.61180777929,0
3816,16556,5.42058020989454,4242.0244771811,26.8148296418054,13.0085952037429,13.3683365014599,20.0085028134725,24878.0799585712,26459.5437602585,-93.382368587059,0
3816,16557,5.47862595772564,3567.29647474403,24.7939171527177,14.4294663040213,14.856357370934,22.2016197698722,34459.4009581447,16555.2058406351,-517.291699454193,0
3816,16558,5.74739866325636,859.489755302701,25.6943233030237,42.347059029706,45.0867797324924,65.5685447200938,29824.694275558,19805.4320713252,192.265709551837,0
3817,16559,5.354962115929,5865.13435105475,24.8776429970961,10.3752018491759,10.5846035536397,15.9366881659409,34461.7837254067,16393.9542435005,-533.352623181862,0
3817,16560,5.75948505835367,5485.74808250216,24.2166644545248,10.7915611452455,11.016938633431,16.5783243077763,36470.597148958,17461.8311290605,-3.00820527390918,0
3817,16561,7.04710455835206,6426.30643741742,26.5684528304157,9.87492088265178,10.0698333108796,15.1670240205765,35458.3407028454,25559.311519739,1240.76232136098,0
3817,16562,5.49329103480985,5289.91890887089,28.1876562373323,11.3169710927948,11.5922911685539,17.3962367665384,31658.0663554469,28381.4001609444,-751.196249286445,0
3817,16563,5.71361180230815,2304.92304492382,27.2158251136566,20.0226226511623,20.8520053160398,30.872727907748,25939.4144029356,26776.0190648036,-94.4722409408421,0
3817,16564,5.6656765375288,1047.81812863462,25.7340196311701,36.0710632490589,38.226629990943,55.8011569521066,29862.3115428433,19839.7061368964,204.27678618461,0
3818,16565,5.7381051883025,5580.17354450216,24.2166644545248,10.6727380155516,10.8924209503267,16.3948965895621,36457.0185526938,17461.8344920787,11.3124503684114,0
3818,16566,7.87335697608515,6331.25152497528,26.6403175385172,9.97427622501525,10.1741935454729,15.3204668111308,35438.9349782908,25836.8770441165,1236.96884114859,0
3818,16567,5.28485467763935,6446.93313635459,24.834823388108,9.7603397084239,9.94122077377797,14.9877818993098,34457.0634544518,16381.5825671605,-552.283666842534,0
3818,16568,5.81567592776103,2554.62264545167,25.07333597893,18.2566630497235,18.9339945232629,28.1280587682364,27171.8731150586,18892.7633387709,89.4470212796632,0
3818,16569,9.17189273881184,5862.90399708776,27.3040430084852,10.5234794971518,10.7533161548472,16.1692681921268,34938.3891996492,26623.7633458109,-153.465802747886,0
3818,16570,5.28144082135441,4284.53605679227,24.971957863323,12.7636622400707,13.0961518816407,19.6261255093936,34456.2744973045,16381.7553174594,-551.184129895312,0
3818,16571,5.27860159338355,1884.51278292382,27.2158251136566,23.2372147952351,24.3136685412771,35.8607399225947,26031.3199034867,26785.0829847661,-57.7106136867355,0
3818,16572,8.36761604722299,5315.30829154939,28.275414282612,11.2868234574322,11.561051770884,17.3497954991861,31203.5554149604,27610.759681144,-103.409313920342,0
3819,16573,5.61748622067497,5958.05160050216,24.2166644545248,10.2304672504618,10.4293965766125,15.7122826375403,36446.6144342064,17456.1840052896,36.8465213710994,0
3819,16574,5.1935591102871,6119.02805305475,24.8776429970961,10.095391119256,10.2917405186221,15.5048412317595,34460.4100170499,16383.4677174378,-550.821305738222,0
3819,16575,5.59612586327255,2714.093741429,27.1614457448383,17.7859470550789,18.4537371052773,27.4050089620361,25987.3242769532,26758.9723862597,-134.396783096791,0
3819,16576,6.10339330814369,2753.35738663462,25.7340196311701,17.4051632941379,18.0315724891699,26.8108267613599,29888.0513219424,19861.6657919153,236.873187190258,0
3819,16577,5.81713234310511,3043.22588730889,26.1237920564952,16.2695717512658,16.8242502457214,25.0530668060548,24190.4957533517,23654.3660645175,72.0735291653812,0
3819,16578,8.0884771887146,5019.80747554939,28.275414282612,11.7243315111076,12.0219878872279,18.0258519935837,31175.6279008801,27719.3770709431,-83.0470664710095,0
3819,16579,7.35642156826062,2867.44438733693,26.9111103941795,17.0700904607979,17.6860300720174,26.2951201322256,29211.0771295247,23073.0373439458,31.4655634848954,0
3819,16580,5.62598958739869,2650.41595926562,25.0078001306911,17.7751186885405,18.418648547867,27.3817526495463,28001.3226710939,18173.728845488,284.366462311221,0
3820,16581,5.65933680248746,5532.33839565901,24.2954733294646,10.7376801079567,10.9609437566727,16.4952774129884,36439.1332159884,17446.6595317247,29.1652494043318,0
3820,16582,5.84361564029192,5250.07240304683,27.2389841792269,11.3108914704097,11.5803854346152,17.3853241734248,29155.7405621841,23242.0329972663,-40.3900508301855,0
3820,16583,5.25544659512238,5142.28779851621,24.9319325784544,11.3067963600759,11.562009794465,17.3751141034544,34475.6958024977,16397.5538205231,-549.27350974447,0
3820,16584,5.27078058711121,3172.59493588074,25.6813764468957,15.749693730743,16.2664467900599,24.2469569698704,26014.1457103134,20600.8709508348,-129.350601895309,0
3820,16585,6.16680496586114,2532.02162649689,25.1128878432377,18.3789420178374,19.065211036318,28.3176666263281,28002.4081109326,18180.9749863979,142.571446106923,0
3820,16586,6.04557015121532,2835.42347362208,25.9485806274131,17.076583153822,17.683073300224,26.3024541304332,29883.0786531853,19857.3634919093,284.980392435041,0
3820,16587,5.8894363218905,3094.63766113503,27.3508646331061,16.2293138728948,16.7930864206934,24.9939576146181,26073.3100224037,26760.2449002006,-89.3931989677516,0
3820,16588,5.48301171471767,3410.18873588246,26.5150314742078,15.0726753781787,15.5541473866427,23.2010748315573,24463.2916912884,24118.2478071074,67.6496209720801,0
3821,16589,5.72803586617362,5804.05113165901,24.2954733294646,10.4095403509278,10.6172424115357,15.9887718536757,36457.4216609242,17470.587119248,18.4811738019279,0
3821,16590,5.29771685678983,5993.72485451621,24.9319325784544,10.2341298621453,10.4372144760034,15.7190371279157,34449.9373647883,16404.6764144701,-535.410113752174,0
3821,16591,5.95681975728722,3742.35032649689,25.1128878432377,13.9981530959025,14.4021823450748,21.535204538895,28004.0058436123,18156.5756013746,249.300285196781,0
3821,16592,5.44677922733078,3737.06643373114,27.5157583507948,14.2497759232478,14.6884861385846,21.9298634276537,26527.3063452705,26551.0272108857,-149.243843226341,0
3821,16593,5.96457587907214,2964.13354606903,25.1223396194987,16.4430843895567,16.9990656455043,25.3189836660484,25187.1274793822,19853.7522269329,209.291936134362,0
3821,16594,5.69501167275894,3821.12781788246,26.5150314742078,13.9378159907283,14.3496941363231,21.445022666181,24458.3495939456,24144.0237374085,-41.7131745506183,0
3821,16595,5.90994800972185,3334.79694562208,25.9485806274131,15.2443372902737,15.7315410083486,23.4653790388256,29882.4185123886,19853.4043672113,274.370033450814,0
3821,16596,5.89747745937555,3270.33147104683,27.2389841792269,15.6001654269773,16.1216966801054,24.0194225708775,29462.6624412314,23304.2586234624,514.531117740979,0
3822,16597,5.07899618925929,5851.65715451621,24.9319325784544,10.393973870941,10.6045673318807,15.9657473952877,34456.6424827314,16402.3489597602,-560.713657130262,0
3822,16598,5.75232046029894,5406.74614365901,24.2954733294646,10.8990976722812,11.1301559107566,16.744474404381,36456.7609532361,17454.1835292007,5.03880736148985,0
3822,16599,8.3157112789165,4368.55093184323,23.7813296360483,12.4970122565081,12.8061129360987,19.2115737130351,35772.2123841588,32988.6514203808,-1400.73097609033,0
3822,16600,5.54808855658418,4148.98482788246,26.5150314742078,13.1790274116343,13.5463738845591,20.2714415375456,24451.9557276172,24157.7780789937,15.9084516669403,0
3822,16601,5.62450218067883,3530.39412849689,25.1128878432377,14.5668203076726,15.0047778943479,22.4148862973858,28002.1082389308,18167.5902338959,257.620878110847,0
3822,16602,5.75517583420862,4160.18589373114,27.5157583507948,13.2420489840316,13.6203498264611,20.3709137652304,26545.0123001267,26554.2030831056,-193.152306538784,0
3822,16603,5.99697518338783,3056.40046006903,25.1223396194987,16.0946620063581,16.6280802141766,24.7795148821196,25188.0185255836,19879.6387027661,247.889304207184,0
3822,16604,5.98299811793607,3532.59042562208,25.9485806274131,14.649844637548,15.1001407714147,22.5453525783047,29875.3570010683,19871.6525041894,233.63085787965,0
3822,16605,5.30108675779646,3723.85334769295,28.0704375489717,14.3386257214227,14.7871875360864,22.0685601664052,28228.773325119,26835.5001465277,-402.482870800722,0
3823,16606,5.22705597697142,4203.67183451621,24.9319325784544,12.9241879247523,13.2652692579719,19.8741750085227,34465.2315469314,16395.6006094216,-545.261088134894,0
3823,16607,5.60341157704972,3768.77201588246,26.5150314742078,14.0699448419899,14.4897451005402,21.6494258884558,24421.7372445864,24140.5656590228,-20.6102905223535,0
3823,16608,5.82835243830583,4728.86650108064,25.0533698794744,11.9582994433464,12.2479211070661,18.3817157917236,28038.897053537,18061.9831015391,308.499082791941,0
3823,16609,8.19609294757397,4457.03657255228,23.902158237921,12.3419900630673,12.6437428056441,18.9722896064168,35795.3218314856,32978.6923011761,-1508.17690764307,0
3823,16610,5.88257928416927,4254.33614165105,27.7191381223363,13.0595789026906,13.4286894396626,20.0891146172213,27153.0842636763,26300.13915008,-129.718329852983,0
3823,16611,5.22834615041741,4423.02466569295,28.0704375489717,12.74857151173,13.1021389440914,19.608841021058,28243.1127206783,26825.6632244668,-441.793129854981,0
3823,16612,5.94155190763755,5170.73981975942,25.5725685561895,11.3107749211768,11.5702004900528,17.3823662718738,28846.5333255854,18878.5965916104,-49.9439476574792,0
3823,16613,6.990683551849,2164.7792731213,28.2970266111983,21.1593800354805,22.0877557000101,32.639810480282,30822.0610990252,26026.418205002,605.672191298696,0
3824,16614,6.63269567458874,4145.43475278927,24.9131990507346,13.0441409397469,13.3917721064157,20.0595659737117,22946.8692137342,21131.4648948308,787.18713225503,0
3824,16615,5.57584836260039,4157.50888988246,26.5150314742078,13.1607369360211,13.527030678034,20.2431582278126,24423.3821628473,24159.4619988584,68.4341885084343,0
3824,16616,5.37617972375399,4162.70347451621,24.9319325784544,13.0094413687724,13.3552755424602,20.0059637039419,34404.5420578859,16468.5024013295,-605.172507832587,0
3824,16617,5.44210707964478,4958.79369965105,27.7191381223363,11.7812221653424,12.0785903846719,18.1128419588619,27161.8038795347,26321.8479112431,-97.8144174302644,0
3824,16618,5.4537119929843,4908.91822569295,28.0704375489717,11.8859803163239,12.1911997537935,18.2753369465723,28201.2304963926,26867.7476508522,-470.496561177807,0
3824,16619,5.90263500744782,1387.67648308064,25.0533698794744,28.6979956281778,30.1882339911916,44.3326125709632,27977.0130741127,18051.4593962535,287.012121435579,0
3825,16620,7.05360585453063,3784.60404171443,25.6799718734615,13.9478058084837,14.3535513157522,21.4586220526727,31013.7171759737,18819.9583653439,980.927790154552,0
3825,16621,5.22070509591942,3960.68394456076,24.9611769383228,13.4555712575913,13.8268624261963,20.6957725629326,34426.5020663591,16480.0796492789,-541.727112551561,0
3825,16622,5.73982683941914,4273.14538988246,26.5150314742078,12.919083040256,13.2715618163336,19.8695046122704,24442.7609243106,24136.8191353437,-2.41180181018442,0
3825,16623,9.39040274086703,3133.4937616859,25.9356817463528,15.917299516413,16.4472493075818,24.5071094126869,34214.9234724899,31902.7585407697,-1187.43525505965,0
3825,16624,5.52596028067725,4035.22149365105,27.7191381223363,13.537987391112,13.9352297916783,20.8290606897436,27170.3073462762,26306.1410184238,-121.698548754564,0
3825,16625,6.335453905693,3100.33137751144,24.7922129755151,15.8942307103929,16.4115354391924,24.4683202054042,22918.8830958681,21108.9708410808,889.831875450076,0
3826,16626,5.54532177329378,3028.6781927277,27.5497434330752,16.5021395195725,17.0859868182012,25.4170417427099,27308.9536662394,24905.8875180096,-322.825469796254,0
3826,16627,5.77491907249463,3777.60444188246,26.5150314742078,14.0474233091229,14.4658697876575,21.6145841506884,24418.8023785972,24138.6534554396,-26.0350791217548,0
3826,16628,5.20275303991572,4395.56234651621,24.9319325784544,12.5438116050586,12.8639556770241,19.2862453226239,34406.6775906366,16464.1464597479,-635.413013472306,0
3826,16629,8.67724287420261,2807.44080831007,25.7500034435194,17.1694118957839,17.7800603395957,26.4456722173519,34248.0655010593,31914.468700685,-1213.43423244341,0
3827,16630,5.4715999287955,2768.65537708262,26.4736006114591,17.4401097469734,18.0767728548915,26.867136328202,24416.2031535986,24118.8879680928,-24.1475445752636,0
3827,16631,5.31928019429598,3861.60805451621,24.9319325784544,13.6853638937262,14.0696400228208,21.0510438732036,34405.4145938097,16473.5995364832,-568.672701769361,0
3827,16632,6.25606943274044,2791.37291995958,23.9709530685768,16.9889897609868,17.5683379500937,26.1609181148784,36945.3602561806,17117.5568598901,211.535563838625,0
3828,16633,6.11883845639289,6110.07353021585,23.9424818203883,10.0498884000997,10.2390342352469,15.4332089961043,36959.0774734926,17094.0748016941,235.308822537545,0
3828,16634,6.41790996859374,3785.79743656593,28.356047783075,14.2036371121874,14.6460589034052,21.8602712818279,29846.1967573944,26324.9198167278,-1321.14572603738,0
3829,16635,5.75704112017615,5520.79078795959,23.9709530685768,10.7307794583787,10.9517515619581,16.4840829007725,36938.4048961325,17102.2230235655,231.583059854614,0
3829,16636,7.84781505581904,4916.96534656703,26.8950551543787,11.7887619009974,12.0814192915952,18.123081640465,35897.6073143213,26520.8314169113,-1496.6876111302,0
3829,16637,5.92881568471919,2102.66928791797,26.7381873125599,21.3292171682604,22.2507647899779,32.8978535466676,24247.9921170865,26893.9092310205,433.917352530748,0
3829,16638,6.41945453635582,3175.39258228488,28.3941333716756,16.0598444827342,16.6219020150349,24.7341153734319,29874.2564896675,26346.1914320899,-1314.93945418872,0
3830,16639,5.99777943578283,2763.44278418703,28.5289169482525,17.7452450324081,18.4242336949588,27.345801248721,29831.3554823746,26310.8973125667,-1412.97872898544,0
3830,16640,6.31730976348121,1497.45396891575,26.8703147511274,27.5802957537683,29.008212480247,42.6048036492559,24259.7918581971,26948.2245732578,463.506649940925,0
3831,16641,5.46351332080932,1371.94394258918,25.641560147897,29.135915466339,30.6744947822787,45.0162176802303,27927.0191960609,19132.3248223839,-139.720172203194,0
3831,16642,5.89865529983332,791.313394725762,25.3186307858642,45.119333971206,48.1140015078635,69.8822643464503,31735.9675693055,16615.7109805361,215.456374130237,0
3831,16643,6.20827401535346,2267.03174845361,28.5390491558199,20.492583421068,21.3729805207598,31.6060616445653,29857.0985391712,26312.0400075872,-1239.30598980059,0
3832,16644,6.01633241095779,2105.21961681662,27.1352485984033,21.3848791521908,22.3158521955572,32.9856438605838,27938.8309809199,22566.123333934,326.943052865578,0
3832,16645,5.53284985738598,823.559030099161,26.4401130405911,44.2766877463598,47.2191177741767,68.5781848012573,31522.220998611,32531.0665748307,-78.205214035997,0
3833,16646,6.1783691277952,1830.29108481662,27.1352485984033,23.734227441445,24.8491504035808,36.6320240423389,27976.0111615732,22597.6796226803,313.985836994658,0
3833,16647,5.93128437057739,1253.55392093031,25.361487486817,31.161281326106,32.8696800042815,48.1629663461111,31751.7541767613,16638.216840594,260.401963689476,0
3834,16648,6.09636388359578,1858.70462481662,27.1352485984033,23.4612797553237,24.5544070173107,36.2082676079483,27975.4438796168,22582.9280478115,349.011498015466,0
3834,16649,6.01564420762882,2039.30675010522,25.309235957346,21.5342426454457,22.4519827578168,33.2105857571307,31667.1363571901,16623.1902483414,228.808963982285,0
3835,16650,6.15910447942506,4316.55046674213,24.9923599766485,12.7019766875338,13.0312199420757,19.5308221678535,30994.7862284528,15742.2160160105,443.99168429568,0
3835,16651,5.98917963748038,910.749636816621,27.1352485984033,41.093567979783,43.748759805313,63.6267244158648,27968.4125474728,22582.7051184154,350.667444435022,0
3836,16652,5.8771776610197,3658.81005474213,24.9923599766485,14.2027412397244,14.6178449890733,21.8513739564711,31000.7679167246,15742.6945952614,507.234289487718,0
3836,16653,6.05831733443675,1357.56907281662,27.1352485984033,29.8416434338027,31.4684855598475,46.1207691058459,27951.6965914866,22592.7101549118,303.537466646286,0
3836,16654,5.88913364045975,1269.75117353118,28.6066841422984,31.9361603530868,33.7745863133993,49.385002234542,30731.6275973967,26691.9775741465,-692.294880958928,0
3837,16655,5.91354137503882,1907.91070881662,27.1352485984033,23.0066920590624,24.0637575939104,35.5025788177316,27979.6976843524,22608.6049973971,343.108120045106,0
3837,16656,5.34216700121563,1569.15960018414,27.2381048479998,26.7034894484167,28.0635754359422,41.2441286428338,25464.5067446857,25079.5055481775,-204.164649626391,0
3837,16657,5.80017994788744,1056.32682499845,28.6298577438894,37.0295138586542,39.3345227938463,57.3096388055753,30754.6488142604,26663.0146388961,-790.674709740544,0
3837,16658,5.9232497822418,1175.97834893031,25.361487486817,32.7654747322849,34.6151708358292,50.6572623444653,31674.0868673445,16631.9629323003,288.288268681183,0
3838,16659,5.54357076041321,4707.36673925943,27.3138833143386,12.1677112200184,12.4836157454602,18.7094651241184,33183.8213989214,29706.4581760009,-238.597865502614,0
3838,16660,6.16082791040453,2147.90600481662,27.1352485984033,21.0707766876469,21.9778179539838,32.4983169387407,27960.2592830684,22605.6881532376,330.828385699981,0
3838,16661,5.56893082253862,2248.19915418414,27.2381048479998,20.3945374605455,21.2518920447867,31.4496472395306,25455.0846066903,25067.9164787965,-204.106763479294,0
3838,16662,6.49935511822642,3560.77112899845,28.6298577438894,14.846838167291,15.3318020530334,22.8563968083268,30814.3914951203,26668.1673243425,-808.330860969916,0
3838,16663,6.10303662602654,1496.82820072576,25.3186307858642,27.1535352482617,28.5187865743009,41.9343110388121,31706.0984179306,16616.6664107123,302.053895299593,0
3839,16664,7.73545486676635,4070.51718084836,27.101679017741,13.4030626674706,13.7877712954941,20.6191074966925,35908.4419010379,26496.4210015339,-1481.98285969436,0
3839,16665,6.15427779533969,2861.96689881662,27.1352485984033,17.1229654283919,17.7447656822769,26.3776587023331,27964.6324078975,22596.9756980148,311.211837163944,0
3839,16666,6.92044107548753,4200.92457383049,28.6277753127612,13.2490031694668,13.6355899336897,20.3838403541247,30818.1069445533,26672.4377500355,-838.337794964864,0
3839,16667,5.60329653474535,2166.4184634517,27.2187889176594,20.9533112566359,21.8525038785844,32.3163745566248,25478.1664000157,25062.5275589781,-235.05181509565,0
3839,16668,6.12848251475514,1488.98694472576,25.3186307858642,27.2628419205598,28.6372034871791,42.1041197378654,31709.0336782483,16600.2290723949,233.035410796771,0
3840,16669,5.50034888142252,3479.19054526213,27.126501434827,14.9304252173748,15.4082377519309,22.9823555589865,32217.2174881304,30893.8963770751,-386.617238897782,0
3840,16670,5.61275474253083,3280.72510418773,27.7060799243754,15.618382481788,16.1452499170231,24.04877317274,28169.7399247853,28974.0817548595,-104.67521629025,0
3840,16671,6.40359168722533,3659.52402968011,28.7297179670562,14.5772946699731,15.0459585079114,22.4393756995776,31723.9425601033,27255.7661710493,-762.701634759185,0
3840,16672,5.51534164167626,1374.84087696708,27.3138064542785,29.6029455007888,31.2121873152677,45.7505816851841,25470.7431107043,25078.8870922774,-214.119003261583,0
3840,16673,6.05511872250693,2574.75117687933,27.2714787570749,18.4873422190572,19.2057373281773,28.4924235691013,27951.8773129159,22643.0235889186,343.760298503781,0
3840,16674,5.95566626392977,2012.40401732189,25.375624529555,21.7589388792789,22.6946131248557,33.5594240847246,31722.7749665805,16656.1167000745,205.39141528098,0
3840,16675,5.66016519346459,3535.69684276438,27.1976516264532,14.7722509129198,15.2407421123213,22.7377051464528,28907.5519142165,31032.2136786679,-93.3677773899881,0
3841,16676,5.90788187915912,2122.56386154347,27.3948557716074,21.3040077782941,22.2321418220575,32.8610899816862,27860.7662232811,22970.4491205292,478.972115657201,0
3841,16677,5.59545681353647,2599.83081262729,27.7488524273662,18.429000652209,19.1484201205985,28.4034155894612,28186.957006408,28984.3609232488,-98.085152830656,0
3841,16678,6.3660973077901,4576.42235768011,28.7297179670562,12.5091452602694,12.8533474948035,19.2398234038993,31717.8131524027,27202.3272358722,-827.651201308328,0
3841,16679,5.51934900480285,1579.10162829119,27.260531524546,26.5802937664938,27.9304133135822,41.0528264312431,25462.6084540743,25064.6509342059,-231.179889200668,0
3841,16680,6.09173525458899,1325.03863532188,25.375624529555,29.8470096010018,31.4416283779495,46.120024000936,31717.0972200151,16653.4399104663,191.561024271959,0
3841,16681,5.19627620258342,2330.99537591996,26.3210863283494,19.7087912918469,20.5042512889961,30.3830633908784,27550.1849440224,20451.9723041743,-332.255085281085,0
3842,16682,5.85505252020806,2688.49976527221,28.0173654332121,18.0277548453457,18.7214809587946,27.7822373182325,28618.5834031203,28408.0347394722,329.35484832355,0
3842,16683,6.13196051044738,2542.53360354347,27.3948557716074,18.6744224379274,19.4075441137732,28.7828042317704,27866.824413845,22948.6376427753,448.691518847948,0
3842,16684,5.54328814952879,2961.77090790344,28.1388943949821,16.8392053484894,17.4514797851131,25.9407452517352,28138.7888541856,25582.4635789033,-83.0496167973388,0
3842,16685,5.51744147916367,1851.91566429119,27.260531524546,23.5529622725402,24.6551926728997,36.3510992201483,25476.2546092961,25112.1047904105,-198.372056382245,0
3842,16686,6.16809399704951,960.442257321885,25.375624529555,38.527350057075,40.9008652883889,59.6208784536231,31729.8894406476,16628.0979117301,241.142787295785,0
3842,16687,6.68570658793777,4659.86457813244,28.7079008778756,12.3559488531433,12.6913000661089,19.0029200913193,31656.234975521,27236.2637474497,-787.79991457942,0
3842,16688,5.39966472320621,1874.31675398237,26.2509205735426,23.1240762452291,24.1777656873569,35.6812953173504,27551.6192397668,20443.6521660486,-294.415703519792,0
3843,16689,5.78361694360868,2128.48871527221,28.0173654332121,21.3747116019089,22.3161685408917,32.9729777270145,28645.4949228207,28413.0642544729,324.94191124268,0
3843,16690,6.03214668672451,2063.475195635,27.3692538324081,21.748620183927,22.7105889832724,33.5508917155691,27854.2739611376,22952.4001328291,474.605302445413,0
3843,16691,5.35871837175673,1114.75942541195,27.324569107678,34.9506047682238,37.037480277717,54.0673474483783,25482.1934800384,25219.9652630901,-217.725108566259,0
3843,16692,6.02636162990552,978.900045321885,25.375624529555,37.9388857516621,40.2579289792866,58.7051352165238,31724.9065563964,16635.6302278429,250.238220372294,0
3843,16693,5.16420642484867,2092.06578998237,26.2509205735426,21.3159593102596,22.2300533978398,32.8755055679691,27509.9965330244,20457.9057619348,-319.112751474675,0
3843,16694,5.50227959699678,2555.38723784288,25.0250913643051,18.2452905556334,18.9212724256254,28.1102815709927,25344.2386457202,18906.2847983344,159.971318278453,0
3844,16695,6.01014563786181,4320.83721584288,25.0250913643051,12.6963531624995,13.02552875165,19.5221968593636,25333.0693098565,18884.839836948,297.525212140524,0
3844,16696,5.97843324326005,2228.79004579496,27.973365375099,20.6529942620952,21.5387806343354,31.8530513846891,28636.1343685108,28440.4634690153,259.231972469532,0
3844,16697,6.20478588943932,2099.707965635,27.3692538324081,21.4702752800775,22.4108189875919,33.1189813184362,27853.3035634739,22975.9010493195,446.701593449936,0
3844,16698,5.44499034344648,2741.12795798237,26.2509205735426,17.5331666555618,18.1738420219513,27.0106634150246,27531.8569734213,20448.3395063299,-292.65057170967,0
3844,16699,5.46792152890622,1317.39706896708,27.3138064542785,30.6088155131658,32.3060257975049,47.3143880566705,25498.1584778448,25207.3524731337,-187.237979355537,0
3844,16700,5.83344748570737,1337.48332532188,25.375624529555,29.6311185935788,31.2071574857779,45.7844686831074,31715.5878409643,16647.7452398117,268.472402506829,0
3845,16701,5.94629089949715,3799.59192584288,25.0250913643051,13.8457003305072,14.2400608399082,21.2992144404576,25332.5962052758,18881.6795187435,297.062349503452,0
3845,16702,5.90830475317887,1745.287599635,27.3692538324081,24.654921532739,25.847628618576,38.0626034543666,27870.7904126215,22966.1130963843,423.650020206054,0
3845,16703,5.70601371492615,1246.05485496708,27.3138064542785,31.9813458242736,33.8000429936335,49.4486513252577,25495.1055652184,25202.9273895571,-184.360769322399,0
3845,16704,5.81880676773507,2049.85657247968,27.9166716473308,21.9607929485134,22.9463525271221,33.8821278716776,28116.4033815756,28141.8025235318,-264.337618591527,0
3846,16705,5.93354962561374,3505.12633184288,25.0250913643051,14.6292156674142,15.0701706638445,22.5112069475904,25328.0918078793,18905.5399055582,316.000246774007,0
3846,16706,5.65555411211798,4837.4746965104,28.078075135116,12.00363555836,12.3153573263377,18.457198349265,35163.3423272524,27001.0264660865,21.9256259242656,0
3846,16707,5.40233982022134,1893.64818047968,27.9166716473308,23.3007521879826,24.3920473837474,35.9620839715395,28078.9756747692,28169.3443577169,-300.379515948656,0
3846,16708,7.9678985705109,3718.12093896708,27.3138064542785,14.2798986302428,14.7188501819952,21.9760321353434,25668.5181697249,24880.3953743922,65.1312490655578,0
3846,16709,5.80761323565211,4512.46131844216,27.1089923430998,12.5016215100946,12.8347038738141,19.2252427552037,25691.9071337299,23834.4066446407,-44.8237945044112,0
3847,16710,5.59226571058031,5531.39202387574,27.9594126110214,10.9736184617439,11.2297368964775,16.8654471637581,35165.1889896947,27008.1066612259,34.8445794297776,0
3847,16711,5.51664783387447,2264.19971960876,27.2997821301338,20.2995883997765,21.1505989595531,31.3025808088676,25590.4678364269,24938.2936258851,-183.690926790954,0
3847,16712,5.34385022720413,1555.52705447968,27.9166716473308,27.0616918993094,28.46286443319,41.8037169618188,28065.2056484909,28159.9243322936,-271.297921317314,0
3848,16713,5.40225498767792,4337.52526039255,28.1522287365281,12.9248437719184,13.289136880207,19.8815778750179,35172.9615373138,27007.3237805135,12.3123574714884,0
3848,16714,5.17948980347264,2456.26643960876,27.2997821301338,19.1313595513309,19.8963618085867,29.4909228694924,25567.3901014173,24934.2379464644,-210.445515530479,0
3848,16715,5.40819844605724,2080.31853047968,27.9166716473308,21.7215233181111,22.6884933267062,33.5108026340913,28092.1905096452,28180.0251317612,-300.488718202893,0
3849,16716,8.43760455243993,6528.09256179025,27.2387020065087,9.81072467822227,10.0059322230339,15.0688561607819,35850.1826328918,26504.3471212586,-1489.30699785855,0
3849,16717,5.35830639478206,3690.96502335708,24.8650440790232,14.1052184826301,14.5134647414276,21.7002278446929,32081.2789012205,15176.4431644251,-142.663609834984,0
3849,16718,5.51937756367578,1888.87667960876,27.2997821301338,23.2147921692694,24.2906482248601,35.8262582349276,25570.6327067918,24934.3737233096,-199.791106098609,0
3849,16719,5.54680196658326,1982.85848379197,25.9169621485601,22.1083105101668,23.078277688724,34.1035895988467,35834.2756931685,21955.7818118655,-44.548664698184,0
3849,16720,8.12050520133701,2488.26754624527,27.5043236158636,18.9846292277147,19.7413146963909,29.2640632662418,28936.0838571192,22934.6703834471,-1524.21768407069,0
3850,16721,6.2777167948669,5379.23570890662,27.9107936402928,11.174378480169,11.4406324083897,17.1755013247584,29681.9459449791,23807.1801129442,-194.140811612324,0
3850,16722,5.48946926006834,3626.38594518804,25.055656317528,14.295890317075,14.7170804323161,21.9956137063086,32085.6292555641,15174.2826175175,-94.3038204224522,0
3850,16723,5.61539322558026,5665.31382696733,28.1431082422282,10.8133496227011,11.0622504811941,16.6181686750418,35179.6424989987,27006.0669547092,11.6658158878743,0
3850,16724,5.50972959897129,1748.4233797946,27.2057950144706,24.5836155328136,25.7680834536499,37.9511943973941,25590.3591611206,24925.3821007483,-247.009230312065,0
3850,16725,8.22345443346976,5310.91183463674,27.5289076945186,11.244228718604,11.5119376187089,17.2828063644682,28956.262446257,23102.3132224506,-1035.4805991213,0
3850,16726,5.41530605304933,2106.77846797333,26.0486569119224,21.1679841541339,22.0681994375851,32.6452051188307,35762.8396253479,21935.2705261538,-24.6842738869823,0
3851,16727,6.04919420324584,6976.62730690662,27.9107936402928,9.43277575814557,9.61363387363604,14.486454154647,29687.2091443301,23835.194796912,-228.843594176966,0
3851,16728,5.28187684930037,4193.1712703204,26.3520855391556,13.0707744294168,13.4307115425282,20.1037205771213,35114.925913512,21735.6127384082,-306.785289901767,0
3851,16729,5.44622520828026,4401.81127518804,25.055656317528,12.5423254635781,12.8632872928908,19.2841963922979,32079.2661718276,15182.8890277523,-132.075272428206,0
3851,16730,8.57875479264426,6780.48655463674,27.5289076945186,9.58843972384061,9.77470225274717,14.7261854610705,28924.0817466695,23114.5450551135,-997.755065219413,0
3851,16731,5.24083793390086,2083.0203457946,27.2057950144706,21.5663667561144,22.5121645462375,33.2674957110687,25531.6536608125,24929.348689304,-213.416931488274,0
3852,16732,5.93578468921958,6498.83931490662,27.9107936402928,9.87443475070854,10.0758777886311,15.1680855175728,29679.9372365023,23861.4938160754,-286.324266779331,0
3852,16733,5.55211995759175,3615.3632123204,26.3520855391556,14.4601792825837,14.9022980915559,22.2528207126217,35144.3608189078,21723.2865994881,-340.017778359132,0
3852,16734,5.50933532788097,4371.30526518804,25.055656317528,12.6007341450352,12.9248875515789,19.3744695102494,32091.3468450481,15174.0681264242,-104.960284430131,0
3852,16735,5.45775908628337,1960.9742797946,27.2057950144706,22.5548509374855,23.5773430352373,34.8015063289264,25590.4490257582,24952.883862748,-180.11392108979,0
3853,16736,5.63773816825997,12676.1690679176,27.2005050383414,6.4810096810068,6.54379718106706,9.93622137897581,36196.735646109,25851.8338347939,318.801786396277,0
3853,16737,5.45701009360359,4214.03828290662,27.9107936402928,13.1604558831784,13.5367986116633,20.2454977244632,29667.8740650241,23914.6996695722,-314.920239998931,0
3853,16738,5.43477674317444,3623.8872743204,26.3520855391556,14.4367954126676,14.8774864006164,22.2166388098144,35126.2974372002,21744.4510998671,-344.083499399847,0
3853,16739,5.3980298281827,3164.58882918804,25.055656317528,15.701615612514,16.2092869360057,24.1708728641589,32077.86793928,15169.1845495133,-126.793595102691,0
3853,16740,5.40054170137188,2677.33455944004,27.2519753757808,17.9731801297968,18.6550185820816,27.6954360508663,25661.9447654263,24920.0900567408,-224.71172976524,0
3853,16741,5.13448643320653,9565.97011195257,28.2563275331459,7.73757660266224,7.84801695186412,11.8725415373454,35696.4577256971,26416.1633883263,812.230883907354,0
3853,16742,5.8831737942536,3305.27619988816,28.4981510263117,15.6251140204031,16.1593335874444,24.0611006450958,30712.5975376498,26697.7324602945,-732.211207989672,0
3854,16743,5.2426935376429,15997.8949623338,27.4727610090336,5.64265037274773,5.68113821985532,8.64641745588756,35924.3470927808,26489.5992860684,332.392161640755,0
3854,16744,5.37988786468978,3932.92044490662,27.9107936402928,13.7952788008808,14.2093678627818,21.227481570757,29641.980257691,23898.5234026171,-317.937885911632,0
3854,16745,5.57044955696026,3492.8546003204,26.3520855391556,14.8076251510479,15.2711320093827,22.7904718108092,35118.5685783027,21747.2574396377,-314.880888864599,0
3854,16746,5.19010150284666,14144.8417760545,26.3879601909073,6.04874386216578,6.09626398003907,9.27042654160794,35925.6256354703,26483.8351505133,335.593427924595,0
3854,16747,5.54850844657574,2648.48049944004,27.2519753757808,18.113290510359,18.8049781139624,27.9125858910783,25670.308618071,24919.3685124995,-224.709968026702,0
3854,16748,5.24478937693239,3245.11588518804,25.055656317528,15.4304962607092,15.9210909261487,23.7512259817293,32076.1381491363,15177.0417070483,-107.935771269889,0
3854,16749,5.89742976124445,2819.60289988816,28.4981510263117,17.4872047098546,18.1477609745605,26.9457970872555,30687.301048988,26711.4094760098,-763.351357732568,0
3855,16750,5.05622302195476,14496.5078379176,27.2005050383414,5.97830953238912,6.02571549110364,9.1625994060828,36211.7183232826,25820.8190905134,309.589122336723,0
3855,16751,5.13874772621292,12157.8414532675,27.2941777552082,6.64961924083246,6.71812233618011,10.1958544737203,35925.8591994514,26484.7925328868,315.271850512219,0
3855,16752,5.58355219212319,2527.88814944004,27.2519753757808,18.7307101937523,19.4662815535837,28.8696264369023,25660.13450341,24922.3307319001,-229.696312767271,0
3855,16753,5.43311991673481,3204.01402690662,27.9107936402928,15.903117881632,16.4504577221132,24.4901943490261,29652.8559382885,23883.33012853,-300.104789723009,0
3855,16754,5.98086520226055,3327.27372963768,28.1242505700756,15.5115089264644,16.0350744120402,23.8842956296672,29046.7415360334,27190.2830833943,225.248090180792,0
3855,16755,5.43157145638312,2629.7217383204,26.3520855391556,18.0741725904305,18.753336168486,27.8492657495864,35097.5009842773,21742.1205217875,-322.840967897841,0
3855,16756,5.16139557515398,13022.026294661,28.0977248827995,6.39809416092851,6.46055564173091,9.80923368940416,35926.1537300144,26480.8132122576,313.908500796458,0
3856,16757,5.2005916764388,13566.7022739176,27.2005050383414,6.22085661829979,6.27551476405268,9.53581630975131,36194.3961120428,25851.8690131318,322.625935899717,0
3856,16758,6.16661050901017,3075.42844563768,28.1242505700756,16.3942265007918,16.9762108955006,25.2513697142492,29104.6095472656,27248.3780174705,169.616766850665,0
3856,16759,5.06764864442826,11273.6737612675,27.2941777552082,6.96288622446103,7.04193238063015,10.6782164624934,35858.0124534728,26468.6165557554,452.581809963738,0
3856,16760,5.25864901672609,2517.64605944004,27.2519753757808,18.7856615152489,19.5251759377057,28.9548149161249,25655.221940061,24938.3572083116,-224.559799090032,0
3856,16761,5.53089755633744,4593.06169090662,27.9107936402928,12.4159141561567,12.7495170796559,19.0942134333295,29669.8656951681,23885.1226088555,-369.68382291695,0
3857,16762,5.10978793219972,10481.4783286712,27.8758117807533,7.29927369676825,7.3920042184094,11.196833712024,35232.4366382424,26777.7870966202,169.173524190133,0
3857,16763,9.11848338421748,11356.8515420592,27.209403247311,6.92925442176401,7.00689698843082,10.6263555515246,35858.9554967276,25944.3867404136,647.36232987356,0
3857,16764,5.43232305053999,3557.31731144004,27.2519753757808,14.7157225371773,15.1811346865984,22.6503413802681,25642.2242454552,24960.4350783873,-258.677171536476,0
3857,16765,7.69570238425306,3634.70798300398,28.4378655621583,14.6173427810389,15.0862262224494,22.5007291006399,29802.7504439602,26612.495505483,963.701167122319,0
3858,16766,4.94571673506509,11067.0664983338,27.4727610090336,7.04738333999874,7.12989127056395,10.8084947204274,35702.5308860936,26395.7342614509,1193.59387827085,0
3858,16767,4.88884858242049,9170.56113763208,28.1654924639064,7.94108178547399,8.05918505382868,12.1861186979492,35694.272808398,26394.1277438904,1178.26199285989,0
3858,16768,8.55472080075635,8163.90785695324,26.3702262020786,8.47059589665057,8.60324815841185,13.000542426152,35940.5843735605,25936.6046559382,580.808698366838,0
3858,16769,5.41972379522733,3890.39448344004,27.2519753757808,13.8371806526362,14.2487891717925,21.2909280740072,25646.6100274044,24912.9379761795,-237.563371896105,0
3858,16770,9.47388336934807,4283.8162667325,27.950897727882,13.0178630023349,13.3861688141271,20.0250476040997,28283.1428566716,25131.1392036248,-1106.97985243343,0
3859,16771,5.01567287114456,12368.1643443338,27.4727610090336,6.5853194275893,6.65220254947489,10.0969978843368,35696.2143312465,26393.1396474183,1166.45052110083,0
3859,16772,5.32686219246503,3186.81796544004,27.2519753757808,15.8865926077341,16.4268759643683,24.462959154422,25648.9695673713,24939.6140599463,-208.455780595846,0
3859,16773,4.96515734918327,9482.27948235967,27.6661263028133,7.75988424066075,7.86918804071684,11.9063670999242,35272.2652713741,26782.2769504437,131.303395426502,0
3859,16774,9.34059947441549,3801.3587627325,27.950897727882,14.1251256017186,14.5595919178142,21.7379194035786,28282.2273475602,25133.9322739217,-1129.51497480505,0
3859,16775,5.76468526745863,2221.72915588816,28.4981510263117,20.7925552746531,21.6952876374385,32.071321421259,30706.0731183086,26682.8505649938,-764.311814873503,0
3860,16776,6.88838811017931,14212.6134403829,27.5601309371072,6.05744514453906,6.10803728691454,9.28459621517656,35855.462271867,26437.9220288155,-1354.65162864294,0
3860,16777,5.06417561269637,12220.3102940766,28.3305623131526,6.6557738560712,6.72729187918025,10.2061104070889,35295.5021758788,26072.0276791328,-22.0999697146011,0
3860,16778,4.94519436958105,9213.29329955072,27.7599850453633,7.90368829290095,8.01890077994495,12.1280889061293,35244.1378682688,26774.2551106417,113.823994812694,0
3860,16779,9.07474067922131,3548.1115057854,28.0098448160629,14.8202958891309,15.298536262836,22.813922445115,28308.6962786255,25155.8423485453,-1122.8271817032,0
3860,16780,5.29884478445891,1966.22836463168,27.3712594491426,22.543423642627,23.5672777323297,34.7843938696541,25674.282443596,24941.1025232043,-222.685361192186,0
3860,16781,10.8887468194263,2684.28396188928,28.4625352229446,18.1105471776946,18.8147588012107,27.9118388344904,29684.5352809601,25917.9471999195,-674.652283580673,0
3861,16782,7.75014160326832,11632.0693063829,27.5601309371072,6.83833930910862,6.91389425291607,10.4866361288338,35890.7233502587,26423.6949713222,-1401.19270498675,0
3861,16783,5.81604396974072,11863.1184684355,27.5526011291566,6.75657772020913,6.82934978437415,10.3607326921911,35584.1029805644,24816.301955025,-125.474625228454,0
3861,16784,6.81867200174119,3787.72844334953,26.197887826403,13.9907888894815,14.4032927988905,21.5262690002493,22193.8088128333,24890.2657876843,897.306892821105,0
3861,16785,7.97967712020431,10323.3650960766,28.3305623131526,7.38225195376548,7.47945146539385,11.3250664551373,35455.4721485248,25826.2110498849,241.356476708744,0
3861,16786,4.96248665345033,7840.86629206659,27.9124266386222,8.75481205224758,8.90558924845247,13.440539745568,35228.481712428,26784.5317560495,44.1159906926068,0
3861,16787,9.21662414221328,3746.58153673591,27.977417814832,14.2695852939078,14.7131470835805,21.9615177634658,28304.2100934685,25152.2235396422,-1120.85818221559,0
3861,16788,5.50234950126073,2836.80601463168,27.3712594491426,17.2621943015259,17.8959044966198,26.5940267661214,25657.1763503707,24938.8161473124,-238.030451267611,0
3861,16789,9.40218667159629,3386.53373466757,27.6559956518723,15.2705340198091,15.7744863851146,23.5100858066463,29155.3194295224,28893.2956522349,246.360359625233,0
3862,16790,7.73065256158015,11052.8295583829,27.5601309371072,7.05548725703262,7.13853953549191,10.8210482994312,35890.5847755866,26457.3323970307,-1347.17859217308,0
3862,16791,5.4611591074715,7842.85640648401,27.5489736222,8.73798485233205,8.8865671174747,13.4141789156008,35210.1206515253,24329.187450037,-164.471854559267,0
3862,16792,6.83843757301495,3687.81850734953,26.197887826403,14.2490111594077,14.6770198995668,21.925744801867,22216.4725525834,24925.4381124823,888.140572351039,0
3862,16793,10.6000949731503,9976.69788207659,28.3305623131526,7.54024453683213,7.6433688940988,11.5685078507696,35285.028674054,25597.0579272757,17.4461612417231,0
3862,16794,10.4772210710705,9743.8393765882,28.0036570534318,7.64093615685089,7.74681972872364,11.7233756247361,35074.5551020655,27245.7670108067,180.165577992754,0
3862,16795,9.36705495807273,3295.11461473591,27.977417814832,15.6009818757619,16.1291007093414,24.0224865174136,28259.5789808017,25153.7041316458,-1094.42768939189,0
3862,16796,8.27015482333604,5425.63843820377,28.5144573433887,11.1495125098448,11.4178552413812,17.1380212954635,31158.3196556142,27622.4749356547,-77.9120061666266,0
3862,16797,5.24283546967388,1860.96611063168,27.3712594491426,23.4907777545451,24.5896188443281,36.2549925366135,25667.9195185569,24947.0547366984,-253.318611212024,0
3862,16798,5.9166989947979,4145.99539988928,28.4625352229446,13.3544053828562,13.7460916219974,20.5465613479453,30723.4565844016,26696.8427002978,-779.933285663364,0
3863,16799,7.66582963031854,10641.1195663829,27.5601309371072,7.22200721764755,7.31096598340217,11.0775357557465,35880.2046293853,26450.3997934165,-1437.18007480366,0
3863,16800,6.27977873084269,7682.37497048401,27.5489736222,8.85340727487898,9.00694324330548,13.5921984828285,35176.8800227898,24309.7297083981,-240.49935292008,0
3863,16801,6.90469916459806,3395.18107134953,26.197887826403,15.0838163391904,15.5631868487535,23.2175470236054,22218.6168510633,24909.1138532366,904.171761074421,0
3863,16802,9.89975850262967,8418.29990806659,27.9124266386222,8.3699461139495,8.50449254513184,12.8470279332855,35081.6996761664,27244.4062019262,165.164397850326,0
3863,16803,4.90938805999921,9164.67734187154,28.333358111749,7.9502165461347,8.06926699096667,12.2003614149507,35221.1463308025,26812.0767373524,51.3402765089742,0
3863,16804,9.26691594725197,3425.86095073591,27.977417814832,15.1826594328155,15.6837148345659,23.3747973949291,28286.3797304808,25171.4834204132,-1088.18188678799,0
3863,16805,6.32802826012479,5709.5087276035,27.2632938339218,10.7050696053245,10.9437239356545,16.4496205158789,35178.4593834979,24314.3284081057,-240.367272670638,0
3864,16806,6.44795933542614,15059.355205064,27.6852367010944,5.85382520304816,5.89872612106853,8.97138824038366,35817.6996449191,26528.1248869476,1199.88432079409,0
3864,16807,6.00229090091671,6151.58592309745,26.7618598208552,10.1686587666403,10.3784036696821,15.6206776479373,35405.1827373432,29526.3560738819,406.612529658382,0
3864,16808,6.90556976833578,4193.71167534953,26.197887826403,13.0562052210333,13.4141769543544,20.0808809720035,22228.165174553,24902.5768467037,922.504548972197,0
3864,16809,5.73266618239127,11753.6625183064,26.4596666174569,6.76499369902043,6.83494123254814,10.3728290239709,35889.0467583435,26571.6780267573,1050.16448616508,0
3864,16810,6.58043223447099,8207.29770096915,27.3136301957124,8.48094795532482,8.61777876811024,13.0175431200173,34919.5328355969,23673.3206910802,-639.424544932268,0
3864,16811,9.50854374509665,3272.14149673591,27.977417814832,15.6776246823575,16.2107495156372,24.1411657699331,28299.2847738463,25143.968533604,-1194.46095288116,0
3864,16812,5.45922575218798,2690.35514063168,27.3712594491426,17.9277594739065,18.607674692414,27.6253907913901,25670.2070344766,24943.1135939752,-223.11605976882,0
3865,16813,5.32709793139168,13701.5823339441,27.6306625345381,6.19381572031306,6.24870718669786,9.49449662904322,35770.2245714887,26753.4577813397,374.175666815888,0
3865,16814,5.71694883667091,2719.46298304356,26.2405981271949,17.6309056167297,18.2781750219089,27.1620675466929,33430.0216186414,32052.0929814527,99.8109415701242,0
3865,16815,6.49646115269202,8957.09686411955,27.394128966722,8.0308976922685,8.14981296161396,12.3238020409717,34905.2853546498,23676.7728362807,-626.031170267368,0
3865,16816,10.3576116383872,15311.5778311457,28.0428425288166,5.80328208149213,5.84751856711533,8.89385060494273,35688.1242375911,25639.5400009692,-238.029155004955,0
3865,16817,5.78361226192533,2447.54190462002,27.329473580018,19.1854155033944,19.9546801862423,29.5748291677249,25653.0210976902,24933.8696594229,-241.221051499255,0
3865,16818,5.74320272156129,2681.24478822087,28.4133862025801,18.1184365191602,18.8227035395084,27.9239285452682,30730.2303015098,26659.2535105935,-770.109174424101,0
3866,16819,6.00422272325398,12128.5964596248,28.2538564558389,6.68442029098121,6.75669409786598,10.2501617890586,34936.4319445325,26273.685350988,-731.745822875128,0
3866,16820,5.83022198720877,2929.08442504356,26.2405981271949,16.7278478273333,17.313980074258,25.7631135801626,33423.9133194689,32068.1302103303,134.209888041424,0
3866,16821,6.08397539556612,8952.60356011955,27.394128966722,8.03341837394476,8.15243327408842,12.3276874153187,34964.0565578651,23694.0668734336,-598.730295797336,0
3866,16822,5.69503322528196,11768.098734043,27.1691537348269,6.77937246408539,6.85182809435964,10.3955308792151,35862.1135950874,24824.3708046075,-1394.34994569006,0
3866,16823,5.68172729312426,2941.13819774169,26.8712565674674,16.7611118299,17.3557718129716,25.816372452741,23898.1559775137,25221.3781156345,91.5176678410195,0
3866,16824,4.46697476250109,7087.08153225189,26.2506536435041,9.25855887054199,9.42406829482483,14.215577013947,36669.8833186349,26358.6038444116,768.133968179956,0
3866,16825,5.315603385876,2885.60341715522,27.3234016144613,17.0479900014849,17.6665599801589,26.2620203969147,25662.2200156837,24900.9628549164,-163.026956267047,0
3867,16826,5.59627250895725,8992.64470962481,28.2538564558389,8.04231358006781,8.16476364197809,12.3422528970612,34929.0244677576,26262.4154934934,-687.57620683402,0
3867,16827,5.56833350099378,8333.76841656036,27.4646800103641,8.40563157062656,8.53993845199009,12.9015762974858,35391.9015832161,24427.160642902,-128.971902287762,0
3867,16828,5.52638865245313,3838.94909731136,26.8680181890899,13.9273379687293,14.3413752638936,21.4295811761262,23923.3593431613,25207.7736037185,149.005333241492,0
3867,16829,10.2697939950757,4256.80655481543,28.5656689124773,13.1250961904127,13.5039314673493,20.1920673966847,31219.8548976758,26552.0347419749,-1184.32869421152,0
3867,16830,5.30571675500049,2644.65257862002,27.329473580018,18.1432869233889,18.8379197379564,27.9593063361681,25647.9213944097,24922.2322703044,-247.456177448552,0
3868,16831,6.49617620634341,4758.76399771749,28.6411697131527,12.1776377403832,12.5025283210164,18.7271354230729,31613.8929388931,26829.7619739493,1147.65443839432,0
3868,16832,5.63391637395205,6990.22646856036,27.4646800103641,9.39945857630074,9.57678875859175,14.4344879127083,35383.6332096662,24398.2222360635,-89.1372112599883,0
3868,16833,5.6050476231767,1973.65526131136,26.8680181890899,22.3785178348402,23.3826018501127,34.5265517520717,23915.5426116898,25211.2176025519,85.36806035375,0
3868,16834,5.81212251802831,3026.96446988928,28.4625352229446,16.6208428637059,17.2212896264388,25.6032874545063,30733.589605506,26657.1986241365,-805.389510404106,0
3869,16835,8.58338231952956,8781.02358543682,26.6166266725483,8.10194538512438,8.22079516727774,12.4325184853567,36385.3413956365,24155.3971540837,1231.63942386844,0
3869,16836,9.07088977086765,8150.72438701436,27.327175829484,8.51859010309325,8.6570370890692,13.0756000644853,35139.5603944961,23760.136486147,-671.266658085148,0
3869,16837,12.0163915096599,9507.92673679755,27.4667360886948,7.74000391297802,7.84786257100191,11.8755407771054,35792.895684485,25681.8582145901,-256.721331728869,0
3869,16838,5.21214445422161,4208.76286523091,28.516505082233,13.222822056744,13.6070829921751,20.3431298283208,30691.1825621385,26664.175598154,-769.597385347158,0
3869,16839,5.77581836999982,4839.52112419235,27.1356757905881,11.9316211723554,12.2334907327563,18.3442649057079,36257.2279867762,26219.0773828496,195.462954811302,0
3870,16840,8.16035030704031,8123.53427085477,26.6668659364085,8.50936031748605,8.64479358302182,13.0606396598881,36431.8198157306,24166.8846736864,1103.35833398955,0
3870,16841,5.02472983445843,4307.45901612339,28.4606742487879,13.011314674734,13.3827529872388,20.0158888548063,30695.1789017373,26655.6834970821,-723.090813334818,0
3870,16842,9.14851849796012,8405.35872331354,27.9836149915264,8.38085559719533,8.51612335786947,12.8639241077193,35016.9818811626,25339.2916843317,532.66831065997,0
3870,16843,5.99661889405785,3842.98406909113,25.30907868092,13.7671348611382,14.1592376963281,21.1783495658951,37063.6108628907,23537.6669921161,46.1104592762199,0
3870,16844,9.61251087728329,7498.82448982136,27.3603071848348,8.98222138893779,9.14054997846064,13.7906686677136,35207.7266883444,23793.4532854583,-664.251594856544,0
3870,16845,11.1720136885509,5877.60867805046,27.2585025939399,10.5035992430804,10.7322115658704,16.1385040138283,35753.3130083584,25659.0797919743,-235.26229308381,0
3871,16846,5.51502526153523,8675.03453575583,27.5901385855383,8.20093884565532,8.32736806846528,12.5861227664506,35375.6080404774,24427.9789036171,-72.3792973624047,0
3871,16847,6.93037140382959,10069.2225929361,27.7670515849335,7.47913895556279,7.57815092961095,11.4738490391046,34049.2377699607,23709.5569308877,610.226563630119,0
3871,16848,4.83665212856707,5156.7279944233,28.5549730885692,11.534822928312,11.8238840035356,17.7334436189481,31178.868366166,27195.7623160094,-708.174288810384,0
3871,16849,7.01450459211766,6663.66814094924,28.2264563167335,9.73178832630826,9.92797421995793,14.9483180004329,32688.0792681797,24326.318006325,110.833639358772,0
3872,16850,5.85582097594113,8927.17002016292,27.2179083359781,8.04121611173732,8.1598982725854,12.3395292175822,35682.2778654832,23964.7932206066,60.3431233230667,0
3872,16851,6.65164215671714,2874.45889689432,26.4746638046294,16.9827088288975,17.5883045540364,26.1585348426311,23411.7189746567,23213.310857864,875.354750842191,0
3872,16852,6.21836489221029,11343.8246788472,28.2813914572883,6.96428360087782,7.04624704880956,10.6811644089921,33494.580499904,24570.1113795675,190.778886282152,0
3872,16853,8.66198558828341,9760.45940908502,28.1701300505197,7.63835543433079,7.74469051536764,11.7195511387432,32270.4149811839,24194.0694612542,688.202705210128,0
3872,16854,9.97234192455472,4592.34216706659,28.5700367162345,12.4676904928482,12.8085010534005,19.1754429223358,31849.9745066142,26768.5326662288,1092.18988982518,0
3872,16855,5.73348426332743,8004.65232726448,27.8029886957747,8.63623350313909,8.78150846479712,13.2575379679827,35681.2240248227,23982.7792835176,61.0224476277146,0
3873,16856,5.95078744631889,7328.38316735487,27.1538101639604,9.10528699104432,9.26810865168986,13.9802580474437,35712.7030865072,23955.9632939523,55.0462663462201,0
3873,16857,6.58560407356611,2509.56764375034,26.5438817173537,18.7201405354042,19.4469715758976,28.8510407422716,23416.5080648474,23224.6722170829,896.418576796653,0
3873,16858,3.94839858625226,6481.80918171916,27.5608790258591,9.87287635398815,10.0725623480723,15.1652147471616,35572.2281017739,24582.9099462284,363.275318973922,0
3873,16859,5.40247448976578,5778.83383288946,27.7356312917146,10.6490955988052,10.8874926674621,16.363883346015,32823.8155598252,23338.1757155395,222.276867756424,0
3874,16860,5.97958065453114,7676.08560335487,27.1538101639604,8.84075679643298,8.99210188476263,13.5722310646444,35702.1071662492,23945.9325753588,64.6704284053259,0
3874,16861,6.37802065443515,3103.19036975034,26.5438817173537,16.1000908125373,16.6477290435203,24.7917401322289,23416.5006057782,23200.0671819427,884.095072437686,0
3874,16862,3.7362493437064,6357.56687758214,27.770639036977,10.0086132496054,10.2157737167859,15.375020378251,35555.9264496914,24586.2997834108,352.374008925606,0
3874,16863,6.00235253546333,2259.29925427902,28.5814012042585,20.5513793548594,21.4367392325058,31.6974162343995,32491.2220451113,25560.3922885336,34.4996380569395,0
3875,16864,5.86390098886016,6866.41746016292,27.2179083359781,9.49571468576087,9.67628786132705,14.5827004823613,35717.5129089297,23962.8516433991,86.7622031495259,0
3875,16865,7.45449323983641,4498.96168053889,26.5438450718219,12.4816775480024,12.8097990911394,19.1933511071599,24916.4679012801,31865.9950650775,1251.4716320368,0
3875,16866,6.69477295464047,2751.65540975034,26.5438817173537,17.5264424456656,18.1697664133331,27.0011018067196,23397.2186982783,23192.55879936,885.027658172801,0
3875,16867,5.63718951800061,2415.44156827902,28.5814012042585,19.5687400224634,20.380313910116,30.1731634316611,32519.1267117238,25631.1512743321,38.3578982696792,0
3875,16868,5.42905965271886,4405.09187178876,27.5201676809578,12.7392463380716,13.0885443949565,19.5933921751173,30381.7124207404,30555.5453050619,-762.554644305632,0
3875,16869,5.41868378383214,3995.41722792802,27.3869152713409,13.5999344935856,13.9983944406044,20.9242049049673,30380.197758291,30555.6618236628,-760.694026539229,0
3876,16870,5.63990141927749,6959.05119935487,27.1538101639604,9.41129894775058,9.58775015106972,14.4523658990432,35703.3921396163,23939.5645103612,87.4381093243533,0
3876,16871,6.57549583041935,2915.68303175034,26.5438817173537,16.8217366000442,17.4172033264906,25.9093797666916,23416.8714153424,23210.4655875373,915.247002581646,0
3876,16872,8.21299238153217,3010.05324412319,26.4284794647834,16.433714555309,17.0021827469512,25.3080825553819,24120.0725975859,32495.9329624189,196.011283989562,0
3877,16873,5.66581311400564,7135.57994015138,26.9834792413397,9.25349060216428,9.42210355963039,14.2086790986742,35822.4777310433,23704.5918906532,154.243096008175,0
3877,16874,5.50119767960841,3911.9008395607,27.3906203167517,13.797978981401,14.2082961479327,21.2305749249798,30336.1188138113,30551.6307815825,-711.105085711378,0
3877,16875,6.61070589507879,2608.55248775034,26.5438817173537,18.2074134783131,18.8980117115671,28.0563387774306,23420.9422195156,23199.1302829285,899.964026052586,0
3878,16876,5.98397411120804,5912.98355399892,26.8073028529766,10.4360750610238,10.6589703529263,16.0335814223247,35982.4080633339,23602.0591167984,139.637366521982,0
3878,16877,5.69303998744245,2360.46484507888,27.4635934868705,19.7189070671698,20.5287759313595,30.4025188367354,30372.9989153891,30568.5652442987,-746.694493196819,0
3878,16878,5.36142876519646,5222.57392119992,27.2496138576035,11.3509419630782,11.6225909953822,17.4472149317932,35664.7268461711,24360.3708879472,521.465193639662,0
3879,16879,5.92900364033503,8161.63991999892,26.8073028529766,8.49010365750586,8.62530762756103,13.0311048472714,36016.7671335712,23595.9949858215,112.773738375967,0
3879,16880,5.94470748531026,3895.89617076581,24.7033147159276,13.5815777312187,13.9580080757751,20.8900390416494,36891.5127896505,18823.7117873736,399.244645155416,0
3879,16881,5.74316607847549,4781.63330159154,26.7970217935323,12.0025775752343,12.306121098807,18.4533233483874,32981.0360493167,31382.3267488922,-203.725097064089,0
3879,16882,5.18243502045328,2916.91770760589,25.9845408574644,16.7433570189933,17.327927106369,25.7864198392799,34676.1520672573,19975.5423722816,-301.994850746663,0
3879,16883,5.15395993884261,6635.11352137031,27.6331269677731,9.72861607587689,9.92187211206042,14.9426529781115,35676.1756755175,24292.1639275362,674.53695396761,0
3879,16884,5.77770227771223,4475.48462633777,27.5306665758474,12.6046115262979,12.9463361695481,19.3852491104575,34359.2046395263,29058.5511285903,-14.9502678662502,0
3880,16885,6.16668641616761,3411.90329293083,24.5726454641979,14.8517697098393,15.3021327543788,22.8544134020868,36890.1634226865,18792.2149383923,345.512843340429,0
3880,16886,5.40770951182984,3729.62031275722,27.5538367860546,14.273068365603,14.7135105650717,21.9659891843917,35283.0061138457,24130.9947078422,-156.936362679413,0
3880,16887,5.53548338762874,4542.50502334393,26.829941570938,12.424017329754,12.7508879172141,19.1047587479693,32974.2103161349,31371.5861736701,-241.535072515748,0
3880,16888,5.23441387194986,2646.29790975094,25.9138569517081,17.9289281769378,18.5931647612878,27.6228595158154,34654.5244769451,19995.2569084918,-391.89770892355,0
3880,16889,7.30158464112311,5288.86639611655,26.9112799692081,11.2342491614991,11.4978342605591,17.2663946759613,34760.8725776739,29636.5682388583,-962.623457243223,0
3881,16890,5.67630345469875,7133.22516934393,26.829941570938,9.24811957873745,9.41580378521815,14.2002020122319,32958.4146309774,31369.4604551596,-186.598138769642,0
3881,16891,5.45169239357854,1803.88394253307,28.0515306271219,24.198941098045,25.3645030400589,37.357246571198,32944.2474099308,24202.5300291815,-189.827798892937,0
3881,16892,6.21235908666954,2654.64941293083,24.5726454641979,17.6901574366792,18.322968481673,27.2487683985493,36922.3513505951,18827.0997980814,348.510758327164,0
3881,16893,5.34910395939997,2140.99944375094,25.9138569517081,20.8941122935881,21.7719755841723,32.2198868295917,34650.2567987581,19979.3395361107,-323.986913271586,0
3881,16894,6.20020115856457,4853.2216483276,26.3247205013218,11.8495718424445,12.1418458696557,18.216043585142,31942.5540440413,33156.6170120359,591.663228732684,0
3881,16895,7.42621886261394,5484.83171811655,26.9112799692081,10.9684412215389,11.2184117709181,16.8558261465478,34737.6489717866,29650.2039613198,-921.436973045423,0
3882,16896,5.60741482631968,2222.71549754225,28.2358672060912,20.7402222475195,21.6358082941319,31.9892551638419,33039.2012915184,24797.7554672945,-197.234708272527,0
3882,16897,6.04312687394983,2729.60389093083,24.5726454641979,17.3455827123872,17.9552409785937,26.7150256863783,36896.7878380946,18798.9686068369,377.494412675656,0
3882,16898,5.38683587494094,2345.37869775094,25.9138569517081,19.5525242910604,20.3316490216776,30.139397313717,34652.898579504,19992.793189246,-349.863884885923,0
3882,16899,8.9841128053436,6910.78229859896,27.0842802044641,9.44996857040071,9.62784833905429,14.5119431381327,34510.2041032474,29658.438651371,-1127.10527675937,0
3882,16900,5.50333577576864,4886.15467534393,26.829941570938,11.8334079009248,12.128046124166,18.1919574851978,32978.5795804898,31383.4711426781,-182.451081138024,0
3882,16901,7.37718049102776,1999.95395265636,27.897721017954,22.3637643831169,23.3805849114197,34.5074916806855,29946.4746143426,27445.7499185344,327.040826772015,0
3883,16902,5.67524158395168,2533.08386354225,28.2358672060912,18.8513818456969,19.6064857580759,29.0596958440058,33039.8611606698,24792.419210789,-170.207648537262,0
3883,16903,5.31246928432428,7035.39281392082,27.5933662548143,9.3668999310094,9.54333534357906,14.3844109061565,33564.1894549392,29292.8229654209,-250.000276681513,0
3883,16904,6.01066433068471,2513.22046693083,24.5726454641979,18.3914312952187,19.07215293999,28.335252823082,36924.3010471896,18843.5039504174,375.912789647053,0
3883,16905,5.33034218758476,2028.38050575094,25.9138569517081,21.7402667086071,22.6820278326451,33.5325273451005,34659.8938831641,19960.3571962062,-337.036770647022,0
3883,16906,5.50088514532266,1465.21780223937,27.6841398164427,28.2777372946135,29.7788122313362,43.6924663859117,29753.1569061404,28365.685240033,-331.607538958786,0
3884,16907,5.47656463901977,2982.19400354225,28.2358672060912,16.7693667262906,17.3777983788945,25.8327999936263,33035.0211337868,24798.1193723118,-164.450171580334,0
3884,16908,5.14920736654536,6952.97152192082,27.5933662548143,9.43799899734362,9.6176631790488,14.4941178520626,33562.3485617721,29279.8510751332,-243.399674343203,0
3884,16909,6.00340244377854,3371.13067861029,24.5173304455551,14.9685960468616,15.425561918392,23.0350328406056,36894.6545402798,18842.4516157305,356.75364084684,0
3884,16910,5.40245541302883,3812.92541314963,25.8126181120267,13.8901029036822,14.2935140745696,21.36966575681,35061.3974226595,20142.1076823857,-245.368605094204,0
3885,16911,5.57239466214865,5182.34715613878,25.7601160528474,11.3071220392603,11.5675197788165,17.3770440929418,35187.0689693426,20182.0951722311,-127.031124578522,0
3885,16912,6.02015902715273,4206.62339893083,24.5726454641979,12.8862012599309,13.2224440754635,19.8147031389288,36899.2388566916,18821.8846115951,363.612760430362,0
3885,16913,6.32323456369971,6135.350271165,27.3115653612123,10.2170496611057,10.4319414625481,15.6961603586591,34429.4990359832,29094.2126224909,-137.074088999941,0
3885,16914,8.87120517765043,5165.30723653062,26.010529152803,11.3490209554739,11.6131057644992,17.4421868694942,35573.5313400775,30111.9157070401,-1203.89621796962,0
3885,16915,6.37066960227844,2550.55967776357,28.2111307842286,18.7540815125057,19.5018635286808,28.9087617405811,31445.752539027,27149.4165268016,619.405239295689,0
3885,16916,5.30123834365227,1460.39563754225,28.2358672060912,28.5055527371612,30.0354207198218,44.0491082624077,33008.685768472,24810.1753498516,-107.557475632451,0
3886,16917,5.5438710198707,5128.01105800866,25.5142730513391,11.3685745880052,11.6305870699457,17.4715408650626,35613.1461063489,19867.344896301,-145.175371754422,0
3886,16918,5.97757901490646,4953.54040086543,26.7059754958486,11.7172815486198,12.0049385149464,18.0123034719173,30376.9788515449,32878.288196779,436.000317592783,0
3886,16919,6.08812127722347,2400.64247223974,28.2274445068068,19.6005072148972,20.410443425201,30.2213303157068,31464.0779153067,27132.7036369641,599.488451068575,0
3886,16920,5.82507657710007,4607.83562603159,26.4601622093521,12.2768741692707,12.5931353378232,18.876634285276,35098.8482804926,30095.6352861295,352.548563883778,0
3886,16921,5.14366191271604,2199.70501173626,27.3349075232436,20.7405005544112,21.6250545680357,31.9866361355748,31710.5931701276,22292.1681873822,-229.590426139862,0
3887,16922,5.85256928707505,4260.86004803159,26.4601622093521,12.9395177363903,13.2927621537791,19.9009904756951,35092.8697828197,30112.0253869171,379.674362040753,0
3887,16923,6.09767528079834,4653.63438486543,26.7059754958486,12.2149897649579,12.529504351985,18.7814402412913,30364.226044991,32872.2159581575,401.082472521096,0
3887,16924,6.33128971773233,2121.49319776357,28.2111307842286,21.4624457012201,22.4131029122157,33.1097914333811,31473.215310636,27134.8095508153,566.160770891406,0
3887,16925,5.30326634831331,1780.14716200866,25.5142730513391,23.8636144287957,24.9646047218525,36.8261897501748,35595.903671697,19870.3787258052,-109.231756257506,0
3888,16926,5.85533604024066,7140.29700203159,26.4601622093521,9.22458758971912,9.38956150412603,14.1634374247313,35089.3883668008,30118.4819367769,390.389773882268,0
3888,16927,5.83256674616154,3864.30044776357,28.2111307842286,13.990810227619,14.4190421508119,21.5306348588879,31518.5947528084,27130.5182119338,545.110944491584,0
3888,16928,6.47752455102658,3267.99183973602,25.5302671260138,15.4112038597475,15.9050554251674,23.7225964028862,25523.6338717297,18625.3523511694,761.195707665922,0
3888,16929,7.31099399399522,6530.76082423916,25.7100748164056,9.72719688434381,9.91103562643241,14.9378765702969,34745.9758095816,31753.7506876477,1202.94925428899,0
3888,16930,7.8300720802708,3761.18115114141,25.3982488579164,13.978937838691,14.3842077437225,21.5061378926961,30022.5135840893,36307.9756110382,-1485.08065724677,0
3889,16931,5.90397714484973,7854.49005203159,26.4601622093521,8.68319037118592,8.8249771388249,13.3284371243401,35107.865097627,30131.5770702086,393.883374058307,0
3889,16932,6.19238935780093,2615.60245576357,28.2111307842286,18.4159230980869,19.1393394638203,28.3845024260228,31466.710331077,27134.5835542976,581.677901763294,0
3889,16933,7.24879722243745,7632.34716223916,25.7100748164056,8.80857006714551,8.95239462533796,13.5208885657502,34747.7975253851,31761.3751903248,1191.10303579638,0
3889,16934,6.29168468327483,3329.24351747859,25.6459253567543,15.2275372934505,15.7109286428002,23.4386168516665,30292.6772175339,17512.3774562135,432.726506120521,0
3889,16935,6.56704753052221,3958.79327773602,25.5302671260138,13.5136019052834,13.8927442581428,20.78675119041,25515.8153459832,18649.7489383722,752.989138237547,0
3889,16936,8.445535642704,1782.76282769014,25.9463974600887,23.9373009450298,25.0507760228605,36.9424143163472,21475.4598368812,26124.4058273915,-1388.26514602241,0
3889,16937,6.3575772565964,5388.23392746593,25.4910410703317,11.003770459757,11.2472251488536,16.9080967336062,30107.6377690237,36322.4636998323,-1425.53013863621,0
3889,16938,7.63033134317748,6866.07263167187,24.674580824167,9.36763985107309,9.53042335685902,14.3817656000268,35084.3751659401,31103.5210869605,-263.884070546098,0
3890,16939,5.90739474498445,7217.72150711243,26.5365186723373,9.1650288581891,9.32773668134183,14.0716585488938,35096.6420173212,30121.8051120226,380.013676438908,0
3890,16940,6.48969921038591,2860.61184126657,25.5969869378653,16.9227806420242,17.5152984228116,26.0632135677819,25535.8348636404,18652.2949262339,713.776137686726,0
3890,16941,6.20525467881783,3016.09691965095,25.6388942827045,16.3105287209931,16.8630933258952,25.1151685076653,30243.1959967661,17499.6894835421,461.729828220818,0
3890,16942,6.17334993011088,1663.58121765331,28.3332124776696,25.803634473906,27.1054890095108,39.8508447395354,31491.1320962075,27039.6276956788,384.045413960442,0
3890,16943,7.47851216113454,6676.76502325809,26.0009062853097,9.60551417901262,9.78528558051485,14.7505217183719,34718.9599465173,31731.2478328786,1228.74199420377,0
3891,16944,5.7543078361418,4314.10000511243,26.5365186723373,12.8380899253655,13.1861309700204,19.7443232618283,35100.9277817565,30118.9082098259,411.650537482067,0
3891,16945,5.80760663557372,1547.94110066051,28.3349516636046,27.2738654162068,28.69969616063,42.1352681555098,31543.182863696,26962.1679347327,224.503829736203,0
3891,16946,5.56932005517611,1590.12800156613,27.1434966819117,26.4087262230851,27.7426168865197,40.7857596963396,26333.241942537,26816.6098667036,-101.846868147053,0
3891,16947,6.14282184690298,2701.05904165095,25.6388942827045,17.6298385144318,18.2705013732348,27.1586143599518,30248.922646949,17493.9698851121,441.205524043383,0
3891,16948,6.73921062222476,1471.05757926657,25.5969869378653,27.5973426520194,29.0046418517833,42.6251724100633,25523.2268113417,18644.8971153735,722.579254455919,0
3891,16949,8.311297270469,2466.7930958923,25.9538900510624,18.8598618640218,19.589797464673,29.0657364785278,21415.9900136803,26165.4254575781,-1433.55512730121,0
3892,16950,6.03975606047771,4586.40744311243,26.5365186723373,12.3211949199668,12.6404029992616,18.9452787165427,35114.602958765,30101.9224637645,385.721817995846,0
3893,16951,5.82180560036479,4015.75783511243,26.5365186723373,13.4758882431851,13.8606219435653,20.7305723178067,35119.6295953273,30120.9414735921,382.873940444437,0
3893,16952,5.1737964236411,3654.6822261555,27.0453949213653,14.4232043671105,14.8687876801166,22.1971857130683,33220.1536933933,22017.7195286576,-777.755559896699,0
3894,16953,5.95940954855741,5116.59528911243,26.5365186723373,11.4567851226588,11.7296747415412,17.6095467635748,35109.5028746681,30119.566735793,373.706592639264,0
3894,16954,6.12528863498713,2042.59930061447,27.4720695465065,21.9330721679539,22.9106641853568,33.8375015965429,29992.4949238747,31577.1699848724,673.702762957796,0
3894,16955,2.96016174901073,1990.552071997,26.7595569345857,22.2154530049297,23.2053771885316,34.2730777480884,33020.5497529741,21616.3790101457,544.896391033621,0
3895,16956,5.76575327822568,5309.67520511243,26.5365186723373,11.1802960925498,11.438892847543,17.1824442374664,35108.6479621878,30102.1697579657,384.761822828547,0
3895,16957,5.202651939073,1726.03447229763,27.5654678811181,24.9089781333256,26.1253605743438,38.4579718067379,31086.0635258244,31158.4726343895,-428.498313274681,0
3896,16958,5.75652742176089,4568.34612311243,26.5365186723373,12.3537725868703,12.6747733321106,18.9956323317244,35118.3307466491,30097.2815535097,384.423748731208,0
3896,16959,7.93929234661291,3573.65352962234,25.9486445490638,14.5339125663574,14.9771206384277,22.3659681455351,21457.6167651759,26092.6099896743,-1460.21117817864,0
3896,16960,10.2228509890322,2869.55942008118,26.2161696202732,16.968720718107,17.5707301320941,26.1361384382305,22890.1657002322,32364.6450843702,-1064.35751157595,0
3896,16961,3.81768577885324,1902.35330564019,26.8567132069653,22.9981594085783,24.050630227927,35.4882500360058,36099.8565399972,26582.7817153053,-134.862779454392,0
3897,16962,10.0876347674274,6390.49905978839,24.4966864564483,9.79659914665007,9.97734168866516,15.0432369276181,35958.4668539054,16222.1459807279,-1007.86408424033,0
3897,16963,5.81807841595858,3585.30371711243,26.5365186723373,14.5625558069362,15.012496673944,22.4116608257301,35080.092618724,30076.2921700864,400.297734461103,0
3897,16964,4.68360033019625,4403.57891457127,23.8150512648523,12.4337896525212,12.7397725212112,19.1139532216903,36998.2860485752,16386.5459975511,901.545365534472,0
3897,16965,8.28686378694712,2512.15451162234,25.9486445490638,18.6137915657773,19.3262452599685,28.6843138467206,21436.4260060576,26097.0603869971,-1433.5088695851,0
3898,16966,9.97945692862304,4942.81434146171,24.4331077179979,11.567709190837,11.8329212476533,17.7771926841299,35956.4680879146,16187.9694124297,-1009.67643086163,0
3898,16967,9.85452282664761,4311.07716134507,24.874191000615,12.7025856120119,13.0309875386317,19.5315220684253,32757.1141664996,15402.8872704677,-1081.97042280553,0
3899,16968,7.53411681813434,3317.31358213644,25.8804271606452,15.2922007731423,15.7817941943907,23.5392914586372,34711.5822945245,31803.5697099491,1247.17500771366,0
3900,16969,5.41169034853087,3653.43673195981,25.2255213909912,14.2411080125065,14.6604858584372,21.911271190988,31762.5835987179,16324.5548370331,-130.534184749427,0
3900,16970,8.35944635477183,3937.75997594218,26.0337191760584,13.6098806287043,13.9985739175615,20.9367358702348,21490.6454689924,26096.3140679702,-1475.34205270212,0
3900,16971,5.63302293499966,926.799103901459,27.307913413313,40.5909782243393,43.2024772403871,62.8453971560627,30063.901528297,22381.3411657604,55.740147089023,0
3901,16972,5.40996340529228,4304.04071995981,25.2255213909912,12.7467406463798,13.0801727541159,19.6004873969251,31724.0090877313,16342.5814260528,-124.253920704562,0
3901,16973,5.95722820279738,4654.37591413794,26.1842741914431,12.1733540687687,12.4821170200876,18.7161315189354,22313.6195234643,24595.7363600892,535.185902237971,0
3901,16974,5.57576255205188,6448.35152362883,24.7677987119363,9.75527429403071,9.93558160222288,14.9798707828439,34708.1245780596,15095.8131394073,-339.877433647217,0
3901,16975,5.62021897483316,1061.6207905327,27.3139048907965,36.3468019793281,38.5616279266444,56.2396775932884,30067.1240473948,22372.4546327057,-1.21194522323886,0
3902,16976,5.43376270524458,6885.80506118845,24.7354207674762,9.35369182690971,9.51617044318845,14.3603344483857,34722.9770583288,15090.2740930797,-329.11733511789,0
3902,16977,6.19723047534018,4145.80979196846,26.2078516388348,13.1587867070064,13.5226936666808,20.2395155390441,22293.46249272,24610.6296957921,559.336489542566,0
3902,16978,5.4424243516123,2319.65960667479,27.2137641027776,19.9294017236618,20.751856312378,30.7281453881618,27199.289349887,25248.4893804447,-357.120655293129,0
3902,16979,5.96117624753397,4884.02148121317,25.7134102963398,11.7548432261974,12.0381460554758,18.0685888397333,32241.6368918074,17982.905936807,12.4821555027445,0
3902,16980,5.85730185416593,1127.89738780526,27.2691986530441,34.6028617248134,36.6569057152678,53.5260304232483,30081.7761251519,22357.2575163118,-18.8528631199332,0
3903,16981,5.71032928500511,5761.49326921317,25.7134102963398,10.5473966541285,10.7697183539898,16.203796117017,32245.8575084031,17970.9711899031,48.9852235840962,0
3903,16982,5.52100734174499,7223.26540718846,24.7354207674762,9.07422868248763,9.22478933982744,13.9293306953097,34717.1448553181,15095.8489247991,-319.036775799748,0
3903,16983,5.38021387653634,2268.62536467479,27.2137641027776,20.2558060179402,21.1025008459243,31.2343827708344,27190.4757703394,25245.5133667909,-357.482548610967,0
3903,16984,6.12042390816372,4872.60171396846,26.2078516388348,11.8096487458581,12.0990458176894,18.1541487002038,22323.7447584201,24631.2613737621,519.85507254721,0
3903,16985,5.56159222363233,755.837109278333,27.2737393116887,48.0607901568032,51.39066122755,74.4775023028914,30093.1634494341,22381.1602946314,16.7491967142815,0
3904,16986,5.52052763267426,7221.50332718846,24.7354207674762,9.07562897721643,9.22624857532764,13.9314900953068,34716.3762961882,15097.0469280819,-309.948817827735,0
3904,16987,6.98704732162451,3434.95273995457,25.4488960394186,14.8806309725611,15.3407101480346,22.9012616378878,25860.968007525,18480.2281822131,862.846440669441,0
3904,16988,7.51916245643034,5512.35965720436,18.432286293231,10.354889530704,10.5227395889117,15.8941035975603,39543.4267760108,12577.4291403456,1054.46611136714,0
3904,16989,6.05049043495991,2988.18930996846,26.2078516388348,16.4900664864388,17.0600843650477,25.3947550183067,22323.0083260437,24621.2706422067,556.636878057611,0
3904,16990,5.40718687609758,2455.00937667479,27.2137641027776,19.1249238870174,19.8884778070915,29.4806739548196,27191.9032384532,25259.450139214,-364.753848891184,0
3904,16991,5.61792683447214,801.97776190146,27.307913413313,45.753244750157,48.8593952535602,70.8836173392818,30077.3478420068,22374.7661151075,45.5319042528472,0
3904,16992,5.87637449170929,3447.06726721317,25.7134102963398,14.8736143305525,15.3356172971992,22.8910527461514,32239.2110405863,17964.744663934,10.6793959762409,0
3905,16993,6.83759077473932,4096.67985795457,25.4488960394186,13.1970067882203,13.5573663243058,20.297032521291,25848.7224583188,18476.7454128768,838.086404461247,0
3905,16994,7.34752348117015,6828.61139120436,18.432286293231,9.05903488079666,9.1760958749955,13.8967941048921,39540.4515133985,12576.2487650905,1042.59494562466,0
3905,16995,6.15063816690454,3062.43895596846,26.2078516388348,16.2084161761365,16.7599098999008,24.9585921024381,22300.0094777823,24622.768511696,567.356993176867,0
3905,16996,5.50674872704431,7859.64059918845,24.7354207674762,8.60430314425931,8.7355346539276,13.2047805832963,34729.8151959745,15078.5489792067,-310.198303266443,0
3906,16997,5.82306964583453,2516.43901357463,27.0849229553447,18.7665866142628,19.5028604452654,28.9247280072607,26658.9220404737,26490.8551585063,111.234625719505,0
3906,16998,7.49668367901303,6586.23728720436,18.432286293231,9.2639811001687,9.38865814973159,14.2125643898019,39530.7926529511,12564.5459842686,1026.05070485857,0
3906,16999,6.8705251778487,3685.82887995457,25.4488960394186,14.1783638390432,14.5958907508295,21.8147325488427,25856.57744732,18490.8695993594,870.833740009478,0
3906,17000,5.75451126292758,5907.55034443928,24.6960994173031,10.315967725074,10.5215664407032,15.8449815072518,36101.8646063667,16749.4351307206,-171.619775796442,0
3906,17001,5.27111420218914,6238.81333718846,24.7354207674762,9.96219265400476,10.1516727213823,15.2990871725228,34739.3732310672,15063.3240586889,-314.610582492218,0
3906,17002,5.69524019948227,1334.99056963836,26.3870141678942,29.9985315333403,31.6253761226834,46.3608647618656,22823.0083613171,25061.2502989192,262.84421716443,0
3906,17003,5.49858346006919,1705.00119206309,26.3521104697515,24.8518129035422,26.0450191547642,38.3640686685392,25251.5744067725,21201.9074903765,-102.978940930496,0
3907,17004,5.91518994092774,3781.04456168014,27.4078831098889,14.1252061061013,14.5554476739667,21.736878764805,35101.8904309128,23698.4677022687,239.927059568451,0
3907,17005,5.46850865747128,4190.86593043928,24.6960994173031,12.9296680945071,13.2692594577903,19.8821513801246,36131.1207694013,16778.5402550032,-146.804621477697,0
3907,17006,7.42708060547787,5818.36687520436,18.432286293231,10.0087758807734,10.1624597781531,15.3604709635335,39544.0601038341,12563.419074848,1017.16390657643,0
3907,17007,6.73864805624543,3502.41837795457,25.4488960394186,14.6828589221104,15.1308206628262,22.5952372158628,25870.0667155851,18474.6074236735,863.982015959079,0
3907,17008,5.85764863576325,2253.20628757463,27.0849229553447,20.3347520885461,21.1857575316481,31.3563961649351,26677.3425681547,26478.5791470978,84.3255990636489,0
3907,17009,9.00402038577867,4706.07185897403,25.7436394466511,12.0501774529006,12.349343624928,18.524965874436,22635.6426559707,22316.1327431611,-1231.78670836075,0
3907,17010,5.52527632054373,5128.45584431229,14.9688689963652,10.5520963977119,10.7007921219903,16.190610814926,40109.3430103692,11950.9692343415,38.9028057554625,0
3907,17011,5.39925382965207,2005.89028070383,28.2331995953576,22.3801097172751,23.4026325881172,34.5340832732384,31396.4353079744,29051.8848888254,-717.55720312551,0
3908,17012,6.15629672800571,3646.54478079057,26.9081578805783,14.4315123835208,14.8764834523973,22.2097323163078,25912.0723381327,22969.2717860907,598.253408118401,0
3908,17013,5.38309591312398,4242.66421016797,24.6263807436995,12.8175516638946,13.1504176201849,19.7087055475966,36136.0247105632,16771.2687433616,-158.537190026432,0
3908,17014,5.69422968227865,2476.77018757463,27.0849229553447,18.9831079779056,19.7349436212939,29.2603980152391,26677.4006497492,26496.0191623555,139.49745072252,0
3908,17015,5.51641137425922,3713.95758462675,27.4741866864915,14.3066752180286,14.7485503774675,22.0178185739267,29856.465577716,32009.4248106749,-105.083463308377,0
3908,17016,7.24493060258051,5928.84929120436,18.432286293231,9.89142483984585,10.0404029565379,15.1795677166159,39522.0547893376,12561.4653862232,1035.45629821656,0
3908,17017,6.8514059683333,3638.75931795457,25.4488960394186,14.3034570693187,14.7284659723148,22.0082466557596,25854.1590707612,18479.1965131776,832.488782865915,0
3908,17018,8.89522250417623,4805.98179497403,25.7436394466511,11.8832457137509,12.1735216862733,18.2670290420824,22662.8264183619,22316.2362505916,-1227.32340699544,0
3909,17019,6.88323723406199,3748.99944795457,25.4488960394186,14.0149325268885,14.4227495274882,21.5619288623371,25870.0057856456,18456.0000559703,850.937524850232,0
3909,17020,5.40827093766335,3288.81365351416,24.6577739768012,15.2419121396203,15.7169911475179,23.4583276109639,36159.8243975175,16779.3086756636,-130.530438833023,0
3909,17021,6.03395839114558,2695.97293957463,27.0849229553447,17.8604905072034,18.532670981608,27.5203058297703,26673.9398476409,26497.0546143902,113.701904153692,0
3909,17022,9.42476777972745,5450.17621697403,25.7436394466511,10.9384145226843,11.1801119215533,16.8075865757996,22654.8574784322,22340.4332772384,-1226.18333496442,0
3909,17023,5.77259871425624,3691.84842470383,28.2331995953576,14.4402819560907,14.8964452499693,22.2262370220551,31427.1650070668,29027.1413027418,-798.472786982876,0
3910,17024,6.58784206072899,4124.66447932563,25.4196032617795,13.1339352168921,13.4904929708895,20.1994549696991,25849.3908786931,18475.2547428434,838.779395177704,0
3910,17025,5.93738941301459,7186.75443375131,26.9580428987552,9.21015426199041,9.37673314873317,14.1417920653642,27553.5051495095,24763.8762146943,351.880352210701,0
3910,17026,9.43435626650527,5853.66349142705,25.787621442014,10.4437085508816,10.661440631586,16.0438373799544,22654.955664666,22311.2132816913,-1184.19815794901,0
3910,17027,5.40623431021113,2771.60393925201,28.322382766344,17.6798727212005,18.352184504363,27.2439104765345,31394.8224423784,29047.7247730291,-746.774514573494,0
3910,17028,7.216068115396,4203.95513032614,27.3544472239164,13.1344837675236,13.5053577185221,20.2042407979382,33792.1987477393,22828.4078933141,-207.900668879622,0
3910,17029,7.37699609828532,6758.71620627019,26.8474292304577,9.57393541691997,9.75633907436323,14.7029200195203,27306.1478731221,23989.1676729391,-699.082531925968,0
3910,17030,6.22215572743021,2401.51902811205,26.7155290342183,19.3521360646546,20.1263802067664,29.8313631505943,31449.1153338287,21191.8949655877,452.291961767632,0
3911,17031,5.61015850342856,7640.59900658733,27.4610319922901,8.88029088867476,9.03462175791794,13.6335625496001,34234.7710403902,23443.4278675519,-167.473382309636,0
3911,17032,5.84731221995158,7448.33520975132,26.9580428987552,9.00272545660831,9.16021994111415,13.8218182601418,27507.1397833724,24775.8741849188,273.64718223043,0
3911,17033,6.77532455871202,4248.14223532563,25.4196032617795,12.8758630245968,13.2179066572259,19.800480403113,25862.8684855081,18470.3996154288,855.965574809993,0
3911,17034,8.81494663140033,5310.10586342705,25.787621442014,11.1295273866557,11.381071827295,17.10279725426,22668.0046607031,22339.6314077923,-1231.3041907144,0
3911,17035,7.124617145135,7458.60606169031,26.8356161990497,8.98928259803831,9.14566549827381,13.8009369462149,27240.3178773883,23998.7827064587,-683.524490435633,0
3911,17036,5.42779650374816,2274.09475858981,28.1971905577613,20.3879241561298,21.2563587929866,31.4425832623666,31293.8406659734,29005.339360031,-796.851150993306,0
3912,17037,6.7424459063024,3954.09513532563,25.4196032617795,13.5140600807817,13.8923554661646,20.7872189701096,25867.5198138853,18478.2212668057,872.497191096983,0
3912,17038,5.5964239535667,10923.4641765873,27.4610319922901,7.10373761568177,7.18818855796416,10.8952806405865,34316.8054337541,23444.9970546777,-246.627965734319,0
3912,17039,6.17043760747514,2781.89960846898,28.2376873568688,17.6215713000944,18.2889409479724,27.153319614361,31062.781404823,28906.1369080653,-911.038530982308,0
3912,17040,8.12676954328813,10036.1460144129,27.238842382778,7.47730682879681,7.57453184416279,11.4705495656106,32646.692372942,22503.4930343314,185.251044842545,0
3912,17041,6.22845508304927,3177.82419975132,26.9580428987552,15.8835103524178,16.4208891468525,24.4574418247588,27589.0984756382,24771.082786472,313.15153001547,0
3912,17042,8.9547704952537,5114.82334742705,25.787621442014,11.4070913281483,11.6727843726635,17.5315055377528,22656.5641426953,22318.4876438134,-1197.17328164075,0
3913,17043,5.6350334375044,2779.4264195021,27.3982697667247,17.5189600166285,18.1706590066737,26.9919574543603,31837.0128877393,32772.3549380387,20.5147171820095,0
3913,17044,5.46032467631141,7488.02812142793,26.43496620017,8.94864611352253,9.10154244040078,13.7377796705565,25014.81331845,22182.8955410229,-113.581657482297,0
3913,17045,6.15092300440689,10050.0901503565,27.3916219065524,7.475839231517,7.57350971074352,11.4684270192508,34810.7757052403,23610.4801696398,-361.352981191189,0
3913,17046,5.89024244168113,3264.24698246898,28.2376873568688,15.7335001951147,16.2725746268616,24.2283209410765,31065.4135429629,28888.9494570579,-962.188345258241,0
3913,17047,7.22184486506852,10040.569536295,27.3783801582092,7.47979438556637,7.577567899258,11.4745087268647,33259.2431288888,22823.2591722403,360.044425077308,0
3913,17048,5.98690202185091,2619.16429613608,26.5985227144761,18.1626287356918,18.8506891575289,27.9870974198772,29038.7919971401,20800.7602736579,124.541823058614,0
3913,17049,5.8201940348096,3709.44026223454,25.6528005491754,14.1372929069703,14.5540753451481,21.7516692188221,26680.1688685334,18570.8923893918,254.434626189746,0
3913,17050,5.67315643752972,6460.40065241212,26.7689194413601,9.85200620678437,10.0468453954756,15.1319338720968,33203.2727363091,22043.9721072901,-707.368044745336,0
3914,17051,5.95315387173505,6655.73307911677,27.0904394535014,9.68138157966589,9.86986768095174,14.869043707259,35545.3411392587,23768.3887333409,472.809955152332,0
3914,17052,5.5384588831209,4906.8957335021,27.3982697667247,11.8411491578038,12.1397746106692,18.2049052563549,31854.1527386131,32769.9469364592,-32.9478593644585,0
3914,17053,5.92337691730663,4270.9121404449,25.6777240094705,12.8519952683675,13.1946085679107,19.7641085160211,26739.9833079235,18576.4456513596,308.836203059305,0
3914,17054,5.67619036904204,6690.82576987456,26.3934945521601,9.61289075780426,9.79489905975873,14.7624300138292,24528.9899665668,22244.0445237785,-65.1774586654845,0
3914,17055,8.44768323101396,8524.88365432614,27.3544472239164,8.28226214240796,8.41110070077949,12.7112511879522,33684.9146135722,22985.5782909266,-161.517406855813,0
3914,17056,6.11461199550354,2445.59326485176,26.5579480239484,19.0740942025594,19.8264105998209,29.3997825391896,29032.9994928174,20775.0119088877,93.6952767069939,0
3915,17057,6.04053914733295,5915.87973911676,27.0904394535014,10.4493713055253,10.6744236534124,16.0545267767605,35539.1454443927,23756.1261013893,448.383159166125,0
3915,17058,5.77342508003165,8414.22541469173,27.527957504137,8.35741748279196,8.48998460646519,12.8273052930324,31626.8689834953,32586.3918964252,-185.925589588097,0
3915,17059,5.77387040824945,5940.25133924673,26.3536552261123,10.3782082969708,10.5958661562068,15.9435714341792,24514.4899095515,22234.8178598022,-77.7110877091327,0
3915,17060,5.89397469378341,4788.4350364449,25.6777240094705,11.907125173376,12.1982312403762,18.3038048551935,26747.8475273813,18579.7315728983,308.849712866402,0
3915,17061,6.02930748498198,1873.04439766414,27.9560597330294,23.5014878188018,24.6093995354074,36.2738924617291,30786.0856293817,27233.9070966612,557.868955331405,0
3915,17062,5.91196352718219,2947.88032013608,26.5985227144761,16.6989119279003,17.2866961154664,25.7192827234988,29045.4048210224,20801.3565564747,151.017853224932,0
3915,17063,6.83468119886544,4785.02327723432,27.3204318823811,12.0357996603015,12.3445121415999,18.5055945971342,33156.5526809618,22845.9917179393,309.082187790609,0
3916,17064,6.1022367776446,4577.71213511677,27.0904394535014,12.3802515302311,12.7064416020304,19.0375887235395,35535.454810343,23767.0486012773,467.334933945874,0
3916,17065,5.77011378300087,5607.54860924673,26.3536552261123,10.77545933546,11.0125713200498,16.5569233126564,24515.4572761598,22229.2862566391,-22.5278636397491,0
3916,17066,5.30483240747764,7236.38506469173,27.527957504137,9.19641752561625,9.36490669505755,14.1212972349095,31522.09580981,32564.1040494434,-118.533837869736,0
3916,17067,6.24729269912929,5477.66335804449,25.4508994872653,10.883387461428,11.1206299940072,16.7221391979824,24915.0914652861,19151.8658286909,574.558878337238,0
3916,17068,6.08893527325263,2593.08551213608,26.5985227144761,18.2933017989026,18.9905383467407,28.189618181696,29036.3344450296,20773.745820041,167.816000828077,0
3916,17069,5.92683101165819,3202.07039526763,27.9654758863574,15.9162051814896,16.4648987319618,24.5105970827002,33137.9921387976,25125.291756227,-914.155141068725,0
3916,17070,5.62449388038422,5194.4623204449,25.6777240094705,11.2840765301608,11.5427912714773,17.3413090725958,26853.0150659441,18569.2003915001,361.934298109064,0
3917,17071,6.00639493436772,4762.92876911676,27.0904394535014,12.0559367373692,12.364273291333,18.5363101182741,35549.5393207522,23766.2659120586,452.400058021376,0
3917,17072,6.36204129730573,5208.06511804449,25.4508994872653,11.2490296396496,11.504565375437,17.2867932607744,24907.0720142857,19132.9949397885,583.079361465638,0
3917,17073,5.38081438875667,3724.5649818921,27.603983048544,14.2913048042699,14.7332658926498,21.9943181192878,31563.9792792287,32524.0716054893,-168.479725397705,0
3917,17074,5.99065016062955,5094.59036947135,26.3174200258415,11.4741575313515,11.7466059814924,17.636012879141,24440.0551437753,22143.6602895007,-63.1196671313143,0
3917,17075,6.11847383869755,3509.38082830196,25.7581148801158,14.6960670334319,15.1475443518375,22.6164204577246,27404.2812303307,18539.7026966208,408.359263257334,0
3917,17076,6.00792067175576,2389.19539431575,27.9963560457071,19.6319145547535,20.4415378129956,30.2693118887502,33131.9189764948,25148.6740624823,-913.518322474673,0
3917,17077,5.70852551654629,2544.78249413608,26.5985227144761,18.5418462886439,19.256633153767,28.5748462757582,29028.69370264,20789.5529554176,140.603869489431,0
3918,17078,6.02370275026222,4672.46798711677,27.0904394535014,12.2114694944505,12.5283263622142,18.776698584854,35545.6834641905,23759.2946411436,451.290027491399,0
3918,17079,6.2232289176716,5304.58305004449,25.4508994872653,11.1143621629079,11.3631068805505,17.0788142484176,24910.1182552742,19135.9292674749,580.027366518833,0
3918,17080,5.79051442291775,3895.44533116729,26.1933732534009,13.7253622189175,14.1220876178117,21.1156913647653,24284.0714893438,21853.8875636416,83.7920400167847,0
3918,17081,5.606633194033,3312.4364958921,27.603983048544,15.5022948686565,16.0207296738814,23.8687805572162,31582.4658808249,32545.5258881895,-134.546081719476,0
3918,17082,6.08194752134317,2506.69954013608,26.5985227144761,18.7440248721041,19.4731805877448,28.8882358508246,29035.6863257039,20776.8623783801,80.5714587863539,0
3918,17083,5.71492811693237,2344.46058831575,27.9963560457071,19.9046645356492,20.7345226313265,30.6923282079277,33132.7025395043,25129.7801584422,-907.410155214499,0
3919,17084,6.05478992389237,4089.70407911677,27.0904394535014,13.359287356025,13.7413475399197,20.5513804906017,35543.2996625899,23763.7791362492,431.096612867227,0
3919,17085,6.1690178439325,4300.70404804449,25.4508994872653,12.7727157439618,13.1092440094046,19.6410953982116,24908.3199289564,19141.178659954,590.310825503877,0
3919,17086,6.4925218001733,3424.52179864579,27.2537944679044,15.1090888638866,15.5992792589661,23.2592063917303,31669.4238092667,33119.6521661921,966.214295240104,0
3919,17087,5.69260529103499,2929.71536116729,26.1933732534009,16.7191422891708,17.3042177894996,25.7494988410096,24285.2720955661,21845.9260526926,58.869810646902,0
3919,17088,5.51320411670178,1893.81993885176,26.5579480239484,23.0119261755059,24.0612292550328,35.5084437421548,29045.8623226112,20768.3976711243,100.539351514477,0
3919,17089,6.14834791254162,2699.6761322342,25.6677258874423,17.6404122103991,18.2821132937302,27.1750832050448,27392.8324046663,18533.8812422466,388.851169648136,0
3919,17090,5.69938767248111,2239.94721831575,27.9963560457071,20.5812748529031,21.4619103666241,31.7418660820191,33132.2498677837,25140.5907357514,-915.540918653265,0
3920,17091,6.3366432763493,4701.93625413288,25.4172026553402,12.0319526697843,12.3279442245405,18.4961974751341,24894.3082588449,19127.1521817172,559.473108356684,0
3920,17092,6.03294752540729,4450.27078206201,26.6850590774234,12.5845954728196,12.9194216983701,19.3527130481636,35549.2339777527,23751.1468173716,463.580250692156,0
3920,17093,5.78130144884158,3203.97548737747,26.0149312681264,15.6817950134024,16.1973607628223,24.142712161705,24324.4748411606,21874.5848714113,42.1448686491717,0
3920,17094,6.45711029960826,1571.0683754034,27.025387011658,26.6228737130819,27.9727584340299,41.117925619679,34176.4792851459,32166.415546195,745.646195793604,0
3920,17095,5.82903657671932,1708.7329864282,27.5371838237952,25.0935850148588,26.3246816397789,38.7445721557891,34526.027889351,26575.3940499043,441.675344546399,0
3920,17096,6.11994510289271,4097.11537378981,26.7122551212017,13.3093454438031,13.6856916801616,20.4733707742368,29637.2002773248,34614.859471508,596.725499663423,0
3920,17097,5.78616686583128,1311.98294808323,26.4164618741725,30.4182327001278,32.0821728230528,47.0134731322076,29046.7738439196,20772.0299957111,127.354515897176,0
3921,17098,6.01731953835971,3824.66630406201,26.6850590774234,13.9453525181513,14.3590290250063,21.4570526664449,35541.3003458603,23754.3339684596,434.37530292232,0
3921,17099,5.93082650861853,2730.94511137746,26.0149312681264,17.546210079056,18.1852482859501,27.030175108415,24290.4368981675,21851.7265471969,72.8882122960039,0
3921,17100,6.54827189546933,4159.03940613288,25.4172026553402,13.0605013409676,13.4128906958548,20.0859170721825,24936.3839816928,18986.7701990297,848.137016300031,0
3921,17101,6.05823332626849,3028.76744607024,26.7898564435226,16.407484327778,16.977734237953,25.2684284047968,29681.4131274207,34575.9571526347,541.309517998794,0
3921,17102,11.2059933451825,5094.69343919762,25.6009987550232,11.4235853716052,11.6889596206042,17.5566610808214,26277.4631041951,18798.1586078122,-1334.36649463844,0
3921,17103,5.99660036744285,1728.8867764282,27.5371838237952,24.8711812809319,26.0840472950918,38.399153087596,34504.906342376,26602.3244829258,476.64430747109,0
3921,17104,5.60423054682155,1452.94934808323,26.4164618741725,28.0994252677367,29.5635808740892,43.4093298897893,29021.9084892399,20759.3005757242,200.056011464696,0
3921,17105,6.15360126831459,2878.60165944244,25.6580963597123,16.8564196126266,17.4451549053212,25.9606073627771,27388.4737232888,18505.9616503281,387.803421354707,0
3921,17106,6.40930886607869,2154.8234534034,27.025387011658,21.0008797668025,21.9012180052686,32.3894924245857,34201.7268956797,32194.9663589268,737.239571789096,0
3922,17107,6.00782359116326,3921.20626206201,26.6850590774234,13.7100096158476,14.1096628108951,21.0930013274664,35533.1495109924,23765.2818859632,462.242337825194,0
3922,17108,7.08269474481248,3800.38191275824,25.3526156241962,13.876121858854,14.2749616269528,21.3470083338043,24949.5550861969,18869.9403551371,1021.95851082715,0
3922,17109,6.02582338274973,2172.6225724282,27.5371838237952,20.9667374249699,21.8709561230565,32.3383100696668,34535.752406686,26602.1463920421,488.852464386173,0
3922,17110,10.5073785315392,4892.36260319762,25.6009987550232,11.7332593747192,12.0146985240652,18.035041108725,26316.9837789338,18775.028533808,-1263.99602512702,0
3922,17111,6.53347494012865,2024.6938454034,27.025387011658,21.9894562455798,22.9654787129459,33.9233610861772,34161.0928902038,32174.4070373816,728.246841620964,0
3922,17112,6.13293747703685,3252.49300944244,25.6580963597123,15.4770466502591,15.9762459819584,23.824840591904,27391.8020849279,18530.0162056341,436.313844053039,0
3922,17113,5.91774004099606,2307.45120937746,26.0149312681264,19.8021702956826,20.6006744831099,30.5268166067507,24297.1322233487,21839.3233681196,66.7577855845278,0
3922,17114,5.6216191913066,1673.165199954,26.4451818150093,25.2316864939915,26.4572602544541,38.9543956687177,29049.7997822102,20784.1588063535,69.1312732951781,0
3923,17115,5.94922497008822,4635.24513006201,26.6850590774234,12.2457493547008,12.5618106400677,18.8289435149455,35549.6359286146,23775.6761477484,465.667641922236,0
3923,17116,7.29581218566607,3221.09811275824,25.3526156241962,15.5454238746928,16.0460679016704,23.9298886314111,24964.6580087406,18847.4673796353,1002.8547115822,0
3923,17117,6.06301852810451,2530.5010204282,27.5371838237952,18.7600207108235,19.5008635273486,28.9159385239066,34507.367297236,26592.0766388723,533.78658840576,0
3923,17118,5.8959136803796,3385.14515625147,25.6392085187896,15.0525211214714,15.5249383922721,23.1677349875744,27393.5864455886,18511.3134774982,384.983403552672,0
3923,17119,6.62408450772731,1796.1080174034,27.025387011658,24.0486339903454,25.1871798955936,37.1197364435715,34174.6886182845,32171.8314224101,720.525949808316,0
3923,17120,5.44897414930879,1764.198657954,26.4451818150093,24.2419795697932,25.3873990852547,37.4175399546766,29064.2354104913,20786.4653258909,98.8724087340884,0
3924,17121,6.09170237188168,3898.32124806201,26.6850590774234,13.764848723597,14.1677555737338,21.1778279570153,35541.7004816753,23745.2457867613,467.419192397197,0
3924,17122,6.80200353886343,3335.62990271746,25.2859150078763,15.1663171111904,15.642582725784,23.3429576920224,24963.0712016484,18856.4340873556,1050.52229847004,0
3924,17123,6.14211765834071,1960.4461144282,27.5371838237952,22.6266060627958,23.6592496850037,34.9141290004452,34503.9346957368,26560.6285579799,494.215112854724,0
3924,17124,6.01476230263954,4164.14996823337,27.6958752893469,13.2490048937469,13.6290070002987,20.3820284745498,34046.1378909627,30814.0084517848,612.868968338209,0
3924,17125,10.6383145363828,4656.24388319762,25.6009987550232,12.1246580061564,12.4268513949966,18.6397912823152,26321.508931135,18769.0898308743,-1299.60410693466,0
3924,17126,6.0202614018846,2948.09214492207,25.7229734460513,16.5844526598405,17.1558356476134,25.5395873761931,27390.7450499572,18508.2748289142,412.209678436708,0
3924,17127,5.74218373410031,1509.467967954,26.4451818150093,27.2937817451449,28.6903135914239,42.1576177701237,29051.3802875134,20790.070700759,95.4794585727537,0
3925,17128,5.9804902635261,6050.59183806201,26.6850590774234,10.2740656503107,10.4884646343578,15.7832847885121,35551.9941607026,23777.4301220746,483.721018423995,0
3925,17129,6.07663807105052,4221.47441768251,27.6018875380127,13.1185368982042,13.4902474793992,20.1800650647253,34056.6669476934,30815.3154464782,623.008842824552,0
3925,17130,5.71725517265348,4376.03793851369,27.7108653086541,12.8118380402159,13.1665917096153,19.7059958981125,32405.9053094422,32325.9392234536,-119.68807981568,0
3925,17131,6.34202646327304,4623.27287513934,25.9749993181259,12.2115442576157,12.5209655222353,18.7747620705024,26744.8198235878,19519.4915708287,617.204887150079,0
3925,17132,7.23302587660659,4680.60695075824,25.3526156241962,12.0632968196381,12.3605185827699,18.5445081600282,24970.1264501138,18850.6154203707,1029.55305283694,0
3925,17133,6.33327485045014,3763.52897968747,25.9331032768961,14.0260750549792,14.4385351677671,21.5802616676319,26744.963792864,19518.9209358043,617.812569955532,0
3925,17134,5.94821164933349,1234.759695954,26.4451818150093,31.9121157719497,33.7079979489607,49.3363507077234,29033.8613361696,20780.640798878,100.897764864938,0
3926,17135,6.25495309023528,3837.8475756825,27.6018875380127,13.9997457885113,14.4238653063705,21.5431776332773,34067.0025127829,30830.229950337,661.328629980292,0
3926,17136,5.61957710325682,4943.93429651369,27.7108653086541,11.8042255045655,12.102787837864,18.1483772952383,32386.3478064212,32319.0512659492,-109.575216053273,0
3926,17137,6.22829014554684,5568.68498406201,26.6850590774234,10.8455258927824,11.088009848835,16.6656412860355,35560.1081654476,23776.4367352522,432.625743898941,0
3926,17138,6.32354572499421,5991.04342313934,25.9749993181259,10.2988139447324,10.5106277641703,15.8204465167641,26723.901937937,19528.0058563086,647.910493019547,0
3926,17139,6.16982206585022,2671.75539171043,27.8458720592452,18.0845839483122,18.7805421594129,27.8698280629793,31331.0036175047,27690.4104310893,640.101473883697,0
3926,17140,7.38123322570943,6000.99957275824,25.3526156241962,10.2510908284427,10.4572750475514,15.7458521211323,24970.9924648124,18845.6381255582,1003.82456527649,0
3926,17141,5.7651055550695,1531.25177808323,26.4164618741725,26.9874930542682,28.3578306021568,41.6816100109743,29014.6007879526,20773.7741110368,174.159687332404,0
3927,17142,5.98053059062054,5404.80251204055,26.319984450909,11.0363498550139,11.2863457175377,16.9597648224576,36233.61713637,23911.7297503875,271.534849057971,0
3927,17143,5.86423552345848,4246.2096156825,27.6018875380127,13.0666506040734,13.4353460141888,20.0998232786278,34045.0880004125,30824.4601904341,620.261331088127,0
3927,17144,5.48282278039366,4835.34611651369,27.7108653086541,11.9805151333117,12.2886748567153,18.4208307576163,32402.5822016249,32325.7907187155,-95.7085509052434,0
3927,17145,6.43213369940117,7858.87024913935,25.9749993181259,8.65914991934799,8.79790787063189,13.2908056211068,26729.8558015538,19521.9486164651,602.706009100861,0
3927,17146,7.19576061654875,6604.66615475824,25.3526156241962,9.63831427272337,9.81636019819734,14.8002433543224,24987.3725929874,18846.8071714188,1009.5234914996,0
3927,17147,5.90496949405129,6359.19488941354,25.8762380128719,9.90414069568869,10.0969162058702,15.2111527241702,27493.5825282998,18943.7314069991,814.441752090829,0
3927,17148,5.78191828420838,1633.958919954,26.4451818150093,25.6899303082565,26.9530477912064,39.66609668081,29057.1551932999,20781.4111702796,59.8193198444484,0
3927,17149,5.85285470881432,1173.70614023281,26.3224349902421,33.1727211612556,35.0784747644474,51.2961031698881,23229.3194890721,26054.674746247,249.691136025752,0
3927,17150,5.85063823989972,2783.16289971043,27.8458720592452,17.56294690937,18.2222658942734,27.0613779604347,31192.3007096697,27603.735841254,412.316003390525,0
3928,17151,6.03880062399408,4586.1809256825,27.6018875380127,12.4046066157098,12.7355475038928,19.076173551126,34071.2100550609,30825.3553764187,620.639747752487,0
3928,17152,5.68116169950729,4790.54523251369,27.7108653086541,12.0553194864223,12.3675821528368,18.5364483233768,32400.5646779209,32318.0610585275,-79.2546493967149,0
3928,17153,5.93578870102225,5342.09449004055,26.319984450909,11.1212553730798,11.3755573638508,17.0908987065955,36237.0471653623,23923.054093871,292.357880220145,0
3928,17154,7.27838303295469,4296.05764330102,27.8164683954705,12.9815471785205,13.3468111945612,19.9686287171925,31903.6360583383,27125.1913476085,1221.90594390045,0
3928,17155,7.18827035004425,4619.19846275824,25.3526156241962,12.1696394717045,12.4725443602273,18.7088303347572,24944.9757601885,18863.7996017419,1017.86473853138,0
3928,17156,6.0011415116594,2828.61419593936,26.3291683618137,17.1573943536116,17.7732992585939,26.42872752518,23201.7991796196,26047.1946741467,216.722326987312,0
3928,17157,5.90339902320564,3562.18113408323,26.4164618741725,14.6150799294856,15.0672400627973,22.4926593421838,28992.2823929755,20757.3411218934,76.7025126542921,0
3928,17158,6.09208486661797,3073.17447617508,26.5383549390191,16.2095175895831,16.7642760643374,24.9611769979803,27684.9058391081,22136.734350729,340.908168806668,0
3929,17159,5.94378912176246,4111.41376604055,26.319984450909,13.2431188981283,13.6127082025402,20.3701502368022,36235.2671883839,23914.7600960704,264.363480226103,0
3929,17160,5.66693384304069,5067.32394851369,27.7108653086541,11.6120879556629,11.9003064080624,17.8514628981623,32402.6406711037,32320.8270853206,-96.9173537691329,0
3929,17161,6.01860995613198,4834.12760768251,27.6018875380127,11.9745942625332,12.2817460186606,18.4114910154787,34041.6461909297,30813.311983479,599.765574070361,0
3929,17162,7.73027098063046,4940.49435130102,27.8164683954705,11.8172012206319,12.1171155643324,18.1686092043333,31897.7550612075,27109.0337868177,1152.71146260563,0
3929,17163,6.04751901885129,2540.35993393936,26.3291683618137,18.523842974753,19.234309665313,28.5461020372191,23200.0684688022,26022.7192788032,205.424562108581,0
3929,17164,5.80068912348589,4030.29844189051,26.5295814480856,13.44221455349,13.8249284687448,20.6784788571684,27725.4469196186,22168.7042304647,314.139975670883,0
3929,17165,5.28652334024837,3214.70396308163,27.692392882967,15.8408371870438,16.382118967048,24.393206280822,29225.3961893442,31129.2122157008,-402.691010731969,0
3929,17166,7.32056334813625,4163.78888675824,25.3526156241962,13.0447243404403,13.3957361552571,20.061390978906,24982.5226848126,18861.9540709626,1008.4825000852,0
3929,17167,5.69330650289559,3557.73188208323,26.4164618741725,14.627667211109,15.0806023823314,22.5121374381511,29026.5465664234,20756.2466143595,150.416907937123,0
3930,17168,5.38354670257813,5238.17271343119,27.6105227046124,11.3526900883193,11.626553047147,17.4505014064912,29242.8429390136,31111.5893052818,-364.225409550375,0
3930,17169,8.26878546615679,4924.26302890321,27.6149415909295,11.8288031092888,12.1281052515493,18.1861966716443,31839.39653415,27100.2714750487,1259.48265313104,0
3930,17170,5.83316166369394,3383.49008878642,25.9094174249244,15.087784556861,15.5648287094428,23.2229795167033,36247.9874670746,23931.1039108376,278.078792871658,0
3930,17171,6.07338804542416,2086.77536182539,25.6918655955264,21.2480514745931,22.1494951263833,32.7680840418038,32132.4969495771,16610.7286685416,228.225906049841,0
3930,17172,6.05354778991262,4086.01787674911,26.5590905371779,13.3201928768714,13.6960272267442,20.4898314378498,27737.8457153504,22175.2154633001,335.927968491549,0
3930,17173,5.72973440968721,2375.31341579656,26.3034890766394,19.4386742845815,20.2142876887022,29.9641849800775,23185.132344146,26015.5582500263,275.67613366496,0
3930,17174,6.44484896723291,3333.91332558813,26.0075066037638,15.2538083833072,15.7421421684111,23.4801856432851,27677.0791098095,19143.5075514636,574.516039413261,0
3930,17175,5.74600134892071,2113.72425396639,27.7264814684789,21.43135319041,22.37348863627,33.0598523922596,32379.841973402,32315.0321656295,-100.333222005202,0
3930,17176,5.96083069333541,4392.71348869857,26.4394395527323,12.6749897298187,13.0131624082136,19.4919817967374,29052.1967753696,20772.6664050104,125.677882002846,0
3931,17177,5.30947382412017,4824.37025143119,27.6105227046124,11.9914009580768,12.2995257416901,18.4374815624496,29246.7887588314,31108.9235594716,-326.246526770259,0
3931,17178,6.03117179361607,2942.79388078642,25.9094174249244,16.6297868680895,17.2060566834861,25.6103165650966,36241.3560931474,23910.5615630067,269.670266018522,0
3931,17179,5.79560624248842,3286.28929582539,25.6918655955264,15.3703965750045,15.8631797366825,23.6598473075678,32123.5369633728,16618.4381651141,219.995186677558,0
3931,17180,6.31012021756902,3395.54207358813,26.0075066037638,15.0616278563309,15.5379165381567,23.1827390716099,27664.8753728564,19149.8376327559,590.468033973669,0
3931,17181,5.91180056308984,3507.98955874911,26.5590905371779,14.7854962053929,15.2494084193596,22.7567155295267,27733.666892723,22172.1511823439,331.445096143895,0
3931,17182,5.63533020189093,4398.62141269623,26.4162481527869,12.6616357014126,12.9988978914011,19.4712927571926,29020.2340907282,20765.134039923,147.366228477347,0
3931,17183,7.09757809242462,4629.3576859612,27.2828427591824,12.3023035996185,12.6254420934,18.9174500257207,30785.5952160803,26732.2421827738,-569.452847185456,0
3932,17184,5.27945339505953,5345.90187943119,27.6105227046124,11.2008773744158,11.4667981329853,17.2159650293176,29232.5647120027,31110.725360323,-354.027729729517,0
3932,17185,5.91073303301945,2604.65924674911,26.5590905371779,18.2291588473721,18.92145101347,28.0900863541094,27752.4152135735,22178.8834454623,316.037059588363,0
3932,17186,6.36225246731828,2473.88612958813,26.0075066037638,18.8294730586285,19.5578788841607,29.0188055329951,27651.8555738803,19146.2532965324,589.989097579811,0
3932,17187,5.70127317041991,3118.84177706243,27.2883811699721,16.1331450550306,16.6899698702199,24.8448593157134,30705.2940508185,26687.4888068443,-511.796782066608,0
3932,17188,5.48628406357294,1395.30342283546,28.1091434490836,29.5004971666859,31.1146376387796,45.595161591344,33315.6647448543,29520.5644160719,-292.864680234097,0
3933,17189,5.57285295686245,9770.83717543119,27.6105227046124,7.61475913774218,7.71834315890355,11.6826756689015,29237.9020032826,31127.5274400962,-319.990615182201,0
3933,17190,5.47244434636166,3394.33225101004,26.669776478227,15.1384495705358,15.6254227231887,23.3032562847965,28826.1571254821,24815.6234089222,-167.52585019881,0
3933,17191,5.74477390278194,1475.1993033183,25.9803216678432,27.6477541066661,29.066057602938,42.705374098757,27328.7394342945,19111.9881135865,45.3698289365085,0
3933,17192,5.76372372238921,2414.57486674911,26.5590905371779,19.2510339618519,20.0161158164248,29.6741031815487,27699.1823307826,22149.9349,334.460105952103,0
3933,17193,5.60787675588338,3248.073106481,27.2491219607773,15.67595624368,16.2024895554218,24.1367967800714,30645.4169363984,26673.8897614163,-441.079766567096,0
3934,17194,5.6070124566429,15908.2575596673,27.5658711990334,5.66332033268248,5.70257672019458,8.67826495978998,29211.4461318549,31151.3063953742,-446.76056793805,0
3934,17195,4.57787535734219,14413.8010580307,27.8083452245763,6.01196687302665,6.06178417178808,9.21477937708862,29743.096456404,31340.2126230709,835.340418829548,0
3934,17196,5.40798172871701,6684.91129567757,28.1446977809274,9.70767048105796,9.90234177097293,14.9109879529574,31760.7640420162,29246.2086064006,-663.128193329398,0
3934,17197,5.57628351182263,1685.7678633183,25.9803216678432,24.974893057718,26.172221147929,38.5535743641163,27328.4701745602,19128.8117496763,12.1616440430547,0
3934,17198,4.97210575944208,12626.1562847459,27.3255967480856,6.49968348929351,6.56340060291839,9.96505853557724,28785.2871404216,32571.3730371748,-250.492503241841,0
3934,17199,5.33325069708686,1778.34158534567,26.5452392667698,24.1197494932499,25.2568676286687,37.228178806256,27348.4653602263,22152.095808175,-374.695506767551,0
3934,17200,5.69869674636028,3463.729672481,27.2491219607773,14.9896611460595,15.4722508267816,23.0743308967158,30628.4850231779,26679.5683249849,-481.262551245336,0
3935,17201,5.4311957485003,8088.16572967757,28.1446977809274,8.59363677315659,8.73845110589284,13.1922183086899,31749.8812133713,29266.2897992068,-668.805455996479,0
3935,17202,5.35659804496023,2027.27943734567,26.5452392667698,21.8741699488334,22.8348225328219,33.7426762038976,27331.4818064618,22136.9088428498,-325.041509494897,0
3935,17203,5.55209901502514,1666.3629573183,25.9803216678432,25.1944471286214,26.409593892942,38.8945171113352,27306.3454696279,19124.2880244939,22.8946572867865,0
3935,17204,9.24846346259743,8001.14532340563,27.7053459527421,8.6345814947285,8.77939780865579,13.2548826626279,29606.7352211984,31075.8546103991,-1014.67112319445,0
3935,17205,5.27070553318887,3677.117560481,27.2491219607773,14.3828927123966,14.8276504224886,22.1352620618599,30635.3707695594,26667.8344216443,-465.335875091914,0
3935,17206,5.82863814488068,1464.50372677868,26.0841043109338,27.8327952782569,29.268531774499,42.993396015618,35052.8418789962,22057.7636009409,-134.703225407331,0
3936,17207,5.6405616303521,3148.61168677868,26.0841043109338,15.881849802451,16.4109287010699,24.4526143812367,35032.0528356666,22083.0586176204,-99.7205132308303,0
3936,17208,5.38907826479173,5038.33563967757,28.1446977809274,11.686537589475,11.9813637402455,17.9672287769369,31771.133070496,29252.8677081304,-679.988268224608,0
3936,17209,5.62044133946132,1782.5501073183,25.9803216678432,23.9472602677688,25.0620452725582,36.9580186517593,27287.0209401021,19112.5018904867,17.5667875393053,0
3936,17210,9.75973778223168,5035.78494340564,27.7053459527421,11.6600185584256,11.9507725751787,17.9255187765957,29569.1607714695,31057.8568577461,-974.918361739929,0
3936,17211,5.19003287529862,1785.96523366988,26.5526205184963,24.0439603053166,25.175113326471,37.1105385667503,27358.522556465,22145.61328494,-399.798805535843,0
3936,17212,3.59767404042714,3558.57521704783,27.8048448678851,14.7690471129848,15.2423717462566,22.7341331300408,30318.8113414717,31533.8347346086,-284.243181093155,0
3937,17213,5.35432499918174,5914.66207567757,28.1446977809274,10.5121068791857,10.7457934615382,16.1529262721272,31783.0578081757,29245.8240243644,-644.385069619186,0
3937,17214,5.82406745719816,1870.2135873183,25.9803216678432,23.1030096294237,24.1510898954211,35.6475038998069,27315.8000140217,19109.2707685848,59.6066138647737,0
3937,17215,10.6241877319881,4818.73165031801,27.742900104713,12.0104516244747,12.3204526053829,18.4671555470987,29583.6311535268,31056.7531478993,-983.021283770129,0
3937,17216,5.32071310105788,1962.03842534567,26.5452392667698,22.4109684640368,23.4131108180439,34.5756793569021,27377.7570311253,22133.2282986478,-407.664117369446,0
3937,17217,5.92899226843323,1639.54163633885,27.4759186564813,25.8811958035273,27.1764044284149,39.9677027169174,32632.3133886074,26129.4898454838,-762.036502171892,0
3938,17218,5.49764660745012,9601.85852767757,28.1446977809274,7.71578430119536,7.82500836731328,11.8388525054943,31772.9852226663,29240.9343763226,-691.354899477157,0
3938,17219,5.55343006416991,11519.5548710426,28.0567853631372,6.89278896805688,6.97162233971858,10.5708777209118,30815.3220552862,30462.2648746607,-828.894290724688,0
3938,17220,5.67314941681253,1751.5154733183,25.9803216678432,24.265138453915,25.4053023815753,37.4515292351667,27306.3601517364,19116.3772961673,-5.05327266845274,0
3938,17221,5.26021545524671,1828.09831934567,26.5452392667698,23.625085833179,24.7226942635654,36.4602015083776,27361.2612678853,22147.5965671182,-363.413052995745,0
3938,17222,9.40753186081649,8666.92522540563,27.7053459527421,8.21013365004101,8.33736231392548,12.6004163991783,29583.6437450923,31024.7458211693,-1041.30641379686,0
3938,17223,11.1529800991321,2352.34704833885,27.4759186564813,19.7704928437308,20.5843134091171,30.482559118546,32305.543553724,26823.1833140029,-32.0200423873174,0
3939,17224,5.65133070117044,16259.0070969052,28.2458235046589,5.60325367900669,5.64227058878902,8.58627013111283,31974.9036312371,29967.5885429139,114.11919408238,0
3939,17225,9.21238889028917,16994.1806705095,28.0569369439194,5.45475814578621,5.4893475233646,8.35777743369686,31213.5226018846,30268.1691582172,-1379.19644077155,0
3939,17226,5.57939860369344,1713.3444153183,25.9803216678432,24.670954294027,25.8437199907179,38.0816213092501,27309.2738611114,19108.4712732799,9.04361080318678,0
3939,17227,7.3691251638276,11723.917300358,28.100121114992,6.8202218409843,6.89668121559773,10.4591593659636,32950.2470459414,31277.6137210683,-823.78160658123,0
3939,17228,9.72748831695469,10581.3925416355,27.9552875462513,7.25909221293575,7.35060695512487,11.1350010960622,30974.3757736735,29591.6843815917,508.533376632221,0
3939,17229,5.31166057397945,1812.43783334567,26.5452392667698,23.7780218705463,24.8878087685844,36.6976280273988,27342.5594705353,22159.6656343407,-387.915382341972,0
3940,17230,9.61280563472319,15734.8696293756,27.8268438222916,5.70545252563338,5.7464411924391,8.74322668766191,31177.5066368971,30344.3218134222,-1334.72207023967,0
3940,17231,5.35847997769785,13692.5929835248,27.8256475137256,6.20071609822776,6.25629560609942,9.50524823799979,32109.0738586635,30798.0896897613,-377.38986003184,0
3940,17232,5.3206924470395,1779.00590423948,26.5719384342437,24.119090135748,25.2565563363767,37.2272659891274,27376.7514632884,22149.1710646742,-400.591165719031,0
3940,17233,5.33012903601941,7347.23037542244,27.6539535579962,9.11330917646423,9.27865407272451,13.9932338667212,31583.5597722447,28601.615337559,230.267157940785,0
3941,17234,5.39847075636866,8988.79757965325,27.8452362007912,8.02964393317754,8.15013303330785,12.3223193460829,32275.40843542,30641.1872295971,-413.705763196146,0
3941,17235,5.29603804819905,1710.42383218466,26.5627903842764,24.8428081226705,26.0385555280277,38.3509908914903,27358.4609859053,22136.0155507007,-316.629977260197,0
3941,17236,5.77247647226048,3302.48076195933,27.2902164052708,15.4997499587025,16.0152516797748,23.8640777712691,29523.7821811728,28425.7749696156,-881.776327292748,0
3941,17237,8.73587081147647,6745.41622292554,27.6363646520879,9.62590541154425,9.81439893773742,14.7841419727734,30217.1829246851,31269.0089761556,-1252.18563780756,0
3942,17238,6.00260413227452,3259.44965113971,25.9677644690414,15.490174064502,15.9930842660961,23.8459539679994,35090.2877747849,22087.9273409552,116.021287983102,0
3942,17239,5.54870045821998,8144.14453165325,27.8452362007912,8.54404838179507,8.68559647059961,13.1154214223054,32288.9265409471,30633.6657085263,-433.193995388261,0
3943,17240,5.80271113963384,4032.05565313971,25.9677644690414,13.3870711341344,13.7623002379826,20.5920202297513,35076.1061569422,22102.532317654,100.22376779234,0
3943,17241,7.76667763476102,4898.87676672905,24.9448603524089,11.6741960580503,11.9482599425493,17.9426109412875,34385.6339969018,13955.8551592634,1269.35640877602,0
3943,17242,5.96862440531659,5525.90789012112,26.2870107538356,10.8750924044088,11.1167894971314,16.7106743943168,35965.5427925082,26949.0736703145,365.840091150314,0
3943,17243,5.56883469840907,8438.69822965325,27.8452362007912,8.35456567124492,8.48822249465026,12.8232425774214,32269.9633646674,30632.5462776582,-384.43829691723,0
3944,17244,5.99289531640636,9381.05259212112,26.2870107538356,7.76347875130071,7.8681080032382,11.9105723932875,35952.7219078474,26946.6384377463,348.503935168548,0
3944,17245,6.03601600874212,3643.40022167997,25.9864364484696,14.346277621567,14.7784068355676,22.0757443871661,35227.1110008804,22446.5583948571,523.438390516988,0
3944,17246,5.43217133147534,9050.47037965325,27.8452362007912,7.99534829720981,8.11447482525534,12.269454179161,32279.7935667,30631.8726257024,-402.256107132411,0
3944,17247,6.35405053455133,5055.17616850399,26.5509875614111,11.5496675940831,11.82750608451,17.7530661966272,35026.6668679888,30943.1558091427,576.911175114309,0
3945,17248,5.95934003512919,8906.72268212112,26.2870107538356,8.01799354365201,8.13233402897625,12.3027850748103,35964.1392209516,26946.5865102814,361.973689525241,0
3945,17249,6.12006812621192,7152.34749231173,26.6829863714834,9.22532368941983,9.39133824013724,14.1648519736755,35004.8414415253,30904.8004499761,594.478427936243,0
3945,17250,7.61913912294064,4991.38596672905,24.9448603524089,11.5311909845296,11.7978959404488,17.7217150685058,34364.2797963491,13943.2299199529,1251.44257378838,0
3945,17251,5.53648428987354,3423.98616365439,26.4981430215608,15.0287451156846,15.5073115414758,23.1330400365838,24836.0044264854,26194.0360975438,-119.467984217825,0
3945,17252,6.10513432360399,5474.06837252841,25.7794321216139,10.9095018652391,11.1499705028469,16.7629974522783,35005.3155659229,30903.7208505894,595.203261127136,0
3945,17253,5.50658437220629,8678.33899528358,27.84704252636,8.20871694341923,8.3364123233631,12.5983775014325,32293.046721095,30625.7655590664,-419.811458039654,0
3945,17254,6.13064530062348,3711.96715967997,25.9864364484696,14.1642697360024,14.5854312218626,21.7941632523974,35211.294208269,22415.6004942382,505.066588472507,0
3946,17255,5.99139116982936,8596.57572479196,26.1700879785636,8.19281439463386,8.31354151478648,12.572108769751,35972.9192915327,26919.9198453536,352.981973578087,0
3946,17256,6.24048951740229,7256.27840050399,26.5509875614111,9.1346654381466,9.29611158075353,14.0248396346946,35022.3530413845,30917.6607146898,561.469587707126,0
3946,17257,7.81229827736281,6409.13350872905,24.9448603524089,9.80325105694757,9.98663135603938,15.0541471181462,34387.5566196445,13931.1049781796,1263.9850326575,0
3946,17258,5.50676986825389,3246.39052565439,26.4981430215608,15.5951085360028,16.1096014625297,24.0097445497412,24820.6368103133,26199.0201187828,-93.7997264898404,0
3946,17259,4.66792323410092,6754.14202365473,25.0405169883189,9.48521291655534,9.65491929346841,14.5636214704572,35650.2494573521,16261.9210279241,738.983886252624,0
3946,17260,5.33299519931026,6945.26935165325,27.8452362007912,9.45695139176523,9.63862088624468,14.523678268516,32275.9009374049,30628.0717006736,-448.75187091119,0
3946,17261,5.44440539143165,2368.22697767997,25.9864364484696,19.4280253653019,20.199038467475,29.9466188482315,35209.5442574459,22460.8210947754,-300.558386121837,0
3947,17262,6.19312789602935,8235.60428314818,25.0552159340941,8.36976895902089,8.49302127815327,12.8436278034348,35653.9161276488,16450.2120694506,535.749043408184,0
3947,17263,5.99915449339231,7469.15288879196,26.1700879785636,8.95087952931124,9.10271391003597,13.740903797341,35987.6333589246,26886.774102365,357.216952928678,0
3947,17264,7.68599518456469,6516.95077872905,24.9448603524089,9.69910488839174,9.87781001444399,14.8934628908854,34371.9686135742,13934.165524538,1254.68702184046,0
3947,17265,6.03165548037886,6400.72832283841,26.4956869264633,9.89641763843451,10.0919674371278,15.2001000915472,35004.3508405067,30958.5814227802,493.967668186873,0
3947,17266,5.56563182743007,3286.96241765439,26.4981430215608,15.4608278469263,15.966729221499,23.8018639655024,24819.609539424,26212.4681353133,-121.210333798659,0
3947,17267,5.3879022489299,5584.30483765325,27.8452362007912,10.8979688961828,11.1495744079537,16.7484222208914,32282.4428113277,30632.9762742801,-468.437638079977,0
3948,17268,6.01249368802734,6912.76674483841,26.4956869264633,9.41911037112166,9.59287045657173,14.463576403547,35002.7379087892,30963.1822205394,533.871120689226,0
3948,17269,7.65281774195447,7374.54196605397,25.0080098212553,8.96909223765013,9.11649845503765,13.7675512854777,34383.7197563043,13965.7588839377,1270.31551516051,0
3948,17270,6.59911329656407,6524.2079587332,24.7764487466966,9.68305636588015,9.86018442768249,14.8684650413404,35940.7076794736,15096.6387685196,838.022705762866,0
3948,17271,5.44390020377602,3075.55764695348,26.5092454096393,16.1971219154037,16.7507868948965,24.9419044579314,24837.1502170718,26204.5573821162,-101.875899090765,0
3948,17272,6.00292756944727,4033.78878084213,25.8895009853719,13.3760178334922,13.750007921439,20.5747619053221,36228.3576023015,24418.4737486682,477.134865759042,0
3948,17273,5.39651669737397,5775.84293365325,27.8452362007912,10.6592405123805,10.8987322823232,16.379712087755,32289.1606488915,30620.8079986663,-443.610552278671,0
3948,17274,10.8783697999633,6647.55208943195,24.4237313816137,9.54910799226159,9.71852757017345,14.6613303866003,35681.643357272,14349.2282906807,-760.294260828836,0
3948,17275,5.26254992397516,2449.40397629719,26.5118461708464,19.045323436873,19.7950352848192,29.3550316733771,30841.6337550769,22346.0303932693,-606.166553493273,0
3949,17276,6.30986675962055,7417.75329084213,25.8895009853719,8.97718329387645,9.12889864825947,13.7811274181086,36244.9662617133,24394.33420144,563.569988356906,0
3949,17277,6.13671692590928,6374.67689978555,26.6297507778687,9.92976988948097,10.1275478707743,15.2517603276426,34981.5560677886,30944.2123450282,511.664596159794,0
3949,17278,7.01065512710167,6618.25089716243,24.6901729811834,9.59033159340775,9.76291284391909,14.7252960820955,35927.7692295747,15070.723161699,888.463902733642,0
3949,17279,5.60663813263733,5457.01656937455,27.8599396832602,11.0657185268414,11.3260387755915,17.0075630743414,32286.0547360403,30622.8993824962,-424.397042662367,0
3949,17280,5.26244292775894,2655.12458165439,26.4981430215608,17.9717388917785,18.6453667965936,27.6909679086915,24764.0573354292,26300.6988791426,-126.563214871552,0
3949,17281,4.04846905342519,6915.06376867523,25.1923660589895,9.35174942216162,9.51635885593707,14.3579514951518,36819.0118766696,24007.0060832015,1170.79262130478,0
3950,17282,6.40421928266395,8134.37442155072,25.5356170312393,8.45504411632814,8.58366642516078,12.9756247891078,36551.1535022992,24115.3944471177,1070.10028907805,0
3950,17283,5.9173756606082,5927.08350737712,26.4107013791312,10.3965534990314,10.6154041626546,15.9719776430581,35011.6631293812,30952.2464758253,511.593946829142,0
3950,17284,2.76001637434947,7397.28248208024,26.3113656618839,9.01247068929983,9.16756233830791,13.8360677175065,35958.4231578788,24146.1197082277,-823.037954512325,0
3950,17285,6.96434492398256,5418.36539651649,24.7867845769739,10.9168698319686,11.151790476073,16.7727411851138,35913.6327640187,15072.6462756763,866.055594454117,0
3950,17286,5.92364147542875,2790.46234226553,26.5416610619164,17.3525576050094,17.9839470538607,26.7316866875383,24597.1060173225,27163.8290257826,455.787028941116,0
3951,17287,5.89436107690315,8956.73951710797,25.9360171174098,7.97691723925799,8.08836417968571,12.2391180239992,36176.3735536608,24666.2449748894,218.598715454161,0
3951,17288,6.1606638380192,6596.81624400359,26.6009036310452,9.71149102574631,9.89900667530559,14.9148564717581,34991.4727716022,30942.0135458538,505.053622270304,0
3951,17289,6.91016446493211,4834.58829251649,24.7867845769739,11.7644326732211,12.0421171768314,18.0817144441552,35944.9966983781,15082.2963482107,835.151558307928,0
3951,17290,5.87540269759104,2571.19351226553,26.5416610619164,18.3963151169135,19.10017509207,28.349102934468,24589.8917281017,27168.7255604534,389.482681380617,0
3951,17291,4.05866025943801,8156.46216774386,25.0806336903859,8.4215393190381,8.54694286410183,12.9234556394806,36387.2399488547,24179.5738305435,-1368.67509055517,0
3952,17292,6.03422833411927,9307.26780868128,25.8238714787448,7.78496601050446,7.88873732186939,11.9432195451719,36445.4999478614,24706.0962901144,452.560484466805,0
3952,17293,6.05567094945716,5818.09885937712,26.4107013791312,10.5228536044088,10.7478414643382,16.1669706894769,34984.5434758701,30948.5603586571,531.52754125647,0
3952,17294,6.85600149095672,4301.50255640203,24.6960203323372,12.7060702296051,13.0333374393318,19.5365422088139,35935.9320654379,15071.2947269669,848.309504192594,0
3952,17295,5.77971219704368,3177.48118826552,26.5416610619164,15.8354751903422,16.3658658185624,24.3820001339363,24593.7282700465,27163.6340831188,435.173315095651,0
3952,17296,5.525552171144,2643.29233702567,26.3152422912378,18.0024262349829,18.6761881640775,27.7379711620311,31929.01509632,20133.4748773771,-535.080998184133,0
3953,17297,6.08734908305314,9419.40452934169,25.7063633084686,7.72326126364809,7.82431407019408,11.848030161612,36455.0510790969,24678.2285045807,445.821744322246,0
3953,17298,6.10155029300518,7688.85493314877,26.5449838981651,8.8047049245059,8.95195104886896,13.5159206448581,34999.6868123607,30957.2998325884,526.291279240692,0
3953,17299,6.77362074207932,4475.54246651649,24.7867845769739,12.3818718223685,12.6921964142433,19.0356924988177,35940.7418181567,15081.7903547622,806.940733988785,0
3953,17300,5.73644255145194,5924.56427694882,27.0950325130529,10.4396528158133,10.6642530982977,16.0395281150195,32300.1551986444,32744.6939895258,67.7225138652811,0
3953,17301,6.24126082346518,4526.02525203557,25.5501135787118,12.3518651395615,12.665976359137,18.9908127663006,23477.0780478209,20407.465875512,536.500378961138,0
3953,17302,6.37877054554959,4568.38048010609,25.995553065142,12.3108930192094,12.6258570039149,18.9283413603398,23615.2693145599,22131.4314048155,141.275138982062,0
3954,17303,5.98901149918409,8258.65635534169,25.7063633084686,8.38215000115607,8.50855326733747,12.8634494532233,36439.1461504861,24670.3472839605,438.038154087254,0
3954,17304,6.03547232889968,8832.70937537712,26.4107013791312,8.06450834310623,8.18111950358729,12.3746027428916,35009.0674655366,30964.3682829208,509.682536283459,0
3954,17305,6.09340112579229,3435.25291010609,25.995553065142,14.9398015062159,15.4083985851983,22.9941674087819,23648.8385761848,22166.6470765405,215.910667763032,0
3954,17306,5.89453927246227,10832.7463621488,27.5298323529088,7.14225820985817,7.22827939511003,10.9546697332625,33416.4344248649,30895.5311376858,360.063431538125,0
3954,17307,6.69738686555681,3071.12742719476,25.5844430493867,16.0987388465876,16.6370019356662,24.7870888190567,24425.6636192489,19212.5831911025,870.277310326102,0
3954,17308,5.91001345171863,6744.62958240217,27.1346981049911,9.60133642480529,9.78634855493411,14.745577468446,32300.0880759504,32725.8463199331,66.9904488905751,0
3954,17309,5.26963721069303,2157.57498502567,26.3152422912378,20.8507901792858,21.7306687634053,32.1541399807383,31915.1156880297,20161.4943223684,-523.035390227446,0
3955,17310,6.08100162884296,8768.41527114877,26.5449838981651,8.10649475338138,8.22525417745538,12.4394560019955,34975.4552711648,30961.3198425013,493.420542894115,0
3955,17311,5.96247841280861,10322.6682541488,27.5298323529088,7.35760290495691,7.45137410065483,11.2863918056944,33408.6301079765,30897.6148255482,357.894401500535,0
3955,17312,5.68997844610979,6738.59568868128,25.8238714787448,9.53984172050928,9.71580267251283,14.6489589278765,36431.9906741529,24667.7138153629,468.225782609622,0
3955,17313,6.81370145105554,3096.65556119476,25.5844430493867,16.0059644092628,16.538235019155,24.6434486886136,24422.604560267,19183.1252425282,833.414564428192,0
3955,17314,6.03523349216149,6578.50949040217,27.1346981049911,9.75674084227452,9.94892970987431,14.9854016135887,32298.0183251886,32729.4848686881,73.6079538783294,0
3955,17315,9.8068764770754,4322.35432938704,25.2350397046891,12.7113508978723,13.0428973035255,19.545804326392,33809.1226326084,14395.849839308,-1014.79856044186,0
3955,17316,5.51393250356144,2202.15560902567,26.3152422912378,20.5410094445859,21.3977383321417,31.6736447559245,31918.7192557337,20149.634706079,-561.653169229144,0
3956,17317,6.16988820880993,9422.71962714877,26.5449838981651,7.75126811947964,7.85635151248295,11.8920106258198,34983.2238566479,30957.9067149447,513.361369911942,0
3956,17318,6.22209105826536,10839.9708901488,27.5298323529088,7.13933278626761,7.22525023138426,10.950163767112,33412.0201793693,30908.2781026957,341.636857905993,0
3956,17319,5.48372361356871,7005.35257468128,25.8238714787448,9.30628254676874,9.47190535513015,14.2886471480984,36433.2325311671,24648.1084947022,484.923725110376,0
3956,17320,5.87531786703385,6838.63655040217,27.1346981049911,9.51632358267873,9.69744938810769,14.6143943073327,32296.4419632127,32744.3358693678,122.201320432375,0
3956,17321,6.71930672967887,2579.13266519476,25.5844430493867,18.2109662575164,18.8910332580079,28.0588744638527,24413.3968984521,19176.1154586516,849.121326289865,0
3956,17322,9.9098846085137,4878.49103548093,25.2900557709465,11.7321768296713,12.0115255283407,18.0328073317263,33827.9024159301,14415.9723417198,-1047.36294113049,0
3956,17323,5.40785916131836,2519.37406102567,26.3152422912378,18.6323720041996,19.3503576241051,28.7142752905568,31927.4528737265,20159.5563140367,-572.514486454991,0
3957,17324,6.05183801423162,9309.39585714877,26.5449838981651,7.80971406174028,7.91700855268644,11.9820718371083,34987.8405810864,30950.2740012323,522.941182237395,0
3957,17325,6.07258157890432,10742.0873461488,27.5298323529088,7.17925400538302,7.26659070933105,11.0116545409702,33412.5704639914,30923.1729729122,381.391140178205,0
3957,17326,6.08838013031209,6822.24920640217,27.1346981049911,9.53099574022012,9.71279026210626,14.6370343343871,32280.3804113521,32717.9632521255,72.7530079730202,0
3957,17327,6.16768111515085,5845.70971845589,25.9939594032959,10.4653994795481,10.6853129104107,16.0776372867751,36183.8632616699,25311.8839229005,338.962283694148,0
3957,17328,6.59111911118071,2436.52964595345,25.4602399726389,18.9481623723544,19.6784951197134,29.2009877420748,24408.0223878176,19194.9588992107,862.834208443103,0
3957,17329,9.71922519902198,4546.82352748093,25.2900557709465,12.2931978988444,12.6023135093784,18.8996462076973,33788.5576454662,14475.0730912443,-1087.31953066271,0
3957,17330,5.53259880558556,2064.96777402481,26.3009443737756,21.5312322618936,22.462345814164,33.2096697360399,31783.9094641944,20019.6382919519,-605.003722262302,0
3958,17331,6.01111133229113,8959.66702914877,26.5449838981651,7.99805590757667,8.11258061853965,12.2723226939794,34991.8274866995,30966.0799770723,519.125037781693,0
3958,17332,6.0394021190865,6158.45689245589,25.9939594032959,10.1178354839739,10.321177762236,15.5411249056729,36144.7380527176,25334.204007182,314.171818250703,0
3958,17333,5.99632795296128,10421.1024481488,27.5298323529088,7.31464489597197,7.40685229789474,11.2202133637117,33426.2989197711,30913.6656896591,391.835706445297,0
3958,17334,6.78597768767708,2408.49724319476,25.5844430493867,19.1269319690668,19.8714702233082,29.4785054172256,24386.914637463,19200.7383782554,868.281853533169,0
3958,17335,5.91494393260332,7132.33123440217,27.1346981049911,9.26338034154677,9.4331110698312,14.224124154663,32302.0879889179,32722.9834010227,90.8620955845538,0
3958,17336,10.1044003182871,4372.43834536043,25.3053505991657,12.6196449936215,12.9466514111418,19.404198913955,33751.255368944,14490.0968954237,-1079.82221155647,0
3959,17337,6.11152084557553,9002.26531314878,26.5449838981651,7.97444342338375,8.0880529565215,12.2359314384611,34993.9868636783,30955.8915222024,499.212916737923,0
3959,17338,5.95238929739617,6489.79401045589,25.9939594032959,9.78183340031471,9.96958218662658,15.0225767531391,36153.2604877828,25344.3747684795,278.909054983779,0
3959,17339,6.01233494444631,10676.4498661488,27.5298323529088,7.20637356408651,7.2946788177955,11.0534280957084,33409.1829105927,30895.9936120196,394.656919230878,0
3959,17340,6.09725242368762,6950.37444840217,27.1346981049911,9.41789309626379,9.59455455430712,14.4625160990781,32294.5235469308,32733.9942452094,74.4473660873091,0
3959,17341,6.60822521267358,2332.99211519476,25.5844430493867,19.57156509836,20.3479986840761,30.1677968360411,24435.2005354779,19203.0715339415,843.249377303912,0
3959,17342,5.6481461041271,2276.06495802481,26.3009443737756,20.0498475644536,20.870043769962,30.9118609761169,31770.9176620251,20015.3525888362,-507.805139826,0
3959,17343,9.73412301997276,4402.92766948093,25.2900557709465,12.5598516346851,12.8834657442339,19.3117512523683,33769.2382767408,14518.4378403938,-1046.55262950786,0
3960,17344,7.63092766547925,5234.77247711832,24.8267403750089,11.1681850687949,11.4157816346378,17.1608710658097,34247.3113785577,14076.049373035,1192.53390868021,0
3960,17345,6.27563653492921,8582.04549354963,26.6700763284092,8.22103485831714,8.34480304614969,12.6161413428981,34990.0791892903,30957.7176679472,522.849129513964,0
3960,17346,5.84792639547023,4113.62304014339,26.1142187195767,13.2199735563181,13.5866897433958,20.3339348955277,36213.4882711809,25310.1616189294,304.687980568156,0
3960,17347,6.05492046330906,8870.18727087339,27.5997796483255,8.08767507267978,8.20959174356611,12.411528411749,33415.6043532465,30901.8889146354,383.953272902192,0
3960,17348,6.49689768589733,2453.08498854936,25.6498830317032,18.8867957921106,19.6150480230927,29.1064942711974,24405.7848512132,19198.6808357586,856.187029731411,0
3961,17349,6.0103753429768,5597.14021814339,26.1142187195767,10.7734469425235,11.0090995179352,16.5534402841808,36234.1249946178,25285.3453997898,320.903624360666,0
3961,17350,5.98693599373458,7463.63129154963,26.6700763284092,8.9779115500236,9.13308620684904,13.7831996667576,34996.7351919223,30955.4271829642,499.288045752549,0
3961,17351,7.52151430267666,5737.29566711832,24.8267403750089,10.5210818546224,10.7371091457811,16.1617827969285,34232.9953338586,14072.6503183038,1204.40505407749,0
3961,17352,5.86865477635339,6235.10676087339,27.5997796483255,10.1264466671655,10.3384219104633,15.556690203417,33400.2506010215,30885.6891588167,408.409549796952,0
3961,17353,6.95113131549447,2363.79158454936,25.6498830317032,19.3980143693902,20.1627571011146,29.8989592698861,24417.4385023214,19200.7160947607,823.636321520239,0
3961,17354,5.40461006399463,2322.62872294621,26.226953820049,19.7443153032726,20.5412151593728,30.437828868365,31763.3954586562,20024.5128924502,-534.483996985415,0
3961,17355,5.55032100948619,3250.00694605075,25.3529500122854,15.4494582657298,15.9440554116219,23.7813494444655,31746.9808477121,15604.1814819184,27.7061111526504,0
3962,17356,5.91831348135407,6334.75733861222,26.5392868059079,9.96518529255202,10.1641665682961,15.3062947422147,35000.0717008005,30950.6406625602,518.932912907491,0
3962,17357,5.88753262805708,6161.73815487339,27.5997796483255,10.2046523549467,10.4204085246505,15.6774256464581,33408.5614963493,30903.0444202748,401.66848200416,0
3962,17358,7.5651984707593,4365.17190579955,24.8622584463136,12.5961421482633,12.9186297539127,19.3669821229666,34224.8040290298,14064.8580816135,1210.67227623877,0
3962,17359,5.88163908886018,4061.04831805075,25.3529500122854,13.2662643872826,13.6298264103543,20.4039124009851,31736.8884434497,15607.2329678316,46.5356121296531,0
3962,17360,5.68852473378032,4476.32518214339,26.1142187195767,12.4892216384995,12.8147902037374,19.2041930777313,36241.7688289283,25296.841193177,298.275216988906,0
3962,17361,6.77061891762006,2367.74885109906,25.5864665524201,19.3639741413397,20.125493754492,29.8459731210189,24416.3913917882,19205.3952274957,846.848298564994,0
3962,17362,5.6900045757121,2499.91599694621,26.226953820049,18.7227212799174,19.4460989096753,28.8540387230563,31766.6743989523,20018.7595531666,-495.376920729314,0
3963,17363,6.02369217199691,6469.07188661222,26.5392868059079,9.83123200624124,10.0239705080815,15.0995590084666,34997.9147804615,30952.7956245371,503.85440439352,0
3963,17364,5.36524344877487,4087.15645351148,26.4935996145562,13.3118258519769,13.6866849655559,20.4767571103816,35408.7956720321,24606.428612476,-157.038603858811,0
3963,17365,5.96568815512296,6007.57818087339,27.5997796483255,10.3744333082335,10.5984756285053,15.9395580865303,33397.1083703738,30884.5491334799,406.019029800846,0
3963,17366,5.5364232994853,3883.21039405075,25.3529500122854,13.6744007266214,14.0614553372234,21.0350307926292,31733.4976287259,15610.1312651274,13.0460573958761,0
3963,17367,7.54376443419119,3776.67764989214,24.9180367568462,13.8920258227413,14.2882029644122,21.3706152112726,34217.6857077112,14095.5574063804,1187.82475014481,0
3963,17368,6.70188206047625,2402.40316254936,25.6498830317032,19.1726503775766,19.9212437607414,29.5495939971515,24428.857342651,19183.5578558436,856.416486452275,0
3963,17369,5.54452882773786,2025.49798294621,26.226953820049,21.8253573997493,22.7779245607629,33.6657382670681,31764.1294418905,20015.3902039246,-521.067401601957,0
3964,17370,6.04868204842956,7188.11065661222,26.5392868059079,9.18919809684133,9.35297676943485,14.1089447510202,34997.2912369375,30966.6417184472,504.590379663371,0
3964,17371,5.60996231899817,4185.32633551148,26.4935996145562,13.099647682732,13.4622755191593,20.1486521044117,35405.8685952933,24617.1984155655,-157.466054848541,0
3964,17372,9.77045838462857,8379.47640552122,27.2562828994696,8.36846758377948,8.50044405684591,12.8440532768778,33944.9664582269,31265.1341923539,-1466.04928224493,0
3964,17373,5.69417594988207,2851.13811205075,25.3529500122854,16.9291854100364,17.5195660652683,26.0724273039007,31737.1693804787,15628.3226775032,52.2135885730446,0
3964,17374,5.26404140936727,3640.40568771737,27.3116229909949,14.4889829733022,14.9407936357394,22.2995740623562,31466.4793158496,32534.1069332215,-315.121039012118,0
3964,17375,6.79646683539876,2560.99036254936,25.6498830317032,18.3130401914338,19.0009589134411,28.2172598239499,24414.3779762191,19192.9565452219,837.802409667895,0
3964,17376,10.3543508633701,7539.95841217157,27.5203042599481,8.95812756401226,9.11608475045071,13.7536914608408,34479.4217612375,30479.9798408371,-1380.81500919782,0
3964,17377,5.53542489477647,2405.24824894621,26.226953820049,19.2509047369029,20.0120423404958,29.6728180688099,31760.4892100036,20032.6353165465,-543.342734402574,0
3965,17378,6.15573155595365,7782.23738154962,26.6700763284092,8.74316194669153,8.88833796761907,13.4211590726511,34991.7124460823,30952.7690023613,508.672640863354,0
3965,17379,5.52541890014649,5168.91939151148,26.4935996145562,11.3771042535501,11.6455879682883,17.4863817406087,35417.239537714,24599.1844763769,-126.568998505714,0
3965,17380,5.9523069965657,7350.89986887339,27.5997796483255,9.1079307863843,9.27280408807642,13.9848720024986,33383.6930749892,30860.813351904,392.226492954734,0
3965,17381,5.5309443012146,2911.84176805075,25.3529500122854,16.6802162100352,17.2541171196755,25.6868453063539,31728.7629896471,15632.3158526813,35.6190824987806,0
3965,17382,5.46757462751151,4256.73721971737,27.3116229909949,13.020277145451,13.3842363929361,20.0275443930729,31477.1102783227,32548.1719025217,-378.982888136055,0
3965,17383,5.59150187392348,2808.25797094621,26.226953820049,17.2314259061885,17.8512831919648,26.5431201560666,31772.3662295105,20004.5699233493,-514.392308553709,0
3966,17384,6.00220928744342,7538.16727554963,26.6700763284092,8.92145206794716,9.0742012186138,13.6961198111859,34994.5095750889,30958.9581427823,525.576470701177,0
3966,17385,5.56692987835924,3206.82128551148,26.4935996145562,15.7285100697502,16.2515407694037,24.2162647815346,35403.4027573525,24627.3001461756,-190.402151869973,0
3966,17386,6.05369606623426,6927.38394087339,27.5997796483255,9.46068475368453,9.64141253121648,14.529131544546,33400.8105719348,30881.3595449658,388.718841710747,0
3966,17387,5.3097691888035,3544.41637971737,27.3116229909949,14.7589353269763,15.2275453596007,22.7173586175753,31481.5397895618,32530.849505536,-364.473814695604,0
3966,17388,5.57004741328777,2456.37059494621,26.226953820049,18.9610045514604,19.7013489926752,29.2234017273914,31778.2116877023,20013.6838859784,-505.911963910857,0
3967,17389,5.88408020834517,6754.76853354963,26.6700763284092,9.56852137941453,9.74983807450584,14.6943334271399,34996.792261226,30966.6873281901,523.75014975047,0
3967,17390,5.96274116311984,5731.10782887339,27.5997796483255,10.6989657461793,10.9391393871999,16.4406983943763,33400.6675684339,30875.9495135999,430.245236285285,0
3967,17391,5.66916731235165,2521.67768494621,26.226953820049,18.6064887099689,19.3216313183168,28.6738780127889,31748.7910534264,20028.4716616432,-512.097208280854,0
3967,17392,9.69774185351202,3458.23483303552,25.2331776425907,14.7879356760883,15.2404002119978,22.7572956011283,32169.3069470716,15012.2618586473,-1083.04846643325,0
3968,17393,5.94003720430778,6887.91830261222,26.5392868059079,9.44301329128223,9.61804776932473,14.5005112754293,35002.8090492467,30950.4863595983,496.380349542137,0
3968,17394,5.94124380902811,6340.14875487339,27.5997796483255,10.0172516822126,10.2239860283766,15.3881233608843,33411.2663291768,30883.4248453171,415.077629489018,0
3968,17395,7.14979744607148,2584.38084877807,22.5566233552482,17.7141881167803,18.3246179155609,27.2793821673684,24006.151394198,12314.0192737403,1056.74307589434,0
3968,17396,9.59761481455243,3451.97944903552,25.2331776425907,14.8063537282531,15.2599444216804,22.7857943109102,32190.3064307818,14963.2519523313,-1153.80234864989,0
3968,17397,5.55445678099463,2175.58314694621,26.226953820049,20.7080880423787,21.5761412957074,31.9324768398028,31766.1019797198,20004.555983108,-519.220257398126,0
3969,17398,5.84174097557011,6599.04731261222,26.5392868059079,9.70615898737607,9.89313023220438,14.9065454647817,35007.1533109571,30972.6893943566,531.892572655188,0
3969,17399,6.04037414632266,5877.88909287339,27.5997796483255,10.523317183805,10.7547126843545,16.1694503881612,33394.7023640575,30875.5056810815,387.406312813159,0
3969,17400,6.9877088080699,3254.8748332413,10.283386683349,13.3771750974274,13.5820133158315,20.5297969878257,43896.3088943293,20111.926573505,1111.34225419494,0
3969,17401,5.36445602418509,2133.72296030308,26.2529562459645,21.0098311891462,21.9008424813241,32.4006181896263,31768.6513898201,20105.2688407896,-505.389379100201,0
3969,17402,9.4381189038917,2960.27102503552,25.2331776425907,16.4726207578107,17.0316658272504,25.3650324125891,32202.8771095819,15001.2788385037,-1110.13997225842,0
3970,17403,5.84862377050387,7593.38644084147,26.5628193165154,8.87545406170629,9.02577801481758,13.6250507689338,35001.5836733355,30965.4465367471,528.560074425363,0
3970,17404,6.08042573687715,6808.30520753599,27.4185868795871,9.55771422896332,9.74205118470024,14.67862894867,33417.3033493262,30896.2395986299,410.325972369356,0
3970,17405,5.33744988770696,1172.73480386954,26.240663232016,33.1642697242701,35.067609073896,51.2824967214053,26684.3450966281,20373.0391729536,-181.311433227798,0
3970,17406,10.0775950547329,3017.44427365504,25.2406008474687,16.2545633108839,16.7994943336553,25.0274119470071,32178.260815311,15002.7444456543,-1081.19808322585,0
3971,17407,5.87240850852939,7318.65614284147,26.5628193165154,9.08558958101753,9.24495183848336,13.9491546794707,34985.126212119,30958.5747364398,524.638804264974,0
3971,17408,5.81844626504914,7056.54989843639,25.4628935475062,9.24546699204278,9.40674791075897,14.1943701995153,33885.5063624219,16139.6434759616,-204.139142255311,0
3971,17409,5.87513610600025,6656.23770353599,27.4185868795871,9.69772903458265,9.88853144080317,14.8947032853372,33402.859472573,30897.4851309117,412.775522493652,0
3971,17410,5.30495756629301,2960.32091186954,26.240663232016,16.6033381554898,17.1811866858038,25.5702721151045,26672.4175826078,20364.1801395563,-193.087330264106,0
3971,17411,9.95366683439886,8897.57927492816,25.3503255850237,7.98762419024192,8.09726625260704,12.2550040645886,32355.24832796,15245.3608749833,-1179.49769455373,0
3972,17412,5.91454945908476,3647.39799953599,27.4185868795871,14.4805561605827,14.9327140854327,22.2867726410332,33383.7424538885,30885.5294784674,395.342464935626,0
3972,17413,5.7008261307713,7336.88080049098,25.4935046294296,9.02116091032923,9.1729678882029,13.8484582870613,33744.9671128335,16196.0608331196,-615.2633712313,0
3972,17414,5.51906156514982,1859.11323163974,26.2275744436701,23.2599825711382,24.3240263608664,35.8921539459047,26463.218070511,20302.7309673117,-160.036750412313,0
3973,17415,6.11288238038329,4458.32924153599,27.4185868795871,12.6283150280285,12.9706224198072,19.4216873776988,33413.3279703717,30893.2921873324,392.462438111081,0
3973,17416,5.40556499293121,5031.39098639004,27.0918638706307,11.6239031214064,11.908992369812,17.8686822182337,31465.5891683786,32557.4313345874,-351.061835414233,0
3973,17417,5.62882957440253,3380.88399574981,27.1702204510826,15.2352427269355,15.7327327165271,23.4542931814832,34376.4975396427,27879.9056043542,-41.6181269096814,0
3973,17418,5.37110306020059,4323.79243389465,25.9342870428935,12.7679745133323,13.1077536600043,19.6347355020403,32838.9333337627,18943.1397360804,-434.882272900484,0
3973,17419,6.30737769779203,2297.52936193769,27.1327324742245,20.0555293437919,20.8863493834568,30.9234869804501,28378.9544171619,31011.3242288867,659.155030644615,0
3973,17420,5.33055105278521,1794.11450563974,26.2275744436701,23.8879040538923,25.0017064842124,36.8669060666418,26477.4538051448,20300.8190822812,-185.005200003848,0
3973,17421,8.86609085079857,4450.98093542213,25.3351538663935,12.4728244186342,12.7920040557984,19.1773354759417,32283.9679881164,15381.8561099444,-1180.20699547796,0
3974,17422,5.57536778998069,3636.14071389465,25.9342870428935,14.3605534182793,14.7931083565638,22.0977104973455,32811.7029556586,18953.3337531811,-487.036399161351,0
3974,17423,5.60871799254423,2813.6263917498,27.1702204510826,17.3362053783286,17.9729610502564,26.708138250574,34377.7059072199,27874.9561933608,-51.3429407063755,0
3974,17424,5.35473618098127,3419.44020239005,27.0918638706307,15.1071609720429,15.5958332264004,23.2558376396605,31480.1719281012,32548.1698856826,-391.136455132324,0
3974,17425,5.54183196329301,1566.82821163974,26.2275744436701,26.4670106107313,27.7907784340338,40.8721523576557,26494.4846392547,20299.5027188846,-180.799658778208,0
3974,17426,9.34877835183052,3112.30978255727,25.3794539953447,15.9244953002508,16.4495243952536,24.5167671438794,32153.7725959428,15492.5531482158,-1109.95954008738,0
3975,17427,5.73068699334705,2141.1946377498,27.1702204510826,21.1258222163138,22.0374929105248,32.583839698365,34390.2795285563,27864.9937578454,-5.96212940689172,0
3975,17428,5.42014635363908,1560.68295763974,26.2275744436701,26.5465706740435,27.8769483546228,40.9957434854095,26488.411527066,20328.5863995626,-170.960129697302,0
3975,17429,6.67368283616746,4377.34838642163,25.7434264738908,12.6469436276162,12.9786141088411,19.4472649986734,33277.163659407,17658.7745422236,625.506383707218,0
3975,17430,9.83243238805784,3893.49862727989,25.361834135016,13.6507317905012,14.0364821936971,20.9984465801901,32197.1485833209,15481.4608642742,-1122.03495410773,0
3975,17431,4.87326253746248,1235.03367839005,27.0918638706307,32.1305009610788,33.9582740556034,49.679436254884,31476.0509495697,32574.1433918369,-384.331533208065,0
3976,17432,6.95789462180284,5388.46101444359,25.1690329885932,10.9819798378507,11.2224178290072,16.8739137337799,34812.3982680227,33336.9112604666,1022.81335688361,0
3976,17433,6.1032942749468,3858.35102338555,24.2751696743174,13.6287936948457,14.0044036549244,20.962075781057,35866.6130930821,14368.0347516452,569.527023546938,0
3976,17434,5.69041613008914,3002.62566999734,27.2229354697425,16.5623326151189,17.1470882181543,25.5094163644647,34380.7274825187,27880.1483191949,-37.6153196203031,0
3976,17435,5.73965290333945,2299.96362163974,26.2275744436701,19.8855111100497,20.6927369491926,30.6567722128392,26495.2265158711,20315.0162728846,-168.290088731476,0
3977,17436,6.38472220703284,5708.33678938555,24.2751696743174,10.5207141964548,10.7335267989965,16.160331481972,35862.5229132828,14367.8030433426,586.8170000013,0
3977,17437,5.39893924875402,3703.23129466073,26.630243188396,14.2515801643422,14.6832900467973,21.9306962862448,28495.3556494665,26474.7231902799,-284.556013317474,0
3977,17438,5.78174103578468,2250.8620917498,27.1702204510826,20.3650756097295,21.2193937094126,31.4037191676893,34381.0742682074,27867.3401296413,-39.1076466227766,0
3977,17439,5.21674458942269,4042.26427363974,26.2275744436701,13.3878092690362,13.7650657336927,20.5937087119602,26423.3764563888,20317.3575583457,-253.803843476328,0
3978,17440,6.23174886866926,5097.07123738555,24.2751696743174,11.3253692105372,11.5773125087071,17.4026360193627,35878.3618542359,14371.3399987046,581.988058085676,0
3978,17441,5.58917428832562,5195.0430446306,26.2685867931839,11.323924858327,11.5882937817532,17.4038566053889,25761.5123635672,21741.8722070353,-148.224925118037,0
3978,17442,5.64483967457911,2743.0550877498,27.1702204510826,17.6528558310136,18.3114813633085,27.198790591807,34360.9463009729,27885.9149561567,-21.8422428264638,0
3978,17443,5.33671463509093,2853.09311043267,26.5948481003721,17.0886965464061,17.7026836423429,26.323058541349,28453.8039426835,26338.0102301672,-247.56412880767,0
3978,17444,5.43805502559325,4644.23063786954,26.240663232016,12.1954700884063,12.5058127712402,18.7504152028831,26677.1140845458,20334.7477663296,-133.900137970105,0
3979,17445,6.47033351937733,5031.58793938555,24.2751696743174,11.4217188111253,11.6784964137171,17.5514306285905,35865.7004591958,14376.9364116944,555.612090262162,0
3979,17446,6.59191800875969,8128.93176795482,26.2716542117957,8.48939904102751,8.62241922933824,13.0294215582351,35853.9024954704,29325.9533599635,917.160581793127,0
3979,17447,5.59548432357963,5224.8001706306,26.2685867931839,11.2813948454316,11.5435757652172,17.338161855749,25739.7409188597,21738.5930130569,-175.813615023154,0
3979,17448,5.44099150500812,5645.9937837498,27.1702204510826,10.7780956477192,11.0199032994203,16.5622550334441,34377.371333438,27867.7438440699,-53.7068023940085,0
3979,17449,5.33555240426196,3021.52593243267,26.5948481003721,16.4107225456361,16.97929498033,25.2729224055847,28453.6348442904,26217.1532123492,-137.278350266808,0
3979,17450,5.76518232770531,3484.18585988532,26.2941208836505,14.8268323108616,15.2910293199104,22.8200581196549,25840.0139629264,25214.2253142797,-101.125402840873,0
3979,17451,5.63573045544282,4120.87622370994,26.0978787172263,13.2027804994111,13.5683875951569,20.3073156173526,26752.286406974,19656.739876297,-134.558535726312,0
3980,17452,6.33962706841747,8818.29686202537,26.2883283002529,8.06808398590844,8.18437477797584,12.3799862741185,35794.3850846194,29352.6577755631,724.819569211641,0
3980,17453,5.89056240085864,4506.62039221797,25.3232385598422,12.3688763522209,12.682318302635,19.0166633059764,32922.7157989378,14514.3915396085,153.88451220609,0
3980,17454,5.48687816371091,2573.35583281145,26.5639251506958,18.3885759685025,19.0921389248906,28.3371764950663,28447.4702542927,26236.7560856035,-145.564976557382,0
3980,17455,5.57134985304924,5223.91576913225,26.0630466409485,11.2686296411153,11.5289112631103,17.318100786595,25762.6755606903,21727.4667512867,-155.757017235537,0
3980,17456,5.7769076450466,5683.08699366626,27.0954291074195,10.7273713673075,10.9662228043602,16.483806962143,34376.3041043046,27862.5325431956,-26.3929012050874,0
3980,17457,5.25177531407945,3651.40309582087,25.8917279474593,14.3150316464822,14.7444781074705,22.0271839323755,26765.0023437957,19761.2557963312,-155.751244322186,0
3981,17458,6.27605392154079,8203.63930602537,26.2883283002529,8.44141208464621,8.57254805823261,12.9554581115166,35780.4404826159,29342.435412633,702.254640704415,0
3981,17459,5.56582072765061,4232.44547909064,25.445198454578,12.910156455041,13.2543076924902,19.8535467336261,32946.4851211828,14806.1000538786,-92.2196381867758,0
3981,17460,5.76030692744404,3976.42920713226,26.0630466409485,13.5225861963341,13.9064125955334,20.8017924254825,25732.3990332607,21731.4173833475,-164.540101420583,0
3981,17461,5.35353216996881,2688.44168281145,26.5639251506958,17.8219010155687,18.4858307888029,27.4589721304057,28478.7304700056,26240.226665634,-137.245975123389,0
3981,17462,5.56763956934986,5491.53167469104,27.0442565967513,10.9681303912755,11.218841541977,16.8555549332758,34378.2022483471,27888.1444546824,25.1445289758625,0
3982,17463,6.06049615890095,5807.45279202536,26.2883283002529,10.528016139757,10.7525854322551,16.1747560901054,35664.018735087,29286.6253433528,545.733663851371,0
3982,17464,5.41934212582884,3852.81725575706,25.4492381657107,13.7568705974349,14.1495103499436,21.1627883136138,32973.877737309,14804.514542635,-119.089655335665,0
3982,17465,5.6927310446623,3764.78479673617,26.0765149593359,14.0370368161014,14.4513190997985,21.5975404889528,25757.7117820706,21755.9464904965,-176.381845136869,0
3982,17466,5.6346700012178,3282.47762367014,26.5225721654321,15.4783166493613,15.9855562389064,23.8289988525038,28394.4865575899,25899.9372106911,64.2024413422416,0
3982,17467,9.24232904651329,4632.49556310887,27.0983634079232,12.2825285760729,12.6033561763577,18.8865476103037,24427.115420012,36256.9309833158,-1091.65985047112,0
3983,17468,6.1238868884136,5709.54458967014,26.5225721654321,10.6597423452365,10.8920683194203,16.3785008521861,28353.8673190709,25914.88382841,158.658848109439,0
3983,17469,5.575432256077,3237.83942309064,25.445198454578,15.5005630479457,15.9992501705339,23.8606909354776,32941.3393082526,14817.9412552287,-138.811084604638,0
3983,17470,5.26476294808908,2787.57585713226,26.0630466409485,17.2992808374411,17.9220172466049,26.6477639418203,25748.6119028098,21732.636028653,-133.062016773327,0
3984,17471,6.02045060150539,5405.05716567014,26.5225721654321,11.0492644485649,11.3010976636297,16.9800375042971,28380.3119080327,25868.9798907289,115.618935958106,0
3985,17472,5.73101791777522,3673.83559167014,26.5225721654321,14.318936159774,14.7538589304068,22.0346684434568,28415.3925339648,25855.0165253682,97.0114155404014,0
3985,17473,9.46326961832917,4186.88755710887,27.0983634079232,13.1487308235419,13.5185887987071,20.2257655668151,24430.8032858123,36310.0234541871,-1019.37240727161,0
3986,17474,5.92247001018528,2776.54040367014,26.5225721654321,17.411677999758,18.0469096610367,26.8232277561609,28408.5464794593,25855.7269872256,65.1022858651327,0
3987,17475,6.1387555181705,4971.65580646615,24.9832518623078,11.5641141312701,11.8327573861013,17.7726379234777,36742.2176436119,19749.9509812357,392.962553920289,0
3987,17476,5.66423245090533,3798.19438767014,26.5225721654321,13.9960199773218,14.4114420867911,21.535079125254,28397.6429069878,25873.7100895372,112.351259276373,0
3988,17477,6.22196469772991,5209.58065846615,24.9832518623078,11.2144212448647,11.4653085378877,17.2325426703356,36740.4202588623,19743.0703694172,394.143273784324,0
3988,17478,5.68503494748285,3642.69082767014,26.5225721654321,14.4029187325392,14.8429601030454,22.1646122493583,28406.8192294827,25878.3297922299,74.6833723626042,0
3989,17479,5.87185626663369,3728.53180306875,25.417693848629,14.064199478715,14.4746759417674,21.6380637007997,36218.621467229,21415.7523083851,259.226947035488,0
3989,17480,5.57733717093247,2903.25628263659,26.503247374476,16.8672295587506,17.4653419972742,25.9797346636836,28387.3650667998,25851.0601825389,186.803830931418,0
3990,17481,5.83196782339003,2754.5521743341,26.6533237867415,17.5285724473606,18.1731964383112,27.0047198809016,33327.3132027388,25419.969147019,-839.574486456751,0
3991,17482,5.51477558884903,4798.85616124909,26.4493289981456,11.9479389537074,12.2462831786235,18.3682662214098,32025.6185538556,22176.7448495927,-291.722855321486,0
3991,17483,5.7770830108888,2718.1872483341,26.6533237867415,17.6952668061804,18.3513853013521,27.2630089801647,33324.7517835528,25413.9666522509,-904.658076283078,0
3992,17484,5.55026102255151,3271.82841650895,26.4438765285253,15.504330301293,16.0125156900035,23.8690727880526,32034.8534090596,22191.4565524942,-312.844492394299,0
3992,17485,5.75663959379386,2979.52014186067,25.7572977727909,16.4658727414108,17.0297957788985,25.3560482169214,25842.1781917624,20222.5784421497,539.616086462857,0
3992,17486,5.65614728445672,3015.97281264946,26.0992792715675,16.369462424915,16.930455725703,25.2076869953983,24721.7092692228,26052.3778513738,-77.1270180755544,0
3992,17487,5.32548575676814,2837.36628368488,26.3157930156056,17.1180975846871,17.7312046665666,26.367813866978,33904.4339855116,18365.3183416527,-539.595263802322,0
3992,17488,5.83906182665329,2625.7441263341,26.6533237867415,18.1380918422876,18.8250341972981,27.94923616233,33325.2041686497,25415.9335411564,-877.180188174707,0
3993,17489,6.21473355957645,3386.29630986067,25.7572977727909,15.0621791342784,15.5362609061009,23.1829748937088,25837.0460103981,20193.15610801,613.524904678982,0
3993,17490,5.88233833734948,7087.74317371495,26.1916659787322,9.25514610309566,9.42023469353635,14.2102374746085,24960.276083667,26715.8160215084,-30.2810487714056,0
3993,17491,5.40592438297532,3500.63450450895,26.4438765285253,14.7946857669526,15.2581804812032,22.7706649791255,32003.2552186837,22182.2351493034,-285.604268281364,0
3993,17492,5.42597350204892,3096.39204368488,26.3157930156056,16.09696480153,16.6422182106782,24.7862989850137,33888.9800440943,18357.1961061437,-565.956444644304,0
3993,17493,5.90209325416842,2472.2669583341,26.6533237867415,18.9403937770416,19.6842157930242,29.192816016541,33310.2916700316,25413.6338877069,-780.099123975966,0
3994,17494,5.96991575550936,3745.6234835321,25.4365776343349,14.0223080373373,14.4304594943475,21.5733090838792,34459.3322495403,14845.7540176716,258.397436109669,0
3994,17495,6.42875863827589,6283.42014186067,25.7572977727909,9.97427607290617,10.1696831561787,15.3192195001641,25807.3095768504,20209.4470495109,628.853347553891,0
3994,17496,6.32731913572036,5964.81409538214,26.1731883514156,10.3398255495347,10.5546667428111,15.8840497980924,24820.2883759806,26750.8790869151,-257.149157348895,0
3994,17497,6.2794850514626,3195.80177825527,26.488963022636,15.7657973725735,16.2911909094941,24.2739831302328,31473.0165812506,20852.325481409,532.231419500161,0
3994,17498,5.2396827875519,2742.79417637394,26.0218040891914,17.4933253659315,18.1288256895232,26.9482614696049,33925.9568089942,18347.7813203297,-611.214298706766,0
3994,17499,4.83651914306157,3965.45743070289,26.2196500559259,13.5625282872342,13.9498988130694,20.8638996374715,24085.034061158,28051.5862388595,-120.459347957965,0
3995,17500,5.94978019664414,4468.8031415321,25.4365776343349,12.4479261778519,12.7664684709901,19.1390536416792,34479.1357573035,14855.4852349819,251.877225964254,0
3995,17501,6.51148505171277,5684.45344025527,26.488963022636,10.688371024942,10.9219253058455,16.4226552510197,31472.0292958439,20839.283316356,510.262761312391,0
3995,17502,6.49022206207996,6430.90623786067,25.7572977727909,9.82647416519987,10.0150745888451,15.0911329505044,25827.3414533321,20198.7032775645,622.947980707329,0
3995,17503,6.53138122706108,3865.90345453165,26.189037112207,13.7962984447435,14.1971771243768,21.2254022100421,24531.0101248657,27429.3103878468,890.92396355155,0
3995,17504,5.27510586209644,4041.63492117858,26.2698157594471,13.3930592527333,13.7709414549536,20.6019161527129,33916.5006851556,18348.3083601367,-593.478135969596,0
3995,17505,5.93578436776334,2859.6382203341,26.6533237867415,17.0687911352043,17.6820264579755,26.292386599158,33348.6572063534,25390.7494638263,-840.933626876402,0
3995,17506,4.871643461494,5598.53663744163,25.7264605023762,10.7471163113838,10.9792510707593,16.5121704551249,25150.8257132338,20661.7093919317,971.012135427111,0
3996,17507,5.97025771831458,4319.8413035321,25.4365776343349,12.7335204669212,13.0677686568902,19.580479330961,34458.5163698833,14845.7199546154,260.190813107196,0
3996,17508,6.44168829030683,6634.13940305315,26.4952635567816,9.67083682899787,9.85597694572442,14.8519800640968,31495.1332130646,20831.7744789489,512.58071455088,0
3996,17509,6.81126749655188,6643.50118986067,25.7572977727909,9.62354776928528,9.80293821161238,14.7780158920434,25806.5601105678,20223.7658273598,644.94268706997,0
3996,17510,6.46023451617771,3489.30290653165,26.189037112207,14.800561972002,15.2622207181412,22.7791526640921,24513.8207934818,27438.0260261052,873.370032434968,0
3996,17511,5.8914939142292,3195.57829022349,26.3019851836732,15.7444901795104,16.2667676525507,24.2405146009011,33962.3386014797,22623.7983455773,-917.099482109073,0
3997,17512,6.02518293274226,4203.7642835321,25.4365776343349,12.9685467356048,13.3159070416978,19.9437963524825,34468.1960567513,14845.0438118822,227.523989050015,0
3997,17513,6.35158639118941,5678.61655025527,26.488963022636,10.6955457166854,10.929455019022,16.4337339109384,31474.953944776,20843.7097765697,515.084895051194,0
3997,17514,6.62944479057814,5995.84868586067,25.7572977727909,10.2806721524359,10.4904495908193,15.7921183873631,25804.7186397336,20196.0208255014,597.109540417134,0
3997,17515,6.46540539160095,2886.45128653165,26.189037112207,16.8949217315287,17.4916997482997,26.0217494625753,24514.9358958259,27439.3903471752,890.416045506975,0
3997,17516,5.44658965286793,1156.85440421413,26.4174843248109,33.5913469348374,35.5366018925204,51.9477470893789,28647.3544884173,26555.8684474483,-401.835137403484,0
3997,17517,6.85147627127177,3458.02824084968,26.356521635446,14.9109343839519,15.3809011918909,22.950364111369,33526.5909150181,21952.5332306668,63.6917827456108,0
3997,17518,4.76066011080266,5184.46986344163,25.7264605023762,11.3017465740696,11.5616625357365,17.3686841133813,25151.5577973311,20671.4708445411,979.635723776538,0
3998,17519,5.94562494491538,3928.1088935321,25.4365776343349,13.5761753886712,13.9581978744213,20.883312269019,34478.8830527917,14829.3536500867,259.720299645978,0
3998,17520,6.72910427691233,6574.58183586067,25.7572977727909,9.68807740709952,9.87037947266076,14.8775809502001,25786.0886417762,20203.5974757218,615.417316176544,0
3998,17521,6.30581793281758,4026.38021225527,26.488963022636,13.4474059367265,13.8301148999995,20.6864227865692,31476.7343024033,20856.7906491546,546.390437486482,0
3998,17522,6.54137755195883,3817.13789053165,26.189037112207,13.9162442149948,14.3242357740573,21.4109366121711,24518.4133459056,27446.8929559133,874.339502058317,0
3998,17523,5.31893185100349,3235.24394768488,26.3157930156056,15.6113068773754,16.1251600113872,24.0343596094823,33913.8934194735,18367.8332423166,-537.393003453227,0
3998,17524,4.62493630737345,5742.71883344163,25.7264605023762,10.5706110952243,10.7941307249563,16.2396559039967,25133.2127336944,20662.4356210626,1008.32208395965,0
3999,17525,5.64375752958229,3826.3487735321,25.4365776343349,13.8202390475139,14.2164859316688,21.2607663849954,34472.341775391,14849.4422835946,269.258201904816,0
3999,17526,6.76584792317611,6743.30099586067,25.7572977727909,9.53214688053505,9.70744076681619,14.6369977785689,25795.5981667506,20192.2488625538,639.816799009123,0
3999,17527,5.32807931568152,3372.47346437394,26.0218040891914,15.1344155908444,15.6153833984714,23.2954282265536,33906.3679153051,18346.706697541,-540.271137016552,0
3999,17528,6.70539527702856,2815.44594433816,26.2225812279123,17.1996547842202,17.8173131071493,26.4938893190235,24526.1689264724,27467.0188911905,842.60833158276,0
3999,17529,4.70532345538812,5928.08556785561,25.7644321781804,10.3570780343677,10.5705318271248,15.9100705425006,25129.5428287675,20666.8413487316,934.583481797053,0
4000,17530,6.2524868150801,5247.30692800594,26.419552813793,11.2597327057923,11.5217090543519,17.3049522327997,26546.0098338084,27665.4716586378,761.957313830016,0
4000,17531,5.92972913748252,3955.14063936621,25.3252707499604,13.5027489583853,13.8796451522147,20.7695219032566,34479.4483840491,14836.0864252819,232.878187728005,0
4000,17532,6.69328620863016,6937.24055828966,25.768954951564,9.36168429028836,9.52948024109745,14.374038226885,25800.5700533313,20207.7468712889,642.360967427501,0
4000,17533,4.66002699138001,6000.7654199777,25.7511195654732,10.2748544658867,10.484322474683,15.7831291317311,25123.3777446122,20658.4195044703,1001.72886674381,0
4000,17534,5.67591992179904,3410.27740600227,26.2038884536038,15.038247312536,15.514819704417,23.1470337253695,33958.7348750499,22646.786150427,-876.901510982361,0
4001,17535,5.97919749654964,3898.95231336621,25.3252707499604,13.6342752261102,14.0187768344225,20.9729160057955,34469.0105634826,14861.0369307679,259.60251637439,0
4001,17536,6.22949721294185,4253.14139200594,26.419552813793,12.9518805068738,13.3055339458069,19.9200241456562,26543.7751794563,27658.865047757,747.973835554101,0
4001,17537,6.71547119278493,6611.25575828967,25.768954951564,9.65420854665808,9.83503806880314,14.8253388867259,25795.5618335868,20200.9406206473,646.417206332142,0
4001,17538,4.64626065844528,5872.5300479777,25.7511195654732,10.4197196586703,10.6360985529528,16.0067493917273,25145.0195435031,20666.6309507812,917.048694388134,0
4002,17539,5.99199025114532,4069.08113736621,25.3252707499604,13.2460565651629,13.6082542891492,20.3726087286532,34465.5880089751,14842.5217716245,242.014094681078,0
4002,17540,6.62032515919084,6922.43908628967,25.768954951564,9.37444549012584,9.54280304444941,14.393724040018,25814.0423739385,20198.5805642111,660.065703463756,0
4002,17541,6.35786043844551,4306.90685800594,26.419552813793,12.8426742092691,13.1901390123915,19.7511805221847,26531.8947150764,27675.4808481639,761.975244170726,0
4002,17542,5.42562737596486,3470.9427597745,26.3302282876211,14.8697521870018,15.3369275564139,22.8865666051728,33923.0019602436,18360.5961417906,-620.095468676471,0
4002,17543,4.73559830099313,5857.9928879777,25.7511195654732,10.4364929047612,10.6536769068168,16.0326426597905,25118.3378515352,20651.9225679246,962.04809428616,0
4003,17544,6.84945562426369,6170.88994028966,25.768954951564,10.0918572831033,10.2927992158152,15.5007027657092,25785.7576781415,20207.4190057279,625.081673721652,0
4003,17545,6.28746625551709,3024.48416189517,26.4472989097301,16.3809269374246,16.9460912074305,25.2263820383842,26300.3170977,28146.8173213353,743.1075485108,0
4003,17546,6.08261422068769,3661.37009044431,25.3338730286806,14.231183726094,14.650890706176,21.8961729672605,34583.1498270145,14891.3030335004,290.141773506293,0
4003,17547,5.88989238609583,2167.95562040586,25.6898452199172,20.6623413594847,21.5199795745934,31.8595899123283,36059.2776850473,24458.1970811735,143.638031801348,0
4003,17548,4.73310012146339,5342.65524656552,25.5985676071232,11.0723427951273,11.3198714407379,17.0141693208827,25112.3485217878,20667.2312986095,1010.37014099074,0
4004,17549,8.15029758050484,8628.88185872295,25.8752294700308,8.16210138143188,8.280482089976,12.5244539206521,36064.6114106213,28652.4219682953,-1393.21497359265,0
4004,17550,6.32771666156126,5115.16173428966,25.768954951564,11.4052829009372,11.6707666790409,17.5286800298742,25835.3306390811,20205.4223483457,617.158527751557,0
4004,17551,5.79389753296848,4208.74669682093,25.6764849474569,12.9792541656007,13.3290063113037,19.9608432655338,36044.1482863779,24442.1838167742,142.659580944049,0
4004,17552,6.44126650234679,3435.79360976764,26.4343315149895,14.9860415622169,15.4613754456429,23.0667926335929,26280.359095094,28161.003966339,751.286071651874,0
4004,17553,6.19177682826224,2651.42402827143,25.192896980783,17.7978210142183,18.4449910336424,27.4175008969086,35048.4817140902,15146.0347187689,158.546719197602,0
4004,17554,5.93486775299843,7103.13866729406,26.667812130796,9.26533127177913,9.43304389262718,14.2265515412165,34983.1305410826,28829.817915371,943.859268862258,0
4004,17555,6.02581512316799,4749.55532917801,25.203039774436,11.9353109895804,12.2247342643138,18.346477960442,24255.0014751078,19902.6604477138,473.737102344529,0
4005,17556,8.31810318573267,9124.31267672295,25.8752294700308,7.88330098734998,7.99095783968945,12.0947929283344,36038.2536437071,28656.8991127845,-1353.24451169786,0
4005,17557,6.41770751673983,5682.74972828966,25.768954951564,10.6457227072331,10.8731358956579,16.3556870542685,25843.1436650998,20211.5533791526,603.536977285544,0
4005,17558,6.32511010939821,3260.55475376764,26.4343315149895,15.5405262964742,16.0509383267605,23.9250834011738,26274.8021590854,28155.4254291801,743.129432496579,0
4005,17559,7.23832033166641,7647.10785216065,25.5682627719252,8.79145392791356,8.9339489197222,13.4943249901656,36368.3302524549,25270.3632745648,-1256.48398629507,0
4005,17560,5.97093691313289,5688.93367579406,25.2560391941665,10.6060585891484,10.828624214804,16.293643212761,24234.9606954813,19901.8908803722,484.482477684481,0
4005,17561,5.66585157839615,998.872578455796,26.4143315099826,37.7892800325304,40.118167959298,58.4789545522321,29152.9208919996,21176.101184729,222.093776087934,0
4005,17562,5.49035512833935,7083.06674164917,26.7313959445911,9.28515225243602,9.45403169032926,14.2572094706245,35017.1495118843,28863.443008023,779.630965510509,0
4006,17563,6.74043280635691,11340.844125724,25.6025854135717,6.88911897933951,6.96061724446526,10.5632256806246,36420.963334813,25802.67414483,620.21893533551,0
4006,17564,3.34334364980127,9804.22697471796,24.724481580945,7.50093059288528,7.59043971035754,11.5045643441619,36985.5691666081,25369.6566232044,933.732568210365,0
4006,17565,8.48812462141828,8942.42196872295,25.8752294700308,7.98257274313952,8.09400847966976,12.2477703495638,36055.201677967,28645.8304155374,-1391.13587471338,0
4006,17566,6.16360307699038,5154.56624828967,25.768954951564,11.347797448827,11.6103306347425,17.4398859561541,25830.2529702975,20202.5090651363,592.402394832671,0
4006,17567,6.13044814549125,5584.28814979406,25.2560391941665,10.734902233194,10.9637169332074,16.4925599853763,24235.4100043511,19900.6390144307,469.508769971912,0
4006,17568,5.98744688391443,6870.58191964917,26.7313959445911,9.4678505969052,9.64490025200118,14.5390811067637,34941.7305268857,28837.9629499016,916.570136132317,0
4006,17569,4.72098312188011,11693.6617902676,25.1452877240802,6.74928793428035,6.814866459713,10.3475797272211,36139.7522815752,26477.378672475,-247.359141961282,0
4006,17570,5.56134023007351,7615.79071509553,26.0685673906052,8.83679326621406,8.98335414223309,13.5648404585442,35562.3245391319,29024.0470435229,-376.247714385826,0
4006,17571,6.21989906117606,796.960236455796,26.4143315099826,45.485863836195,48.5440461207872,70.4609811723698,29163.4946878534,21192.2766985918,198.137478105538,0
4007,17572,8.95212046006289,9039.88701872295,25.8752294700308,7.92895199873465,8.03834113607456,12.1651394671489,36004.8693075389,28619.05313576,-1312.75561931947,0
4007,17573,6.16268479883867,4626.07440428967,25.768954951564,12.1904391493551,12.4973170204595,18.7417597013731,25838.1928664636,20202.4370568149,594.362845654341,0
4007,17574,3.69478208325527,7658.15637318354,26.5852737502621,8.82881771303297,8.97725576057487,13.5531540593256,35197.5834916687,28474.8278021405,-511.66543958796,0
4007,17575,5.22491420060835,7001.31701687393,26.5179324219548,9.34386127198052,9.51436977259865,14.3475115748935,35020.4188460871,28848.6540371205,574.470773101106,0
4007,17576,6.29388583752844,856.254228455796,26.4143315099826,42.8601975221832,45.6664275418037,66.3724228168476,29124.9707936311,21124.4288536369,265.029152688696,0
4007,17577,7.17285343062501,3783.56637406881,25.7174596782948,13.9541089978314,14.360533813293,21.4684561361659,36422.2322024311,25828.3423080072,585.077291509622,0
4008,17578,6.3909140705676,4572.50717228966,25.768954951564,12.2854552390704,12.5974775966133,18.8885981608116,25841.1847337872,20198.6989064,552.998991216717,0
4008,17579,9.40584430430894,8135.71971872295,25.8752294700308,8.46841048681125,8.59896486937059,12.9966165941197,35947.7911964238,28565.9948477797,-1225.18746002673,0
4008,17580,3.67780404246865,6243.17875130361,26.6443216074696,10.0652425052523,10.2694678413777,15.4608777439546,35171.3268354693,28444.3418548946,-557.828705709988,0
4008,17581,7.9061718105488,3636.24961802728,25.0782943484197,14.2717536420415,14.6916991270201,21.9583300891955,22485.4295868521,21813.3258766958,-1484.69707904141,0
4008,17582,3.42308904424442,6443.05871890737,26.4909606264479,9.85419741960706,10.0477610170545,15.1349347083183,34933.6027536629,29265.5522349099,-597.812409737282,0
4009,17583,6.05083651455006,7924.55600828967,25.768954951564,8.60499034615235,8.74065686741636,13.2070609632518,25840.1048750041,20202.5492342674,534.403911803938,0
4009,17584,9.66328110081484,7807.06977272295,25.8752294700308,8.69095980129319,8.83061006416847,13.3397361178084,35960.0528721607,28582.2389344611,-1241.11955822927,0
4009,17585,3.7039403603615,5716.49303930361,26.6443216074696,10.6587471744947,10.8916978549974,16.3771503559732,35174.6626809886,28473.7661548633,-545.66358744699,0
4009,17586,8.27002288008612,4067.16628202728,25.0782943484197,13.2276445502999,13.5868830220194,20.343613781136,22490.6285414257,21826.7986226744,-1521.94067377133,0
4009,17587,3.74038339579447,6170.29806287393,26.5179324219548,10.1349331228744,10.3418119446738,15.568269762577,34853.7744792862,29363.7874835457,-273.239159461151,0
4009,17588,5.61433231605513,1609.8688772231,26.5801849570118,26.016628661141,27.3088608786444,40.174145399833,31005.8768811181,21541.788471526,-180.530456424952,0
4009,17589,10.8042169260807,7442.47152758059,25.6482238295604,8.94712051859288,9.09648829088844,13.7344678757394,23870.2229960536,21422.5977701372,766.758595113897,0
4009,17590,5.76911784903855,2006.7603124558,26.4143315099826,22.0133100017194,22.9828796238347,33.9580859677377,29140.4216597081,21155.6532965958,202.507663023751,0
4010,17591,5.99563518700185,9966.60519440605,25.8422423993591,7.46336172013495,7.5554153111266,11.447773170614,25827.0993437562,20199.6799233646,516.693017732075,0
4010,17592,5.46748051658601,4424.33059991034,26.6467307050614,12.6310060471263,12.9681640263976,19.4243861478667,30993.4423789286,21562.6765565512,-148.860968018381,0
4010,17593,5.46042341397513,6283.6560257525,26.5583813205154,10.0185179992142,10.220100740498,15.3886373566786,34930.7407364093,28738.9231954264,356.495486064659,0
4010,17594,8.01585578158426,4261.06676886608,25.0667919196129,12.818974659226,13.1552289753764,19.7118178568746,22491.4901865793,21852.4814691589,-1508.61861698641,0
4010,17595,6.60059886614356,7990.68748466939,25.6418235081671,8.55469193334158,8.68777623577327,13.1293666042928,25939.5737040377,19371.951684613,-221.664496720024,0
4010,17596,5.35915923972816,8449.71841015229,25.729143607309,8.26395007320575,8.38575578877123,12.6812769228566,24202.7295212289,21189.5523631925,805.41218554982,0
4010,17597,10.0775996103744,6208.71301287741,25.2458606975554,10.0224168190212,10.2173714114317,15.392771622438,35940.6081410932,28528.1143814857,-1154.60173762228,0
4010,17598,6.37152367465262,4042.18766228685,26.5098796766536,13.4135743053572,13.7944689211352,20.6341442125076,29169.0962559807,21175.5284518301,257.862064303518,0
4011,17599,5.79898097037149,8969.33399240605,25.8422423993591,7.96642855650302,8.07712327121782,12.2228571598955,25829.5187177721,20196.3165736582,551.098325606585,0
4011,17600,5.54035678834378,3960.79342991034,26.6467307050614,13.6129546506626,14.0065767023227,20.9427988581501,31006.2821095054,21561.3562931985,-170.423294907655,0
4011,17601,7.00824224768104,3891.01596762761,25.3047125287419,13.651151833879,14.0364676162627,20.9989696602276,36396.0604963313,23392.9795910929,980.444281955939,0
4011,17602,8.05291927746956,3089.54788086608,25.0667919196129,15.9671784659004,16.491863959991,24.5819983395878,22504.6971226329,21850.3851167276,-1480.06838443449,0
4011,17603,5.98318684917538,3028.9400837525,26.5583813205154,16.3779035175258,16.9439502618172,25.2219978091995,35045.1951878628,28815.7852116236,143.130996707349,0
4011,17604,10.5246448483211,7730.67055466939,25.6418235081671,8.73467907699348,8.87513937658666,13.4068705271301,25648.5258886888,19688.3268174103,116.975150689462,0
4011,17605,5.9442875791253,3680.96126228685,26.5098796766536,14.2986264240299,14.7322100466843,22.0032158653823,29189.9128919105,21196.1796740161,238.727770515347,0
4012,17606,5.77681047173956,3791.93951788613,26.3549699697192,13.9954957307145,14.4095447119826,21.5338984412581,35209.3629768621,28885.1657179612,190.177746730806,0
4012,17607,6.11601690060243,6537.02483840605,25.8422423993591,9.72827924369496,9.91282742430784,14.939729310412,25819.1862743216,20189.224215958,558.181252529534,0
4012,17608,5.370417940402,3614.43457991035,26.6467307050614,14.4929678323774,14.9395535535171,22.3042335025455,30994.000737326,21561.986720266,-176.577402661842,0
4012,17609,7.22114075527769,3975.50770362761,25.3047125287419,13.4539692309405,13.8278952952879,20.6940470119623,36388.8297593805,23392.374863196,995.909922745144,0
4012,17610,8.11683521100932,3937.59293286608,25.0667919196129,13.5189124351331,13.8946804261536,20.7939487410629,22511.1632697639,21848.9189680803,-1454.11281112075,0
4012,17611,6.56950282200987,3102.4922190743,24.406366494484,15.8381824878696,16.3480775694649,24.3804985267065,36441.4830665972,23380.760122313,979.913369698533,0
4012,17612,6.17365162785754,1699.4167594265,26.428206343835,24.931923777148,26.1328188949897,38.4888004356961,27101.8687927338,24985.691941613,568.164690074134,0
4012,17613,6.06307236345725,2741.94883028685,26.5098796766536,17.5657990812497,18.2114679794219,27.0619823652958,29169.5436581071,21126.3329154933,239.911072804093,0
4013,17614,5.97858506081444,3484.76492188613,26.3549699697192,14.8316541731811,15.2966770256401,22.8276653759175,35223.3319800864,28886.5246357048,186.843583751669,0
4013,17615,5.9256674745336,5890.20932240605,25.8422423993591,10.4048861150783,10.6210536536466,15.9839888569778,25825.9770260467,20153.8117333731,583.804730385322,0
4013,17616,7.17877759156463,3837.05226762761,25.3047125287419,13.7811605323606,14.174046910676,21.2000314784494,36417.9755974758,23403.3019078592,989.65763646027,0
4013,17617,8.18683127344014,4352.84911086608,25.0667919196129,12.6373725333081,12.9636148341407,19.4311196630256,22515.6830549161,21825.9327407638,-1483.35760349994,0
4013,17618,6.71482364412162,3064.5193950743,24.406366494484,15.9741637083264,16.4926687599992,24.5909868461027,36452.9779355838,23391.8714710604,987.948416402463,0
4013,17619,5.82567598227817,1932.54835251231,26.6556339867108,22.6877263658642,23.7129899478965,35.0056307261923,30931.9631920301,21554.885267411,-158.029735163739,0
4014,17620,7.11762941779742,4253.43177162761,25.3047125287419,12.8551241682296,13.1951581278566,19.7681859781808,36392.4391426095,23394.5692592141,1006.27642106076,0
4014,17621,6.12244960456245,4001.09880247919,25.4936639213244,13.4132951878801,13.7863663085413,20.6315607062979,25552.1847120882,19218.5121135602,354.309436695932,0
4014,17622,8.1949930315508,4968.27757686608,25.0667919196129,11.5754239420847,11.845192155372,17.7902577682047,22517.1575671562,21839.9713207458,-1471.63364388779,0
4014,17623,6.17171104502477,1921.75561251231,26.6556339867108,22.7825663313807,23.8152542071219,35.1528296358157,30940.1704163729,21543.4440590966,-168.784016501539,0
4014,17624,5.13227160941831,929.366230609765,26.605447918429,40.1638294589279,42.7190007400489,62.1759680204466,30941.8995348381,18639.2306504996,-223.113229567392,0
4015,17625,6.91991824631142,4071.01243962761,25.3047125287419,13.2399389971052,13.6016299950279,20.3631062499756,36383.7675199533,23403.149240302,992.823345979141,0
4015,17626,6.06575135601444,2629.93625047919,25.4936639213244,17.9459299013557,18.6066428459822,27.6479095360874,25560.5917819758,19224.689746133,353.752006193059,0
4015,17627,7.86559601424377,4159.13044086608,25.0667919196129,13.0290299268874,13.376989672101,20.0365295679356,22513.3661484996,21823.3293674997,-1455.56524317179,0
4015,17628,5.68346967598702,3583.56687911254,25.8376752200255,14.4946851581706,14.9345567403588,22.3050121926934,34999.1501357482,17903.3993961651,-116.924969718988,0
4015,17629,5.57295606471758,2017.60481260976,26.605447918429,21.9636683459734,22.9320265666026,33.8817772205379,30940.2265308316,18638.6296872115,-166.506657353341,0
4016,17630,5.4935392680579,4608.94325711254,25.8376752200255,12.2260342254968,12.5353057447521,18.7968972273996,35002.9065414212,17883.9696914104,-106.471162203081,0
4016,17631,6.98283513409834,4009.58192562761,25.3047125287419,13.3765596224174,13.7460450997018,20.5743494315858,36394.7073205332,23393.2601911475,991.470343421279,0
4016,17632,5.96577909404362,2878.91815447919,25.4936639213244,16.8330134229812,17.418482201824,25.923884891481,25549.1568180578,19233.4352292982,375.197724559216,0
4016,17633,8.08007144059006,4089.46220286608,25.0667919196129,13.1779631535756,13.5343023211426,20.266778339699,22513.067940413,21831.9143715381,-1516.13952027943,0
4016,17634,5.64934697188305,3084.41757408109,26.5126291726728,16.1648926935138,16.7164761419874,24.8920048903964,27473.8216363831,25649.5602970717,-343.869569996563,0
4016,17635,5.36633988017962,2921.77211260976,26.605447918429,16.8049977717769,17.3999587436101,25.8836219876648,30962.2620031694,18652.391455596,-173.858085328579,0
4016,17636,5.26044965865395,1922.71515197415,26.652085370905,22.7733509814486,23.8052667937938,35.1385127018546,34177.3307153103,26287.1420365758,-406.962464351831,0
4017,17637,5.60003605786461,4881.33879911254,25.8376752200255,11.7683178309801,12.0531365281797,18.0896296292969,35005.6914606791,17890.8044173,-117.577196217085,0
4017,17638,7.06495524943324,4518.88912362761,25.3047125287419,12.3449710744285,12.6569874801328,18.9796837396662,36405.2373283075,23389.8868931259,1007.56785345195,0
4017,17639,8.15388359562314,3887.83619886608,25.0667919196129,13.635796091174,14.0183023507955,20.9746936965532,22509.4213318569,21825.5120260133,-1502.25330398171,0
4017,17640,5.38578526573718,2646.01207008109,26.5126291726728,18.0180553755262,18.6950681132421,27.7627869273254,27460.1653100386,25598.0820720834,-316.823105341462,0
4017,17641,5.86305047439587,2796.09175660977,26.605447918429,17.3364831533581,17.9674390409114,26.7069656148295,30921.6337113299,18680.0329702507,-164.334150964331,0
4017,17642,6.21720336351945,2797.15172092833,26.7085256014652,17.3459147214684,17.978586031265,26.7218730130924,31165.2599832737,20371.0392703174,632.16560297097,0
4017,17643,6.09769505973902,1159.34833447919,25.4936639213244,33.1862162975847,35.0761051356895,51.3123330141363,25573.3749659478,19222.1467871552,370.806809921261,0
4018,17644,6.85211636712988,4045.92482562761,25.3047125287419,13.2952846485291,13.6601266276716,20.4486800387837,36393.2107219377,23407.271462354,1007.91022411048,0
4018,17645,9.14179733306388,2968.30570771187,26.6827879168141,16.6285811770502,17.2125001427387,25.6105781377573,30887.5628526012,19936.2224241,71.8936188498621,0
4018,17646,5.469388186946,1419.15815353391,26.4976228166733,28.6393303036488,30.1509625837999,44.2487716367262,27474.5544032442,25495.8474279422,-324.762262719747,0
4019,17647,7.00781421672997,4650.03192762761,25.3047125287419,12.1121636012172,12.4116640385897,18.6199259762666,36411.3835110301,23397.9690932813,956.849167183446,0
4019,17648,5.30178752459556,3226.18889594498,26.1903304642017,15.6271329759899,16.1408374131958,24.0585402191996,34084.9595585614,17883.7491757953,-575.013775554617,0
4019,17649,9.06698987700739,3730.71367171187,26.6827879168141,14.184676002913,14.6127540414665,21.8273002250486,30874.1639726473,19947.1381576603,57.748744881955,0
4019,17650,4.72583043152274,2874.16597000816,26.6559841377029,17.0080098786411,17.6171579955851,26.1982361605298,30728.0773984187,20381.0301285,-217.290363565577,0
4020,17651,6.7831647739779,3799.16584000565,25.2779431329422,13.8717725958941,14.26974385287,21.3401125387038,36407.4942308445,23408.1787872101,983.212521736946,0
4020,17652,5.29670741634401,2774.69206389915,26.316022964925,17.3913172630934,18.0229859905966,26.7910845267471,34073.0950297876,17795.4491747278,-676.630599219308,0
4020,17653,6.35533155881349,3381.00260932517,26.853632790891,15.2000953206511,15.6925826978758,23.3991228193254,30805.977060445,19683.3608448195,199.086727344669,0
4020,17654,4.75315520769437,2943.66711623745,26.821251682411,16.7444994810162,17.3375484449389,25.7905038035324,30727.8891464511,20412.3420305624,-189.432092254002,0
4021,17655,5.43320348573481,2614.51980760516,26.3519555406234,18.1492317492605,18.8336332885093,27.9655854295147,33912.6755346421,17732.7560320792,-636.471649966585,0
4021,17656,6.50613861412218,3039.59960932517,26.853632790891,16.3742464955123,16.9429074698055,25.2171208479223,30812.2910769776,19717.6828069764,213.132662615727,0
4022,17657,5.39938961001413,2442.60687760516,26.3519555406234,19.057987825858,19.8067393226143,29.3741494693029,33927.7378836009,17744.8548202573,-613.049848358715,0
4022,17658,9.07837555614053,3060.56836132517,26.853632790891,16.2952668922664,16.8586988376125,25.0948037227907,30864.434571062,19956.9602886531,85.0331013192888,0
4023,17659,5.3312459043121,4001.23271560516,26.3519555406234,13.4922063624819,13.8764860575222,20.7554217094121,33917.673912928,17721.5758841762,-661.630929829272,0
4023,17660,5.98999728804624,2402.05967159932,26.0220154965171,19.2358069249062,19.993408740968,29.6487365836259,30138.8838495344,16448.069359495,449.232206022129,0
4023,17661,6.53832191315529,3556.39564732517,26.853632790891,14.6770516652553,15.136728218966,22.5895764293764,30812.9532942683,19710.989323709,176.758171468716,0
4024,17662,5.36615123897253,4353.84694960516,26.3519555406234,12.7436695696494,13.085075741334,19.5979860478371,33919.4071660883,17729.8690100155,-654.261425541248,0
4024,17663,5.91287049521026,2846.87474159932,26.0220154965171,17.0379632078195,17.642621444327,26.2428424133848,30135.7943753647,16420.1339358369,406.601274499899,0
4024,17664,6.08657660609151,3857.66727532517,26.853632790891,13.8797255560229,14.2907968048768,21.3558941387664,30771.2331542322,19652.4797087509,183.47481933392,0
4025,17665,5.26526600026701,4286.79980560516,26.3519555406234,12.8774921542482,13.2264400585116,19.8048773872394,33922.0158598213,17721.4955330589,-624.717596949754,0
4025,17666,6.06878031082318,2589.85334759932,26.0220154965171,18.2232192614594,18.9091028446611,28.0792300729673,30127.9655135,16451.8643639671,416.066914048162,0
4025,17667,6.5211287482659,3207.99596264327,26.8350847663926,15.7644841727557,16.292992317473,24.2728311425271,30481.6158678018,19480.6873627341,17.9782798484922,0
4026,17668,5.39838590729477,4423.42708360516,26.3519555406234,12.6086316210387,12.94248307662,19.3892309425754,33946.3660385364,17727.1282931765,-631.195265233695,0
4026,17669,6.54948103929697,7528.96306949964,27.0542860213411,8.94563784075672,9.10107443807894,13.7338788766155,25996.2760003895,33533.1213398122,861.87410179427,0
4026,17670,5.9127893027046,3473.33823359932,26.0220154965171,14.8294390550924,15.2914298575889,22.8234399676138,30120.7748071247,16430.3916177309,421.184958690228,0
4026,17671,5.43954930840296,2029.7048893053,26.4940973457429,21.8447490724523,22.8024470642478,33.6968330472075,34683.1859183582,25952.5821038125,-340.584627203409,0
4026,17672,6.46502061530259,3650.30006864327,26.8350847663926,14.4139148091324,14.857206233731,22.1823368632124,30577.0529143877,19577.1599265171,33.6477765331792,0
4026,17673,8.42658614209368,6831.53235880276,26.975065465052,9.51470522925306,9.69501353573528,14.6116913680045,26087.9358764035,35043.0565858843,-1009.20478697381,0
4027,17674,6.72139575682526,10527.8690474996,27.0542860213411,7.25419595165502,7.34272930977461,11.1266807414734,25989.2010042002,33523.3649548041,878.379653114888,0
4027,17675,5.25459429743063,4054.75589560516,26.3519555406234,13.371087991896,13.7483180289944,20.5681099018049,33896.4540371399,17733.6367893007,-620.142483317795,0
4027,17676,8.87508856308435,10307.1150682945,26.9934119699157,7.34754882786809,7.4392407130535,11.2704279477697,26073.4420970117,34966.0488036244,-912.260769743312,0
4027,17677,5.92528205433452,2897.71074959932,26.0220154965171,16.8264478702275,17.4169373928188,25.915219335614,30142.1633927045,16449.3276068679,471.738335698628,0
4027,17678,5.15055019489359,2096.64067420231,26.4279901414674,21.3154840988911,22.2318972655094,32.8754183746445,34700.989210161,25966.6008472213,-318.759907525501,0
4027,17679,6.494992898482,9229.80637346158,27.0488432599405,7.86956942482152,7.98094698877837,12.0748089712802,25459.1496967725,34257.2242789647,68.4047827664329,0
4027,17680,6.2136661930015,3184.06507876097,26.78661964687,15.8415226775986,16.3745829616401,24.3919909974482,30344.1777378553,19423.5969675226,264.944965731014,0
4028,17681,6.65601189648663,10283.5346294996,27.0542860213411,7.35985763747401,7.45219051573878,11.2894436455201,25992.3254452249,33541.0577407726,868.232629353907,0
4028,17682,5.52952543362279,3852.57924160516,26.3519555406234,13.8444105671027,14.2494304506473,21.3001779059423,33914.9091164297,17727.1529848075,-617.660788473648,0
4028,17683,8.55315428513998,4420.41025512018,25.038202498385,12.5056077987572,12.8244426373869,19.2274143757377,36674.3090709622,19268.7471509126,-1389.52434273037,0
4028,17684,8.28010992135671,9847.16813629446,26.9934119699157,7.55763414516476,7.65701707858557,11.594084300251,26064.357090389,34918.4309493284,-1026.13398330535,0
4028,17685,5.59308636295104,1518.6135853053,26.4940973457429,27.1809234828728,28.5687970327552,41.9824985402328,34642.4377446089,25945.0898370442,-303.03500321986,0
4028,17686,6.15503870582518,2805.85131271744,26.7616348991335,17.3149271666792,17.9460287231126,26.6740147269873,30274.8200027108,19394.8476798423,335.223175259144,0
4028,17687,6.47152402921979,8519.46787346158,27.0488432599405,8.27365823334934,8.40098555004147,12.6976646932093,25466.3485630911,34273.2590516117,77.4773310765567,0
4028,17688,6.19677256971034,1150.66572066109,25.9737649827487,33.5670422590614,35.5009980021253,51.9074022916582,30112.7169344135,16422.0602152254,379.408946209209,0
4029,17689,5.41976021337284,4261.38180160516,26.3519555406234,12.9292088096331,13.2810858264975,19.884835951203,33935.8375056277,17710.4828082527,-664.630066321287,0
4029,17690,6.44354453264113,2911.4906618068,26.8163765320645,16.8744434418127,17.4761875026792,25.9917757181448,30463.6294438226,19502.3513593325,46.1832371094073,0
4029,17691,5.62004185555449,2504.4312673053,26.4940973457429,18.7400333394882,19.4677115900376,28.881719693982,34653.8997951125,25954.6248334696,-376.840663962923,0
4029,17692,9.58872585145112,6410.75972029446,26.9934119699157,9.91322621000502,10.1120383781518,15.2267268786628,26093.290738404,35135.5292684108,-980.675058935494,0
4029,17693,10.1144982904049,3706.48810181474,25.2418292559249,14.1033604307023,14.5146864335155,21.6982327911769,36406.8011132823,19156.6837012586,-1111.55959000381,0
4030,17694,5.34528873574863,3661.73021645385,26.4426291949737,14.343339208338,14.7790877158394,22.0722443142256,33927.1825561396,17737.5627820969,-640.751739051822,0
4030,17695,6.47821077465527,2551.11649093627,26.8213211777296,18.5425575783553,19.2598949104013,28.5766377954905,30536.9746147317,19533.5064921594,34.8004003141324,0
4030,17696,9.14140733987202,5130.71844509722,26.8385226791732,11.4568019335486,11.7315316189175,17.6100803621593,26061.0157899681,35107.4834908134,-1099.02298245261,0
4031,17697,5.50718330582129,2884.19039045385,26.4426291949737,16.9379283432261,17.54018103025,26.0890782862893,33922.8843372544,17740.2165739347,-635.137714086811,0
4031,17698,6.44906867537479,2371.82401609796,26.8796759848147,19.5544708699395,20.345384355406,30.1456268902056,30574.1176561873,19504.0903579929,-171.89247127749,0
4031,17699,7.8399799139876,2414.32752029384,22.5931350632532,18.5918648761928,19.2615003597037,28.6389583992644,24247.7514215669,12100.3347497546,-1457.88002097383,0
4032,17700,5.34551058607327,2980.8283893204,26.4706399543779,16.552277319242,17.1290196448205,25.491819730725,33913.1156571348,17750.3877978654,-662.197073664714,0
4032,17701,6.28709663543089,2547.32801893627,26.8213211777296,18.562385691998,19.2811316981179,28.6073724819873,30278.3093966955,19431.7453201926,304.881924107568,0
4033,17702,5.54283667736125,2590.72062494038,26.6036469097364,18.3060363687879,19.0042259107273,28.2093707656078,27406.2957961494,26313.3526459003,-192.76156700088,0
4033,17703,5.47485932552053,3043.79078645385,26.4426291949737,16.3072906130264,16.8675543728939,25.1123331985096,33925.1082953197,17725.4597165093,-661.484802743937,0
4033,17704,6.54006457320137,2752.80773809796,26.8796759848147,17.5679503131237,18.2176631604884,27.066388891008,30527.9770155125,19530.460562461,-108.842344400858,0
4034,17705,5.28236588225519,3043.8888273204,26.4706399543779,16.3104128721493,16.8711541219297,25.1172432757539,33945.5768751996,17750.5772863011,-665.860561041327,0
4034,17706,6.41437944090783,2222.20223293627,26.8213211777296,20.4954577740167,21.3551914424313,31.6047585172897,30260.4310509961,19411.1011377948,322.190287774241,0
4034,17707,5.34959015183661,1877.58482294038,26.6036469097364,23.1701668763031,24.2325900497921,35.7542483276999,27440.8791117458,26295.1337681046,-221.655566805382,0
4035,17708,5.35629678315296,3008.41703045385,26.4426291949737,16.4417857452713,17.0109265877496,25.3206206380564,33909.6442277967,17738.1063263602,-658.725157919867,0
4035,17709,6.50116223461495,2646.18489152827,26.7908640091319,18.0577376764003,18.7405516646138,27.8251183130771,30255.4294635957,19402.853494022,300.640758870505,0
4035,17710,5.50453429209017,1194.52572064797,26.454032878688,32.7614998856974,34.6331178242074,50.6572877037296,28406.7218423745,21433.5332915322,-228.762650571136,0
4036,17711,5.6441789780355,4085.25309017844,25.8674135835834,13.2597806462995,13.6269162303092,20.3949742903718,24655.878635,24030.1064283529,-140.67256060616,0
4036,17712,5.76614406901885,3377.43970133289,26.4235165423364,15.1636819013098,15.6500720623818,23.3417133346704,29301.0142090047,18265.3868103871,152.00739719587,0
4036,17713,5.32884768922146,3369.1908213204,26.4706399543779,15.1946499361919,15.6834112688098,23.3897624684984,33920.7479714968,17756.9014426297,-602.688616425094,0
4037,17714,5.50948186869601,4300.27090217844,25.8674135835834,12.8091713814794,13.1507716758412,19.6982883713103,24663.0316764019,24020.8304918227,-169.027710171342,0
4037,17715,5.73006934616829,3421.60183133289,26.4235165423364,15.0278448981446,15.5057009591054,23.1314666032013,29296.3201128048,18262.6593989876,148.210672890962,0
4037,17716,5.20831708461901,3629.0755953204,26.4706399543779,14.4347362948824,14.8762901027652,22.2137250645877,33920.7990192909,17741.54241825,-633.832700720684,0
4038,17717,5.51484239905401,3582.59079845385,26.4426291949737,14.5604165406025,15.0094362850479,22.4081329742163,33928.5103291231,17720.3461179,-670.18200338826,0
4038,17718,5.59123646477511,2873.91119417844,25.8674135835834,16.9039084529199,17.4979797399118,26.0347579227046,24657.4539384171,24035.7745746987,-175.547230655774,0
4038,17719,8.58206306215675,4007.63535472855,25.6987496250948,13.4174763927194,13.7923851150454,20.6384664525785,22696.9642748307,26870.1772090504,-1117.85460306436,0
4038,17720,9.23565252443633,3327.81190872093,26.690935427514,15.350322493504,15.850915172112,23.6312753017386,30081.9834298296,18764.9691500027,-1244.32532934803,0
4039,17721,5.46061689086689,3669.70362845385,26.4426291949737,14.3219376986162,14.7563847332104,22.039131177088,33934.2434988159,17706.7905926597,-618.349303834025,0
4039,17722,6.00748019048239,4060.76320110116,26.718503759325,13.3906542458977,13.7717820561879,20.5991298517884,31363.3584191564,23853.2254086877,182.833452348376,0
4039,17723,6.01304650656921,2804.876853431,26.4843133539737,17.2813740355203,17.9073105452902,26.6212394542545,29714.4893693589,18080.8923537309,136.444922602756,0
4039,17724,9.40015547576222,3907.10869072855,25.6987496250948,13.6505889087382,14.0390206322058,20.9989668856949,22692.0210612118,26838.4055010295,-1115.81828087459,0
4039,17725,8.07073972568254,3862.73256363277,26.7967919301979,13.8618942077799,14.2714546814904,21.3281873659779,31864.0508178471,21934.9592999016,-1450.35167136402,0
4039,17726,5.58888670918738,2834.67609145759,26.9077772225324,17.2093939777164,17.8347862435298,26.5109254404925,30823.5819946576,19296.4574854074,-167.849815015322,0
4040,17727,5.91704755161698,4331.26441203141,26.8248866044474,12.8278822229658,13.1773898545074,19.7291049567903,31364.5105977275,23850.2419193635,192.525645563096,0
4040,17728,5.15897221884098,4256.55716235691,26.594118416329,12.959773588406,13.3151367681095,19.9325756453817,34022.5950996645,17634.7242911278,-573.526444211155,0
4040,17729,5.38976628942129,5570.53878643792,27.5814430769646,10.8992979781769,11.1495161929349,16.7500732931253,32735.5126175402,29446.7663904637,-414.432531463495,0
4040,17730,6.08688071935891,3589.87334366122,26.4663743338268,14.5425365368479,14.9906579554774,22.3805205037325,29712.1402621251,18056.4612927145,140.198595137422,0
4040,17731,9.06086933202751,3876.28501790261,25.7070946134236,13.7250383331404,14.1178885424776,21.114127748728,22719.0979828553,26848.1025865896,-1110.18006938096,0
4040,17732,7.812258564307,3972.31923889109,26.9394682567418,13.6129559736194,14.0088133062919,20.9434168447489,31867.9139061868,21915.1431937245,-1396.1343476913,0
4041,17733,5.45148814574349,6762.58590643792,27.5814430769646,9.60740395252517,9.79478595233816,14.7555189432445,32762.1793616735,29433.022756662,-364.849929777992,0
4041,17734,5.63922158453266,4401.66554658078,27.2957589387096,12.7277180758957,13.0748203281198,19.5751431230827,28942.3865354832,31082.133169368,-177.367885506888,0
4041,17735,5.75067586743436,4754.27374203141,26.8248866044474,12.0506868034706,12.3570201029368,18.5277226694325,31354.5249358915,23843.4947161155,209.904660196653,0
4041,17736,5.35898118818387,4313.4690919126,26.5447568607927,12.8400477387434,13.1882582780028,19.7473663743588,34027.4518361844,17622.9654594748,-598.286588029464,0
4041,17737,5.98304549213004,4650.28891268631,26.5050340472529,12.2053481671209,12.5179987546255,18.7661699200859,29738.1346935111,18088.7504088423,266.51294983104,0
4041,17738,9.24382869593588,3711.9506687616,25.6864305728446,14.1341509789064,14.5510255416355,21.7468859473217,22701.0007399853,26831.513646781,-1163.80826524177,0
4042,17739,5.44535433249423,5756.76861643792,27.5814430769646,10.6665890114049,10.9050377116681,16.3906706191196,32744.6578123404,29411.3385869509,-395.284760190624,0
4042,17740,5.89742612326511,4282.27858803141,26.8248866044474,12.9267117795984,13.2818433829161,19.8819115266598,31358.270592453,23846.6314860626,181.688513076198,0
4042,17741,5.32264498554559,3716.6525959126,26.5447568607927,14.2077607011254,14.6361176993922,21.8627077492936,34045.4678756735,17607.9507812162,-593.718858188439,0
4042,17742,6.13992198970314,3407.93858366122,26.4663743338268,15.0742329748515,15.5553752509773,23.2033678825886,29721.7027726831,18057.7011835058,201.314051598645,0
4042,17743,5.8652045526512,3431.75422610146,27.2249995700421,15.0838645220907,15.5722077002079,23.2200921996642,28602.9877012877,29379.4389920574,46.9900820111911,0
4042,17744,8.43243742503061,3764.96647489109,26.9394682567418,14.1211436228442,14.5474322107834,21.729572186506,31844.6352024256,21923.1269656099,-1373.69615454366,0
4043,17745,5.79129721852219,4413.45304610146,27.2249995700421,12.6990465604568,13.0440357899566,19.5306795577897,28561.2374966951,29356.5767785188,132.5411609666,0
4043,17746,5.42777131470606,5747.38554043792,27.5814430769646,10.6779950772749,10.9170161630826,16.4082852588493,32766.9445527224,29418.0250334052,-377.510998684995,0
4043,17747,5.93343022886019,4025.82987003141,26.8248866044474,13.4791220693142,13.8662262869398,20.7361748973864,31364.0799311232,23836.7159811799,160.514306879082,0
4043,17748,5.9070325791884,3446.70016868631,26.5050340472529,14.9608823770033,15.435259256422,23.0280233553389,29710.3986587606,18067.2521293906,178.843502350814,0
4043,17749,8.48564225305013,4342.42682513875,26.0562604495191,12.741407345534,13.0805777431938,19.5939073029284,31276.4949265656,15820.8961826238,-1425.01840687257,0
4043,17750,5.20758767376556,2779.14118635691,26.594118416329,17.4099705650171,18.0458345436361,26.8207887544345,34055.5034523659,17617.0064746622,-614.340390054765,0
4044,17751,5.76355875057921,4532.37142010146,27.2249995700421,12.4738483849777,12.8061582597995,19.1825237212602,28547.4592931337,29357.5015966944,130.690524652494,0
4044,17752,5.49585904879041,5704.80928243792,27.5814430769646,10.7301664252033,10.9718115269265,16.4888562468796,32777.3258527282,29406.7465310347,-376.25976042081,0
4044,17753,5.73508763672621,3600.15539403141,26.8248866044474,14.550819209749,15.0024464357265,22.3941627282416,31363.9177175934,23853.447743584,212.435631615639,0
4044,17754,5.80732423964403,2900.36726468631,26.5050340472529,16.8793329695813,17.4782768814772,25.9984877407594,29726.9147369944,18062.4416420732,234.114253212093,0
4044,17755,5.24313732250659,3080.07094512558,26.6225333432565,16.194382136976,16.7489533992547,24.9379608910479,32046.140940362,16863.3702544511,-485.087882524863,0
4044,17756,5.38307235662201,2754.08708751141,26.9821331884042,17.5763432083484,18.2277069037307,27.0796888657954,30822.2015542599,19278.4602191746,-119.605302086908,0
4045,17757,5.74233819132243,4806.46863457427,27.2395407372459,11.9939455214407,12.299859662208,18.4407661800518,28555.0855155866,29354.8627272758,154.735950894799,0
4045,17758,5.56832486179035,5647.98220243792,27.5814430769646,10.8008807475659,11.0460979718784,16.5980683709472,32762.8196887893,29427.0962112145,-355.574113707547,0
4045,17759,5.77897254589993,2324.76189003141,26.8248866044474,19.832219315023,20.6428321380277,30.5761448069972,31367.4572987996,23855.0767196879,216.925299969139,0
4045,17760,5.61686684700288,3329.52767598294,26.650650403812,15.340298420909,15.8398931512027,23.6156587700562,27559.2296959044,26672.0388395753,-8.62932719430221,0
4045,17761,5.98377605969655,2285.97819566122,26.4663743338268,20.015101444299,20.8347917841163,30.8585436252799,29747.2963815394,18070.2656006631,99.639052144134,0
4046,17762,5.81643590807981,4396.74098257427,27.2395407372459,12.7327516930135,13.0797524105021,19.582818955965,28558.2981250261,29362.8090693347,92.2464052266568,0
4046,17763,5.48748516390962,5399.46284443792,27.5814430769646,11.1255260915776,11.3873685800873,17.0995167094609,32770.8966888774,29422.1823050385,-357.691460029952,0
4046,17764,5.85409957978574,2967.81096003141,26.8248866044474,16.6486850109067,17.2353472895283,25.6421023171484,31366.3213022518,23833.0235837744,206.018399937551,0
4046,17765,5.53077883662919,3470.71433598294,26.650650403812,14.9048500760844,15.3769849675696,22.9416493909138,27564.8318527927,26669.6054215163,-38.9201117181629,0
4046,17766,5.37566615620273,2487.53148892233,26.9896597407075,18.9089344444717,19.6543474665482,29.1451068934032,30957.4206875716,19353.5708874779,-189.346834351367,0
4047,17767,5.75190554016322,4297.66236410146,27.2249995700421,12.9290066832328,13.2871041113049,19.88624137773,28572.683947331,29361.1561502673,146.055280118265,0
4047,17768,5.50579543525349,5074.66744843792,27.5814430769646,11.5919841968442,11.8783495753202,17.8201834313371,32714.981461051,29398.812438398,-360.672927369466,0
4047,17769,6.02464335784713,2370.19087054315,26.8085100153564,19.5525375910719,20.3424651168134,30.1423961913567,31339.0139100366,23836.7266932178,165.676415418282,0
4047,17770,5.55164201874887,3305.45325798294,26.650650403812,15.4179127331823,15.9224529372284,23.7358082357904,27559.184579786,26749.2165437851,31.1100784241747,0
4047,17771,5.23496878990187,1635.49973092233,26.9896597407075,25.8085260632106,27.0900919321684,39.8527077916951,30927.0477369155,19371.6256690558,-198.59801519204,0
4048,17772,7.05171316751763,5549.53111815937,26.6808636448038,10.8697736480062,11.1134512826926,16.7030812394833,27552.5835822596,26960.0783028779,94.7997939663832,0
4048,17773,5.75486401690519,4906.02746493031,27.5895553259079,11.8562831190146,12.1569175044762,18.2286215194698,31854.2747014712,28650.4240383573,-130.120631040302,0
4048,17774,5.93155696950399,2237.20854003141,26.8248866044474,20.3954234506794,21.2477355969617,31.4496120320822,31364.0818799986,23844.4347456235,177.31444844251,0
4048,17775,3.80818332685137,4411.57469137774,26.9356016746888,12.6791449192071,13.0210125054137,19.4993599670502,27489.4255628045,27597.9367302921,-45.8508046757475,0
4048,17776,5.35129638847003,1622.24007892233,26.9896597407075,25.9692350186232,27.264105652188,40.1023448599893,30938.2097531992,19368.5839776241,-163.868981065968,0
4049,17777,5.57063168762546,5235.9328929303,27.5895553259079,11.3545071658633,11.6283429546562,17.4532748856694,31845.8311768185,28654.7276676968,-103.509904594714,0
4049,17778,6.67943868595692,5846.02310415937,26.6808636448038,10.5062651355483,10.7319111754482,16.141764553176,27562.9946540537,26936.5559980705,64.6847057282807,0
4049,17779,6.10308918033807,2635.31783254315,26.8085100153564,18.1135882720127,18.8005073340331,27.911727573915,31339.3312803217,23837.1900462057,176.675995228917,0
4049,17780,3.71036076333937,5296.57486512964,26.9105172737729,11.22341440135,11.4864353059234,17.2496567001965,27524.4473968302,27579.4231050034,-31.700599827242,0
4049,17781,5.54762485900085,1731.22472692233,26.9896597407075,24.7175242302852,25.9096245682538,38.1582440278691,30949.3355578685,19353.0233462875,-196.199026478547,0
4050,17782,5.74438785077989,4735.79445515692,27.5015650003377,12.1328350770306,12.4480294836773,18.6558923198419,31841.8488883064,28662.5932472534,-102.928336737032,0
4050,17783,6.658259826173,5802.28591027038,26.742599213592,10.5615443448018,10.7902381120089,16.2272092214885,27571.7596456793,26917.0028244928,75.1452223968881,0
4050,17784,6.05846494428167,2372.58122595978,26.6801961698002,19.5171129693058,20.3029307369798,30.087046639183,31352.3132755893,23830.4857846598,187.22073790236,0
4050,17785,5.35219410164482,1957.54736217619,26.8626980029875,22.5142380187519,23.5288315666197,34.7371679452592,30936.5112427543,19353.4267848906,-177.413862799242,0
4051,17786,6.90103068585866,5841.38206027038,26.742599213592,10.5153930573402,10.7418201578873,16.1559502720067,27571.4952829142,26959.1905797592,97.1965626899199,0
4051,17787,3.74935503338727,4670.27883228916,27.0144040321341,12.2094940758782,12.525743378757,18.7735076961466,27507.6085536878,27602.1252115313,-46.240185712654,0
4051,17788,5.30627753305499,1642.17312247266,26.8595072206135,25.6960674207978,26.9662898941515,39.6774571420353,30922.0652671287,19336.3557432767,-194.670808744061,0
4052,17789,6.59125018665123,3761.93613665927,24.9836931698862,13.9355779391622,14.3348514935229,21.4381240835445,25739.1391533872,18561.7575743034,750.042676845525,0
4052,17790,6.14901632281172,4436.71796227038,26.742599213592,12.615088151847,12.9520190689338,19.3999616212858,27557.0681636549,26884.3631774223,108.847287867017,0
4052,17791,5.29880631315383,1491.69149047266,26.8595072206135,27.6593595220429,29.0937914767339,42.7276098952369,30967.5151163891,19360.6286389987,-149.093806093682,0
4052,17792,8.08203860176162,4103.61487586852,27.3956347493495,13.3553709432351,13.7394430345342,20.5459409558883,29406.5644996457,29297.1504454217,-1426.5700335999,0
4053,17793,6.32373285362791,4141.48816865927,24.9836931698862,13.0588435308063,13.4078390661788,20.0824441005832,25690.2073144692,18604.856755409,693.105245776467,0
4053,17794,8.08782681793184,7185.77913386852,27.3956347493495,9.23157216846321,9.40104592668881,14.17537216257,29391.8551181674,29299.781332345,-1443.91110133968,0
4053,17795,5.59507638574266,3621.3423393135,26.7251673351492,14.4819470041368,14.9285071470627,22.2873592895114,27524.7955508829,26832.0265613573,111.762403781392,0
4053,17796,5.28822623877118,1687.88304417619,26.8626980029875,25.1662850789377,26.3930396791846,38.8546310801637,30961.7780446207,19350.7432487823,-173.410110951727,0
4054,17797,6.30317320131907,3691.71724865927,24.9836931698862,14.1154267350369,14.525285091187,21.7162955887337,25684.228683513,18618.3265179845,679.199775732942,0
4054,17798,8.30815726699512,4423.19010986852,27.3956347493495,12.6939984938925,13.0398714617946,19.5231972562148,29396.3116815636,29305.9641284849,-1503.95084163389,0
4054,17799,5.43611923035922,3429.5322492827,26.6583915153317,15.0293435075389,15.5093464326629,23.134351539471,34910.5636390956,27045.1823410694,-185.676075400825,0
4054,17800,5.80711019191813,2305.11759713718,26.6176381124945,19.9198559530619,20.7343962909761,30.7113530849297,26778.7176624801,26662.4784816847,-163.624456381275,0
4054,17801,9.0476194965568,4155.98944762346,27.4015788326166,13.2412520144698,13.6186826595125,20.3694542016903,32803.7940199995,30213.0840219835,-1052.24422876389,0
4055,17802,6.47405562530302,3926.88885065927,24.9836931698862,13.5358957885483,13.9119731903745,20.8200266424989,25673.0243280589,18617.7552364632,691.271909726961,0
4055,17803,5.72919188633621,3969.7198992827,26.6583915153317,13.5931834027819,13.9857298311405,20.9122429877661,34888.3689367035,27029.8798756537,-223.308960919326,0
4055,17804,5.41969305352789,2238.86338913718,26.6176381124945,20.3479397222562,21.1941304105621,31.3752511124842,26790.5373313437,26685.8543773559,-198.345425934207,0
4055,17805,6.77617576823725,2108.92467749562,25.7444762985003,21.0942353204968,21.9848324849558,32.5296812477394,23791.6470452161,24724.9562584974,621.9169607358,0
4055,17806,9.17245603801939,4414.56311950758,27.3779862570492,12.7092937296335,13.0559142857465,19.5468123283308,32821.4271731877,30256.7793996948,-986.072212434818,0
4056,17807,6.50650785106145,3867.08826065927,24.9836931698862,13.6772562109363,14.0614856481498,21.0386223853919,25683.7848946964,18622.3250857387,680.428232244682,0
4056,17808,5.3576875106151,3577.2826572827,26.6583915153317,14.5976703721776,15.0507972208383,22.4662806451957,34893.8188116557,27026.5950406904,-190.766092010835,0
4056,17809,10.3863252828704,4776.83630962346,27.4015788326166,12.0555930939931,12.3659060784548,18.5363293310585,32851.3721759964,30258.782769343,-952.500031954882,0
4056,17810,6.48201454078914,2818.84034767562,27.4159257076022,17.3464115390428,17.9863678924036,26.7246403541573,29590.0114543304,29289.7792145447,744.428238787205,0
4056,17811,5.68475615202949,3311.52958913718,26.6176381124945,15.3944946591851,15.8972445873404,23.6994741918692,26834.1902831321,26647.4152691532,-175.039930724047,0
4056,17812,4.18608720934286,3961.3005024291,26.8968700276172,13.6348337688394,14.0316614386189,20.9771677220776,33558.7463383833,30493.3290058081,-285.40887989601,0
4057,17813,5.49233858670625,3906.3731232827,26.6583915153317,13.7429867245116,14.1443885065159,21.1439539133182,34894.8603318598,27037.5954764457,-182.025155837577,0
4057,17814,5.44197098260387,3601.23487728698,26.5284458298486,14.517344494653,14.9644398905227,22.3416819206838,27179.1807603407,26113.2875311497,-222.338581351031,0
4057,17815,9.64000892822929,4554.60442750758,27.3779862570492,12.4448857898847,12.7765981958567,19.1380324942575,32784.82720175,30167.9749727989,-1058.1869543004,0
4057,17816,9.16154269289101,3973.69861219761,26.38858694424,13.559039149007,13.9475090852247,20.8588625737122,32167.1970314053,16444.4621912668,-1244.741712193,0
4057,17817,5.06369471696245,3646.43540646068,25.0394865680404,14.2404975053572,14.6582485996346,21.9098885859863,25891.1456014906,18743.6453945282,323.353189203567,0
4058,17818,6.82684888158294,4824.77078149986,27.3604765073869,11.9724371329902,12.277948205851,18.4077370382199,32684.9573375714,30589.9028957263,967.231852705322,0
4058,17819,5.61384123251724,4224.87904128698,26.5284458298486,13.0196624734654,13.3779674129309,20.0250450538915,27176.8542833481,26099.0870347147,-237.682899506976,0
4058,17820,9.23751993373392,3933.12930817007,26.8116915349391,13.6934409432623,14.0930885154224,21.0676417802452,25691.4796422414,30081.3804141144,-1244.56865664356,0
4058,17821,5.43683845221684,2779.0163652827,26.6583915153317,17.419384968183,18.0565655522345,26.8355600198835,34907.3690596463,27038.8612244442,-207.248414680883,0
4058,17822,8.37190984365037,4331.0058553869,27.1738728541312,12.8574185105911,13.2110603622613,19.7754492124626,28780.6793666006,28613.2891821778,-72.6098807591814,0
4058,17823,5.84741799939175,2468.39308360603,26.8260389916822,18.9890219661659,19.7383231187184,29.2687505392124,32936.1194780547,24710.9456431514,-921.266447268689,0
4059,17824,6.60943485036505,5057.49749749986,27.3604765073869,11.6027756286801,11.8883803162101,17.836489485613,32683.2172679764,30589.5053677628,970.471981232384,0
4059,17825,5.54741331058192,4424.61080928698,26.5284458298486,12.6208094488389,12.9565734431671,19.4083961539615,27204.0658606981,26090.7140471676,-243.361124610892,0
4059,17826,9.12007311662042,4700.40501817007,26.8116915349391,12.1417052215183,12.4529097640105,18.6683673740947,25704.1621078566,30087.7043976943,-1245.37642014791,0
4059,17827,6.83829751382378,3728.87855871853,25.8872698399395,14.1104031402307,14.5275206195058,21.7106073077063,30662.7554890523,16099.1580230823,702.370296033966,0
4059,17828,5.23182700352988,1286.85261680009,25.7728762129779,30.6677543487627,32.3411836646268,47.39796897721,25737.0867764996,22497.1483894699,-97.2358067344978,0
4060,17829,6.98498985078903,5641.55424664526,27.2560634352784,10.7889486647592,11.0317761495904,16.5791468203558,32688.8624071568,30562.0506895329,921.018931733224,0
4060,17830,5.61466362320552,4423.42724382749,26.6262818628533,12.6310706393755,12.9680900409168,19.4244467943154,27146.8413730662,26125.697512482,-244.241830011367,0
4060,17831,5.45487421128243,2575.56374290629,26.6122503330572,18.3845298769367,19.0883466188199,28.3310539827395,34662.611295137,26600.043726346,-309.050199632861,0
4060,17832,9.17427864926258,3974.43653252799,26.8604325021264,13.600765739683,13.9953013687121,20.9243957462707,25714.658352328,30109.9922559125,-1213.34533662676,0
4060,17833,6.78357523379165,3336.37831138863,26.0220058481531,15.2476376689611,15.7357145499962,23.47067071439,30566.2203698947,16044.5005316888,576.233641153471,0
4061,17834,6.5692041218473,5734.94448664526,27.2560634352784,10.6735225987424,10.9105596020153,16.4008923127607,32666.7436653051,30596.2538956778,939.267766034364,0
4061,17835,5.50019579678973,3736.38522308472,26.6890945679986,14.1705296752673,14.5978018589652,21.8054275378249,26753.3870131537,26535.440806995,-251.535543495466,0
4061,17836,5.46391112908812,2441.27122090629,26.6122503330572,19.1071478853742,19.8624753762398,29.4512003755856,34681.2752753302,26598.7871275458,-306.357869432902,0
4061,17837,6.98866935957759,3036.55174830663,25.9797186088457,16.2765298684273,16.8302502352635,25.0634521879825,29713.0853882742,16658.1296989901,849.083656145274,0
4061,17838,9.14468815995654,2701.68430437883,26.1793993378241,17.7046352085606,18.3563140315408,27.2761239839267,31765.077104665,15807.6914510612,-1147.09069742708,0
4062,17839,6.64533250769933,5160.08053237752,27.3045151667796,11.4454656000709,11.7224027234173,17.5933396977225,32670.545429644,30594.1273478664,924.355622874131,0
4062,17840,5.46428924886875,4813.3636492672,27.2136390070149,11.980568316551,12.2855897053288,18.4200465014538,30463.9023156644,32452.403976962,-185.925322892711,0
4062,17841,5.36450838430552,2326.84615090628,26.6122503330572,19.7834872796969,20.5879503138476,30.4998659687388,34662.1730633749,26591.382544533,-300.136785458425,0
4062,17842,6.10501250834269,3568.84833099215,27.3190811665123,14.6897452219676,15.1540927323449,22.6102903205508,30688.6979068535,28007.3646107828,-1168.06064762895,0
4062,17843,7.02300673498574,3068.84186430663,25.9797186088457,16.1563947676583,16.7022721339733,24.8774273593411,29731.0648790502,16673.7559493883,852.87426790805,0
4062,17844,5.5558534843814,1945.28371902199,26.8537035553017,22.6179576290496,23.6405326614946,34.8981105730085,33133.9361391996,21857.3855412803,-720.53386254971,0
4063,17845,5.35840216539416,3751.8205792672,27.2136390070149,14.1818261595709,14.6139843872691,21.824062669085,30484.7611563794,32444.1945013768,-162.283510076895,0
4063,17846,5.51061512831493,3083.87977090628,26.6122503330572,16.1790856384994,16.7325538098398,24.9142460474963,34670.5478077569,26609.0830772644,-325.175618229132,0
4063,17847,6.9567421426862,2929.81375230663,25.9797186088457,16.6907981352513,17.2718259249811,25.7050037309605,29703.5518642551,16696.7098895756,898.608625802869,0
4063,17848,5.96982102352075,3657.28519692099,27.2491974601973,14.4365871872822,14.8846536116756,22.2183518892487,30768.8027419136,27756.7071332802,-1084.55674821216,0
4064,17849,5.59229395696035,2924.5900972672,27.2136390070149,16.8723730958038,17.4779223377796,25.9896552629647,30486.206306568,32446.188806251,-159.319897443754,0
4064,17850,8.17021461274602,7737.59899977886,26.2724202111148,8.75760608175645,8.901714709785,13.4429694997003,30456.3317919681,16733.836782136,-948.394506907935,0
4064,17851,5.29256627777518,2625.36452890629,26.6122503330572,18.1339318217529,18.820132458035,27.942664961347,34684.9530980186,26611.3648706454,-315.355746038141,0
4064,17852,6.26242682261926,4299.74644689388,27.2884378961546,12.9300689472948,13.288673597348,19.8880069626467,31763.577154615,27859.3539811316,-990.14146824058,0
4064,17853,10.181422919684,5851.09616228526,26.7130515490882,10.5022483981944,10.7278717854474,16.1356108377812,31798.2473710929,17303.602316756,-942.352777349728,0
4064,17854,5.67537146417542,1710.02924658895,26.6984330280555,24.8796182919158,26.0804511720346,38.4087337106275,31082.8568111859,22337.7472829544,-172.291573436686,0
4065,17855,8.32765925586274,8450.64669777886,26.2724202111148,8.28512867190529,8.40991421279516,12.7145153344486,30482.412228493,16742.5105899196,-921.61237373084,0
4065,17856,5.53565490925815,3583.6740952672,27.2136390070149,14.6369028239926,15.0970853823051,22.5282687554038,30483.5571585609,32454.2949685145,-119.611527714177,0
4065,17857,6.77181558963888,4292.36085492099,27.2491974601973,12.9418270278173,13.3008305102487,19.9061123583082,30784.7471350822,27625.5535748621,-1349.47147771976,0
4065,17858,5.28289855961019,2187.04712890629,26.6122503330572,20.698527926876,21.5708152046468,31.9190136323812,34675.7142525883,26584.4499186527,-308.639360064943,0
4065,17859,5.74826062420968,1661.55002058895,26.6984330280555,25.4280203175703,26.6736528512742,39.2604229464376,31106.8243208539,22356.3554592266,-141.512916703221,0
4065,17860,5.0675834830563,1712.44047559474,26.2140527853926,24.7370490721276,25.9188095273591,38.1852635249445,35685.7388853185,18445.7397735325,-237.855762459404,0
4065,17861,9.49886324090265,5937.48213428526,26.7130515490882,10.4024940828947,10.6232513150531,15.981596312789,31791.1782495251,17276.9911517161,-994.819728740711,0
4065,17862,5.4277933121055,7172.14687164775,26.0955156626013,9.18101147819113,9.34242167356365,14.0957600137196,29401.5420066095,17406.3941649813,-388.98462973478,0
4065,17863,6.30560158599548,1503.65414617768,25.1676626868749,27.0165931494996,28.367783181201,41.7208368018343,24084.9375309017,21181.9124221236,191.665796429723,0
4066,17864,5.33881642763442,4967.31894383362,27.4120714435732,11.7460175915934,12.0396006979095,18.0579181928329,30713.4756291172,31649.7477207346,-422.008571733797,0
4066,17865,5.87776835521065,8706.05556559004,25.9692735187711,8.12052809340445,8.2376492505858,12.4604792161504,29517.3378522913,16791.6935818872,678.588641815671,0
4066,17866,5.31942314787136,3058.92431290628,26.6122503330572,16.2716211281113,16.8311755870612,25.0575463200331,34674.2355015678,26606.0602756849,-325.968788932579,0
4066,17867,5.21841941658281,2368.48488559474,26.2140527853926,19.4643795701575,20.2407771512696,30.0037424002391,35691.8011473819,18460.2316652524,-223.295558295331,0
4066,17868,9.04721363697309,6018.75807428526,26.7130515490882,10.3109429138627,10.5272660415421,15.8402556743095,31752.2617556463,17249.7842429107,-1008.45197987061,0
4066,17869,5.39048733531146,3417.27707785774,27.1094866764777,15.1157100865801,15.6050763260687,23.2691130545679,31926.1413530667,27187.0739779656,-801.662319755113,0
4066,17870,10.8934459955437,5388.92157333805,25.7242761855864,11.0183488714222,11.2639234861527,16.9309939682176,28684.238367037,17769.6860448283,462.635356433205,0
4067,17871,5.33549731291369,5361.82588197685,27.4003143799391,11.1652298073076,11.4280912422134,17.1605631608799,30726.4980132321,31633.8895024174,-466.297156819616,0
4067,17872,5.90975492905586,8022.99455217777,25.913453518602,8.54459120808285,8.67839389103192,13.1141069921983,29506.3250991742,16783.4169726539,626.21292120024,0
4067,17873,5.44875751514908,2783.54282959474,26.2140527853926,17.3379550405087,17.9649128772471,26.7081169434515,35720.5084788608,18454.1026329358,-245.650347832375,0
4067,17874,6.10647702493617,2739.69777628225,26.5014987505945,17.5748919820228,18.2210972236567,27.0760466279056,29776.6913860253,22014.0104885415,329.573853325578,0
4067,17875,5.43608059460668,2963.70591490628,26.6122503330572,16.6377397934915,17.2215733066326,25.6245716973443,34699.5730290893,26615.6570477523,-356.030999513026,0
4067,17876,8.96426005145032,6175.42901228526,26.7130515490882,10.1404529316397,10.3486008175119,15.5770683861183,31752.3754265813,17300.4046911086,-961.301506670488,0
4068,17877,5.34750367905726,4416.84440397685,27.4003143799391,12.7066728987274,13.0532975113934,19.542802330778,30723.4020914322,31649.9992241205,-443.119874652613,0
4068,17878,6.10621267852672,2804.47624228225,26.5014987505945,17.2854739668722,17.9118685402206,26.6276405048449,29779.5294109081,21993.0273848754,306.460472703925,0
4068,17879,5.3409814554233,2589.86821159474,26.2140527853926,18.2520172753956,18.9420709948285,28.1244538590192,35677.404436272,18454.9828973621,-249.729806742417,0
4068,17880,5.27318143425132,2349.51090490629,26.6122503330572,19.6446781142303,20.4389860416323,30.2846223965028,34641.5884707874,26607.1825311776,-308.376356906142,0
4068,17881,6.50999861090384,5865.15138417777,25.913453518602,10.4380050394782,10.6561549989849,16.0352238792269,29569.2447542917,16795.2682348066,634.440672519552,0
4068,17882,5.43996336606475,2627.12248779462,26.9834878540866,18.1796506509172,18.8731139044127,28.0146378867813,31958.0280584042,27160.2755095873,-716.915892281853,0
4069,17883,5.41526781607988,5013.57279597685,27.4003143799391,11.6730036431527,11.9625991122169,17.9450724018054,30728.2626100424,31647.223887254,-443.023099577301,0
4069,17884,5.84217739534352,2597.00526014304,26.4700780806193,18.2543663731148,18.947441352344,28.1288816185877,29753.7113669605,22014.6153494151,380.03085951232,0
4069,17885,5.43356283926093,3541.39141159474,26.2140527853926,14.6528323611714,15.1055925526195,22.5506040200942,35689.8037213896,18432.5447456444,-232.731442198949,0
4069,17886,6.31489731577197,5493.55073817777,25.913453518602,10.8928773207087,11.1333016099695,16.7375419730026,29552.7706638558,16766.231816749,625.04582282962,0
4069,17887,5.33762731712958,2570.38763290629,26.6122503330572,18.4110892381347,19.1167805926464,28.3722190733177,34674.7190784577,26608.2983774208,-328.960001964684,0
4070,17888,5.44217276129516,8055.12777985606,27.5223984340789,8.59036529950261,8.73258777418744,13.1864938200068,30730.940494448,31633.1422004049,-403.354863640779,0
4070,17889,5.95987239029398,7441.44391697687,25.3482692620588,8.93396736525915,9.08144036499201,13.7138129797876,36838.3069646187,17308.8040978708,195.905143663599,0
4070,17890,5.4802568430455,6030.88353943205,27.2799495937717,10.3300251732719,10.550237587882,15.8705350286349,31918.5772776031,27170.3373520455,-748.816255996696,0
4070,17891,5.96370048962323,3150.03774947211,26.5985630470219,15.9386138911049,16.4762333889746,24.5418431201596,29784.2062769305,22022.1214349563,336.730744882,0
4070,17892,5.35771574629473,6655.96010670658,26.2996922766746,9.64030886788745,9.82310894086724,14.8046111750748,35683.2114889358,18444.2477929214,-191.63153795488,0
4070,17893,6.16026098433417,2496.49485828929,26.0185039607352,18.7084930145018,19.4284489560007,28.831319699141,29542.8656124141,16754.5287329112,645.315936022254,0
4071,17894,5.43422466483219,9432.74803789522,27.5081340058023,7.7797641914761,7.88929017436467,11.9368538403142,30752.926945187,31642.8137879732,-441.226559362378,0
4071,17895,5.9557257678192,7234.68142825793,27.6173076883879,9.20195716519542,9.37108438811759,14.129951929947,31802.1510646624,29604.9193504064,393.012884918616,0
4071,17896,7.61460549634478,4546.17548378532,26.1102183331498,12.3601797084496,12.6786248646806,19.0047334064307,21685.9041811315,33019.8745090379,1252.76675924088,0
4071,17897,5.45663019598791,2871.82722870657,26.2996922766746,16.9704013902974,17.5733804829306,26.1389777750576,35703.7307503652,18448.1256239406,-210.480649880478,0
4071,17898,6.16895518611988,2578.54227600108,26.5964222933554,18.3669156547779,19.0693136601618,28.3037048520985,29782.2226019506,22031.3862767699,335.660687459714,0
4071,17899,6.34058637006803,2471.49534828929,26.0185039607352,18.8443159637688,19.5739050178684,29.0418483443694,29523.295454341,16774.3461770028,616.933948482088,0
4071,17900,6.40924523829163,2317.85242260644,26.1104330577456,19.7539784695245,20.5501503469535,30.4524173304384,36202.0973025173,22592.6570623581,820.4207505687,0
4072,17901,5.91572539121507,7585.51997742771,27.5955743015278,8.92717196373739,9.08409820842086,13.7060300982139,31912.7056905641,29621.1775112471,398.112503964846,0
4072,17902,5.30381978426124,7465.84826389522,27.5081340058023,9.01411160183581,9.17446266721963,13.8400348274607,30728.2386170619,31655.2635817986,-449.851272111565,0
4072,17903,5.37055279776048,2331.37526670657,26.2996922766746,19.7028462071343,20.4976115561446,30.3737730729943,35685.0968041506,18463.5444127822,-251.407333473431,0
4072,17904,6.28601915052063,2307.37962228929,26.0185039607352,19.8032292844952,20.6018549789461,30.5284708618675,29551.1049767881,16757.2909616253,602.819441389159,0
4072,17905,5.91057319191436,2355.17079860937,26.5689452479798,19.6031960677985,20.3939560944351,30.2201570488569,29779.7757505204,22015.7769551898,329.671711709652,0
4072,17906,7.67742258199629,3364.42831488008,26.1222197698299,15.1706942207363,15.6548377408767,23.3518267443662,21730.8461927231,33027.7045606717,1270.25431099915,0
4072,17907,6.69567480212338,2043.16617660644,26.1104330577456,21.6629724698334,22.6015398870013,33.4133501768793,36205.043725991,22584.5195295952,803.163736532436,0
4073,17908,5.94700233310631,5957.11577142771,27.5955743015278,10.4314430868118,10.6582695890023,16.0275784904789,31892.5352192553,29616.2542540244,390.511078778148,0
4073,17909,5.21579617521084,2157.03947670657,26.2996922766746,20.8517135737096,21.7314592779114,32.1555165364599,35705.8371306237,18433.8975031863,-219.844394277072,0
4073,17910,5.9277253749572,1778.70632660938,26.5689452479798,24.1214605676781,25.259072025383,37.2309339545911,29789.3183307521,22026.6322361503,372.959690649143,0
4073,17911,6.39555685528143,1981.46090028929,26.0185039607352,22.1405810786496,23.1144543458762,34.1540568351114,29550.0010117469,16766.4297051871,603.532242897732,0
4073,17912,5.43228757523316,5378.28597385606,27.5223984340789,11.1505913858911,11.4133951107686,17.1381436278953,30671.3990945192,31611.3977216187,-447.62651629554,0
4073,17913,6.47065985199511,1498.85966460644,26.1104330577456,27.3485143787094,28.7439116557906,42.2410656547348,36204.3848033261,22581.8819335646,774.871553384483,0
4073,17914,5.10850873676753,3623.89955596125,26.2797883867457,14.4293455799679,14.8689776087159,22.2049452555546,31803.8851196094,15637.8655556808,52.8354929779705,0
4074,17915,6.04532275986858,6829.01498142771,27.5955743015278,9.54785339039879,9.73255567997086,14.6636384204986,31906.8497306091,29609.3375229981,384.55506082228,0
4074,17916,5.22066657453279,2722.27068870657,26.2996922766746,17.6263477936027,18.2739382823823,27.1551803459894,35698.6614769791,18456.4451542926,-241.34936990624,0
4074,17917,6.36602620427095,2041.79011428929,26.0185039607352,21.655613482466,22.5923635648021,33.4015858724148,29530.2918164908,16760.1537506219,626.108966551977,0
4074,17918,6.11939733441362,2040.74964860937,26.5689452479798,21.7719829561854,22.7251095126614,33.5842055491944,29792.5781274477,22005.4377026321,351.1957846539,0
4074,17919,6.48311462403331,2151.46801860644,26.1104330577456,20.8561925866861,21.7338042903544,32.1617826877725,36198.7174070993,22566.1826189444,762.786732505857,0
4074,17920,5.42507604893338,4546.34619650294,26.3528887969468,12.3791905762882,12.7003416968562,19.0345753226558,31844.7029927388,15687.2726367809,54.1839088648521,0
4074,17921,5.62384020532193,6691.11739309713,27.6565939198793,9.67720272893902,9.86817222308779,14.8633348878802,30713.6029936789,30723.8974167117,546.738020913122,0
4075,17922,5.9391376020791,2995.60994142771,27.5955743015278,16.6363836329487,17.2296982730386,25.6251076756771,31905.5775720438,29621.4207062347,422.149187358176,0
4075,17923,6.2180563485722,2241.16946628929,26.0185039607352,20.2267844000047,21.0564568201249,31.1852706783199,29540.7455448898,16766.5868159131,668.205270975265,0
4075,17924,5.51528821146896,3314.69880490013,26.5125184070226,15.3723756757161,15.8727719289288,23.6649732041621,35256.4378952761,18349.5268680092,-383.539385930967,0
4075,17925,6.01749698940309,1513.04340347211,26.5985630470219,27.2865201121777,28.6850407238292,42.1470562586299,29786.9514946023,22010.4559072699,359.344043975155,0
4075,17926,5.6787689092842,2755.15006396125,26.2797883867457,17.4737607695573,18.1106776774695,26.9187084764513,31793.9572984246,15647.2306569604,37.6349035279055,0
4075,17927,6.60409349305822,1754.22910860644,26.1104330577456,24.2674222512937,25.4097736711663,37.4556295076197,36230.2695605509,22627.6690074969,733.935632478192,0
4076,17928,6.05283350339245,2325.50758800108,26.5964222933554,19.7890925857421,20.5937743964952,30.5085050494036,29793.4260906731,22030.457807499,331.387210545371,0
4076,17929,6.63375969544602,3830.22092117175,24.1311570732101,13.6820330299853,14.0594845387694,21.0440649216438,32651.2026941094,11742.5570369591,741.255297844114,0
4076,17930,6.1706942720882,2475.37192428929,26.0185039607352,18.8230886255305,19.551169717997,29.0089448145181,29553.9224330055,16762.9998005053,599.557290215381,0
4076,17931,9.38796970767985,4757.55042109206,26.428090033256,12.0152930009356,12.3171237576173,18.4723114263985,25146.2362904624,36253.3321072077,-1111.15197023081,0
4076,17932,9.26316067649632,3382.02387825005,26.533065452665,15.1615509615472,15.6487770508241,23.3386822172498,35465.3606805843,22070.4035014366,-1199.70154199458,0
4076,17933,5.93357039883061,3445.25057516711,26.4819928729651,14.962741042887,15.437033583267,23.0308447784495,26229.3902453123,36199.0369292962,717.431537759491,0
4076,17934,5.59297975759649,1665.85423396125,26.2797883867457,25.2746444573304,26.5011048516995,39.020384865624,31790.8290396657,15623.0727950381,41.2875612708256,0
4077,17935,6.00427274101258,3340.77403200108,26.5964222933554,15.2983190186743,15.7947618516582,23.5505419058256,29783.3920832239,22040.5364016838,368.038837231644,0
4077,17936,6.40809010450923,3655.1795898809,24.1353873046868,14.1230158017457,14.5260061516476,21.7260178262658,32624.5823818812,11736.0450648796,734.049563102413,0
4077,17937,6.44222430638007,2357.90726628929,26.0185039607352,19.4948536562385,20.2710852917368,30.0503363951232,29545.3738661955,16749.4753003854,621.990702996913,0
4077,17938,9.35843744259162,3432.85988625005,26.533065452665,15.0056405883226,15.4830637699871,23.0973640762924,35482.2168973357,22090.7371701651,-1078.14793034009,0
4077,17939,5.6956994055791,1852.26131004991,26.3628668001269,23.3539300206076,24.4273677708429,36.0385316437532,35658.274327654,25292.3285996399,-150.557910854089,0
4078,17940,6.63184067094206,3359.3924358809,24.1353873046868,14.960580619873,15.4134792880196,23.0216449044358,32631.2445145089,11729.2767460093,708.73169672603,0
4078,17941,6.20285172250099,4451.23819298784,25.8867178782481,12.5177215194978,12.8432693292142,19.247805625008,36466.7706420357,19147.9871884734,58.4763044405391,0
4078,17942,5.916699215711,2604.03279452828,26.5679331948471,18.2336132379813,18.926315894642,28.0970168134319,29775.3084720468,22118.2514203375,446.971535898501,0
4078,17943,6.57436243703785,2129.58575028929,26.0185039607352,20.9957602003682,21.8826230985956,32.3779383609217,29533.3192909273,16769.136338648,640.806802092324,0
4078,17944,9.49386439814714,3899.50272225005,26.533065452665,13.7477053425809,14.1484117291066,21.150984038803,35499.6990453107,22051.1831562242,-1150.33284151794,0
4079,17945,5.97965903152872,5987.59574498784,25.8867178782481,10.2974665756408,10.5087408483397,15.8182352905131,36484.4739134154,19148.871899809,72.9085684987935,0
4079,17946,6.97835159920759,9234.50590328806,25.6545103944529,7.81676215814418,7.92110500992847,11.9920402083371,36328.6898663963,17188.3633572012,1035.36330413388,0
4079,17947,5.23250840648854,6420.66151689314,26.0740518958309,9.85378168348882,10.0452378741311,15.1337156705079,35004.6420175263,16094.3324175648,-417.625424348156,0
4079,17948,6.71126015626657,2729.20725917175,24.1311570732101,17.2831754072305,17.8837163918207,26.6170011785419,32625.7803876811,11739.9082326632,733.884626370148,0
4079,17949,5.83730377921599,3503.05754306918,26.0245625176563,14.7428817251906,15.199552553826,22.689500129553,35541.5469643414,29126.8365614569,385.522457969441,0
4079,17950,5.96056907118194,2479.27753052828,26.5679331948471,18.88835202772,19.6274629588128,29.1118688799991,29745.5199912362,22114.3497728548,466.783559297324,0
4079,17951,9.06629572733271,3427.55369810496,26.5284983837416,15.0212208831142,15.4995809410479,23.1214674923645,35482.6262074775,22072.3119796766,-1173.31095037138,0
4079,17952,6.1015764779348,1870.64809428929,26.0185039607352,23.1073340056143,24.1563137007173,35.6543706707889,29581.9123042606,16774.3571757688,647.007420122434,0
4080,17953,6.06129110773318,8209.35952898026,26.1738464688652,8.43300006395692,8.56333459805461,12.942361936573,35424.471562547,29309.0024230409,324.76659824964,0
4080,17954,5.75679073335484,6196.18922413096,25.7344374602082,10.0632863914068,10.2627123596202,15.4565571185116,36463.0547218433,19136.2926758653,53.7166721153328,0
4080,17955,7.18909030725552,9402.45244109438,25.5447583645733,7.72609523085439,7.82667050088225,11.852234965853,36329.603868052,17198.5941487931,1075.1944269911,0
4080,17956,5.62866351836114,6696.73441514247,27.2255912301302,9.65008260882045,9.83776623344793,14.8209201199879,32821.7924264524,31064.8396479425,-274.867347410121,0
4080,17957,5.19204933871348,6833.40084981936,26.07556194701,9.46778595021897,9.64173854060964,14.5381253254814,34999.089200619,16105.3868976484,-440.221734018862,0
4080,17958,6.03365135617078,1911.30067905102,26.0910913505996,22.7559172607112,23.7784760177166,35.1092459003697,29567.4793343665,16743.8408240732,630.64916112636,0
4080,17959,9.68794866781872,3882.38799055527,26.5361228932873,13.7892932940788,14.192490096794,21.2153197470963,35487.3400089119,22101.4890456116,-1109.86043968472,0
4081,17960,5.98714671399727,10418.5893549803,26.1738464688652,7.27325358109832,7.35964828252545,11.1552540859534,35417.7398548252,29295.860367804,312.398778608807,0
4081,17961,8.93723024858969,11429.4584309863,26.667729715181,6.88703410972246,6.96165160369113,10.5609005018754,33707.858215584,31485.2578969524,-1275.27474648447,0
4081,17962,5.71319088523771,3383.54550201637,26.9175338396052,15.1991867676113,15.6921767269338,23.3978707232347,24912.3491668995,27292.4394217167,232.802377490477,0
4081,17963,6.98967768559573,10118.229913832,25.7518436703578,7.39138352666021,7.4805617125387,11.3368171752639,34935.2200949869,31481.5774555625,1039.07618899358,0
4081,17964,5.87156547057965,5868.30594542252,25.7497863625761,10.4245056092039,10.641106780703,16.0141355223175,36469.2217551978,19152.2212428935,62.6140886158647,0
4081,17965,7.2855931957952,9048.91311509438,25.5447583645733,7.91172303417251,8.01922717509624,12.1382489243414,36319.4153320182,17217.220568089,1036.78601194439,0
4081,17966,5.42790482582423,6141.12366981936,26.07556194701,10.1409411717167,10.3457999783349,15.5769064163362,35014.7296706173,16108.1813164422,-419.90618888382,0
4081,17967,6.19711809780977,1944.39601011876,27.5328500134646,22.7650481444642,23.8085392531572,35.1290048113234,27713.7182431821,28204.3340206624,584.337749538592,0
4081,17968,6.15279018523454,2073.83053305102,26.0910913505996,21.4228319186216,22.3428804252325,33.0407132176077,29544.1629776288,16772.8499349888,604.199993068631,0
4082,17969,6.21298464736584,9721.66468898026,26.1738464688652,7.5900698807441,7.68786062819291,11.6432838163387,35416.6005071126,29321.6930487906,295.478978800186,0
4082,17970,8.7762809891147,13289.6202089863,26.667729715181,6.28591857730361,6.3412186846812,9.63556789510045,33674.9225873341,31469.2787350341,-1257.83641267625,0
4082,17971,5.73575259631757,3602.44983927863,26.9266665061663,14.5548601411746,15.0075815397161,22.4006487058211,24904.6763837815,27305.1884873684,206.706971963867,0
4082,17972,7.04464114409224,9362.01270509438,25.5447583645733,7.7467189638291,7.84805636098789,11.8840097428673,36323.465558337,17200.1274597706,1036.32693631076,0
4082,17973,6.02029942489447,6250.43926213096,25.7344374602082,10.0068761152478,10.2036766416992,15.3694977313269,36468.9532952051,19132.6873518638,63.9781293890624,0
4082,17974,7.52054637825139,11105.435233832,25.7518436703578,6.98204747353568,7.05709366591455,10.7064317481723,34944.6557225514,31479.4155603895,1071.89598030654,0
4082,17975,6.73469095041484,9570.00187527429,27.3444805880161,7.70457351296642,7.8106630084101,11.8208261000733,33047.8694258543,30265.0651074821,558.352854380162,0
4082,17976,5.33099925511335,6350.17243581936,26.07556194701,9.92416642386811,10.1188847654971,15.2423384639305,35001.4766243205,16090.4386438456,-376.432335347389,0
4082,17977,9.57822214195483,3498.31747733756,26.4574314420815,14.80289346358,15.2670141507106,22.783399135646,35508.2954272591,22063.7831911902,-1132.83045099536,0
4083,17978,5.73761968851194,5418.84153698026,26.1738464688652,11.0080199136691,11.2557302271929,16.9157757199447,35427.2343288315,29289.0014156926,316.788991893173,0
4083,17979,6.17752193503864,4982.65023238564,23.7631844387109,11.4571282832509,11.712291775665,17.6051777137445,37509.9782592558,14990.0299695254,452.618032544224,0
4083,17980,5.80090536334117,6981.92706314247,27.2255912301302,9.39501876066582,9.57106271225122,14.4273371731293,32797.8882467013,31087.0377200742,-293.880704582785,0
4083,17981,9.20497401368289,3166.95043436948,26.5299645639704,15.8708661661936,16.4034413783283,24.4367670914555,35469.0705561256,22050.1237180701,-1198.50276721331,0
4083,17982,5.91093410272717,1009.80700121653,26.6555060595863,37.563213337274,39.8764666569096,58.1286396079222,27979.1987407311,22130.1095997821,76.1442028646003,0
4084,17983,7.04447466244083,9011.85573843778,26.9628687374784,7.98455534204391,8.10008531147916,12.2519394451984,32273.761466438,32392.0873392735,930.364702492836,0
4084,17984,5.9418301351795,4864.11672698026,26.1738464688652,11.8208041498161,12.1105742675661,18.1713246301509,35415.5920847802,29291.8252329788,290.343427800141,0
4084,17985,5.80475211266998,8649.69173114247,27.2255912301302,8.20208699870535,8.32720169591969,12.5875157564766,32797.36612575,31098.4400194948,-248.866630799641,0
4084,17986,6.04846982285495,4443.47577838564,23.7631844387109,12.3551924818177,12.6566165153263,18.9924047788236,37500.5958766101,14999.434866978,447.364258891627,0
4084,17987,9.43703151260367,8295.72426997579,26.4191357384357,8.38776763453092,8.51725333438801,12.8729009692327,32717.3957405002,31432.430817783,-62.1823336012472,0
4084,17988,9.053802224206,3239.5569792645,26.4635654143612,15.6140109262529,16.1293991781712,24.0389209223815,35475.8959223692,22082.5352820284,-1134.72792122621,0
4084,17989,5.82469882102134,1400.67445307223,26.6803083845183,28.9868042443587,30.5315016062377,44.7897211667402,28000.9435402854,22161.899502183,103.582981938331,0
4084,17990,6.08089870954723,2552.69221444832,23.1909529183139,17.970303818177,18.6055906224519,27.6782092102826,35024.3055303786,11215.8810035547,489.59520953725,0
4085,17991,6.87203634831167,8247.44340843778,26.9628687374784,8.44070913600324,8.57450099635042,12.9551180032671,32261.083238513,32396.1129784595,890.070956196808,0
4085,17992,5.81675678876607,8368.96836904055,27.2435058788587,8.37457020584977,8.50674705068554,12.8534485196759,32789.5744182684,31111.6390629447,-242.206275057618,0
4085,17993,5.71558671564921,4187.80839698026,26.1738464688652,13.066525823801,13.4249084437762,20.0967896684158,35421.1263360019,29301.3831432449,307.281163127614,0
4085,17994,6.06248575337744,3942.73669438564,23.7631844387109,13.3818543455824,13.739243265262,20.5791179403313,37503.2721120657,14979.8935789386,433.957469396021,0
4085,17995,9.44749248111984,3638.5359432645,26.4635654143612,14.4082102407978,14.8480852382531,22.1726649662842,35451.6799620737,22059.1959627138,-1103.53735347941,0
4086,17996,7.05777465332354,8324.35820043778,26.9628687374784,8.39155049821898,8.5233307631358,12.8793260987056,32254.8204955087,32406.0542155787,914.259343482895,0
4086,17997,5.9618898065945,5594.88492838564,23.7631844387109,10.6249116374604,10.8396017006044,16.3203201968705,37518.2419895818,15000.8643597937,514.440188589265,0
4086,17998,6.03700805915594,8161.24116304055,27.2435058788587,8.50824425725997,8.64593064567941,13.0595556394926,32781.2658484097,31122.0338983105,-253.269178669046,0
4086,17999,5.66677993689918,1982.41109498026,26.1738464688652,22.1643854644739,23.1422647927495,34.191594627472,35464.0393746066,29310.3063188786,340.913267881652,0
4086,18000,9.24290166660256,3130.43132636948,26.5299645639704,16.0001521609311,16.5411326627187,24.6369520688412,35467.0580248383,22081.0923006553,-1147.82571162214,0
4087,18001,5.11768078603248,8236.2317650984,26.9598242864583,8.44781743656115,8.58188901876206,12.9660743622202,32808.4242993347,31832.9106359928,227.779219694184,0
4087,18002,7.4634945010542,5375.47747794469,22.2110946503438,10.7961605864335,11.0091483523975,16.5819385723486,38813.0050855406,14975.5111645317,1048.95088051367,0
4087,18003,6.55434279819765,3004.88401813664,26.3365930869118,16.441955214361,17.0100654461307,25.3205961439833,23102.4408481602,26937.9486001876,699.022966017093,0
4087,18004,5.70703743501431,5913.29067184563,27.100128970515,10.4529216937334,10.6781995697871,16.0600228147159,32776.834819947,31113.3034436536,-220.96405005096,0
4087,18005,9.5756157037928,3314.33745055527,26.5361228932873,15.3762103930384,15.8770630076833,23.6709678674256,35472.9067188204,22103.2805105536,-1126.65990174422,0
4087,18006,5.08078866002537,5997.63865648835,26.7170851475208,10.3347566047772,10.5522514603963,15.8770253564812,31873.0236201863,33030.6012752678,-129.417932136561,0
4088,18007,5.70679459432853,7864.53090914247,27.2255912301302,8.70896857655712,8.85499776897015,13.3690641133018,32841.8269103901,30995.1896744275,-106.6305664585,0
4088,18008,7.00601951561351,4785.73132794469,22.2110946503438,11.6416161219039,11.8951521898293,17.8870797425248,38822.9625315418,14967.1375052815,1057.3911936081,0
4088,18009,6.43646137270392,4101.66639128709,26.3868247261486,13.2703789339337,13.64204088062,20.4124423617698,23102.935378491,26928.2519623556,733.721600465536,0
4088,18010,6.28358999797587,6135.3216437061,26.6741633511347,10.1811693564668,10.3910585524795,15.6398644618422,32271.816902471,33106.5522227796,636.071104423662,0
4088,18011,5.64344508072149,5089.08273182404,26.6496405547661,11.5055899531254,11.7817242305029,17.6851364728134,35108.1414281992,27651.0881442063,-89.3790633659025,0
4088,18012,9.40614815915447,3890.6675652645,26.4635654143612,13.7624192943029,14.1634544284502,21.1735940135588,35486.0755987639,22083.7640192053,-1120.80653463394,0
4088,18013,5.347717957193,1103.37840997455,26.5754644114557,34.9453987540596,37.0164126887903,54.0549504751408,30759.921805708,16706.5991965439,21.1300429886714,0
4089,18014,5.83397524043369,7016.42828909435,26.7920774975137,9.34436460631503,9.51615557059836,14.3486367499685,31924.5998158361,33076.4819576032,284.765249415682,0
4089,18015,6.66318199783308,6170.10602528709,26.3868247261486,10.1277398239926,10.3335984564815,15.5569787155217,23103.1437287698,26798.0624680556,920.662328134325,0
4089,18016,9.67837268372596,10096.2291829768,26.2267763628041,7.41688261766108,7.50856189938316,11.37653578888,35953.2143055433,26973.6862765939,-1394.89283401977,0
4089,18017,5.80380635451414,3097.65650197455,26.5754644114557,16.1240979282317,16.6736086767005,24.8289983421073,30740.7410413643,16689.4992537724,22.8222413034167,0
4089,18018,5.10452150511693,6156.4915245539,25.1962593172986,10.0742250194511,10.2713099971708,15.4726508822698,37045.984336966,26902.7598845827,857.433904932098,0
4089,18019,5.3261607020358,6005.06176444073,27.3125101274418,10.3607997891541,10.5826833116201,15.9180960788692,32324.4792978181,31398.4889394257,-306.617575214213,0
4089,18020,9.52165158159295,4004.87457655528,26.5361228932873,13.5007257570352,13.8869095835349,20.7689852134787,35468.4075418689,22078.7717428041,-1112.60219736682,0
4090,18021,5.88238346875292,5876.00836467544,26.7699715285513,10.4765935567169,10.701268179139,16.096084988388,31918.7983962417,33055.3482352839,272.547157925118,0
4090,18022,10.0376580572558,10881.8626276529,26.2875292166416,7.08538382382742,7.16559997157224,10.8660164001121,35939.8593518975,26814.6956863673,-1100.87036446535,0
4090,18023,6.55560023238846,7263.99641434635,26.5264088980593,9.12733003726977,9.28834659053913,14.0134942657626,23118.0850840162,26818.4949821923,869.871948644795,0
4090,18024,3.23600435991569,8029.45909845588,26.9279154088523,8.58298076715503,8.72251153207009,13.1744467647579,35040.3614127554,26515.7617947718,-557.714563690352,0
4090,18025,6.44017911613125,6533.53938071696,25.2331369124535,9.69892339928126,9.8790857800308,14.8935883053064,37098.1668665262,26742.4745179586,695.078873708236,0
4090,18026,9.55122550990051,3916.32806074065,26.4983618608008,13.7041686897123,14.1020286327931,21.0835677712888,35468.6292740626,22067.5948151831,-1107.86200336685,0
4090,18027,5.67122853346309,2743.20614412559,26.6375925202899,17.5779462867447,18.2258024766282,27.0811760121117,30947.2920973509,16929.945406239,-40.1348099995787,0
4091,18028,9.97956091399501,9387.88309965286,26.2875292166416,7.75999368978548,7.86449383944503,11.9052029101215,35935.1686659259,26817.6977529557,-1092.00079314265,0
4091,18029,5.68035730792837,2720.77237808118,26.6717394351743,17.6858801553175,18.3415455758707,27.2485180775827,31092.6598526532,17099.0378008509,-45.5856434442643,0
4091,18030,8.40493252120683,5414.35605629194,26.3638962084415,11.0264381354523,11.2761894664869,16.9445277720386,22925.1434751851,26312.5982859667,-1310.5371805785,0
4091,18031,6.41837507149983,2009.19931545453,27.7246778109095,22.2530663838244,23.2589204501529,34.3350440525254,27524.605501169,26977.5462627208,691.828600572427,0
4091,18032,5.67912981591815,1972.00999467545,26.7699715285513,22.3724923618181,23.3747575370902,34.5168275952969,31916.1281611253,33073.8080743118,312.655616352363,0
4091,18033,9.1478077558107,3685.11239644833,26.4837884844262,14.284950473003,14.7174892251236,21.9819972346036,35477.4695910642,22081.5243077189,-1123.03521052585,0
4092,18034,9.97499154396556,9837.23552565287,26.2875292166416,7.53871459971098,7.6350143629298,11.5642740394642,35975.3315564501,26834.1597952801,-1094.0329231824,0
4092,18035,3.64851561133987,7389.51569445588,26.9279154088523,9.04687355813635,9.20615574993888,13.889879559677,35041.784383118,26503.9220335638,-654.364240271756,0
4092,18036,5.5906929886426,2865.24091208118,26.6717394351743,17.0475978896366,17.65958507604,26.259606921033,31062.9440565524,17099.699541583,-58.7564456929124,0
4092,18037,8.12255822453912,3431.67836352257,26.4247342751342,14.9974277929416,15.4733900790517,23.084392143929,22950.1469500994,26264.7466479837,-1316.29604605008,0
4092,18038,6.34612531121665,2074.08791145453,27.7246778109095,21.733614721919,22.6990484554652,33.5288835851182,27510.2656419768,26970.6470270918,715.733462768918,0
4092,18039,9.35370636784609,3671.68786033098,26.4229223839898,14.3146362180807,14.7484770752574,22.0277894060922,35475.3343582053,22088.6269569169,-1122.35275021777,0
4092,18040,5.63847370818327,5689.92155471696,25.2331369124535,10.6034220681477,10.8257292125485,16.2895366936922,37076.0146955737,26815.7068993766,708.584775395662,0
4093,18041,6.26399958071255,7441.8304096629,25.8345181004616,8.95623071603872,9.10681217912486,13.7487466210491,36325.0330062072,27371.928786199,686.060232819055,0
4093,18042,5.68941012989241,3278.14030808118,26.6717394351743,15.5096316829708,16.0202267277222,23.8778501471776,31087.9239329057,17105.002429068,-53.2524432738327,0
4093,18043,6.35157067877955,2273.97386145453,27.7246778109095,20.3083845230702,21.1651939002629,31.3176429103949,27518.8243148128,26986.5631328181,709.889552493129,0
4093,18044,6.11385933028564,3152.68571661791,25.2154990066266,15.762270619802,16.275342914754,24.2651918817449,36839.0769243655,18035.0411764474,506.252721433922,0
4093,18045,8.72541559259804,3499.98098952257,26.4247342751342,14.7945539917972,15.2578759493443,22.7704157123411,22956.6666763885,26269.715068139,-1396.47187389806,0
4093,18046,9.36962362015558,5899.76936074065,26.4983618608008,10.433021261214,10.654110939854,16.02840878541,35465.9137890241,22083.765046387,-1124.6312207492,0
4094,18047,6.10837878291847,6915.9156076629,25.8345181004616,9.38337416230661,9.55243609717061,14.4075838645611,36354.2487732899,27384.5693892325,686.441311350708,0
4094,18048,5.49067766183453,3164.33196608118,26.6717394351743,15.896923501134,16.4325163561941,24.4774785205854,31095.1660151338,17101.7312037957,-32.3903081374182,0
4094,18049,6.05836486010365,4206.78399861791,25.2154990066266,12.9428266573972,13.2870875707772,19.9035778522898,36872.1835419541,18039.4990569822,537.575960876943,0
4094,18050,6.33354923688381,2124.98115188386,27.7109715457912,21.3444804609053,22.2797439886075,32.9250001153334,27504.086456946,26979.4898576459,665.03222440737,0
4094,18051,8.04084657827554,3461.83926029194,26.3638962084415,14.9003859198415,15.3697598902185,22.9340565823964,22929.239430703,26224.7980601685,-1408.40968252891,0
4094,18052,9.07507803123674,5914.00073833098,26.4229223839898,10.4122219217229,10.6318966275661,15.9961852401715,35493.0266765181,22097.5900147765,-1116.59594343585,0
4094,18053,8.72712188421789,4858.2081290825,27.016568652307,11.8923125478567,12.1913017572199,18.2833096374235,34263.4399075338,22425.3580806038,628.339450573519,0
4095,18054,5.54752204151607,3896.23392008118,26.6717394351743,13.7686264782315,14.1716541880175,21.1836430326483,31089.1699585813,17100.8486082224,-9.20908306091113,0
4095,18055,6.1043683814988,4159.97874861791,25.2154990066266,13.0405351558679,13.3902720793098,20.0546280319156,36844.8407170151,18052.1036529955,516.683580707291,0
4095,18056,6.48200121882074,2692.48104188386,27.7109715457912,17.9655563832737,18.6516961733355,27.6849533720107,27526.4260044602,26970.0917081634,705.816600593151,0
4095,18057,8.66998131969,3926.69799029194,26.3638962084415,13.6669227007624,14.0615394360874,21.0256698799562,22934.1871816764,26279.2370022889,-1356.6415246753,0
4095,18058,9.36981135419522,3993.02517433098,26.4229223839898,13.5175579195034,13.9038624948792,20.7947797368477,35530.7767230851,22093.5054632196,-1111.16838464766,0
4095,18059,5.64916491047052,3492.25687724495,27.2140354287126,14.9009533420427,15.3776545884368,22.9369432911467,25220.0045253715,26318.8620798876,-225.296335703312,0
4096,18060,5.46837969943109,2933.0761532436,26.7091630713632,16.7726845788989,17.3665125328281,25.8338551505173,31088.6485661442,17104.8320619536,-36.5172109806384,0
4096,18061,6.04019118014653,3470.91736461791,25.2154990066266,14.7488438427805,15.198763484382,22.6967652278626,36861.9503612066,18041.4097868331,526.720564190563,0
4096,18062,6.57610294125869,1960.78616745453,27.7246778109095,22.6615766212273,23.6995130936021,34.9691123433634,27513.4495252736,26981.27001635,694.196487025082,0
4096,18063,8.81146943818197,2946.00506352258,26.4247342751342,16.6839521057857,17.2690049524372,25.6956346604366,22932.9803373292,26256.597351691,-1411.71496394929,0
4096,18064,5.59349091025529,3040.21727924495,27.2140354287126,16.4165279268724,16.991453765061,25.2835573957923,25237.3339855903,26250.0195774142,-32.675433967699,0
4097,18065,5.55221327028522,3543.0421712436,26.7091630713632,14.7001190261207,15.1600092205557,22.6249394448456,31072.846803888,17108.4829562859,-16.6854928858783,0
4097,18066,6.19191678561321,3705.47223861791,25.2154990066266,14.1033203917515,14.5144224667174,21.6981098081822,36858.487673359,18026.3413942738,507.444731461914,0
4097,18067,8.57294190911369,6926.69033065513,26.8334174723722,9.423695111406,9.5992308340047,14.4710843845495,30721.7411606123,33691.7153016224,-1418.50130732332,0
4097,18068,5.93489825803127,3712.49819247277,27.1999616373144,14.2835594285949,14.7218239407128,21.9814456512854,25221.5149044305,26152.6904295071,193.20450273693,0
4097,18069,6.47253079614555,3205.71771345453,27.7246778109095,15.8757062820876,16.4195684397027,24.4472835245509,27536.0790499908,26976.8350771822,638.231769508606,0
4097,18070,6.40988363246247,6027.4417462735,26.4640879079804,10.2868997258765,10.5007517205366,15.8027756361622,31581.4503889557,33319.7950023377,322.892387342619,0
4098,18071,5.4293385748296,4253.03309408118,26.6717394351743,12.9736428685047,13.3303559846357,19.9541743712848,31084.4374151363,17104.7641833391,-48.5934819089256,0
4098,18072,8.55539907558639,6378.22090465513,26.8334174723722,9.93723770035001,10.1363834402366,15.2635676421869,30714.258436991,33692.3834733227,-1445.00356525484,0
4098,18073,8.17562485078895,5347.04478990468,27.0096421403876,11.1600024475198,11.4203333347651,17.1518642889844,24859.3612446533,25258.8950127455,-622.880576230944,0
4098,18074,6.30603662843623,3932.61976545453,27.7246778109095,13.7789461609744,14.1906513808066,21.2018280179337,27545.2594868458,26977.3249911969,684.334264346144,0
4098,18075,5.58951297943659,3785.17669793899,27.8832672552857,14.1601968215883,14.5962910639869,21.7920436895453,28302.6838470189,29142.829566767,-357.872139088635,0
4098,18076,7.37452732001811,5677.94681602401,26.6529861491822,10.7065060630117,10.9418718545129,16.4509106321751,32377.2707755171,32952.8664267217,1163.96962398872,0
4099,18077,5.87753268741499,4391.99233046242,26.6345859422425,12.692468121584,13.0329902202684,19.519379812522,24319.2143062879,24382.8465454681,-95.9812388772905,0
4099,18078,6.08289296761796,4656.48850047277,27.1999616373144,12.2478825151387,12.5674648319903,18.8331793483782,25215.9656720849,26128.2453911966,174.528460752469,0
4099,18079,5.42962928136431,2097.92115008118,26.6717394351743,21.3521898974604,22.2746123398586,32.9332538269324,31106.3751591266,17105.5826040728,-25.6861529349989,0
4099,18080,5.37097580477252,4189.48595393899,27.8832672552857,13.210492617292,13.5895724456697,20.3228321305032,28290.7176161179,29137.8397082928,-405.736354751038,0
4099,18081,7.43516713903834,3249.44816002401,26.6529861491822,15.6027782224661,16.1191802817285,24.0220086964923,32428.6376175819,32894.5559772344,1201.67456230755,0
4100,18082,5.79611749274528,2763.6860731282,27.38620060772,17.588439247588,18.244832544762,27.0995873350272,25237.3507248118,26141.9810643965,186.02427824508,0
4100,18083,5.93341742019856,3587.64945748555,28.0389861824188,14.7097876113853,15.1812914481372,22.6429360100415,28254.2026974872,29101.6422614645,-382.156449834326,0
4100,18084,6.13287325892609,1499.56393644481,25.3693834441669,27.1300224615376,28.4942124502527,41.8980327863849,23447.7718473221,20601.0630757596,531.083665941496,0
4100,18085,10.8266556313906,3901.79523533734,25.9568334777506,13.6877457252313,14.0803948476028,21.0569968296979,35664.368187427,18510.168450485,-958.943295866849,0
4100,18086,5.95670773146431,2246.34874187249,26.8081761475165,20.3317969891578,21.1791621264142,31.3508692070221,24327.4625229457,24384.9438353242,-112.157115726843,0
4100,18087,5.58916221882179,1750.68276886843,26.7449120236183,24.4526847374541,25.6196166059254,37.7459613040819,32932.5681020459,17504.0615216712,288.20533393788,0
4101,18088,6.08910904670653,4406.00476644481,25.3693834441669,12.5606165914828,12.8848435825329,19.3130910373263,23453.137812625,20607.2357695484,503.497574064898,0
4101,18089,5.64569734773234,3578.2736311282,27.38620060772,14.6698701734492,15.1335320531528,22.5796830660886,25245.7945246197,26154.7680322091,201.345552027695,0
4101,18090,5.36324363566149,2813.45758348555,28.0389861824188,17.453476045613,18.1071167779464,26.8922706067449,28305.7145636464,29142.7270891011,-401.947862860588,0
4101,18091,5.8095147311716,2934.94083162304,27.7711747328544,16.901617038745,17.5146088665092,26.0364627597483,26977.3773516302,25531.066135045,188.625589571977,0
4101,18092,5.74453523042284,1116.21920004305,26.727670810239,34.6828123368921,36.7331035198443,53.6473301765546,32939.4558615693,17535.9106139995,352.82708404536,0
4102,18093,6.00840654946034,5394.31138644481,25.3693834441669,10.9875629406998,11.2294823561032,16.8828676746235,23458.4635103162,20596.2212730227,496.159404568308,0
4102,18094,5.36288647140045,3593.36828443634,27.2273490519626,14.6110228529086,15.0697097977039,22.4882479631628,31646.7566857075,32156.3779904835,-329.655885786555,0
4102,18095,5.64600384205331,3772.7852371282,27.38620060772,14.1443481771959,14.5755861549772,21.7664498305842,25243.7366508069,26138.3512436678,237.654781436429,0
4102,18096,6.07503582240699,2878.55672512244,25.1092173244349,16.7826146283078,17.360720750471,25.8447225156124,34836.7854188723,14076.6537805302,482.057134305958,0
4102,18097,5.9419177990812,3071.52405762304,27.7711747328544,16.3662659483533,16.9430932440082,25.2071560897026,26962.3324370231,25528.3283718769,205.867641120919,0
4102,18098,5.39412524087859,2589.84963148555,28.0389861824188,18.5227421999652,19.2519909067949,28.5495939784672,28301.405948445,29133.9719189851,-347.256089912703,0
4102,18099,5.60878242954728,2205.21570212496,25.8080038847006,20.4285613451699,21.270425723618,31.4974464282597,25658.8745669149,19687.7257280799,-50.2746069627993,0
4103,18100,6.02257383350277,4981.43401644481,25.3693834441669,11.5773555281709,11.8491811914564,17.7937819796846,23468.0863152552,20613.0595106065,513.7439239356,0
4103,18101,5.3920247220738,3698.78472043634,27.2273490519626,14.3226796896068,14.7635619853232,22.0420396025478,31672.2022669908,32153.1563910415,-299.732780527467,0
4103,18102,5.87585965210146,2134.4473051282,27.38620060772,21.2148226300822,22.1360314337758,32.7226840871142,25241.129954107,26142.9358266764,213.396059089101,0
4103,18103,5.72356348752398,2651.04396812496,25.8080038847006,17.8904940782482,18.5509036257136,27.5629825429209,25656.0861062191,19688.2508363133,-83.4294995030417,0
4103,18104,6.1801285316906,2853.45007758059,25.1196008700367,16.8876886703797,17.4728477609023,26.0074790833206,34857.1700521791,14083.8464497264,459.830445927391,0
4103,18105,5.30546333967606,2047.32722548555,28.0389861824188,22.0043910673399,22.9949354834861,33.9502297154868,28310.3957522151,29145.7749177407,-370.007113220165,0
4103,18106,5.74883403127782,809.004731875053,26.064365136126,44.7249312339328,47.701002926778,69.27353278196,36164.5782669768,26849.8899366648,417.741411387735,0
4104,18107,5.87720800678502,6434.00461187505,26.064365136126,9.84010117370442,10.0308782419331,15.1125904553331,36186.1254986425,26889.5251630052,364.999552760312,0
4104,18108,5.93384754110349,5463.91354644481,25.3693834441669,10.8959152721413,11.1332945100332,16.7413502892805,23452.7234191531,20616.7341331475,489.304669650389,0
4104,18109,5.41896537884945,4737.35338351224,25.6906926945702,11.9931830292598,12.288950102105,18.436799818794,35871.73882135,17315.8493253789,-254.381506579589,0
4104,18110,6.16990832589924,2350.4122351282,27.38620060772,19.7675601013086,20.5801075611453,30.4777195126805,25222.130097995,26140.8979818668,135.942590405938,0
4104,18111,6.24388065494952,3640.12770112244,25.1092173244349,14.2645831607074,14.6843665667318,21.9473111592803,34848.293130849,14058.2582409643,480.838071423461,0
4104,18112,5.72401687436284,3038.41523012496,25.8080038847006,16.2479173558029,16.7980758692601,25.0186802124131,25670.3408350127,19684.3627472128,-90.3601086411819,0
4104,18113,5.31312246222107,2449.76427148555,28.0389861824188,19.2840415264456,20.0685366792358,29.7299730513912,28302.4057001017,29142.6995393716,-336.130314647297,0
4104,18114,5.14897250579006,2843.51514043634,27.2273490519626,17.2140658985912,17.8430221989973,26.5190575512807,31663.0560440411,32164.4792180066,-292.350024897621,0
4105,18115,5.96555310300314,6699.10954787505,26.064365136126,9.5882619968236,9.76756408539332,14.7239882303373,36177.3140660793,26881.2356420867,369.691289555917,0
4105,18116,5.39598749509158,5038.31664751224,25.6906926945702,11.5140782721707,11.7846822107404,17.696601058805,35868.9819417014,17322.5874141929,-275.321265572901,0
4105,18117,5.95450628280758,4235.34731844481,25.3693834441669,12.8975972214628,13.2404818230169,19.8339759014759,23473.1001131309,20628.8431088908,511.986324261586,0
4105,18118,7.403575029488,3447.79704745552,23.9537828553547,14.6763206267959,15.1103936431352,22.5814040260687,19160.8164457289,19598.1650360867,1152.81989951485,0
4105,18119,5.75745940670218,1819.5636091282,27.38620060772,23.894869856807,25.0263074327,36.882444639571,25245.7208957145,26148.5149224735,218.674644037113,0
4105,18120,6.29241138821838,3470.85789112244,25.1092173244349,14.7373788695215,15.1856505853807,22.6787643241516,34841.5463373139,14041.4615508098,422.021886191173,0
4105,18121,5.6299787382013,3027.93085412496,25.8080038847006,16.2872980072879,16.8400272288027,25.0796596478334,25655.6449186783,19707.5058696673,-55.1958302577147,0
4105,18122,5.44096070439251,2598.92434348555,28.0389861824188,18.4760485668985,19.2019461483383,28.4772068436586,28314.3946336742,29149.5079421217,-387.798240982853,0
4106,18123,5.79800459823197,5908.08980987505,26.064365136126,10.3976954065465,10.614729242758,15.973223196535,36180.2746229465,26880.4588159088,376.796669866236,0
4106,18124,5.35320932307431,4486.96621729767,25.7820096883765,12.4424277622964,12.7631029213056,19.1312267681364,35817.0992100873,17334.0205788415,-271.460863129387,0
4106,18125,7.34073591940276,3385.81588345552,23.9537828553547,14.8596061107298,15.304685177289,22.8649511018355,19149.4370438505,19580.8229169789,1124.41142493877,0
4106,18126,5.83830568743578,1569.6345871282,27.38620060772,26.7360329965137,28.1012390571302,41.2953531694126,25212.1280089996,26137.0032666333,196.383531005861,0
4106,18127,6.35068138623267,2808.86646112244,25.1092173244349,17.0745034100723,17.6719585309708,26.2967824682487,34843.3690366582,14060.4920282688,442.411376841499,0
4106,18128,5.19756554761942,2207.61042748555,28.0389861824188,20.8101787093979,21.7086957079888,32.0971296452675,28274.303747562,29138.5630870547,-343.753796901364,0
4106,18129,5.50743382123932,2287.04229212496,25.8080038847006,19.8943582440414,20.6970022244278,30.6690490452432,25668.990490975,19705.9439043275,-44.3445463876915,0
4107,18130,6.00968878878359,6891.72691787505,26.064365136126,9.4159294930449,9.58752062541586,14.4581080973337,36184.4154048997,26880.3553982588,345.765956656136,0
4107,18131,5.4687131748578,3083.6541094246,25.8977583564348,16.0919134172235,16.6327992081499,24.7773649770246,35558.0998049958,17490.8064673779,-330.423793451179,0
4107,18132,5.86272822104573,1709.7419731282,27.38620060772,25.0465746025134,26.2715364097501,38.6709276389665,25248.2379558365,26155.3775972922,186.191281340769,0
4107,18133,7.29107444299163,3535.61470945552,23.9537828553547,14.4265667754473,14.8457868167099,22.1950683905403,19178.6323290385,19595.1468388923,1125.6447461951,0
4107,18134,5.42567176637589,2471.01936148555,28.0389861824188,19.1633895142205,19.9390538071033,29.5428836124371,28276.5007992401,29142.2555001434,-382.147563272351,0
4107,18135,6.19342819245403,4168.7834365076,25.1754235581705,13.0184347268413,13.3666266544118,20.020377912581,34768.6055832392,14029.8778527017,432.625404581684,0
4107,18136,5.56192631436816,1006.70180668783,26.6180348350603,37.6405879435673,39.9601934267155,58.2488201218992,32069.2023934623,16786.2815758097,-22.4592575074055,0
4108,18137,6.23647482590893,9167.16224361647,25.2363894228809,7.8368898524943,7.94043914687027,12.0226244617776,34409.297086553,13993.4567652823,238.340396855613,0
4108,18138,5.858478026603,5992.51546787505,26.064365136126,10.3024166818525,10.5148824745039,15.826140560156,36197.2903007744,26871.0585412499,407.74237697819,0
4108,18139,5.67321968426078,2036.7179431282,27.38620060772,21.9634029131221,22.9422139655048,33.8842580073592,25232.2848620686,26158.4463075123,220.034758013486,0
4108,18140,5.32489912497117,3878.8147354246,25.8977583564348,13.7372072779438,14.1322913739505,21.1333676669981,35560.4983817924,17481.1737957677,-336.491618253803,0
4108,18141,7.5889147748684,3320.93571964231,26.61095677176,15.3634081916962,15.8641182004123,23.6513350471915,29431.5070387903,34829.4938501515,1181.17409351627,0
4108,18142,5.42815789948387,2349.56799748555,28.0389861824188,19.8800146134802,20.7085335798227,30.6542329356666,28301.2166054414,29132.8129523528,-385.157330079856,0
4108,18143,8.39899452061051,8700.90684182299,26.2281817351775,8.13354388659961,8.2521643685684,12.4808147037989,33931.6416938812,14949.1639553384,-1332.56506158326,0
4109,18144,6.15948485316374,9544.84206561647,25.2363894228809,7.64378985246842,7.74024122122042,11.7251276868896,34403.9323435309,13977.34904273,259.942822942743,0
4109,18145,7.05560888939639,5601.19339143184,25.778613914278,10.7471035950481,10.9795373045227,16.5122335854006,36455.2602557856,26954.2997386036,1033.95512960206,0
4109,18146,5.4512083810774,2164.95983838835,27.2703381219287,20.9730518505326,21.8743930201418,32.3471797575046,24949.1400838119,26086.6625984749,-140.894804636915,0
4109,18147,7.44951840601744,3435.53699764232,26.61095677176,15.0060006307319,15.4841251732201,23.098108301051,29443.4912693192,34832.9800655547,1213.1776724984,0
4109,18148,5.38948019986872,2545.84168348555,28.0389861824188,18.7535452991981,19.4994226041522,28.9074159678734,28296.4592112086,29127.6241963782,-379.366109303175,0
4109,18149,5.24416153099043,9575.51124965785,25.9317430100193,7.65306062407513,7.752323310404,11.740095709957,34414.8054462678,14759.827533558,-373.916616105729,0
4109,18150,5.67057750386991,3376.01660068783,26.6180348350603,15.1896619165963,15.6794140234103,23.3824012903253,32106.9187210389,16744.0137640157,-90.8075234005469,0
4110,18151,6.47513529657512,9370.22810869386,25.2778028423944,7.73290468114986,7.83276180737434,11.8624572923674,34413.7603544467,13987.3249931205,253.827841748872,0
4110,18152,7.79529281138798,2961.63704982042,25.2605641264137,16.4708803068748,17.0300921065215,25.3624146048516,20160.6077083922,24496.2952917498,1206.83144106369,0
4110,18153,7.34106424040366,3953.85731313631,26.627769664966,13.6274553652187,14.0217867914373,20.9651873653359,29444.3883209046,34831.050885943,1190.75776691525,0
4110,18154,5.5826999489374,1240.28042645755,27.3570792635748,32.1138551878882,33.9451838169555,49.6549536615386,24930.6159519944,26076.4873494863,-203.606844442503,0
4110,18155,5.63371562961195,3213.78462740373,26.6543205236881,15.7235324363609,16.2477273427147,24.208967253235,32059.4951343895,16764.5929227975,-95.5581596055927,0
4110,18156,5.46211077211153,1124.56064734186,28.0279965784128,34.9740001585275,37.077045185066,54.1076670587084,28657.4283947953,26367.3927710856,-341.596667533818,0
4111,18157,6.14139386847008,9704.67089269386,25.2778028423944,7.56739590978313,7.66123250881351,11.6074859851985,34404.9121578757,13988.7580628396,238.603305431452,0
4111,18158,7.3201456842369,3584.30508513631,26.627769664966,14.5747909617001,15.0262505724639,22.4308048681485,29449.1129937013,34844.8094596259,1253.25826972448,0
4111,18159,7.4701880185086,3009.87398982042,25.2605641264137,16.2856930033536,16.8328444212997,25.0756669483097,20141.5826816251,24484.3817438431,1219.07258291349,0
4111,18160,5.96411102411529,1809.69642120238,25.8591897782398,23.6501665511341,24.7395339625042,36.4963075048178,23243.5354654596,21972.6787095268,89.6045490813866,0
4111,18161,5.41313564854241,6045.10510045094,25.6864856848194,10.222249131087,10.4288798353969,15.7018345833576,34459.0144731318,14773.0324726539,-421.170916397881,0
4111,18162,11.6133601748758,7777.82544476009,26.2476107362351,8.72787975698149,8.87064018260062,13.3971015461178,32647.8240713803,15613.6729342017,518.605323189515,0
4111,18163,5.47512844225434,2864.60644940373,26.6543205236881,17.0479531438342,17.6597871763869,26.2601084427498,32078.3216172713,16760.9959652984,-33.1630847990905,0
4112,18164,8.55851266433665,7926.32510589639,25.8824143484807,8.60867133194875,8.74496413351091,13.2128679971676,33962.0895078395,14915.587796362,-1095.93286085856,0
4112,18165,5.48603051826857,4494.56415072389,26.2821410875602,12.4688150937821,12.7944218134144,19.1729719510968,35641.6645111297,19417.5751413202,-246.736644752891,0
4112,18166,8.73140221767853,3603.75044440133,26.1769899050473,14.4741095362938,14.9156075832226,22.2739696833205,36247.5330131143,26558.5733595768,-1290.85021944272,0
4112,18167,7.52610415636784,2905.38264582042,25.2605641264137,16.6939180149468,17.267762358669,25.7078000964645,20150.52026267,24489.9518336893,1187.25911033406,0
4112,18168,6.10004143197369,2126.63749883555,25.7908936840366,20.9741603014685,21.8563808391188,32.3435995882214,23229.671041577,21957.9576157899,107.98392073832,0
4112,18169,5.43447924260122,3505.12252940373,26.6543205236881,14.8039467264982,15.2698202713871,22.7854939706273,32074.5660968886,16771.270419788,-103.550868331757,0
4112,18170,6.23586002693155,924.955844770574,26.7352333388542,40.3828805032602,42.9616830561167,62.5177909646787,27972.8032471926,19899.1028080911,220.867030606485,0
4113,18171,5.52984127818921,4862.35429872389,26.2821410875602,11.8316452144955,12.1226900261891,18.1882682701503,35643.7595336277,19413.0002321335,-266.862734937873,0
4113,18172,8.51170827961072,4797.91206040133,26.1769899050473,11.9291127358063,12.22467401884,18.3386854539293,36252.8458671658,26543.0954878962,-1292.98005229456,0
4113,18173,8.78008943950625,5389.30434789639,25.8824143484807,11.0283121979387,11.2753255874203,16.9466398346122,33956.6665746987,14975.9408708907,-1238.42525295494,0
4113,18174,5.9996972818424,3077.19155483555,25.7908936840366,16.1022690301728,16.6427849729989,24.7931121956929,23227.7406009351,21975.4093195608,132.544097865792,0
4113,18175,7.57010148060268,2888.00413182042,25.2605641264137,16.764421978626,17.3429158718635,25.8169857918626,20163.8472475092,24515.7909124797,1243.09799853433,0
4113,18176,5.23081550913415,2363.17623380449,27.6972233779193,19.7406350188603,20.5548397567171,30.4369686587908,27885.5918209171,22841.9965435047,-119.320840958918,0
4113,18177,5.96123519628165,1415.93741077057,26.7352333388542,28.7603439864452,30.2865507853328,44.4380159742306,27980.042941429,19933.0602004641,219.859486838861,0
4113,18178,5.08535049949714,1122.15981334186,28.0279965784128,35.034130026372,37.1426873731292,54.2012230009088,28636.8814763186,26365.2650210711,-379.148782447424,0
4114,18179,5.5409930308226,4320.97260858602,26.2024063122962,12.7962243014523,13.1395156532123,19.6789394751948,35659.7224009154,19412.570266909,-222.576258198315,0
4114,18180,8.78477702056475,5015.70514840133,26.1769899050473,11.5831388269144,11.8604008067345,17.8041336961166,36243.3005457396,26540.653814616,-1284.08736162032,0
4114,18181,6.09443085574015,2898.66186120238,25.8591897782398,16.8009520298637,17.3880727032781,25.8752704966978,23247.8827827247,21980.1839938814,117.878119311082,0
4114,18182,7.32145014048284,2752.05965982042,25.2605641264137,17.3439377067571,17.9610788997562,26.7145691895414,20162.9726913901,24506.4210713258,1210.70600620758,0
4114,18183,6.45850102680826,2943.99329768192,26.2699658210978,16.67192691447,17.2546287905566,25.6765827716251,26806.4559894416,19633.9315329617,774.713960607276,0
4114,18184,5.08323856086776,3311.10227744451,27.6647384384093,15.513433746225,16.0331229825345,23.8861739159627,27942.9696154676,22735.3482218637,-210.154498355917,0
4115,18185,8.6953324642587,4546.08880240133,26.1769899050473,12.3656606442189,12.6848645510235,19.0133310951485,36220.6111353998,26540.9863156324,-1344.21787983707,0
4115,18186,6.56521289631604,2867.80536368192,26.2699658210978,16.9832468081198,17.5867853921091,26.1587915628498,26796.4805820584,19618.9655411678,752.664547540847,0
4115,18187,5.71348833768696,1953.65835720238,25.8591897782398,22.340402451698,23.3274192607546,34.4635037210995,23235.0764641573,21982.8535462452,70.8928387357891,0
4115,18188,7.50804115425178,2785.82551782042,25.2605641264137,17.1951726926836,17.8023206275506,26.4841344308522,20173.2349609703,24506.1428815602,1235.04164893613,0
4115,18189,4.82257738627519,2812.25263098133,27.6300246737063,17.4041026756992,18.0502082334857,26.8146296054499,27908.2622028307,22664.259708214,-43.1529469491917,0
4115,18190,5.44961123817015,1288.38183740373,26.6543205236881,30.9324280339777,32.6458711031241,47.8141445016399,32030.3364284537,16755.1456708293,-99.4283930184368,0
4116,18191,8.58600131038955,4944.97966240133,26.1769899050473,11.6925226705282,11.9755276384311,17.9731270631939,36245.2224062943,26557.1366733361,-1338.15991007562,0
4116,18192,6.49340602007529,3320.50574168192,26.2699658210978,15.3262590425552,15.821541199372,23.5929839239145,26811.4809176055,19625.1887152264,769.991857551469,0
4116,18193,5.680836948378,2482.87705920238,25.8591897782398,18.7569756639353,19.4785047925471,28.9059548045477,23251.7552827098,21972.1908375001,99.5528763600728,0
4116,18194,7.41255120337971,2723.00736582042,25.2605641264137,17.4746368198231,18.1005982288527,26.9170313342341,20165.0264752139,24505.2059299237,1221.66470117234,0
4116,18195,9.48023896054252,3148.30224726715,27.3801643651382,16.0378440894574,16.5892341856216,24.6975059882808,28381.5026923797,32542.8929203036,-1205.35007274415,0
4116,18196,5.3487202101603,2754.10123584718,27.5122920432713,17.6494783000442,18.3114154550267,27.1945337917993,27971.0498387147,22128.3897313933,69.5298608738025,0
4117,18197,8.48524519285621,7018.99187440133,26.1769899050473,9.31213175971328,9.47965819745051,14.2981259021876,36229.6774886603,26538.6390136477,-1362.76961514515,0
4117,18198,7.3282080751199,3074.71853382042,25.2605641264137,16.0451002481804,16.576705340495,24.7031621021464,20145.9543329036,24489.5017255907,1229.50580933569,0
4117,18199,6.6582216992364,3105.73021568192,26.2699658210978,16.0574678847001,16.5997073688081,24.7250195346198,26817.5889994898,19616.1757431834,757.414884174207,0
4117,18200,6.03585315598998,1472.37719483555,25.7908936840366,27.6341380323672,29.0479634362236,42.6832939768396,23240.7731428568,21993.8395335572,64.206275878982,0
4117,18201,5.3649132079819,2043.72624098129,27.1798390756571,21.867523088598,22.8361785359562,33.7347136086074,31903.0183308034,31928.9553145149,-318.528651806549,0
4117,18202,5.72208932284682,1980.02026340373,26.6543205236881,22.2818193057613,23.2754451857175,34.3756705453929,32058.9750489941,16770.867745562,-40.2155297244048,0
4117,18203,5.23342117599443,1162.54800826094,28.0190355699832,34.0512165335612,36.0698065504973,52.6719523335846,28641.3201173468,26357.4008139201,-351.816592519166,0
4118,18204,8.47707215152387,5711.57256640133,26.1769899050473,10.6359867031078,10.8652195424732,16.3412892451866,36253.8818415728,26539.8031630628,-1343.42346231548,0
4118,18205,6.89264657999097,3916.17813772647,25.0934981602568,13.5714481207429,13.9504546727743,20.8752460257377,33536.6652694657,13151.759990436,895.952809962362,0
4118,18206,6.91760976115094,3670.69010455053,27.466050047808,14.421851680111,14.8707615965814,22.1960318270063,25705.2895094958,29479.2800961861,1017.04779566792,0
4118,18207,6.7495156329418,3129.89273768192,26.2699658210978,15.9706542891547,16.5072497659167,24.5905983465234,26787.0905005052,19630.2546146034,763.618075631935,0
4118,18208,6.94027697689131,3795.28217886675,25.8228020604792,13.9350765103086,14.3412317832104,21.4392530495918,30025.5276497993,36091.3352733978,1115.86575628299,0
4118,18209,5.83294868316392,1654.64688568214,27.9697690173386,25.8216723719735,27.1195318633648,39.8773425156158,28654.9330864794,25585.8670087425,-296.190019569604,0
4118,18210,5.52682909456706,1188.31771940373,26.6543205236881,32.9696645607002,34.8638848429868,50.9821467120494,32024.7804978295,16776.438631216,-54.3003017876391,0
4119,18211,6.98870246951042,5390.34802855052,27.466050047808,11.1304795636605,11.391919788505,17.1069867835034,25697.274078224,29474.4951569943,1043.67684895486,0
4119,18212,8.7153132427097,5693.44516840133,26.1769899050473,10.6580564551167,10.8883728557083,16.3753654924167,36243.9784959009,26555.2265517393,-1320.12564631078,0
4119,18213,6.65251957590546,3771.41547869478,25.0017321820458,13.9135642925848,14.3116987975951,21.4041187845265,33529.751463153,13129.4743527725,888.172381016872,0
4119,18214,7.6255533788926,3027.27452982042,25.2605641264137,16.2202109129029,16.7631173154345,24.9742785727142,20152.982443569,24486.7993093136,1262.61806853876,0
4119,18215,6.81863200905968,3768.72297060448,26.214675761481,14.0406090610197,14.4562259564863,21.6033754637189,26772.4067698205,19630.1141021442,783.447191735222,0
4119,18216,5.4438540117795,2165.18753968214,27.9697690173386,21.0977281096616,22.0173300459323,32.5430324467348,28733.3381149326,25630.4520249133,-385.734931504126,0
4119,18217,6.03159347168113,2675.26659738592,27.7873709758324,18.0592484445574,18.7528005746453,27.8303895834637,31022.8754547617,30045.678270525,-924.997435755733,0
4119,18218,6.71371438356511,3754.65431184718,27.5122920432713,14.2034837069149,14.639328880458,21.8582248224877,28028.331911405,22038.1600462529,58.3483619567876,0
4120,18219,6.89151242887948,5365.34765145092,27.3794466207751,11.1590361849627,11.4214569121732,17.1509623782406,25691.5299016242,29474.6853116998,1028.90340312506,0
4120,18220,8.61469275068447,6077.17681583937,26.0541479637138,10.2086190267615,10.4165661216972,15.6813381953468,36797.23196621,26271.3358538637,-1380.17703378552,0
4120,18221,6.96726414043499,5828.43521774198,25.0697868341305,10.4292202021271,10.6422598330925,16.0203665988483,33531.2834440933,13147.5588825533,879.769438615398,0
4120,18222,6.20980002961371,5363.4522256845,26.0687674573819,11.0755053415856,11.326000597278,17.019828764905,31826.5980056048,15221.6042746422,152.081454234369,0
4120,18223,7.26207222027883,3739.61710360997,25.235957181632,14.0175067093265,14.4237052495404,21.5654226080951,20180.750212389,24507.9933005379,1260.63443934138,0
4120,18224,5.49669931774802,2172.08411547624,27.9655174298262,21.0474992991138,21.9632076507064,32.4650844934557,28720.0253276812,25631.2962701235,-340.431450365712,0
4120,18225,6.10355677244273,3318.54720031434,27.689856041123,15.4919011689965,16.0104158766336,23.8528951892078,31056.0442275556,30018.4208664027,-943.594202410202,0
4120,18226,6.32581838704609,2562.16222112468,25.7017442943764,18.3149962896652,19.0036460458582,28.2204550162536,26481.9397853762,18622.1852921113,265.327894064735,0
4121,18227,6.78177747286973,5485.54353345092,27.3794466207751,10.9973277818518,11.2514252557315,16.9011754930232,25690.5567383985,29465.8857019282,1027.9908661178,0
4121,18228,6.91951921606563,4578.21527644562,25.1597812137178,12.2265653936428,12.531185431276,18.7964269168323,33536.7739372763,13151.6960732811,883.111215939192,0
4121,18229,5.94746114760633,2948.03571512468,25.7017442943764,16.5819032957823,17.1529024558795,25.535579901808,26444.5796265475,18580.4835442892,319.838779712684,0
4121,18230,8.38981485442184,6514.34886383937,26.0541479637138,9.76134222953329,9.94845371209484,14.9910396866597,36798.5901957246,26278.4743306398,-1316.02947003717,0
4121,18231,5.87742680428317,7309.5625894144,27.3547741313332,9.12950950639592,9.29427453031638,14.0178672281358,34870.0577278014,25279.136291092,-104.010104302353,0
4121,18232,5.91835728321534,2930.33895031434,27.689856041123,16.9100514765281,17.522827464681,26.0493120457381,31070.8200638669,30012.4394010636,-914.591091439202,0
4121,18233,5.81630987091641,1937.37505947624,27.9655174298262,22.915200183881,23.976458100908,35.3637151034059,28728.4270680122,25617.9619767477,-338.577132534154,0
4122,18234,7.0242947484219,5471.24865945092,27.3794466207751,11.0162302369343,11.2712959492938,16.9303723554709,25706.4771250461,29477.2446388477,1052.52099392342,0
4122,18235,6.11263302002159,5023.74674075823,25.7331028702808,11.5391406929628,11.8113110689024,17.7353906429698,22754.9881252492,22513.2976019186,531.228585224289,0
4122,18236,6.84660762726542,4178.57743315956,25.1332645996054,12.9941655593426,13.3406776923153,19.9827714219839,33548.6395154935,13141.2059114919,902.370834575555,0
4122,18237,8.58994256692731,5807.09400383937,26.0541479637138,10.5142439211933,10.7368540102157,16.1531369014029,36792.7994177877,26282.1120234847,-1309.63345922386,0
4122,18238,6.1021999253417,5446.4933794144,27.3547741313332,11.0475929434054,11.304127808154,16.9787774855973,34866.4837838721,25301.8820739888,-95.8162049657884,0
4122,18239,5.35116199000662,2510.05105947624,27.9655174298262,18.9356092706408,19.6938698117538,29.1894738468801,28724.7871096072,25613.8393022126,-377.58774064406,0
4122,18240,6.03314709448904,1949.44295312468,25.7017442943764,22.3433282718806,23.328321922866,34.4674228176107,26434.6683391491,18572.7519726022,344.54961731983,0
4122,18241,6.86076265556277,3584.90559190528,25.1986587876632,14.4238457690609,14.8539348445131,22.1938987870819,33552.0667838898,13144.4828356518,907.997671392634,0
4122,18242,6.43329805548227,1695.67735709676,24.2562186414662,24.4389319364731,25.5652861612591,37.7136903067477,17850.9915732488,21471.201336855,172.361006918744,0
4123,18243,6.89874756213987,4556.89626374198,25.0697868341305,12.2573276500811,12.5629681146582,18.8437891392264,33527.2350639609,13134.1826863002,884.816098505477,0
4123,18244,8.49076548074081,7378.30132374507,26.1924244461825,9.02166981318004,9.17663046391977,13.8501102496463,36767.2954588158,26252.6121225391,-1303.24981800971,0
4123,18245,6.00015720860046,7394.6819770033,27.4049213130698,9.06462542648818,9.22674993194295,13.9178345704554,34840.2895740805,25282.0746080363,-97.1775925202175,0
4123,18246,6.2994141178247,2551.37869891346,25.8450043304268,18.3923274411772,19.0880226513874,28.3407499830699,22750.2994737266,22543.4726327729,512.385570620816,0
4123,18247,6.37345405441998,3537.82186709676,24.2562186414662,14.4533747235547,14.8769120071621,22.2372870084302,17871.102244058,21470.137795643,122.203302956346,0
4123,18248,5.2773512016362,2267.58885147624,27.9655174298262,20.3914216185047,21.2573582974103,31.4472466432232,28764.2216566323,25647.7274979617,-304.693225039131,0
4123,18249,5.65175000440668,2582.29097284824,26.6393467515813,18.3542170186574,19.056197311175,28.2841547706717,32053.5827934692,16749.3587957323,-26.8794860790416,0
4123,18250,5.68286658014131,2593.34025781716,26.6354629124036,18.297520878637,18.9954637191625,28.1962700187477,23308.4980986053,26161.3477859747,230.848038671105,0
4124,18251,5.73816329858865,4712.52779581716,26.6354629124036,12.1074525457154,12.4156335631993,18.6151106547554,23307.404273667,26128.2899504351,221.849556267625,0
4124,18252,6.09470662081486,3622.00550467451,25.7768263230223,14.3826911076713,14.8152553893652,22.1315943615676,22743.8903464256,22529.9285219513,564.020468939747,0
4124,18253,7.09218536150982,4668.12756374198,25.0697868341305,12.0625116855741,12.3577562057833,18.5427609455376,33532.4355744998,13133.6155504183,865.740133562925,0
4124,18254,6.10157718543568,5468.94245354846,26.4870369351203,10.9620774860119,11.2092932637621,16.8453259616137,30653.8118947829,17263.6104613287,511.872503136438,0
4124,18255,8.88749547318815,5476.94628983937,26.0541479637138,10.923596865543,11.1663723419478,16.7852064873433,36779.8452741255,26277.8151700166,-1312.7393225193,0
4124,18256,7.59652237908857,3876.10260891159,26.1019674289202,13.7632548295948,14.161492603938,21.1741019385826,21749.1536850293,31233.672637876,1210.00972151205,0
4124,18257,6.17838510865285,2901.72259356938,24.2279503562282,16.5694469990965,17.1242674304954,25.512059704431,17828.9337493678,21476.5711112299,188.521160601993,0
4124,18258,6.13510361465655,4917.88030300329,27.4049213130698,11.8239977232345,12.1217379145699,18.1784112834564,34850.7164388701,25283.5640460511,-114.345053633626,0
4124,18259,5.72321859548646,2852.78587357532,27.9367056271032,17.2679907042244,17.9077521968302,26.6045651798007,29898.8008021869,28192.2485840741,-339.631899112294,0
4125,18260,6.23473748074773,5948.6223098561,26.5264311947976,10.3788743687941,10.5974901673165,15.9448555541665,30652.0316930825,17267.5568827008,517.466097722039,0
4125,18261,5.58595242223356,4380.15545581716,26.6354629124036,12.7156063778144,13.057435895625,19.5551527894414,23318.506961665,26126.2574790345,251.834217828662,0
4125,18262,6.89786084977903,4387.33796044561,25.1597812137178,12.5787190343207,12.9024246607771,19.3406525090046,33535.7221361669,13143.7873820472,894.990200617698,0
4125,18263,6.21979830836965,3947.96827867451,25.7768263230223,13.561889022275,13.9457704989201,20.8619596787109,22758.8770224289,22522.1325758331,555.21423645277,0
4125,18264,6.0083235387813,6541.3324754613,27.5529305550366,9.81429367072609,10.011181985536,15.0747830451578,28780.4441385876,22145.5632183401,337.064938464793,0
4125,18265,7.59818588528165,4188.78370491159,26.1019674289202,13.0581903575512,13.4155673242809,20.0837552123612,21744.0900051555,31241.2340054773,1239.15208168125,0
4125,18266,5.86970526580386,2503.49400874144,27.301960282627,18.8699616286259,19.616098065899,29.085659449762,33542.0667753163,21759.2676578445,28.9731872277235,0
4125,18267,7.21267027862022,3396.83608652739,27.48429579791,15.219632375336,15.7188469633196,23.4308768201286,25422.1948309904,27362.1327086014,1173.12036390219,0
4125,18268,5.49009177396572,1131.49802557532,27.9367056271032,34.7672634549912,36.8495842709281,53.7855109270256,29922.6528162975,28174.766491469,-325.091144452625,0
4125,18269,8.39721037883235,4143.95479583937,26.0541479637138,13.1491706575065,13.5113813284608,20.2243308144464,36804.2003187096,26288.4020223674,-1262.80408512418,0
4125,18270,5.4890619523431,3001.0567294144,27.3547741313332,16.5849511412434,17.1724935478402,25.5448012227835,34874.8034451177,25280.6343316914,-78.2672835538517,0
4126,18271,6.27738210231662,6322.5577118561,26.5264311947976,9.97689361145142,10.176358746573,15.3243475895069,30650.7212393237,17286.496608914,508.211164855271,0
4126,18272,5.92608109945584,5345.29072381716,26.6354629124036,11.1377686561457,11.3947717675732,17.1169175053376,23329.3599017192,26138.0213809383,232.360091813351,0
4126,18273,6.15500688732335,3930.85407667451,25.7768263230223,13.6019312618947,13.9881435331994,20.9238857859285,22751.0602358431,22511.107934193,545.197334971662,0
4126,18274,6.74145604375852,4390.26741844561,25.1597812137178,12.5731087255811,12.896507264772,19.3319813921505,33543.5723129291,13148.9704943585,864.387350415245,0
4126,18275,7.56900690804574,4253.84542323934,26.2288713763214,12.9340997889244,13.2853612919915,19.8921517799873,22151.1942327705,31604.4120583097,1192.89846106389,0
4126,18276,5.92649659024183,7188.3682514613,27.5529305550366,9.23682388417757,9.40722629629423,14.1836666034851,28737.0746894755,22148.7807381283,311.023638349118,0
4126,18277,5.25318474814004,1367.4323614144,27.3547741313332,29.7406728906836,31.3626305500541,45.9648898383796,34902.1206059163,25306.6219637361,-74.6067013244281,0
4126,18278,5.50637686905362,1118.52471157532,27.9367056271032,35.0908227509809,37.202776363347,54.2889277616023,29902.9866111279,28191.758719015,-322.754453352056,0
4127,18279,6.1851445781934,6619.0056458561,26.5264311947976,9.68666414114408,9.87267947344904,14.8764451103651,30649.429532943,17271.0309929068,515.206228676996,0
4127,18280,6.00154527523303,5794.04844781716,26.6354629124036,10.5648762853133,10.7931500853301,16.2321926000364,23334.6650066527,26134.7975840409,263.867518323456,0
4127,18281,6.90203265245526,4192.71837974198,25.0697868341305,12.9590752048116,13.3031446094881,19.9283930136493,33536.3104216751,13148.9258276248,871.675107253413,0
4127,18282,6.20299216576128,7737.8728994613,27.5529305550366,8.81319252515196,8.96501256458458,13.5301768171397,28729.4496086653,22124.2565353097,411.49920095972,0
4127,18283,5.33311650366212,1149.11882557532,27.9367056271032,34.3390810398715,36.3822980885034,53.1193460760091,29899.0083721516,28191.328456994,-316.318845541932,0
4127,18284,5.58079439940472,1493.3879530033,27.4049213130698,27.7865213530853,29.2409198019448,42.9277584557969,34853.5431255111,25286.6548625889,-38.09099534591,0
4128,18285,6.21969496979596,6185.0273678561,26.5264311947976,10.1197787261374,10.3259823433556,15.5448899602565,30651.0179155104,17277.7697367647,517.495695803442,0
4128,18286,5.84458245833492,5723.43309181716,26.6354629124036,10.6497622167735,10.8822196176647,16.3632629605317,23314.3404745444,26131.9225349788,224.731374013659,0
4128,18287,6.89282846281739,4914.77255644562,25.1597812137178,11.6652455649616,11.9402596170783,17.9291748108273,33541.7318639694,13160.7553059401,868.678068466633,0
4128,18288,6.37962370223962,8060.5097474613,27.5529305550366,8.58799787040931,8.73024215121644,13.1828766302328,28737.6538550264,22135.0716669968,298.809169559381,0
4128,18289,5.39808790432112,1348.71843757532,27.9367056271032,30.2431417055503,31.9193453280928,46.7489347319908,29936.8169080862,28171.7152092366,-303.099057033576,0
4128,18290,5.52650114228617,1434.5015314144,27.3547741313332,28.6517242647807,30.1793682462026,44.2721866172294,34867.138764058,25302.0429923844,-53.6392246786131,0
4128,18291,5.44810556955019,5058.33547459413,26.847803087178,11.5657245319836,11.8462364444659,17.7783786222507,27275.2603523706,20511.6774363608,-329.100365763465,0
4129,18292,5.6764250208216,5691.95793781716,26.6354629124036,10.6881952188555,10.9225552653456,16.4226087715103,23316.5111294366,26136.5806921825,225.648303449682,0
4129,18293,6.6847964015681,6323.07309974198,25.0697868341305,9.89560973014282,10.0838253845709,15.1968353378255,33533.8051443204,13131.3732515048,879.584988750396,0
4129,18294,5.87286736091565,6345.02028277182,27.5968010067843,10.0121043456229,10.2185780792626,15.3801735461789,29443.4832881407,22515.1570884826,-33.159783710952,0
4129,18295,5.60862543382745,2054.28004300329,27.4049213130698,21.8275770361361,22.7961149455373,33.6735456646351,34862.4816641831,25301.1106702881,-99.2053207230168,0
4129,18296,5.58078322748694,1905.13154401873,27.9209567784615,23.1961215685397,24.2791230535147,35.7996599432029,29940.7278173,28183.080238508,-323.3462667612,0
4129,18297,8.50584348968442,2893.57091789596,25.5397200916193,16.7791546137708,17.3615303829422,25.8406030234212,22298.4053734405,22436.7923885158,-1512.04724450811,0
4129,18298,5.61078972144095,4280.99388259413,26.847803087178,12.9312659587454,13.2868207956149,19.8889982570063,27250.1863995953,20487.1023636839,-336.290312826948,0
4129,18299,5.51285102949724,6342.63152049741,26.1838630222483,9.93772219297724,10.1336209636444,15.2634113761264,33764.3782950156,15155.4510370151,-427.274205090193,0
4129,18300,6.27865967263152,3720.9346958561,26.5264311947976,14.1947292361735,14.6221485384487,21.8425050137787,30655.7761347147,17277.7629564793,571.619228629942,0
4130,18301,5.66522425061989,4980.27625126218,26.7542943009763,11.6789550568301,11.9648789394042,17.9531677659565,23307.5948050205,26126.4967417663,246.557688572204,0
4130,18302,6.91427071414811,5521.68401603001,25.0665425188512,10.8016957324131,11.0326561706709,16.5953776365561,33540.4739289525,13141.1441377861,889.978539106193,0
4130,18303,5.60014143103486,1017.52856522389,27.6491041014476,37.7590921067834,40.1119490117342,58.4394699704414,34874.3257768219,25270.870627411,-61.484452229786,0
4130,18304,5.5267062260363,4608.97790549696,27.5217007988435,12.3571784887294,12.6849403757389,19.0027094903164,25144.0545001067,25739.7542110253,-189.560747771309,0
4130,18305,5.48119416771956,1889.16879671755,28.1017430574881,23.3810808262609,24.4813539311622,36.0875047940568,30255.9210875472,28032.1233678629,-464.735094530876,0
4130,18306,5.7832009292317,3207.37422681379,26.876282667216,15.7714330271527,16.3007702337568,24.2836945868475,27228.0847064796,20508.8136642349,-397.129421846726,0
4130,18307,7.50961919502029,5099.12170770049,27.6016444821119,11.5564197657691,11.8410106563197,17.7652635606115,27887.3336424095,22216.2801220366,394.345221463464,0
4130,18308,5.51524758127496,1358.46405829194,26.6173553499864,29.6655995941631,31.2677873722323,45.8445038453725,32049.4960211174,16756.3785477989,-72.7231743288,0
4131,18309,5.70469075806919,3858.42599326218,26.7542943009763,13.8684290138855,14.2780475020013,21.3382047353068,23312.5716060832,26134.9914193546,249.718313474597,0
4131,18310,6.84755772206967,4440.58185803,25.0665425188512,12.4700307719027,12.7871351753627,19.1724874502377,33540.0921289145,13150.3203316272,891.668674337492,0
4131,18311,5.61117853284524,1254.61642922389,27.6491041014476,31.921721032164,33.7413818434432,49.3576745840874,34871.8133011338,25302.1784429077,-124.554767311918,0
4131,18312,5.45610833246945,1781.27558749678,28.1036377580801,24.4427459453134,25.6289038418207,37.7360724090821,30252.7782170957,28038.4928188517,-440.39896599987,0
4131,18313,10.0483759567798,4399.40885793644,27.3049547379046,12.7328690280771,13.0803271510039,19.5831246335527,27362.4769270987,21489.2464312691,-1090.5700325574,0
4132,18314,5.65787431824305,3178.10893126218,26.7542943009763,15.858462464004,16.3923237467685,24.4181376588196,23321.1757452631,26132.3398685561,229.155837171405,0
4132,18315,6.8852793877745,3996.18528203001,25.0665425188512,13.3845995380246,13.7526712652842,20.5862646094403,33527.2743908142,13147.2802692988,863.969638599425,0
4132,18316,5.65665017936013,1058.16653522389,27.6491041014476,36.5796022790766,38.822890027106,56.6038847498334,34856.7551839668,25287.3675968957,-85.7304168990168,0
4132,18317,5.0675536769577,1469.30914236045,28.0897524709244,28.3302120212101,29.842543351395,43.7758993761447,30285.636533701,28022.1487439601,-470.815536400079,0
4132,18318,5.8907661699089,4058.76629509269,26.8083603302283,13.4031913219003,13.785723936671,20.6187047191063,26421.0187532433,20868.1332426691,-262.863436505567,0
4132,18319,6.78564809089397,4900.40313570049,27.6016444821119,11.8662250658402,12.1674739419078,18.2440068840049,27871.8191372674,22182.3130627415,193.713842049213,0
4133,18320,6.81583346638279,3774.03104603,25.0665425188512,13.9134818562657,14.3121508646298,21.4041399191698,33537.2235311034,13137.5871557647,880.163516535213,0
4133,18321,5.53902969486899,1368.24856322389,27.6491041014476,29.8166356171987,31.4504128481312,46.0844271395163,34888.4690499262,25282.0565886793,-112.076466866887,0
4133,18322,6.46901845941959,2196.85223256536,27.4391552968345,20.7788569107766,21.6676070423199,32.046497085174,24859.123525996,27555.9996289686,785.896883857195,0
4133,18323,5.35718458811623,1736.37507526218,26.7542943009763,24.6068504081515,25.7863970446148,37.9853914800644,23303.7659882223,26146.9327749336,260.360569861644,0
4133,18324,9.82640524485708,3797.54840793643,27.3049547379046,14.0731501909599,14.4994170556993,21.6561132067413,27364.8964979804,21466.3206867368,-1099.6024898599,0
4134,18325,6.25973243232397,2884.87839456536,27.4391552968345,17.0661670809973,17.6871281806599,26.2904987655551,24868.2214136051,27566.3261803373,707.860426440497,0
4134,18326,5.5503776848205,1548.31111322389,27.6491041014476,27.0881865594834,28.4873107076049,41.8436956941665,34858.7945006361,25295.3385188566,-52.107060079627,0
4134,18327,6.85983353661031,3178.99611785968,24.9765986486528,15.6426154529486,16.1457897983231,24.0793355435361,33535.4196689344,13129.0557905235,871.620274502422,0
4134,18328,5.38909611519858,2547.09307033031,28.1960208729947,18.7703015480886,19.5190944948094,28.9338647646243,28286.1826048769,26693.2794925325,-382.873594451958,0
4134,18329,5.69933321140934,1465.4516198378,26.580366670231,27.9611992246967,29.416462199842,43.1953225848657,27479.477994141,19717.6092541734,-168.990569341623,0
4134,18330,5.43144710775046,746.20733629194,26.6173553499864,48.180656146201,51.5055297952372,74.6595018223395,32041.9037033873,16764.5098492309,-19.1758429472396,0
4135,18331,6.41609744151236,2813.95467456536,27.4391552968345,17.3709766468711,18.0128621801389,26.762768247027,24875.8787463306,27539.5803066578,733.020240539324,0
4135,18332,5.71818469034016,1965.35139722389,27.6491041014476,22.6070247747577,23.6396428562331,34.8841539065824,34866.8021249267,25291.0460142772,-84.2173938778685,0
4135,18333,5.48085519293708,3001.20311233031,28.1960208729947,16.6890214011163,17.2916065983576,25.7082224777213,28300.1850829956,26686.0966476499,-339.485620339246,0
4135,18334,9.40817156959142,4665.3117706131,27.8059546681313,12.2784023562266,12.6036228250893,18.881443944447,27225.6221698127,23247.1469363435,-1152.29199021092,0
4135,18335,5.45744822708286,2149.4470238378,26.580366670231,20.9575943343783,21.8489411405648,32.320764285635,27505.5679852767,19680.6449490126,-129.844959089259,0
4135,18336,11.1646311450903,4480.96201770049,27.6016444821119,12.5998655802722,12.9417997662998,19.3780433308085,27984.5575020974,22548.9700006213,56.7528088353569,0
4136,18337,6.4766926557295,2830.31999256536,27.4391552968345,17.299398700222,17.9363520982547,26.6518608406143,24866.7245261293,27532.8865861912,726.742822497444,0
4136,18338,5.21315209952014,2968.31829433031,28.1960208729947,16.8199874587799,17.4314944910845,25.9111212412901,28292.6716396006,26676.0457418012,-381.403901280617,0
4136,18339,5.71243169070629,1151.82108722389,27.6491041014476,34.1681588154147,36.1901927693806,52.8518697683939,34865.0655949905,25311.4521994757,-68.6316147853928,0
4136,18340,5.91492361421943,3684.0204698378,26.580366670231,14.2975511176413,14.7316474287759,22.0017113730364,27502.6105529845,19680.7746390784,-177.658813173513,0
4136,18341,8.49835298282968,4625.1803986131,27.8059546681313,12.3498571904596,12.6790693153143,18.9919043271171,27221.7845617552,23226.4027110507,-1152.61071141767,0
4136,18342,6.0282683873212,2543.33390193713,28.0461436409033,18.7679903036363,19.5149897124291,28.9298330017803,30621.0341527881,28575.9843229747,-968.780494086193,0
4136,18343,6.82316023261058,5204.82448170049,27.6016444821119,11.4002167356174,11.6765299876758,17.5239156114109,27977.9338213483,22146.7841953676,134.73519588253,0
4137,18344,6.52353358490329,3569.93104656535,27.4391552968345,14.699007829658,15.1649268224078,22.6248994361738,24873.358016634,27555.3992842756,724.84800659336,0
4137,18345,5.48793973010691,4406.28570433032,28.1960208729947,12.7913927670651,13.1482690687121,19.6752899888324,28262.7384762345,26702.7632377115,-317.065735569769,0
4137,18346,5.81317403947873,2153.67369722389,27.6491041014476,21.1228607710668,22.0403772087844,32.5809211003508,34862.6295496308,25287.9252827938,-86.4388439318133,0
4137,18347,6.19639261395024,3403.97782593713,28.0461436409033,15.2580259426289,15.7645085288149,23.4916393043482,30615.728672133,28601.6836936434,-1037.17225820601,0
4137,18348,8.53277084033711,5224.3536766131,27.8059546681313,11.3856086462647,11.6623484135496,17.501676107308,27110.3621774786,23194.385566046,-1127.47697745129,0
4137,18349,7.61143948835506,2626.35549683281,26.8309390069737,18.1611269693755,18.8516271302068,27.9854712871863,31806.5340133107,17760.2217530182,371.60551049497,0
4137,18350,5.57450496605503,3267.92730383781,26.580366670231,15.5328979003091,16.0441539954563,23.9136407546112,27531.7763639353,19711.0126657792,-156.063639786609,0
4138,18351,6.77546742327052,6525.15306676068,26.8553660550754,9.79342879950499,9.98596784119213,15.0416477302378,31971.5295535044,17970.0870322632,786.198901216055,0
4138,18352,6.7797366140467,5969.4685415036,26.8071626524686,10.371687350731,10.5914480257214,15.9341724843651,31970.626230761,17969.7274456872,787.699014700519,0
4138,18353,5.62165394366459,4005.39047833032,28.1960208729947,13.6494811096846,14.0568995698159,21.0025033209764,28243.0115879396,26679.0063989118,-308.150788933621,0
4138,18354,8.3886903462605,4842.5008598047,27.7778874922072,11.9735503365598,12.2817484688778,18.4101819298583,26995.092840601,23246.5666453368,-1425.29956597467,0
4138,18355,6.30531065449389,2843.33735856536,27.4391552968345,17.2430045461062,17.8760800170179,26.5644823661835,24845.1730393625,27555.3100699084,722.474501380492,0
4138,18356,5.75422628344905,1632.25219922389,27.6491041014476,26.0126323784556,27.3214658783255,40.1726303568525,34863.7840662159,25289.923054801,-91.2083736192003,0
4138,18357,6.32388901834873,2981.06170257953,28.0516644160571,16.7509109422888,17.3563367405553,25.8037257383032,30578.3400540842,28601.2923348723,-947.671618546275,0
4139,18358,6.73661808497986,5003.88332476068,26.8553660550754,11.6495487256401,11.934541055165,17.9079052559729,31970.1797652315,17989.9752889887,788.138567686354,0
4139,18359,6.53320939534598,2753.69153856536,27.4391552968345,17.6412855934539,18.3018979105445,27.1816299964086,24845.5509502419,27564.0411465971,720.880892748289,0
4139,18360,5.33503352181155,3918.58601233032,28.1960208729947,13.8560022805803,14.2759053267682,21.3220194126252,28264.8293924337,26672.0284230622,-276.532655931395,0
4139,18361,8.4339792570736,4369.51453580469,27.7778874922072,12.8302284768668,13.186496999347,19.7345595840541,27007.5122418973,23235.2353377564,-1428.97411791374,0
4139,18362,5.49972433400329,1668.90346322389,27.6491041014476,25.5752337649506,26.8477403913177,39.4931649390195,34862.9074484958,25308.4085300423,-68.1908170943937,0
4139,18363,6.27354633781776,2684.57414701063,28.0357825701651,18.049278744732,18.7447205475219,27.8156519669357,30639.4243214694,28567.4638785616,-1070.10734411644,0
4139,18364,5.40154410623587,1021.484488919,26.2842312311981,37.0552799882696,39.3133836044443,57.3359405176098,27867.741193411,18998.9836789024,-98.8022445152345,0
4140,18365,6.84753304879168,5557.10683360611,27.1304687302258,10.8883844101801,11.1355353404873,16.7325235088192,31974.8850133273,17997.984686956,804.847102609887,0
4140,18366,5.45659979660259,4289.92907271593,28.4862600405078,13.0495299473182,13.423380359058,20.0750412171798,28262.879439788,26696.4835742245,-320.538559058176,0
4140,18367,8.38701830725343,4584.74818733204,27.9240418976376,12.4320795730196,12.7666790484788,19.119228947983,27006.0188884062,23247.4053704203,-1376.04962198183,0
4140,18368,5.49960687303204,2022.80719892569,27.7663730018222,22.1496682397464,23.1479921343414,34.1747181144232,34869.0964110838,25284.5375487315,-51.1591120574181,0
4140,18369,6.60169261997561,2748.00234208124,27.5256893544605,17.6793073271337,18.3434610770599,27.2407972237824,24879.9001456162,27516.9926843977,755.196191440524,0
4140,18370,5.89803726987788,3227.33921129637,28.2048370272686,15.8559016755333,16.402748876476,24.4177950939794,30627.599439991,28589.4047954882,-987.127336536032,0
4140,18371,5.42662333731912,1265.62793727132,26.4442703231597,31.2975925489029,33.039166286112,48.3808012765049,27879.062629822,19005.3080406458,-81.2637190168574,0
4141,18372,8.03382469536331,5317.24484333204,27.9240418976376,11.2612283987651,11.5321024656207,17.3096974045049,27011.7200372397,23243.2797884871,-1408.40112013061,0
4141,18373,5.31086757514284,4113.12637071593,28.4862600405078,13.4292284601145,13.8255428191809,20.6623517221707,28245.3097319799,26702.5819838634,-316.253830433271,0
4141,18374,5.74630017672759,2021.86008092568,27.7663730018222,22.157388917591,23.1563157378195,34.1867007871596,34885.0624664555,25286.3518005248,-56.3965520266732,0
4141,18375,6.07951795581375,1546.41869128985,27.2823958341043,27.0163283356575,28.4034398998505,41.7303917153135,31500.3296362807,19697.2575062792,542.901947575326,0
4141,18376,6.0009929531599,3182.45022329637,28.2048370272686,16.0128599246109,16.5700972530449,24.66087868603,30621.2273618498,28592.2997250125,-998.753758788782,0
4141,18377,5.82679659047392,2384.47066026421,27.841675622551,19.6353420091894,20.4434405142117,30.2741369391865,25554.332926305,26713.7406066139,-218.42176843692,0
4141,18378,5.49702153772233,1492.56181527132,26.4442703231597,27.5308588535965,28.9473484639872,42.5259752875726,27860.8972878079,18986.7502064442,-132.840575465549,0
4141,18379,10.5207858616621,4568.81077294313,27.8142500104054,12.4527589827779,12.7878023468248,19.1510006344203,27859.4544742179,22526.4042732058,213.137697704016,0
4142,18380,8.38055216669713,5117.11660733204,27.9240418976376,11.5514289486448,11.8376759360936,17.7580822218362,27042.037872455,23225.2153056732,-1428.48901800736,0
4142,18381,6.22330493811983,1805.99510128985,27.2823958341043,24.0068726068452,25.1458190086331,37.0559343969797,31491.2811055572,19695.1512198443,528.489286651629,0
4142,18382,5.4139180949149,3911.94088671592,28.4862600405078,13.8987215509048,14.3233920047297,21.3887137961288,28246.2144932936,26688.5478904872,-326.776771990327,0
4142,18383,5.69134360011147,1505.04201692569,27.7663730018222,27.7190374846149,29.1736548351873,42.8245431871284,34864.9730057757,25292.0326434294,-78.9990755853848,0
4142,18384,6.33243556386831,3403.73583189292,28.1847944689642,15.2736748368183,15.7823416534772,23.5161912556112,30636.6068154392,28577.462042836,-1030.49266134525,0
4142,18385,5.47548528142198,1434.80964327132,26.4442703231597,28.3816040362398,29.8702720489692,43.8479761501019,27831.9992815352,18982.3516446221,-96.5014955904001,0
4143,18386,6.8632176609607,5933.78305287208,27.891379839499,10.4753206761383,10.7058589434291,16.0957567859627,27620.0675435925,30295.4686791301,846.935670959254,0
4143,18387,8.11809838316116,4547.96476733204,27.9240418976376,12.4996918378484,12.8381061651797,19.2237595570437,26998.1359790545,23236.9302745613,-1369.81485612871,0
4143,18388,5.17565000319155,4512.70003671593,28.4862600405078,12.609350940156,12.9577008769644,19.3943291001552,28220.2920980112,26695.4983053054,-247.012198918965,0
4143,18389,6.04795634668774,1689.69782128985,27.2823958341043,25.2470438349508,26.4868783940589,38.9818479577476,31493.6874670262,19730.3321778036,552.030312657327,0
4143,18390,5.57990420737415,2006.82173837157,27.828563703678,22.293108986229,23.3034732301235,34.3975733502611,34843.939430791,25250.9902482622,-148.872638783987,0
4143,18391,6.1435026407177,3029.10521129637,28.2048370272686,16.5810247887957,17.1763650229137,25.5409399691622,30641.8260360485,28613.6076633086,-1031.92447701029,0
4144,18392,6.93804244906569,4801.75678287208,27.891379839499,12.049706413843,12.3627981343629,18.5280863255473,27610.7777155016,30302.9553553158,844.83757476401,0
4144,18393,8.4114379987496,4172.06905133204,27.9240418976376,13.251469388827,13.633245819466,20.3862892957435,27014.5571996069,23256.4737051848,-1362.72386022697,0
4144,18394,5.40565480476635,1634.44992878382,27.8196044572152,26.028239469874,27.3410135170547,40.197607871988,34717.6460443376,25010.782395245,-443.365354217217,0
4144,18395,6.18544924871021,3133.07389131624,28.2068669968951,16.1904881266877,16.7595739925466,24.9359989998812,30634.8690495271,28581.2916463956,-964.657871118176,0
4144,18396,6.18810721436992,1363.16000492415,27.2631021236032,29.7853344917942,31.4095551486155,46.0338673361504,31500.6857106297,19683.8302755998,485.652603209464,0
4144,18397,5.36217460058206,2002.98458511115,28.4877889689746,22.4541040173647,23.4857872096494,34.6498592364972,28172.9171532823,26694.31705707,-105.449505301057,0
4145,18398,6.80253138614885,5510.50941087208,27.891379839499,10.9967456355584,11.2536787214019,16.9010673972205,27626.3817819968,30308.4107266755,839.075461198139,0
4145,18399,8.51604337493295,3551.13408533204,27.9240418976376,14.8027383587475,15.2791656818838,22.7865515780763,27016.0659066688,23230.9456056254,-1404.30199828788,0
4145,18400,6.14767492522992,3996.27801106978,26.6124417544263,13.5274468322963,13.9157779834432,20.8104729911767,33079.0934654097,32097.9644833099,30.4293343993835,0
4145,18401,5.27494482170162,2374.76581478382,27.8196044572152,19.6902250287809,20.5021236779754,30.3591817554772,34734.3104219089,24988.8588981032,-381.435670809471,0
4146,18402,6.80025795333801,5235.64695687208,27.891379839499,11.375004395571,11.6516816860288,17.4854294026112,27612.6724813712,30293.7896671227,885.303408025102,0
4146,18403,8.61205607513729,3782.64937133204,27.9240418976376,14.1706066601802,14.6076566693923,21.8082390388296,27011.1973041623,23238.8089962709,-1405.48363633043,0
4146,18404,5.35491892065395,2199.59303678382,27.8196044572152,20.8272911057192,21.7244199131948,32.1229362577495,34718.2665449065,25003.8244283169,-428.742789788308,0
4146,18405,5.89794029741268,844.217512379156,26.9092415199538,43.6284362309566,46.5200972315148,67.5719749222762,32047.8823339488,16729.9749653137,67.5641731538607,0
4146,18406,8.18058958933103,4394.74809294008,26.326464811696,12.6617228138374,12.9983582730037,19.4712532667757,33761.5974465173,31831.9143074224,-893.018662039652,0
4147,18407,6.63710821290237,4268.24301087208,27.891379839499,13.0451058016266,13.414581334907,20.0670644654727,27634.6815912576,30287.1675611866,841.310400712158,0
4147,18408,8.15241586560658,2862.42511733204,27.9240418976376,17.2248784625801,17.8615378439093,26.5377281236945,26998.7297118997,23252.389509664,-1367.6193929459,0
4147,18409,6.55676631032786,3681.42285615085,25.6091342490471,14.2062845594049,14.6268251744361,21.8582950053173,34764.4151571165,31918.6725065596,820.041374285766,0
4147,18410,5.60337197463348,2682.40295678382,27.8196044572152,18.0292971506041,18.7210701787527,27.7840595358594,34710.955760053,24993.7451367654,-455.697821871212,0
4147,18411,7.019935953649,3830.04596088243,28.3632421620999,14.0910288204263,14.5265608222264,21.6860285014492,29357.9501921171,28297.2954824865,-959.865844917231,0
4147,18412,5.93879960354152,896.323121376363,25.9471081262288,41.0427278236207,43.6652256383046,63.5397548660699,25452.3850895345,19544.9284368987,218.254569702784,0
4148,18413,6.77200215692369,5687.70858087208,27.891379839499,10.7701193916006,11.015461599421,16.5510237489747,27641.3626702234,30298.1061131425,845.703891413248,0
4148,18414,6.62104334199107,4178.77151693339,25.6877326865489,13.0428694708399,13.396297197784,20.0592182285147,34773.3729636623,31881.9636685977,822.856373465439,0
4148,18415,8.17558433891078,3821.57890664236,25.307296298713,13.8192999499108,14.214437477229,21.2590233939259,31931.6804597637,13345.2939792784,-1529.01591222184,0
4148,18416,8.25208532617001,3608.09332133204,27.9240418976376,14.6404060925273,15.1066187845458,22.5352914440747,26985.9576008674,23247.2007451512,-1383.9186089302,0
4148,18417,7.73757078737065,5644.12934688243,28.3632421620999,10.8534088194415,11.1055469379869,16.6803716443219,29370.072445328,28408.2508868097,-1142.49882768316,0
4148,18418,5.21480214380676,1908.38493133604,27.4089142036608,23.059739776744,24.1248222109746,35.5859814251498,35010.7458469278,22884.3558784188,-425.822583175717,0
4149,18419,6.84572869287056,5230.72438619321,27.8477214355448,11.3791959006723,11.655840508755,17.4918353468864,27616.8112407063,30313.4073867306,844.710646947203,0
4149,18420,6.41960255405141,3658.18542615085,25.6091342490471,14.2679284725169,14.6921630236585,21.9536575173027,34767.6534523964,31915.6917302193,819.133974174995,0
4149,18421,5.44391790238062,6471.87597835841,28.4193469295134,9.92761352798793,10.1340206251994,15.2508454662638,28495.1906556678,28025.4405901455,-460.593664557649,0
4149,18422,11.3610771996898,7526.99174121182,28.0800099444112,8.99277682021533,9.15460311762341,13.8077912462629,28410.0066955805,29206.1700211312,283.139446274213,0
4149,18423,5.17948914234649,2362.71523333604,27.4089142036608,19.6962634566042,20.5038217224632,30.3672262473531,34975.9375750764,22894.6942324363,-426.269690197193,0
4149,18424,6.61026126986969,5375.0465299122,28.24298963864,11.2015030272239,11.4710553969142,17.2179249167071,29889.417918279,28854.2570452659,-940.398973597355,0
4150,18425,5.5077692868725,6538.50071304417,28.4513732231131,9.86352961116622,10.067019057412,15.151961312586,28494.659526705,28009.8389964526,-444.038149525694,0
4150,18426,6.45636944020683,3868.00303601475,25.7838795313856,13.7523888815684,14.1474565245088,21.156598240225,34769.2632022835,31908.3536388096,828.868172116424,0
4150,18427,6.38604879814902,5636.30241059056,28.3787976456574,10.8642780303606,11.1170584370797,16.6971839129093,29890.6356823664,28875.5283820409,-950.793644721702,0
4150,18428,5.30234611855163,2051.60295184062,27.5976039267145,21.8857441806345,22.8613129118091,33.7645096052217,35003.1482399225,22888.5879344946,-384.707499021376,0
4151,18429,5.46847032307333,6472.84120704417,28.4513732231131,9.92831879285427,10.1349119138746,15.2519762571614,28495.7458980551,28010.9470461795,-464.12648781666,0
4151,18430,5.83943603662507,3819.90283892145,26.9249571656346,13.9802749978041,14.3979410981518,21.5116000228178,33446.2718068501,31247.0363672044,-79.2475842318887,0
4151,18431,6.22500037778245,5830.50565259056,28.3787976456574,10.6249817630112,10.8655615762154,16.327580811189,29915.4368875037,28854.9634287001,-1011.87620885912,0
4151,18432,5.19028674464197,3139.97973028825,27.6536348530823,16.100120295799,16.6581406079328,24.7946447872971,35057.7439945054,23439.2249682572,-411.334513055479,0
4152,18433,5.47060728189741,3493.43989673697,26.8509563446156,14.8590296185078,15.3300176415146,22.8712061151889,33420.5494923632,31238.0829413231,-21.6853855402817,0
4152,18434,5.4175897400415,5880.6169903292,28.4340307500471,10.5687045353521,10.8067311363489,16.240745500858,28467.6932333892,28025.9936397033,-447.809362826299,0
4152,18435,5.40150126678645,3104.13440243881,27.7607352969039,16.2435861829785,16.8121236517665,25.0171135644632,35029.4890497782,23462.4122543394,-400.976863451033,0
4152,18436,5.97279340965477,2680.76732936371,28.3338910911707,18.109608788066,18.8124260357933,27.9100183404048,32800.822907808,27172.9191868091,544.825056923979,0
4152,18437,5.99972783768342,2472.8755786978,26.3926510551311,18.8959601823623,19.6335890294111,29.1231044571891,30392.3197351453,16146.9632604096,398.365005129936,0
4153,18438,5.97015844169198,5708.55546364332,28.2112131272972,10.7635186253535,11.0102433635243,16.5413032665423,26895.3541299196,27260.8330010163,98.0211517058443,0
4153,18439,5.6129869617516,3490.62056873697,26.8509563446156,14.8673307843703,15.3388379051252,22.8840538824212,33449.2411922714,31250.7771170325,-55.0678499425585,0
4153,18440,6.23285874107419,2927.34199848479,28.3093073544302,17.0013561727095,17.6263734453569,26.1924243748361,32804.0742846158,27215.5545993975,512.611719373976,0
4153,18441,5.35614149034064,5237.38084104417,28.4513732231131,11.4095441722295,11.6912924194085,17.5396907170279,28463.1835694346,28025.7898938895,-471.539035349492,0
4153,18442,6.06290839232493,4317.02503138101,28.3741392061851,12.984638366542,13.3539270803928,19.9744689509216,33102.9247468345,24635.7531407312,-864.583818981762,0
4153,18443,5.04595143448519,3252.52356443881,27.7607352969039,15.7192759659435,16.2532079116732,24.2051346277367,35007.346419323,23479.3601212618,-412.338257166082,0
4154,18444,5.74158299544506,6711.48734764332,28.2112131272972,9.68615799083213,9.88012718678698,14.8778699146769,26919.8401286048,27263.3619260905,118.580847537762,0
4154,18445,6.36334195588216,3671.75472048479,28.3093073544302,14.5023738775756,14.9630180050796,22.3225018129843,32811.5044450494,27221.3755919705,504.715141929281,0
4154,18446,5.54832997333335,3570.28861073697,26.8509563446156,14.6373378936762,15.0945302089059,22.5281109338025,33439.6114911687,31238.7442459926,-13.215893074955,0
4154,18447,5.58564111413512,6420.8486923292,28.4340307500471,9.97953638584827,10.1885113805387,15.3310209317057,28484.3197265661,28019.2427011121,-477.891282489513,0
4154,18448,5.40900632944675,4275.89557643881,27.7607352969039,13.0183654371097,13.3853751388542,20.025459345619,35028.8813847073,23468.3643858535,-396.503017155029,0
4154,18449,6.11707149349589,6516.95988538101,28.3741392061851,9.88066992485557,10.0846141510609,15.1783195418549,33124.6773464224,24644.3385185154,-849.946765270305,0
4154,18450,5.34581027708945,5634.40738363554,28.4843079176387,10.8730929522569,11.1268948381171,16.7109568458336,32364.8420753645,24255.8070999532,-931.116308517373,0
4155,18451,5.88940460190035,5931.55137716843,28.1595126902679,10.4933588783884,10.7261854661438,16.1239956347117,26903.8568364529,27264.263727032,127.561373396754,0
4155,18452,5.73591627762757,2969.63959073696,26.8509563446156,16.6447745631943,17.2314313049511,25.6361159229965,33436.3387656937,31243.5607840271,-86.3020711727688,0
4155,18453,6.87189882029547,6300.71978283999,28.2367016781513,10.0922510983067,10.3057223046207,15.5047686870213,30708.6699949977,23118.6603200293,-372.595035378345,0
4155,18454,6.10976982843591,3512.11667336371,28.3338910911707,14.9591743843582,15.4488968229736,23.0296360498561,32786.6696136209,27226.5755212869,528.602227410138,0
4155,18455,5.37074270075686,6065.2168963292,28.4340307500471,10.3569971850005,10.584437034834,15.9138113606726,28484.9871581001,28013.8317982257,-464.569750419701,0
4155,18456,5.59278399618795,1883.99464028007,26.295090489201,23.0449403005067,24.093053976363,35.5586412722953,35640.0856497698,18510.3264206041,-289.339218171965,0
4155,18457,5.02913043472915,3640.12411228825,27.6536348530823,14.5241018135156,14.9808643342156,22.3546868278808,35048.5938997745,23457.4122472211,-410.892756309472,0
4155,18458,6.16419773383614,6181.32544072218,28.3697566151229,10.2260416931712,10.4466967945824,15.7115147710293,33078.8008010276,24652.2108120585,-890.980770577993,0
4156,18459,5.80959296676796,5943.15438964332,28.2112131272972,10.4829164083595,10.7154884686931,16.10794352867,26918.1935968016,27257.2171625886,121.550229469488,0
4156,18460,5.72910309469001,5157.17380673697,26.8509563446156,11.4187544389267,11.6915686524462,17.5513212622896,33443.1169586626,31238.5569650787,-34.4936017219993,0
4156,18461,5.42759394096433,5872.7316823292,28.4340307500471,10.5780088751136,10.8165044915865,16.2551149733537,28476.5277681078,28012.6636772165,-445.500449797354,0
4156,18462,5.48634024258219,1948.43340088599,26.3862444406303,22.4942664248766,23.5006577190961,34.7043363829649,35613.3725498936,18539.9902551617,-243.299233127734,0
4156,18463,9.69054952580294,4835.92429898153,28.1379555838023,12.0105449121337,12.3230194722161,18.4679805366088,28264.3991309241,22922.8434809318,-1095.1912290207,0
4156,18464,5.11383554690653,4065.82061428825,27.6536348530823,13.4626038405503,13.8548895289385,20.7123219554179,35003.259122041,23466.9178767091,-385.273257919018,0
4156,18465,6.16602273517218,7360.40956933083,28.3939085254172,9.13643460403586,9.30597135766498,14.0297860615758,33123.4959691385,24623.1829032879,-918.379374137081,0
4156,18466,6.86141209250014,7113.56882561755,28.3379322960318,9.33588511430808,9.51420841258587,14.337466366179,31514.5204612264,23889.2459326454,-914.890728803996,0
4156,18467,7.55692233284637,2508.56806136371,28.3338910911707,18.9995959543958,19.7665543539617,29.2898018323478,32741.9197884177,26973.7214114088,358.055474937003,0
4157,18468,5.76057413924682,5797.72140116843,28.1595126902679,10.6514555035463,10.8922215794209,16.3681493351445,26910.2011681292,27254.7140361491,109.129985329153,0
4157,18469,8.61745156228243,8638.22059869667,26.810743722634,8.19295177768285,8.31613620661113,12.5729999629242,32850.5645904761,31926.1520448545,943.690052655789,0
4157,18470,5.49427273503373,5885.5067623292,28.4340307500471,10.5629458600882,10.8006823331644,16.2318519384439,28493.4968518453,28019.2936705078,-464.052778083294,0
4157,18471,5.20685266160304,2667.32379628825,27.6536348530823,18.0788234684633,18.7723516464194,27.8603420993301,35031.4514178604,23462.6427133104,-409.244638875783,0
4157,18472,5.53956611606675,3296.44834408976,26.5599258688686,15.4368960889071,15.9418297691558,23.7649703011267,24900.0466726621,21464.8905219663,-144.98742209756,0
4157,18473,5.64543423396124,4837.88308640075,27.1593904944536,11.9360527153141,12.238312831473,18.3511549886842,33438.7484763028,31247.8326313902,-65.4421769835457,0
4157,18474,7.43450460592597,6893.4984091926,27.3711557560165,9.47930422101421,9.65983617326953,14.5575736195355,31798.5399450456,31752.0658855868,-574.204962860209,0
4158,18475,5.70775233786929,6013.78366174074,26.7792266738368,10.3203095899779,10.5374335330861,15.85481229218,32191.6438633917,32626.4951145066,-19.7444908415809,0
4158,18476,5.67027163408684,2434.68109408976,26.5599258688686,19.1361180252942,19.8929206703175,29.4959450557864,24905.519386867,21471.822502349,-167.613631281975,0
4158,18477,5.36413940398761,2538.51574828825,27.6536348530823,18.7347865754962,19.475097543292,28.8771717372363,35034.9357481121,23459.1920015793,-418.289713475453,0
4158,18478,6.84240746200601,2793.64619446134,25.8655035613434,17.2453235972287,17.8623157195148,26.5636010672973,25895.508707916,18900.2087216867,938.357940474054,0
4158,18479,5.71006514860222,1585.02864116843,28.1595126902679,26.7354559245727,28.1128751406628,41.2978579444396,26885.4410662414,27268.5538863499,113.118904359959,0
4158,18480,5.63171396289228,5522.25686411013,27.6183263251356,10.9642060918249,11.2179470324637,16.850385482634,31054.5613363254,31033.9397115752,-665.318458720577,0
4159,18481,5.58184503223955,6504.17052574074,26.7792266738368,9.80975404195692,10.0026786300325,15.066739398338,32165.6707453765,32620.9483698798,13.499010137928,0
4159,18482,5.93757068500722,4530.95308971287,26.9372617085742,12.4537519744853,12.7830013612748,19.1509227899683,36489.9295467417,24768.4838711852,413.26004580765,0
4159,18483,5.49498457443072,2542.56444208976,26.5599258688686,18.5475805524362,19.2623386228326,28.5836144944805,24915.4523173569,21481.5031878955,-149.741737265196,0
4159,18484,7.06567213285731,2907.78492646134,25.8655035613434,16.7646446143361,17.3494146513689,25.8190551954528,25869.2834957274,18922.8540220902,929.113071042323,0
4159,18485,5.50417273369194,4242.04161443881,27.7607352969039,13.0887490999295,13.4598485529133,20.1343070928241,35036.8410983203,23458.9435950631,-463.822703790061,0
4159,18486,5.76817675263493,5583.24282446986,27.697068998035,10.8901596228337,11.1405505915432,16.7361350667514,31080.4237727392,31010.2806180195,-672.632862943638,0
4160,18487,5.80802928866897,3450.61166831872,27.1839804673533,15.0222036901256,15.5062931065796,23.1245497603014,36495.1972783592,24751.6596138784,474.403661573664,0
4160,18488,5.50710159850184,4130.40732675579,26.9725042636004,13.2593894916187,13.6347533276224,20.3966435824621,32196.5092072136,32618.525194766,-3.96417581986332,0
4160,18489,5.63311085444061,2955.82079289186,26.534352139564,16.659003886785,17.2434841967224,25.6572941621026,24923.65571521,21460.5245230279,-138.472555610315,0
4160,18490,7.19379125182078,3326.43096722202,25.8716698926086,15.2621520225196,15.7497759791662,23.4927599157947,25906.7080605622,18917.8881445812,984.449966596409,0
4160,18491,5.42974664611533,2377.84605868189,27.5828874310589,19.6332450718193,20.4381932468146,30.270058760622,33621.8384388797,20175.9171533035,-605.597777635644,0
4161,18492,7.8738127251862,6557.4243212825,26.0990483173962,9.72248399776183,9.90804312361492,14.9311395810739,35455.7487303996,30467.4519203918,-1514.08839690683,0
4161,18493,5.85401430630172,5194.38806231873,27.1839804673533,11.3872096841965,11.6603682295451,17.5031381002069,36490.4993416169,24765.168593647,408.049626832169,0
4162,18494,5.08026625446219,8427.86803759586,27.3090230527979,8.3402880862305,8.47131583537641,12.8006632497881,31347.0137281053,17829.2431854291,-433.647013739963,0
4162,18495,6.01525763350403,6628.28066231873,27.1839804673533,9.71200713262419,9.90235620151925,14.9164299202175,36512.2628485183,24785.7241018049,411.12721597328,0
4162,18496,9.76932851090042,6714.04901881683,27.618056687312,9.65393513679218,9.84364285674096,14.8273759717624,35742.7578574011,26602.3735707884,-1024.29860737213,0
4162,18497,6.82748579579102,2817.0992444083,25.2573773474822,17.0598599726665,17.6579273102381,26.274539580258,35716.7797964845,15107.5664644178,749.716243966306,0
4162,18498,4.79751380713194,7684.34729101748,26.7694744026486,8.81786504578795,8.96661813405174,13.5364787878708,30917.6142219924,17292.0559656332,-506.933830294158,0
4163,18499,6.45592558748785,6676.3187564083,25.2573773474822,9.56702794591087,9.74142130194691,14.6901324134558,35720.1872853072,15112.3917618853,758.242333002759,0
4163,18500,4.88372665934094,7502.70995959586,27.3090230527979,8.9769621965322,9.13484342543461,13.7824959127064,31334.1425804891,17856.4990616303,-419.548837759207,0
4163,18501,6.02050106852718,6183.44356631872,27.1839804673533,10.1582541391715,10.3696625943767,15.6052135817141,36472.459871724,24752.4903841065,443.148348126302,0
4163,18502,10.2832766306245,6712.81215636743,27.4456888258768,9.64636346419222,9.83491244943117,14.8154674431651,35739.916570693,26565.6514285172,-1054.06742005455,0
4163,18503,5.05054429210992,6780.81321676536,26.8109487341812,9.55205025727693,9.73328536794147,14.6691025691369,31334.6630171492,17877.3241606102,-404.939969256289,0
4164,18504,6.57252181481081,6447.1602524083,25.2573773474822,9.78330713027909,9.9673964241764,15.0238200020835,35716.7010475121,15115.1668154599,754.219532047663,0
4164,18505,6.09992902965871,6580.70450231872,27.1839804673533,9.75720458250602,9.94965214639644,14.9861828803227,36474.8747931799,24775.4084113041,425.634217508464,0
4164,18506,4.8528036855982,7817.81391559586,27.3090230527979,8.74546738551467,8.89338758478653,13.4254472525106,31346.824761268,17837.4124740748,-456.445495742589,0
4164,18507,6.30400000979447,2976.08265899718,26.7461646870684,16.6060087543325,17.1890445664841,25.5757881960521,32225.3415815353,33111.2463683873,733.040643736675,0
4164,18508,10.0638157292233,7023.13987681683,27.618056687312,9.37856374053929,9.55563839769573,14.4024386535569,35733.1010613606,26597.4746528347,-1032.6325364885,0
4164,18509,4.88271203351122,7223.71755301748,26.7694744026486,9.17117778836309,9.33519751732373,14.0814322607881,30928.7368038888,17306.2328238874,-448.816014377766,0
4165,18510,6.12098636800272,6465.70675631872,27.1839804673533,9.86885264524748,10.066517533893,15.1584978804158,36497.614787603,24780.235172092,410.093070436954,0
4165,18511,5.11156596811189,6549.13484486711,27.0694697918464,9.78152536849436,9.97455191611488,15.0235648603194,31885.9483382272,16886.8648191342,-374.009405782228,0
4165,18512,6.26806968432989,2846.83409099718,26.7461646870684,17.1355849048963,17.7543001986876,26.3961227442889,32218.5092115233,33098.8147691751,751.943662021638,0
4165,18513,5.09422660577154,1668.11000074377,28.9218140687409,25.8912654575326,27.2092152222309,39.989417976194,30185.5107615292,23934.5229047658,-469.7998810766,0
4165,18514,6.95092649270711,2790.67779038456,25.2670325450333,17.1749701352942,17.780834462358,26.4528612210257,24329.1388179308,19254.3484843942,812.136779886739,0
4165,18515,10.256891252061,6814.79594281683,27.618056687312,9.561782302245,9.74722930252917,14.6851619447239,35695.875659168,26549.2128345506,-1059.84407257059,0
4166,18516,6.51397429299902,4645.77380368839,26.9193678575531,12.2452479168122,12.5628369860108,18.8285974484711,32363.0094842985,32637.7962862327,747.357827357465,0
4166,18517,6.08910412684279,6469.71548831872,27.1839804673533,9.864902257566,10.0623817321767,15.1524007222395,36489.3509374806,24766.1672370142,422.958207890869,0
4166,18518,6.08204384829096,6743.06533406328,26.7584849421327,9.58367758152741,9.76610363628609,14.7178361491143,31776.5992229309,16069.9495795028,132.548550683761,0
4166,18519,6.84153368325067,3127.14696638456,25.2670325450333,15.858018370374,16.3776948985237,24.4135511263779,24313.9567152142,19237.1192079721,841.872069304884,0
4166,18520,5.40834074725977,2537.05787573577,28.9168151869754,18.9314063729463,19.6996773727504,29.1858016647881,30172.853334399,23945.1842537864,-471.098110900143,0
4166,18521,9.83406063888736,6546.05671681683,27.618056687312,9.81310200330478,10.0102462983637,15.0730300199359,35732.5461096644,26598.2065384146,-1056.89818653353,0
4167,18522,6.47318322320761,5429.23862368839,26.9193678575531,11.0426460096492,11.2964392136109,16.9704494165255,32379.4406870071,32634.8238401281,746.003932916473,0
4167,18523,6.02931227963104,5741.33769431872,27.1839804673533,10.6613829680876,10.8974222262505,16.3820374857085,36487.5843861142,24778.2401086991,449.774313665746,0
4167,18524,6.01023192255947,7114.93029206328,26.7584849421327,9.25987519424257,9.42775727164607,14.2182481690312,31781.927862645,16074.0119788701,131.48756521348,0
4167,18525,6.68659014093767,3451.83223238456,25.2670325450333,14.8105134174733,15.2646617927472,22.7923142662008,24322.7878536047,19239.7693135138,837.182435444304,0
4167,18526,5.19746749529257,2685.82147973577,28.9168151869754,18.1664117046015,18.8792679811818,27.9997208232141,30189.3838124572,23958.4445177838,-470.314619489349,0
4168,18527,6.25011891399311,4756.69673968839,26.9193678575531,12.0536769841586,12.3607854457874,18.5325128778581,32368.4942262797,32634.3657215772,734.794577248139,0
4168,18528,5.9500539845444,5789.35437431872,27.1839804673533,10.603471798037,10.8366292258452,16.2926106380345,36493.0650571397,24772.8364712226,420.333812432534,0
4168,18529,5.2151420504715,6374.57709159726,27.0162084055325,9.95078506526331,10.1514776633413,15.2847289454551,31916.2375959236,16847.6086403033,-300.307061575742,0
4168,18530,6.10615220917207,2404.81343939927,25.8070162283313,19.1846435706715,19.9359923630042,29.5687087614173,25475.6870277481,19299.6772689188,343.588527787911,0
4168,18531,8.29949401727133,6776.41297710237,26.4596250282533,9.53822086970996,9.71716435896184,14.6473034240159,31228.8564066658,15581.6768741414,-1497.70009750729,0
4168,18532,9.59324428775974,5614.51109881683,27.618056687312,10.8453804802891,11.0930559869658,16.6668524117154,35802.8862055269,26661.880662274,-1033.24852470894,0
4169,18533,6.28484739558802,4305.75844168839,26.9193678575531,12.8870120313422,13.2405506614038,19.8207129100359,32370.2970939212,32625.3050040989,764.822969967106,0
4169,18534,6.75522836672792,6071.336257531,25.8831109703758,10.2050795218723,10.4119505102414,15.6756236606122,25472.4097188605,19239.3933124913,357.466428169892,0
4169,18535,6.18519613135963,6463.17376631872,27.1839804673533,9.87135098213632,10.0691331625179,15.162353904078,36487.2496855758,24782.012044914,390.253895396462,0
4169,18536,6.35715057230874,3128.30439225968,25.5910524316183,15.8936693626006,16.4187786016775,24.4696106625466,36823.8457666336,18902.8392672776,306.089004609503,0
4169,18537,9.05015234670352,5734.88318881683,27.618056687312,10.695449284895,10.9355446638322,16.4352949673691,35732.8543192944,26609.0297118906,-1035.32821021825,0
4169,18538,5.8373997739875,2221.64127834128,28.424311297183,20.780353272187,21.6812673942616,32.0521448242543,27828.4549468558,27399.3289094801,657.489982573364,0
4169,18539,6.02598520651216,1452.48792426136,27.0221604540139,28.2808007397675,29.7709138207351,43.6941101120289,32041.2475045265,16715.7276124391,-23.5087517338632,0
4170,18540,6.3388528830028,5264.59050709555,26.9278689361785,11.2695033351442,11.5350104808983,17.3208805569404,32372.6287448461,32631.8659173089,756.415971420823,0
4170,18541,6.09443626967591,5621.55591555484,26.9623547447897,10.7958919581437,11.0374409324222,16.5894201811702,36476.0936776793,24767.8598761237,439.783964378795,0
4170,18542,6.14067291501051,2983.153233162,25.817959700752,16.4596077882699,17.0237283214321,25.3465142125986,25488.2200903962,19282.5072945912,310.839442097802,0
4170,18543,8.42578665012342,7911.94907678444,26.1607153976107,8.63049701480118,8.76884980802896,13.2468416402801,36106.3481890878,19467.0117888492,-1284.98729826655,0
4170,18544,6.23084604678669,1628.40831291498,28.3390721597736,26.2311501548457,27.5688781904624,40.5150615527687,27876.8187362568,27454.6136863721,689.89131446348,0
4170,18545,5.50877207166536,983.842882900346,27.0317745284204,38.5334971854669,40.9453363040917,59.6410156480565,32074.1955641236,16758.2809492966,-11.9953089752447,0
4170,18546,5.71204952450044,1035.78017284503,26.1481017429747,36.584397541318,38.7961448453924,56.6024016977892,23386.1988414156,24167.6656621849,26.6053821061858,0
4171,18547,6.41101069487996,5258.18094109555,26.9278689361785,11.2785665278379,11.5445433724794,17.3348811202351,32366.4308341153,32626.0871770126,766.933084871449,0
4171,18548,7.00718654721529,4759.554737336,25.2197577843297,11.9199772453658,12.2087046908694,18.3228181350369,34814.6478270938,33096.1037765848,1080.75980299492,0
4171,18549,6.14713193383411,5001.54604155484,26.9623547447897,11.660741510449,11.9469904545817,17.9253822089631,36473.0446952063,24755.5550666158,424.950608104342,0
4171,18550,5.9633006205814,2562.787023162,25.817959700752,18.3295764671782,19.0205733354201,28.2434163839804,25482.9503472505,19309.4918955273,355.264959534505,0
4171,18551,5.60845630767295,3102.08058995178,28.6386135200701,16.3557669548279,16.9398735861123,25.19309267011,33235.766601639,27077.6095973362,-198.801634857724,0
4171,18552,5.74765679111679,2053.57960684503,26.1481017429747,21.589325961084,22.522795771622,33.2992301183606,23345.4247611551,24135.9390023839,43.352861189625,0
4171,18553,8.41899200683055,7294.71447878444,26.1607153976107,9.08569797116227,9.24327310396105,13.9488258870439,36075.9270071412,19485.7450766261,-1298.93445894063,0
4171,18554,5.69480717615567,1019.56119067231,27.0326753222148,37.4345016522832,39.7440147599143,57.9306313753835,32053.2241799576,16755.6101129437,-14.6291360517091,0
4172,18555,6.53525752067468,5393.83907509555,26.9278689361785,11.0908200581932,11.3471244337455,17.0448714233676,32374.9630777775,32632.0516503611,737.74924884804,0
4172,18556,6.08264824970865,5848.77613155484,26.9623547447897,10.5198112777036,10.7476398265289,16.1630993706769,36499.6832738587,24789.1652351039,433.069005795454,0
4172,18557,5.4557618186677,3462.84444395178,28.6386135200701,15.1390305850856,15.6428029024639,23.3087725199982,33229.906453005,27069.1362505154,-192.583496201929,0
4172,18558,5.88061546688506,2077.59804454478,25.7404331751262,21.3263309240777,22.2343313690658,32.8896971321262,25471.6335461411,19303.2165326546,368.937911288574,0
4172,18559,5.75515774044172,2307.84775084504,26.1481017429747,19.8225349201845,20.6241734557238,30.5588483302423,23348.6896199665,24132.5909971855,65.5893938783501,0
4172,18560,9.01671540190347,7648.04941576872,26.0536894148725,8.81254305473056,8.95802066694377,13.5274267929852,36145.5358110035,19449.0442133727,-1355.70597344175,0
4173,18561,6.00651175488256,5586.22621155484,26.9623547447897,10.8405939588629,11.0843900034344,16.6584555122346,36484.6749232346,24774.3361536277,420.350544678987,0
4173,18562,5.45626648961571,3174.96462395178,28.6386135200701,16.0896282050941,16.6558548467109,24.7808471667579,33237.3837610877,27069.8804551674,-165.852957735532,0
4173,18563,6.0742722203007,3035.27722751385,26.7152457903179,16.3734265025463,16.9406980817232,25.2154831768546,23901.5385831911,26919.6821399061,435.366542813746,0
4173,18564,5.72014498868555,2173.78558654478,25.7404331751262,20.6312048045172,21.4871965405363,31.8114822930042,25470.3392152994,19318.8446527945,400.423842071045,0
4173,18565,6.72693779543916,4247.27564509555,26.9278689361785,13.0073482146405,13.3678292454613,20.0067982356772,32328.6989151209,32640.9723142342,968.961173417601,0
4173,18566,9.46262130447852,5398.74769249966,27.4839791642821,11.1202127172931,11.3812245756943,17.0911554770642,35729.6580619694,26628.7431761497,-1073.4510218247,0
4173,18567,5.73833733626434,2239.65525484504,26.1481017429747,20.2597330954034,21.0934792766722,31.2368211685827,23360.340609974,24125.5732083789,2.78813428674328,0
4173,18568,8.546405055431,8085.63995776872,26.0536894148725,8.50881866095436,8.64174171119493,13.059115341529,36161.1919361885,19360.046164802,-1315.40637534768,0
4174,18569,6.83815801434682,8774.04545799167,26.6114859021585,8.10577577194184,8.22475689474577,12.4384170800641,35228.9338236811,19246.8835522034,725.280442877091,0
4174,18570,8.60635295831097,9029.88152484742,25.8075364822435,7.93188760643366,8.04113653411312,12.1695933796256,36367.2387798041,18856.8307684029,1227.57433935639,0
4174,18571,6.12156768751472,3645.09108612954,26.7186360030373,14.416294976983,14.8587744135376,22.185755978505,24027.4894789746,27031.2739567721,501.713991677986,0
4174,18572,5.4135728792722,3341.74549595178,28.6386135200701,15.5206926046902,16.0492700762408,23.8997315191203,33234.5690858106,27066.9506541734,-201.726762328678,0
4174,18573,9.71379530502069,4819.55689127889,27.0972995464528,11.9617301665865,12.2649874910016,18.3907286523159,32093.579163343,32484.1991180639,-1089.59318343245,0
4174,18574,6.75381662330578,4182.1231312786,11.3055265138403,11.5778015742471,11.7276644091549,17.7607179590028,42305.1945080145,30671.8664568905,1006.62762001016,0
4174,18575,5.904549490099,2262.50631454478,25.7404331751262,20.0388766514518,20.8512228659479,30.8929055195378,25426.12789481,19300.634215007,320.688836028468,0
4174,18576,6.38968926039029,4446.31463355484,26.9623547447897,12.6145613551793,12.9529779663261,19.3995650156656,36454.1484508187,24761.8285449226,434.192156989773,0
4174,18577,5.73446378444302,6367.45119897085,26.0945179949322,9.90784568714504,10.1019039519219,15.2171777761499,35544.5372305933,18523.0511290934,-184.231408545856,0
4175,18578,6.70026351562975,5483.88968199166,26.6114859021585,10.9504714716327,11.1978177535378,16.827599424563,35241.1046733466,19272.9571659104,754.389627157484,0
4175,18579,5.97056341708889,2311.18377454478,25.7404331751262,19.7318433315262,20.5218181763372,30.41683148259,25433.9223568953,19276.5840770864,371.076486092968,0
4175,18580,5.39654814166609,3393.74888195178,28.6386135200701,15.3537562427458,15.871438722864,23.6412375845597,33236.419870258,27069.7661322767,-183.27867568702,0
4175,18581,6.67537795271073,4423.76684330482,11.8224522955275,11.2419657720764,11.3855856576701,17.2450093324382,42292.6200046787,30693.3869658114,1038.5856948465,0
4175,18582,8.29955864687123,2597.92415267565,28.272789304031,18.5152603691434,19.246466644545,28.5386828561027,29148.270152126,29117.8898379047,-1436.20933828486,0
4175,18583,9.82892755789922,4195.53828527889,27.0972995464528,13.1302604318951,13.4990414606319,20.1972002353371,32088.525271175,32467.5857752213,-1091.70598795305,0
4175,18584,5.9431538215755,2754.59860122229,26.947857412945,17.5692674031023,18.2197842591936,27.0686261798238,24280.1513021789,27122.9234406972,488.035855369612,0
4175,18585,5.80645737582771,799.683496900346,27.0317745284204,45.7071573635599,48.8020948484139,70.8099395919965,32022.3469759465,16747.9678233165,-30.9776299434476,0
4176,18586,6.56244591035878,3986.27586399167,26.6114859021585,13.5504349380395,13.9401083845015,20.8460256855772,35225.4162368081,19275.8134514378,744.711480506025,0
4176,18587,5.89166397487957,3019.48327722229,26.947857412945,16.4627348916536,17.0381834799447,25.3544203090252,24469.2094853019,27214.0026689054,454.021630410456,0
4176,18588,5.58207825501819,3027.67676195178,28.6386135200701,16.6395367118759,17.2428911626647,25.632699018697,33228.8338302587,27075.6801663563,-171.355401116229,0
4176,18589,6.14565204866426,1817.58111454478,25.7404331751262,23.5465765965125,24.6259653850606,36.3350108316992,25466.318728486,19319.1442473325,376.003169168586,0
4176,18590,6.77546106732513,3793.0118152786,11.3055265138403,12.3016054805668,12.4788858358567,18.8760600156587,42327.2285591675,30681.7418917454,1080.35660645485,0
4176,18591,8.17497181648305,2489.90864867565,28.272789304031,19.0935343821764,19.8666824753335,29.4352785812325,29115.6371739488,29106.1360516315,-1424.7644012909,0
4176,18592,9.7253634193812,3896.95382927889,27.0972995464528,13.8067984382103,14.2153960540156,21.243599139701,32096.111870542,32487.2726533161,-1076.83759616052,0
4176,18593,9.56410495991063,3038.83800049966,27.4839791642821,16.4550754766649,17.0351444527348,25.3439703595972,35757.177033752,26606.6797650184,-1027.04399769645,0
4176,18594,5.71578132248212,759.948592900346,27.0317745284204,47.6978035394977,50.9861577090426,73.9103840919488,32048.3582307393,16747.1859141598,-22.1720008091405,0
4177,18595,6.67957632283231,3600.77681199166,26.6114859021585,14.527164493408,14.9755572026348,22.3570686186926,35240.3665300065,19262.1871455049,758.890473128373,0
4177,18596,5.43743947983467,2991.48804395178,28.6386135200701,16.7822300797459,17.3953335748016,25.8537741078912,33240.7073708634,27055.4715107565,-165.726947007422,0
4177,18597,7.92000417174795,2763.86803667565,28.272789304031,17.7085951581153,18.3824255069649,27.2882879782452,29112.0488340189,29115.5981455009,-1518.88169052721,0
4177,18598,7.0521125234601,4015.95545330482,11.8224522955275,11.9369715637153,12.1067358636303,18.3159248569219,42291.9149035359,30692.3546668018,1029.68633879947,0
4177,18599,6.21205623791268,1890.64135654478,25.7404331751262,22.8650785911817,23.8910484313895,35.2772539897013,25454.9785988889,19287.1848907324,351.782271972445,0
4177,18600,5.89242968311304,1547.72798322229,26.947857412945,26.9095922413094,28.282244164529,41.5630326266597,24492.569051071,27217.7785878058,461.838809259455,0
4177,18601,9.66358737782041,3551.49804527889,27.0972995464528,14.7163549009994,15.1805167719297,22.6509648104489,32094.5320057644,32493.7376739955,-1051.14349965906,0
4177,18602,5.27174171029535,776.952664900346,27.0317745284204,46.8216007627603,50.0246420877037,72.5456396748336,32037.7880911727,16759.1907331747,-20.2962162269941,0
4178,18603,8.95659708695896,6844.40952882893,25.7282555498241,9.44044527272972,9.61152253234921,14.4954861259401,36532.6886375162,18893.5558465876,-1289.59509400535,0
4178,18604,5.86586025099621,3335.50553624185,27.1435052192879,15.3762430060789,15.8825085364996,23.6725086583279,25320.9738525713,23068.5598134246,76.5626088726959,0
4178,18605,6.7372179318187,4148.22511727861,11.3055265138403,11.6362082214823,11.7882255104528,17.8507034152332,42308.033476217,30695.2278816642,1014.68831437922,0
4178,18606,5.43520784909582,3631.91601995178,28.6386135200701,14.6450607028732,15.1172859708373,22.5440713493799,33231.750346365,27074.3347746507,-183.932030762276,0
4178,18607,6.03347393609777,2228.25588454478,25.7404331751262,20.2623547650062,21.0910934950521,31.2394524841607,25465.2030314959,19316.9725368027,365.004937593765,0
4178,18608,8.05080772381654,2694.30992867565,28.272789304031,18.0355546718351,18.7324779297006,27.7950558865161,29117.8497174651,29112.8506849656,-1477.786563904,0
4178,18609,5.94041729940688,3946.49406490035,27.0317745284204,13.6821455083576,14.0828081505025,21.0506340605217,32084.1246755454,16737.080365033,-6.65933305659653,0
4178,18610,5.74691774344805,3398.48551235286,28.9599405019393,15.3730492034236,15.8946773945319,23.6718518722868,30664.866989455,24346.4538609177,-394.904975083444,0
4178,18611,9.8486564800192,4450.70949527889,27.0972995464528,12.6170603316734,12.9565429759619,19.4036835571734,32131.5766692725,32522.0916186862,-1082.01463005402,0
4179,18612,5.62134530255443,3389.93178224185,27.1435052192879,15.2040355111991,15.6993057029769,23.4059196895166,25319.217198256,23063.1465563258,79.9375246961761,0
4179,18613,9.04765570453103,5576.81322882893,25.7282555498241,10.7745194104162,11.0080119694803,16.5544849401198,36525.6658169345,18898.9463640068,-1252.86252830616,0
4179,18614,5.80555463555065,6436.06211734273,27.8459801022509,9.93329919810635,10.1372294624918,15.2588625676206,34538.6475969696,28120.5247613737,-189.269734848328,0
4179,18615,5.86493782452274,6941.60885795178,28.6386135200701,9.49843610141886,9.685572501418,14.5886805973356,33277.6052872815,27053.0004819285,-160.324862917897,0
4179,18616,6.07712268572453,4093.4449760102,28.9625714229062,13.5145441636823,13.9193597371547,20.7952679328262,30697.5674274076,24352.6944087149,-360.4626340274,0
4179,18617,6.50388693217409,2559.86898120638,25.445750999859,18.2874216584268,18.9712079928352,28.1769126081118,25426.222910253,18588.0583852041,774.744139028917,0
4179,18618,9.88896358125936,3687.57467327889,27.0972995464528,14.3397059250553,14.7805837111091,22.0680966868034,32157.9854533749,32515.0692422675,-1057.6707867794,0
4180,18619,8.7498168445136,5107.65884264137,25.5337699925227,11.3997377163229,11.6634669086483,17.5197089063197,36520.2377331651,18899.3954138059,-1272.01613592791,0
4180,18620,6.69688243640642,3485.22510824514,25.3695971831506,14.7239909627771,15.1737631930232,22.6586877691564,25443.9103991355,18632.3523796851,782.27212054452,0
4180,18621,5.84550773159291,6903.18850106706,27.6661516150594,9.48522417205487,9.66737603577993,14.5670818811232,34537.8605676606,28105.3894574377,-189.729366675044,0
4180,18622,5.69309912425977,6237.15983484144,28.3364326809651,10.1644769204453,10.3819527462059,15.6164139344008,33495.4901501087,26363.7081474387,687.269130912425,0
4180,18623,8.34226900833357,2913.44719128018,28.0828816015649,17.0300627910196,17.6548670615776,26.2363005999635,29131.1464558352,29121.1576895314,-1477.15169096984,0
4180,18624,5.91647828300825,3758.92793135847,28.5647448683726,14.2935544970573,14.7431577612816,21.999866369355,30675.98608128,24332.302943357,-336.601676366339,0
4180,18625,5.75392144370586,1015.3473793197,26.7525426334878,37.4392978375153,39.7431855769128,57.9363963967267,32021.4902927518,16756.0865948028,-54.8482047614069,0
4181,18626,6.37985441643987,5492.95889154085,27.743577108198,11.0105814660067,11.2674037810393,16.9222120736119,27651.936109143,29141.6919339263,752.219508589692,0
4181,18627,8.75923145936507,4990.28228864137,25.5337699925227,11.5757432919844,11.8485411310127,17.7915828750557,36510.0078378941,18873.1794949153,-1302.33514434723,0
4181,18628,6.59594521490785,3473.61740624514,25.3695971831506,14.7577937440712,15.2096313471752,22.710991248488,25418.1930221748,18623.3765684868,794.053680369531,0
4181,18629,6.92827671634003,8101.98710407092,28.0320085116075,8.57976057522147,8.72354590697583,13.1706965866855,33917.811260705,27534.1841709847,-1222.96122194097,0
4181,18630,5.75530983301503,6756.00429084145,28.3364326809651,9.6511199937394,9.8440215508899,14.8239506129559,33520.8344062653,26373.7219460977,705.043431878836,0
4181,18631,6.12852600474415,4507.83095251561,28.561837409004,12.6244393023248,12.9741493964935,19.4177964038138,30690.4793263345,24309.9957228146,-357.747416827608,0
4181,18632,5.88773087155383,5029.45687952734,27.0581565564542,11.6245013016011,11.909415439664,17.8695493941389,34541.0931458525,28107.1996623523,-180.990180653933,0
4181,18633,6.02465125195691,3034.8672673197,26.7525426334878,16.379628055897,16.9476707923241,25.2251869463072,32025.5449908733,16753.0620315535,-56.9937110181756,0
4182,18634,6.26501285968024,3511.61006154085,27.743577108198,14.8994025272275,15.3804484011765,22.9357664758875,27604.7344560126,29136.4802870506,677.760823555001,0
4182,18635,9.11400255869612,5792.42515664137,25.5337699925227,10.499747121062,10.7187633468978,16.1299569863081,36517.6488482406,18906.5853442038,-1291.09704194939,0
4182,18636,5.60189298601128,7088.80160306706,27.6661516150594,9.32505903954169,9.49992792599448,14.3199420246625,34547.395268946,28108.6077416247,-194.897783715901,0
4182,18637,6.51165053660224,3228.64423424514,25.3695971831506,15.5222247051722,16.0215648775055,23.8940235878048,25429.2089537396,18630.0661182275,817.835412385595,0
4182,18638,5.93539063701483,6312.70355410636,28.346297316968,10.0856617528044,10.299347814381,15.4947433320564,33485.2946577741,26358.6807818429,670.411934488091,0
4182,18639,6.28409481250056,3777.76016135847,28.5647448683726,14.2443102255995,14.6908530787727,21.9236559144958,30683.6368667943,24313.0770248399,-335.180566650899,0
4182,18640,6.15917750664275,3352.40598799493,26.7576530361607,15.2793967824738,15.776071523598,23.5216456350164,32048.6687670075,16750.4810294623,-50.8954332705473,0
4183,18641,6.27891112279175,3137.32224354085,27.743577108198,16.1203623175821,16.6805497541997,24.8262217406367,27609.2228636504,29134.6502116446,689.495532383477,0
4183,18642,8.66045751546853,7169.17526152109,24.5075612177809,9.10630038422742,9.25713803935584,13.978491484548,36679.3344164562,15498.4478880632,-1292.0308648779,0
4183,18643,7.18033270229019,7683.05258407092,28.0320085116075,8.87385730390296,9.03027328628396,13.6242934129303,33924.9199350238,27515.2035312216,-1211.71476464386,0
4183,18644,8.86549415557245,6049.97517464137,25.5337699925227,10.2080089027964,10.4131473992819,15.6796279992583,36525.8955118155,18890.3417207404,-1275.47999221934,0
4183,18645,5.81108268685794,6562.35169884144,28.3364326809651,9.83438497386984,10.0359439104904,15.1068230727755,33520.9601323873,26376.6002499541,723.510405783812,0
4183,18646,6.52183627149952,2746.14267824514,25.3695971831506,17.3858687103145,18.0070254159944,26.7798499054493,25423.2508304881,18644.86075713,823.244298829269,0
4183,18647,5.95396789615141,4135.63560451561,28.561837409004,13.3857499992969,13.780005851066,20.5952416557573,30667.9997993141,24306.7676456323,-331.211830791015,0
4184,18648,8.68356493052653,6288.81806752109,24.5075612177809,9.8983457451668,10.0837165873757,15.2002357503147,36684.2724843453,15483.6420416336,-1262.49330269648,0
4184,18649,6.23315546030695,3872.61620154085,27.743577108198,13.9266521742095,14.3474240139094,21.4303870256934,27599.9147098386,29106.3880196358,673.814947542488,0
4184,18650,7.20667401937577,7549.70718007092,28.0320085116075,8.97339352356397,9.13416602871515,13.7778344297171,33942.9781877814,27525.471313965,-1198.79382460384,0
4184,18651,6.70040175431624,2770.87787624514,25.3695971831506,17.2759800952229,17.8897309398118,26.6096274412349,25428.2511073423,18625.5161713313,823.53103601351,0
4184,18652,5.73878256664167,6302.51097684144,28.3364326809651,10.0957410061494,10.3098685340342,15.5102912090217,33506.7694814978,26372.8626058372,666.475562089606,0
4184,18653,5.76553381310543,5644.13006131766,25.4513213509998,10.6730781334568,10.9000121165478,16.3974210236135,36348.3640831164,17895.5916748571,-70.8937915666465,0
4184,18654,6.14483451455795,4650.58145851561,28.561837409004,12.3615992754837,12.6963413836799,19.0113999906596,30672.0853710322,24341.1524213285,-341.195958226022,0
4184,18655,5.94029148295722,3357.8785573197,26.7525426334878,15.2615221380438,15.7570162527052,23.4939636262142,32052.9349583643,16748.8625711702,26.5850292738992,0
4185,18656,6.16186958218387,4640.95268801369,27.1555141965404,12.2719220920542,12.5925404063424,18.8702569635145,27692.1633213571,32042.9396450674,622.738896739637,0
4185,18657,6.39209526413373,4948.43211954085,27.743577108198,11.7993913807029,12.097892837102,18.1409620190254,27592.7515166223,29128.5356458424,691.102401623209,0
4185,18658,8.59507002869663,6630.57348352109,24.5075612177809,9.56917750425045,9.73990192819512,14.6924069177412,36679.8625508809,15480.3181838414,-1329.99256103576,0
4185,18659,6.34710019095094,7650.98626169976,28.3533414622779,8.91143911461647,9.07081624608293,13.6826300641013,33291.7763585885,26628.4588190598,467.386919832936,0
4185,18660,5.32505665027099,2900.39942018113,28.2998319423318,17.112431376993,17.7450081746651,26.3645053796905,28483.1294120442,26028.9162500712,-146.589485641672,0
4185,18661,6.72672018745391,2674.60223024514,25.3695971831506,17.7141588336965,18.3575986480183,27.2884299630323,25401.8711376769,18638.4946183379,805.771738647613,0
4185,18662,6.01301590555179,4323.34097131766,25.4513213509998,12.7278660740275,13.0619084804446,19.5717686888243,36333.9167126418,17902.5247083896,-98.1194045494168,0
4185,18663,5.85043442775277,6218.64244706706,27.6661516150594,10.1475057674445,10.360829535387,15.5892929590824,34541.1486779358,28110.8112590445,-162.503610689848,0
4185,18664,5.4278368792589,3386.33052787395,27.4154700170356,15.2449865175263,15.7452276081584,23.4699636157011,26174.5008723469,27263.0158230779,44.4149986357864,0
4185,18665,5.46901433507918,4034.8439617229,28.4843393654389,13.6067205029353,14.0136666586589,20.936928955114,30424.8785383087,23760.0735536646,244.208151266203,0
4185,18666,6.01539915748866,5393.5234288953,28.2068496052194,11.1737852309898,11.4416807199196,17.1750464575402,33291.7950407892,26574.7362534773,522.975153409887,0
4186,18667,6.69898588996818,5754.85640751705,28.3922150072588,10.717295287,10.9626284576325,16.4701758725546,33235.6787505504,26682.1197532775,467.980093516302,0
4186,18668,6.32916783340117,4535.99526954085,27.743577108198,12.5078197896017,12.8454997305264,19.2359967065287,27609.1502535542,29120.8770861784,686.9043329532,0
4186,18669,8.67918287242522,5316.89879152109,24.5075612177809,11.0332500909993,11.2721748973239,16.9519628323081,36679.6012099304,15497.0207782177,-1349.24416094984,0
4186,18670,3.19594609493117,5874.60707802104,28.2646233636938,10.565962896967,10.8029720955796,16.236268549551,33699.3021861951,26167.8642901093,837.424006802306,0
4186,18671,5.40560917539952,3650.95089187395,27.4154700170356,14.4705214053164,14.9220328428985,22.2712365530779,26212.8650978561,27241.8624104938,28.7689206620937,0
4186,18672,5.74403189276732,5261.76168734347,28.4897114650606,11.3769186284474,11.6571475022915,17.4893391132808,30497.7260252204,23828.3476776584,215.074142073224,0
4186,18673,5.5888341600413,4184.57065604199,28.0983348423429,13.2393795692817,13.6216811281116,20.3679308042043,32983.8175803504,22378.8788354735,-835.898830429686,0
4187,18674,6.32075860895261,4743.76652754085,27.743577108198,12.1372006901898,12.4541837334778,18.6630670543378,27606.2194849872,29145.3158477923,680.350254890913,0
4187,18675,6.82637741920267,5976.54809751705,28.3922150072588,10.4548685724399,10.6869688008775,16.0648870570484,33236.4984737636,26687.2678928386,471.140184912974,0
4187,18676,8.83596359676084,5443.98881152109,24.5075612177809,10.8647429534977,11.0954264670573,16.691792353176,36669.0496228746,15482.5525436808,-1368.86995848607,0
4187,18677,5.89610024940594,4911.18622916984,26.3233811536067,11.7564609067203,12.0437770154501,18.0721721765174,31497.492921325,15764.1225600024,59.6868024614249,0
4187,18678,5.43517285994087,3701.34637987395,27.4154700170356,14.3344387504717,14.7775526790373,22.0606513788219,26222.5428963137,27247.5863025252,6.05844557701826,0
4187,18679,9.37015266212794,6057.07694851301,28.2876632606943,10.3578847622984,10.5846297060334,15.9149778054897,32049.9262926271,23101.3715278595,9.26949720642623,0
4187,18680,8.87581719186947,5753.22273671669,27.944777560505,10.6926516435973,10.9343586885215,16.4314583644087,33609.1658021575,26915.7159181318,1013.3862014851,0
4188,18681,6.70668105262391,6063.90321351705,28.3922150072588,10.3561233412441,10.5833090873866,15.9124037846557,33241.3244525239,26674.4247738776,482.734189097475,0
4188,18682,6.4864657490321,4080.49758954085,27.743577108198,13.4375008294217,13.8289568461511,20.6736737164994,27601.0628613491,29143.6547878743,660.35731942295,0
4188,18683,8.93631395420354,5834.73005152109,24.5075612177809,10.3873153967376,10.595190992976,15.9548055111307,36665.6596835114,15492.996207962,-1315.04399116837,0
4188,18684,2.98371674312139,5824.9968300324,28.2087265203061,10.6216041891003,10.8611227543202,16.32211848936,33639.3026374692,26202.4135046719,798.142854647798,0
4188,18685,5.76214127903403,3916.45229587395,27.4154700170356,13.7893093703092,14.1992956196716,21.2172150881896,26138.9036355265,27211.5113589733,10.9476029612958,0
4188,18686,9.33172501513856,4430.52292651301,28.2876632606943,12.7513054366243,13.1064888229881,19.6134706548761,32007.7807341114,23119.1163812525,16.3422585560579,0
4189,18687,6.75281736140291,7432.04820351705,28.3922150072588,9.0799097261226,9.24690919621181,13.9425754224158,33229.4773522936,26689.6533216018,419.037379437394,0
4189,18688,7.06045698353874,8930.54684965415,24.7161020570947,7.94506893765983,8.05067559269838,12.1887568370348,35377.4930980781,14196.3949160953,1025.78601027528,0
4189,18689,8.74477006760808,8591.21787352109,24.5075612177809,8.13000600892518,8.24175281232845,12.4734948993094,36667.9117139477,15487.0460645483,-1277.97939526518,0
4189,18690,6.27037468641181,3764.79893154085,27.743577108198,14.1994717377388,14.6368878138658,21.8525173304453,27589.3324880597,29142.8720417515,694.025913572024,0
4189,18691,5.62908921126795,4173.95100808291,27.5952568147519,13.2192033621238,13.5967391217045,20.3357382060233,26488.2834194229,25399.5500424293,-366.80778808275,0
4189,18692,8.82834611701026,6154.21472617616,25.2213918640597,10.0780744674828,10.2754719849671,15.4786287170699,35302.391157664,14875.4309901632,-541.969048510139,0
4189,18693,8.97334880525969,5177.97523651301,28.2876632606943,11.4854525069998,11.7703087124377,17.6567235933569,32039.3940138204,23066.1148515591,-8.41729456517413,0
4190,18694,6.50886229491568,5468.9968471465,28.3584589512485,11.0811624291294,11.3450630554626,17.0321877403961,33214.1684431313,26668.6376299917,476.666278005386,0
4190,18695,8.41548189457469,8856.01074263026,24.6057900209772,7.98216202361194,8.08872618174436,12.2457911791663,36682.3307852626,15496.6785587679,-1295.76584205323,0
4190,18696,6.43618883122397,3175.69122687112,27.6476042890482,15.9719532888285,16.5214518872324,24.5961403084803,27601.7530172552,29148.3368235127,672.727421302668,0
4190,18697,5.53057317692761,4400.31388061175,27.3731199895556,12.7366446219195,13.0847861883502,19.5890914974203,26475.2463761916,25403.5688619999,-368.906907528166,0
4190,18698,7.04043063857431,6777.49915589588,24.7914768279043,9.45140961155952,9.61840576806921,14.511137091013,35375.9953276419,14176.609248371,1028.90073555266,0
4190,18699,8.43919510082489,5041.45916704954,27.9916751231596,11.6711360364286,11.9642132779185,17.9431746867788,28353.2030704503,26173.4334349147,-1430.45446416065,0
4190,18700,6.38656309023274,6490.88745836186,24.7942869957225,9.71578107517751,9.89445938379056,14.9189775820849,37087.7054975248,17113.3555554967,283.767912890622,0
4190,18701,6.67857869452881,3983.60731717067,28.1854196649733,13.6995905401892,14.1099488896189,21.0800047690671,32388.9985761447,23405.2286787082,418.069704275081,0
4191,18702,6.60539148995331,5470.5166411465,28.3584589512485,11.0791279239589,11.3429224442641,17.0290447116024,33222.6327812047,26672.0229248972,500.827021838393,0
4191,18703,5.4663101597181,3612.59804261175,27.3731199895556,14.5720905199026,15.0295559875346,22.4283262852793,26489.6083841503,25412.4125289737,-362.175822629366,0
4191,18704,8.24141406315193,3620.25354304953,27.9916751231596,14.6131405478372,15.0781898066444,22.4932415614555,28316.0719905223,26173.8692293798,-1388.9478912799,0
4191,18705,9.27592146513481,4659.91049558385,28.1493283323941,12.3139064842606,12.6433238757082,18.9369393180978,31982.0012573717,23124.6887558772,33.2103228804885,0
4192,18706,6.63334415942503,6066.38601914651,28.3584589512485,10.3514641794102,10.5782487216665,15.9051622903643,33233.4496757088,26673.1628554405,469.786379974565,0
4192,18707,5.41902993098588,3479.13416347492,27.8077301488002,15.0025981068203,15.4907245040495,23.0956556887011,27554.3511290182,25787.2938551865,-315.846062394719,0
4192,18708,3.22126932353591,6151.93400455058,28.2040044288554,10.2487366403728,10.469680420674,15.7463282460004,33663.0820797756,26162.2709441683,756.321605853436,0
4192,18709,5.65912929529955,5730.2462998173,28.1816724500957,10.7349580422651,10.9800719789982,16.4971475459753,31858.310905524,23013.2463998104,-428.12967402279,0
4193,18710,6.5053692492841,7515.25629914651,28.3584589512485,9.01403562208818,9.17796263179429,13.8409081241451,33196.7205317792,26679.7477257179,460.654445218861,0
4193,18711,6.71756485011788,4088.85069399059,26.566980821616,13.3146388207176,13.6902098581882,20.4812585111575,36086.2681854575,22311.2566028653,827.496547917173,0
4193,18712,5.23665374430873,2900.31674612985,27.7537792199265,17.0424091451011,17.6648502105386,26.2545454142348,27556.3196083268,25774.3915236229,-307.849914679291,0
4194,18713,5.85130124221448,3985.27356675406,27.3952131984999,13.624301802356,14.0242733722187,20.9619150738479,34467.1101450922,29641.0114867153,-16.5458665440694,0
4194,18714,6.68728118450836,3699.4089879906,26.566980821616,14.2553687307717,14.6867927788148,21.9364158655549,36084.8777103268,22315.7336462637,801.61991185497,0
4194,18715,6.96557785909659,6985.15655714651,28.3584589512485,9.44685376393458,9.63035780081054,14.5087316739948,33279.3242243001,26661.8891595996,494.256095635715,0
4194,18716,5.46399944194969,2674.28382068495,27.6019219808454,18.0376975497656,18.7277773478342,27.7964495325555,33012.6355944527,21758.7026621752,-673.582388509916,0
4194,18717,3.67225119519748,5073.26972697454,28.1518118795173,11.6333582029673,11.925356207118,17.8850591159253,33665.2465382613,26200.962283004,720.162411607098,0
4195,18718,6.97756104137562,3258.72204756427,26.6323270184678,15.5694339401131,16.0835057836084,23.9703340547686,36148.4269196037,22697.1451911158,494.455784203089,0
4195,18719,6.74446747026459,3101.59883934049,24.8333119925193,15.8948515767891,16.4126045394958,24.4693938882962,21236.1166189968,23896.9835083794,850.243094082773,0
4195,18720,5.77201868627385,2180.10443192531,26.5176356320469,20.7296169709789,21.6030241005141,31.9669032550665,34942.9466053944,31089.9732918595,477.56862428824,0
4195,18721,5.67439264520253,1830.33658793977,28.067945970864,23.9377913510882,25.0824161254176,36.9517817937851,28651.7394519163,24869.2575407219,-276.385253675596,0
4195,18722,5.53245024874126,2061.2518167006,27.6770021588454,21.8248456674011,22.7967278863218,33.6702891788443,33010.5724593836,21755.4692045258,-707.842088753283,0
4195,18723,5.23064058478209,4385.46619786584,28.148970069309,12.8286792236955,13.1873874020634,19.7328609521803,34024.7765611288,26439.3463382296,-344.79737981673,0
4196,18724,5.98066802075556,4273.91801792531,26.5176356320469,12.9177291460778,13.2701497421508,19.8674164719935,34924.426157411,31078.1250545038,499.334593108142,0
4196,18725,6.70448275633189,5263.42871334049,24.8333119925193,11.1288233178988,11.3744988576648,17.1000987946866,21235.8571874262,23904.3194168244,785.647378447343,0
4196,18726,6.57078714584754,3062.11619310645,26.5999071040048,16.2581839549052,16.8167346009988,25.036704484208,36092.4472436196,22397.5075496001,713.92391813676,0
4196,18727,5.63806322646378,3032.91962813419,27.7838711670925,16.514660852031,17.101565949065,25.4370476820078,31674.704574463,31539.9554902266,173.21208920282,0
4196,18728,5.28738158537386,1973.72584793977,28.067945970864,22.6191836100228,23.6583778259368,34.9045800093441,28638.9529999175,24845.7443783994,-284.14129726623,0
4197,18729,5.96508613142615,4258.32360992531,26.5176356320469,12.9496221770343,13.3038559413984,19.9167278118248,34938.0648563155,31069.3467619218,478.092768060743,0
4197,18730,6.52581628464059,3780.0494197567,27.809282552105,14.1663277134374,14.6022228594414,21.8013720555214,31321.1586503525,31536.1094036105,618.302621752785,0
4197,18731,6.65843558717654,5995.80318510645,26.5999071040048,10.330007030257,10.5466525982285,15.86952162785,36083.7820878203,22424.4690393969,745.415021439466,0
4197,18732,9.3341669186403,4742.64176966264,26.6591890961187,12.0579088256981,12.363555152206,18.5385862585653,31245.5191289386,16660.4551982506,-1111.1714371821,0
4197,18733,5.27114561320394,4363.51317917179,27.729360571168,12.8382015872129,13.1945951166294,19.7467966950341,34830.6674892845,24498.0430078095,-349.03409817154,0
4197,18734,6.06097441653783,1952.18750695014,27.4068675526512,22.6714998701195,23.705900514456,34.9833220104468,30047.412381612,20147.0887133846,117.887221278317,0
4198,18735,7.41576857840368,10088.3703425412,27.0526809474226,7.44733772136675,7.54285121286181,11.4242089457381,35328.1280851287,22197.4522992686,1102.95178478797,0
4198,18736,9.10759668460862,8136.74579282512,27.5700243753017,8.53775127427715,8.67795548448599,13.10541188066,34035.4076854653,22146.2648014709,-1218.00440003219,0
4198,18737,5.79131561900692,3864.0040743357,26.3781679406462,13.818977981716,14.2226952747714,21.2608949485788,34984.3721490827,30958.8173650291,481.692671411697,0
4198,18738,4.43733819060598,8067.91438143904,26.193113701487,8.52643193968802,8.66064383838595,13.086428556811,36199.9528629113,22008.4989220332,-1476.0516346979,0
4198,18739,5.74915943284048,2888.15963794515,27.5740194027175,17.0699813505112,17.6925392637622,26.2967763231909,27128.070528825,24401.0886594977,-432.168192697957,0
4198,18740,9.92821242647504,4873.34405366264,26.6591890961187,11.8416052475287,12.1355976668019,18.2043250914547,31247.4904544881,16658.8152929238,-1103.77893774324,0
4198,18741,5.59348589257661,1858.02635695014,27.4068675526512,23.5263587005081,24.6285474326773,36.310372686631,30034.41405611,20118.6717368634,213.840007194482,0
4198,18742,5.39230853714333,5591.77104317179,27.729360571168,10.8812326730725,11.1313459332483,16.7223960115218,34850.0163144681,24476.0453810742,-293.630070584393,0
4198,18743,6.36279118264142,3424.0299583675,27.6920844510718,15.1577609849367,15.6548010915083,23.3355848342266,31256.0937147046,31602.9846131946,650.113490199466,0
4199,18744,5.86860381044685,4945.62291392531,26.5176356320469,11.7161573341163,12.0025694951794,18.0102394035225,34977.7508325028,30948.3669952667,487.285019965416,0
4199,18745,7.3149191956164,10091.9132500442,26.9642056259224,7.44285805831246,7.53791760635799,11.4172271911527,35341.04598547,22194.0664490699,1064.30928269116,0
4199,18746,9.01561078890218,9114.71315214221,27.5148039564145,7.94818154098131,8.06427306839608,12.1964269848228,34092.5208995027,22137.5953548519,-1168.24423210751,0
4199,18747,5.34076991595306,3389.48206308031,26.5688377305659,15.1423553413135,15.6286866525318,23.3090572088415,34480.2935016126,18159.7021105051,-485.006940566103,0
4199,18748,5.58188128646956,3041.54870194515,27.5740194027175,16.4557944128756,17.0367644132053,25.3453188613372,27120.0630821457,24401.2939766608,-434.172246033456,0
4199,18749,5.63615198488688,5848.35191717179,27.729360571168,10.5656670734898,10.7998549105426,16.2350365685263,34840.8417479885,24451.3893693945,-304.602877120426,0
4200,18750,5.93565939598992,4918.366855685,26.3371993602894,11.7460802410022,12.0329343430737,18.056157409215,34977.8783618889,30962.1566882666,488.031411977425,0
4200,18751,6.75895245528002,11590.7760560712,26.9698206596065,6.83687716023784,6.91068954065403,10.483914872472,35275.0989716669,22159.7231732134,1024.7533262026,0
4200,18752,9.33430582811661,10747.5006627046,27.5508465872496,7.17765971288492,7.26500389460898,11.0092166435546,34043.5960082132,22138.4289820366,-1224.66159083254,0
4200,18753,5.48141954629035,2607.80917634198,27.1814037823867,18.3052615209361,19.0097434223868,28.209918923768,32161.5124715417,32241.853438786,-154.300484739918,0
4200,18754,6.45443545199431,2802.07882716544,28.3136558686303,17.5408168138654,18.203292984781,27.0283782595885,31870.8256990497,23732.5832124544,419.529271003422,0
4201,18755,6.71566079584968,11839.1192060712,26.9698206596065,6.74917613833368,6.82006052778241,10.3488811852478,35248.2561295654,22141.3660831454,1026.84723286759,0
4201,18756,6.00725058622419,5720.27746682577,28.2930237513913,10.7539136893379,11.0005855304012,16.526588651287,31850.9745229742,23761.7246862093,432.68475855419,0
4201,18757,5.68324889982508,3555.48007512831,26.1049244805513,14.6013722972624,15.0500398871255,22.4707179641378,35711.9523114808,18723.6738984203,-114.0720301526,0
4201,18758,8.82211584897168,10577.2396827046,27.5508465872496,7.24855040936182,7.33843427944349,11.1184151558076,34081.4996531038,22088.5835893892,-1136.63478232743,0
4201,18759,5.59178516157673,2734.64959041328,27.2136060116715,17.6976144345112,18.3598022562197,27.2682741867149,32148.2581547207,32237.1206216167,-165.199464704028,0
4201,18760,6.01883019524054,1671.06784136957,27.3681551286919,25.4817160904779,26.742187389851,39.346709952958,27977.8762531199,22242.047579206,143.414956117407,0
4201,18761,9.48577984086187,5291.05769414448,27.3979131058737,11.2634499651792,11.5314004498365,17.3122905177093,35246.8420427466,25334.1956993019,-1122.13328423061,0
4201,18762,6.04749022228157,1631.22308725509,26.408138573859,25.7132981263182,26.9777415968911,39.7022263981425,34984.3051098429,30930.629833889,512.499454956991,0
4202,18763,6.92042450627334,11440.0080860712,26.9698206596065,6.89169465630335,6.96735676793884,10.5683230514933,35236.0058577041,22145.6089463348,1011.70947572618,0
4202,18764,6.29506877986399,4941.64696672671,28.3004394783924,11.8495743057888,12.1542067828757,18.2194566987579,31851.0706062834,23771.9463716518,472.530645918205,0
4202,18765,6.45372324007364,3139.44434123882,27.7173646029422,16.1095937935115,16.6688267560144,24.8094778116199,28180.3190612674,23472.1600313324,65.1703333136085,0
4202,18766,5.56378231710989,3453.63185112831,26.1049244805513,14.896770373835,15.3636582690299,22.9278382519563,35704.7785159971,18724.4103526767,-91.3872893748458,0
4202,18767,5.62248444248065,2915.41697241328,27.2136060116715,16.9099525033329,17.5180476060891,26.0478711285803,32149.5831981585,32239.2460289506,-140.281349857835,0
4202,18768,8.80542711962927,10200.9695247046,27.5508465872496,7.41236016708338,7.50820485212424,11.3707696573842,34066.8796222629,22052.5718261372,-1027.89157129142,0
4202,18769,7.61171267825783,3305.41906736957,27.3681551286919,15.4988784806011,16.0150142179261,23.8629186136422,28140.4488271528,22385.1551763426,-120.449637987988,0
4203,18770,7.03702318738075,13369.1773220712,26.9698206596065,6.27056795838632,6.32616859417641,9.6121581330741,35244.1681867435,22148.0413273472,980.066505691206,0
4203,18771,4.59576470083114,9856.08536749949,26.1123830106422,7.52391911141012,7.61908176997904,11.5413150456863,35776.5510177335,22258.3751872563,-105.525363535251,0
4203,18772,6.20973868833655,4067.17946123882,27.7173646029422,13.4651708064664,13.8580751407692,20.7164211119877,28222.7171594397,23501.5725871477,136.93397578163,0
4203,18773,5.44717946533041,2786.49879441328,27.2136060116715,17.4620973367689,18.1079680211092,26.9033245338926,32143.1179957079,32246.295889302,-147.282777272403,0
4203,18774,8.04581752120533,3776.48033753437,27.3310492499118,14.1295167035199,14.5594164823911,21.7433818901781,28203.2947468273,22412.3634551422,-138.575354349468,0
4203,18775,9.07133586652593,11822.3033847046,27.5508465872496,6.77074001573144,6.8439830660162,10.3825379340576,34046.8985275929,22072.872071608,-1031.55848420133,0
4203,18776,6.08303619713948,3304.45921900566,28.2665008735466,15.6021869427761,16.1329015367807,24.0250457914549,30723.8827440366,23644.9101584524,60.4414235694869,0
4203,18777,5.66331441096495,2795.51699712831,26.1049244805513,17.2702296012377,17.8914374121676,26.6028804992204,35683.0721287512,18742.9720872725,-84.8449243028708,0
4204,18778,6.96347482226006,12597.2321000712,26.9698206596065,6.49973187299223,6.56250217314746,9.96486978964317,35229.22282117,22124.8403858758,990.081168693563,0
4204,18779,5.9049134934996,3066.78593494317,28.2801695610959,16.4456841841315,17.0325759942681,25.3314765104769,30726.6400645842,23651.0172505083,69.9205654934888,0
4204,18780,6.35894850662184,3715.71057923882,27.7173646029422,14.325852698592,14.7708412328907,22.0480269861169,28200.3405366259,23485.1167918158,112.407483497921,0
4204,18781,9.00724628539202,12027.5196267046,27.5508465872496,6.7001268242626,6.77100719968954,10.2738130301579,34037.8383529441,22052.4476101548,-1052.68193370219,0
4204,18782,7.94113674240703,3354.61635953437,27.3310492499118,15.335916521889,15.8412443997305,23.6105314290299,28153.7231161879,22393.7159625721,-154.854756697163,0
4204,18783,6.86665704655808,1318.71828819881,27.727738358594,30.7164561901282,32.4306262946762,47.4838359844069,32044.297014186,30887.3738282552,286.630953219771,0
4205,18784,7.03374252362524,13966.1039480712,26.9698206596065,6.10813597594902,6.15882383734994,9.36220201724051,35241.2492395995,22161.2518064915,1033.43027794772,0
4205,18785,5.7700455237711,3153.70053094317,28.2801695610959,16.1243334046666,16.6896664847785,24.8337167218426,30722.6811291396,23646.7514528637,65.6544333103052,0
4205,18786,7.10636936794653,3922.95321323882,27.7173646029422,13.8015122439668,14.214521374794,21.2367241961271,28119.8045531008,23417.1290172528,-0.239863928387582,0
4205,18787,8.96263554956864,12900.7624227046,27.5508465872496,6.42113123722175,6.48292712433598,9.84430580301048,34038.1646477331,22073.931131915,-1075.44941535742,0
4205,18788,7.17113738814652,3644.08205153437,27.3310492499118,14.4808528573496,14.9323185662293,22.287036050269,28115.2448537307,22324.8896200162,-57.23770690737,0
4205,18789,8.1041461453295,12183.1787383135,27.7689269532915,6.65359185359381,6.72352301788236,10.2023306297388,34151.0180150472,23879.5259903052,55.6676823453335,0
4206,18790,7.19009451062334,12958.7007860712,26.9698206596065,6.3895515023976,6.44884019396488,9.79527900166288,35224.1529190953,22175.4637722379,1043.87969771185,0
4206,18791,5.68242154789553,3345.47163100566,28.2665008735466,15.4679989267406,15.9899569612128,23.8172616052409,30707.8367204416,23648.2971095442,68.5089821314652,0
4206,18792,5.98614352864651,7348.04907788837,27.6230630118398,9.11125014485122,9.27637072282927,13.9900205460177,30977.6005067361,31365.9662562501,-22.2430521246581,0
4206,18793,6.359986234855,4065.17509523882,27.7173646029422,13.4696976327244,13.8628703934803,20.723423288147,28205.4628174705,23494.0700867093,137.438575018795,0
4206,18794,8.81275254045074,12428.3047227046,27.5508465872496,6.56795249400691,6.6344788742698,10.0703198288807,34020.1243668774,22078.0283013247,-1050.84704525298,0
4206,18795,7.82625329559008,3472.74179753437,27.3310492499118,14.9713690577883,15.4534995956855,23.0462087184773,28183.1420938237,22417.6844704044,-152.534786767762,0
4206,18796,6.22038254337856,1686.96273893202,27.2878924627708,25.2794754238767,26.5220593956472,39.0322432563614,30405.1227461664,19538.5204369551,728.608436057072,0
4207,18797,7.4731525967093,7863.22797207116,26.9698206596065,8.69896716227338,8.84352484092625,13.3533500088258,35245.9847132323,22177.0967557619,1067.79790428338,0
4207,18798,5.93399783378251,2569.23133900566,28.2665008735466,18.6635516873191,19.4053828905678,28.7685677530684,30692.4047334974,23637.7246207431,73.9530018786935,0
4207,18799,6.22808868840698,3743.46333923882,27.7173646029422,14.2525978675281,14.6930728492806,21.9346685079063,28232.8940643026,23491.6004717353,152.734836187256,0
4207,18800,8.75835442228831,6767.11612470464,27.5508465872496,9.60172924393062,9.78870683312626,14.7467222204584,34013.8048012955,22068.9760184662,-1042.36668401877,0
4207,18801,5.65603689843472,5459.62686189426,27.1436478693713,11.0165876199146,11.2703337831955,16.9305549935184,32465.0996085483,32321.463126264,-129.622299066881,0
4207,18802,4.26851687151647,5405.28108534645,26.138524238524,11.023802458392,11.2721006173661,16.9400926625319,35788.8939689653,22290.2342787364,-3.53234256462543,0
4207,18803,8.01988811398197,3307.83313553437,27.3310492499118,15.4868241121898,16.0018539979489,23.8441650344103,28207.031010334,22404.3447774669,-152.982995519351,0
4207,18804,6.3579721085262,1745.61797693202,27.2878924627708,24.6325374964211,25.8222092783225,38.0275061725794,30373.9443690368,19523.6609441218,722.037599012327,0
4207,18805,5.62544919020672,5597.86241124988,27.7232188398513,10.8730660565013,11.1227289616826,16.7097729492715,31498.6851255822,30995.6045007361,-620.496979209737,0
4208,18806,5.98910813045061,7604.61805911761,27.2147581403274,8.89610719467347,9.05008712851998,13.6576714724194,32390.2655812711,32104.5974115661,-211.565522627781,0
4208,18807,5.86455358893094,4688.64841894317,28.2801695610959,12.2729156662648,12.6008706871221,18.8738007338543,30726.2429874036,23641.2993930527,78.9686926357423,0
4208,18808,7.67356929379508,4981.41221007116,26.9698206596065,11.692539992622,11.9805270263053,17.9745283773847,35305.7840998919,22194.0177987863,1138.20615812338,0
4208,18809,9.1229062721269,7560.28141199971,27.7197054402597,8.9516178103743,9.11012997191438,13.7438822051908,31742.3151085367,31170.2828633732,-634.402635140826,0
4208,18810,7.88841997777665,4250.58996323882,27.7173646029422,13.0672360674313,13.4367790642375,20.100952921322,28054.2313575119,23360.8317574468,-113.069028963966,0
4208,18811,6.3335785846458,4096.80445553437,27.3310492499118,13.3647829067976,13.7489350698367,20.5603678233656,28010.13344052,22239.5279311556,73.3634070140015,0
4208,18812,9.33932816890118,5359.54459470464,27.5508465872496,11.1781605946766,11.4425575989194,17.1807771677067,33992.3099634944,22058.0144349883,-1079.99549743175,0
4208,18813,6.58358462968383,1668.83534093202,27.2878924627708,25.4880939173071,26.7478547506281,39.3562738283542,30379.2347248601,19547.136418232,738.323989550336,0
4209,18814,6.15184259123413,8792.33509615306,27.0701664241167,8.11258873401222,8.23355091146003,12.4493929280494,32866.937645487,32190.7616799136,617.534649413039,0
4209,18815,5.8127908943802,6178.19810211445,28.1750199738291,10.2187225735438,10.4380510382641,15.6999466185452,31110.8024927159,22868.2886501358,599.164235976401,0
4209,18816,6.78388561095567,4188.69692753437,27.3310492499118,13.1649091081827,13.5373828330992,20.2512469934213,28038.1138340526,22273.1929940454,-7.75033277172679,0
4209,18817,7.40687009565133,4762.49622923882,27.7173646029422,12.1032723185866,12.4182159500173,18.6105781848133,28078.2147164182,23391.8492332085,-59.2480456605972,0
4209,18818,7.93556460998952,5358.85342319384,27.9645456246609,11.2059314655977,11.4741392522947,17.2243313963483,32718.5178978318,22397.2738916564,594.337108644599,0
4209,18819,6.55263271441075,1982.11113893202,27.2878924627708,22.3919793033161,23.4028429183755,34.5490269567043,30404.3965401521,19501.052538653,696.787584724907,0
4209,18820,6.30341189617853,8076.66845124988,27.7232188398513,8.5841303681682,8.72688631213088,13.1770992996447,31549.137671943,31017.1524597352,-623.901289478287,0
4210,18821,6.11023617662368,3876.63675616423,26.9150716944169,13.8390708338738,14.2481888001934,21.2931347427181,32909.3414619868,32188.998994174,612.029485030114,0
4210,18822,5.95300840475318,6318.65676730296,27.8775047399999,10.0543174418318,10.2641957648798,15.4457198945805,30740.328962377,23643.9217966218,112.564364125955,0
4210,18823,6.14576664300999,4346.55254521111,26.3059018078502,12.7541990915615,13.0958691254055,19.6141739582153,24891.9012560658,26936.4878334216,-217.221619053517,0
4210,18824,6.18689504123463,5293.50909336653,27.0140713026107,11.234581896044,11.498788622768,17.2670755162888,27988.2707247958,22219.0885251571,166.631436467085,0
4210,18825,6.44733231019708,2084.34611815178,27.0269297874971,21.5222709948034,22.4623461806127,33.1984290340669,30358.1455230991,19505.0976730421,698.380122209523,0
4210,18826,7.74073564886135,5307.97930780007,27.5997521830613,11.2529878969006,11.5215637185172,17.2964512750125,32701.9537856542,22412.6964326805,595.168307177725,0
4211,18827,6.28903167371909,3765.37969316539,26.8390376037048,14.1102925964378,14.5351229826956,21.7125631681315,32862.3652895441,32237.436241025,584.074869691196,0
4211,18828,6.37350576029276,6570.36657691096,27.3510471163801,9.77578789541946,9.96990403604357,15.0150851860787,28386.0925425741,23224.3629670736,1042.86044143932,0
4211,18829,5.74742772789712,6082.59947838576,27.7860159392897,10.3013547345762,10.5227687946939,15.8269880829019,31116.8169783393,22867.1480831225,584.20775661529,0
4211,18830,6.34250830010909,2129.82980815178,27.0269297874971,21.1822819690208,22.096406630506,32.6709263677102,30401.5291359027,19506.2341687787,765.128720515757,0
4211,18831,7.75063537668095,4945.51945180007,27.5997521830613,11.7938122339683,12.0911275138936,18.1320960777148,32708.9344964048,22422.7944204179,573.170894328008,0
4211,18832,7.76516554183825,6059.00864106067,27.083691404255,10.2876073288051,10.5047400059988,15.8047652315439,28551.1800543114,22540.9150648503,-363.344812742112,0
4212,18833,5.80246814420232,3306.8953755061,26.810162587025,15.4312699049006,15.9380951871233,23.7568805283778,32676.7693320109,32378.116908471,487.623119490011,0
4212,18834,6.84794049475039,3447.75775450853,25.8433487030712,14.8857686342196,15.3496725343275,22.9101783207027,31012.7471282024,15522.658266555,835.648970280459,0
4212,18835,6.43307883468464,5769.76552891096,27.3510471163801,10.6370354971216,10.8727649560371,16.3446890375861,28377.2857729517,23238.2257943384,1037.30831058839,0
4212,18836,5.90681494579665,4462.75090875188,27.8652665375424,12.655481848007,13.0023461946894,19.4645217953094,30712.2903155305,23639.7924242079,69.7396243973639,0
4212,18837,7.21395646801396,2984.04393386434,26.4437654826213,16.536293041416,17.1117083525711,25.4669905720821,25420.6523392038,30980.2625302695,1053.85724926437,0
4212,18838,6.62995189008719,1842.58198377003,26.9898720041308,23.5834052012457,24.6841768144423,36.3972866915746,30395.685997997,19479.4173956933,733.403024874289,0
4212,18839,6.21726558219249,2121.95869081932,23.5612648490268,20.5788222078555,21.4012327851171,31.7220515314519,17802.8021061735,21772.2832505174,707.597814962805,0
4213,18840,6.01441234068791,3617.0434815061,26.810162587025,14.5024755049776,14.9510019523808,22.3193194333007,32678.6851497345,32378.6268166757,462.239386776067,0
4213,18841,6.98394134378866,3571.87909291096,27.3510471163801,14.6844126575866,15.1486918505818,22.6021101105547,28359.5489526828,23270.7005799385,1010.40032899927,0
4213,18842,6.76262275295666,3227.45228631495,25.7666439236748,15.5731109585286,16.0794156809201,23.9738223721544,31032.0760631525,15509.1474118371,857.625905211287,0
4213,18843,5.58646669934993,3089.73817275189,27.8652665375424,16.3094724320967,16.8833757823778,25.1194292624858,30697.8866562803,23656.2077579549,86.5489576496972,0
4213,18844,8.90512508908864,3014.25499419774,27.4374426359976,16.5439236056473,17.1295045173202,25.481469041111,34678.3343054313,27776.5259887229,-1155.04627590126,0
4213,18845,6.19937542422093,2425.56507481932,23.5612648490268,18.6948721595853,19.3840403199882,28.8019899409935,17802.9759015735,21784.5891792801,665.427378180858,0
4214,18846,6.75765204753734,2949.26390631494,25.7666439236748,16.5855212476822,17.157418008903,25.5413643399681,31036.1002116527,15514.6116651319,817.218933674491,0
4214,18847,6.92662558560264,2922.8849282278,27.3746507631347,16.9001124088842,17.5091281068738,26.0330646432133,28333.2761211597,23283.2034502665,971.2707923273,0
4214,18848,6.25927881419787,1787.62603681932,23.5612648490268,23.3310095747082,24.3593740634148,35.9909996197657,17794.9635889984,21794.0422547099,708.356423868812,0
4215,18849,6.90400959779606,4781.58482031495,25.7666439236748,11.9251799404662,12.2178330083223,18.3318639848553,31019.6357534043,15507.2821033041,824.858317243306,0
4215,18850,6.69323361532312,1646.72010553951,27.3001722156265,25.7515270184904,27.0332468872139,39.7655186083902,28165.5301463152,23223.1131543033,995.58468617152,0
4215,18851,6.12548619064268,1932.97561081932,23.5612648490268,22.0256935462358,22.9548234336106,33.9658755859341,17796.9940840119,21792.4872617747,660.191438557033,0
4215,18852,5.94682778645629,1294.10368757275,27.2806168999035,31.0301840373583,32.7639067932039,47.9693896207322,33818.4786652671,22138.3870634468,-851.170284397337,0
4215,18853,11.3139147279825,3782.2103185766,26.8657490565002,14.0698221745259,14.4924191802721,21.6500086886436,31523.0700017854,18279.2210288977,446.996481837496,0
4215,18854,10.5592291287876,5321.4825350242,26.3185870903023,11.1494561319465,11.4051855778659,17.1344531010153,31523.1083219005,16075.5291085833,-31.9748794179238,0
4215,18855,9.0822093012048,3037.97158357052,26.8751973137034,16.38309854765,16.9525541464475,25.2308876228409,30336.6513068019,18849.8282002868,-1201.85920168411,0
4216,18856,6.83005930575069,5780.11150431494,25.7666439236748,10.5285659397765,10.7502741654195,16.1748069501049,31034.289976978,15528.9688226963,830.244961114306,0
4216,18857,5.8578973223306,4626.24948038303,26.5009707548205,12.2473691205337,12.5622890465172,18.831107715958,29715.3788750835,18209.818231114,148.95309126052,0
4216,18858,6.07722245064371,2862.40673281932,23.5612648490268,16.6357823097317,17.1876492985468,25.6127712804357,17771.9089918363,21781.9316088813,628.421779556208,0
4216,18859,6.80682782071491,1904.90887753951,27.3001722156265,23.0684336422394,24.1326894095814,35.5990583096503,28155.1782240489,23203.0657134314,1019.6745186444,0
4216,18860,6.33148152312437,4049.83036667373,26.4364731508331,13.3897570250674,13.7687105246045,20.5971574305999,36018.2819690589,27838.231546057,422.646948893717,0
4216,18861,10.3906533586669,4342.31063020321,25.8761327685087,12.7264793571208,13.0635228522217,19.5704739362937,31542.9746943012,16088.367556462,-39.3634590636622,0
4216,18862,11.5430195419564,3690.67596149814,26.8252284890304,14.304320580113,14.7408277095033,22.0127360603407,31546.3838060507,18290.0140449343,425.268582346851,0
4216,18863,5.74047652206591,1496.19947704328,27.2526679628069,27.7041097555592,29.1489543971624,42.7989850267563,33814.7978455938,22140.0561426578,-905.156063302458,0
4217,18864,6.22103660630236,6430.61491368034,26.5456002927527,9.86942474244225,10.0639676949167,15.1585102575003,29755.9645874679,18195.7744667885,169.496878905021,0
4217,18865,6.8328598865434,6421.15620831494,25.7666439236748,9.83657132895736,10.0256815727702,15.1067272035251,31018.6835488256,15524.0364105914,859.603064710295,0
4217,18866,6.70221363509147,2198.34686124012,27.2472756339231,20.7342931940715,21.6172853951671,31.9767049927055,28170.950246261,23193.6961818752,979.208883351998,0
4217,18867,5.98707958894334,2259.86347681932,23.5612648490268,19.6652290655675,20.4221760435978,30.3057760063793,17792.3055349954,21788.8433148965,682.40538719601,0
4217,18868,10.5676021462068,7427.4104210242,26.3185870903023,8.98958084462147,9.14372176393736,13.8007727672125,31535.5800567873,16111.7042875943,-41.3362358853825,0
4218,18869,6.16427846064916,5557.57483838303,26.5009707548205,10.8480786897245,11.089647154865,16.6692953972514,29710.282122317,18198.2306369235,139.866269945089,0
4218,18870,7.13367508343935,1995.94994724012,27.2472756339231,22.2682719524126,23.2689307507182,34.3568799078543,28132.7287803375,23204.2322273885,1007.09403908983,0
4218,18871,6.25490908125114,2085.08716681932,23.5612648490268,20.8419811574091,21.683531515585,32.1300859833396,17789.2497694641,21776.2929924276,664.027214797953,0
4218,18872,7.40044499112788,4074.19944890482,26.8659279394528,13.3738237582743,13.7550697858175,20.573403752236,32145.4586683199,18120.2938674935,-118.511698421161,0
4218,18873,6.32301899831441,2172.40093866116,25.0147470644373,20.5061916481861,21.343338992395,31.6149561581109,34760.0967744752,14061.2337960103,528.509361370564,0
4218,18874,9.79453165860506,3625.6567430242,26.3185870903023,14.4285202838011,14.8684265071199,22.2037576934474,31073.2735228676,16388.9725975766,-580.623212208861,0
4219,18875,6.12860603157627,6420.08532593566,26.6340345658614,9.8846229613636,10.0803138072826,15.1820878598582,29914.6266656199,18287.2246487752,204.404078661005,0
4219,18876,6.26606817046381,3686.57830866116,25.0147470644373,14.1320160839268,14.5431193564144,21.7420282768822,34755.7575509016,14060.3913980185,532.871796802365,0
4219,18877,5.55941793219299,4503.08418748845,26.9919885522308,12.5098035497779,12.8425508898181,19.2376727709124,32624.0144501043,18947.0816053993,-659.18484363334,0
4219,18878,7.05563437664574,1912.58153724012,27.2472756339231,22.9881144997252,24.0452778125511,35.4741740018337,28156.9839320053,23188.5140564409,980.591592162701,0
4219,18879,7.28976306965391,2731.43106739663,24.9485875076011,17.3916701530487,18.0085965358111,26.7875636479185,24774.1250354137,19053.8075636461,1126.02596809966,0
4219,18880,6.40166934369732,2260.52425681932,23.5612648490268,19.6610997411961,20.4177543872602,30.2993756089938,17759.6235954561,21801.0759948625,670.706049770872,0
4219,18881,5.92386008351342,3815.63189478607,26.0020228594179,13.9018320631802,14.307466083318,21.3882295038315,27917.8541258441,18518.0787686452,116.022061580189,0
4220,18882,5.99808362179568,6995.32507532457,26.3028369526499,9.33841535754402,9.50768684930982,14.3388345753142,29936.9611948486,18296.6514021064,224.248440135002,0
4220,18883,5.75671007171021,5225.92999705641,26.6501965379246,11.3057019205144,11.5714311238146,17.3763425477244,32617.1306562232,18982.5367657044,-675.20755525849,0
4220,18884,6.14539297186794,3522.35967939907,24.8386503144602,14.5599670750204,14.9950850179421,22.4036152097603,34744.1553361867,14048.4090607791,534.878964787994,0
4220,18885,7.26896417800068,3936.55016968473,24.7195328529071,13.4881906171303,13.8594063146721,20.7456748885616,24759.2045343422,19021.7053092694,1136.26787135997,0
4220,18886,6.77639626514522,2160.7741157143,27.075099602781,20.9674000515225,21.8658367607456,32.3377282471231,28146.9676121606,23212.2630942242,1026.22967176553,0
4220,18887,5.44662041352822,2508.54359282076,26.7793263874284,18.7620682542465,19.4945685033268,28.9167726331542,31843.9488489062,32257.3250565039,-229.451545458807,0
4220,18888,6.21833524491711,2031.12163173439,23.5716359437053,21.2452145992148,22.1164824783099,32.7554175740262,17803.4440703986,21813.2266226654,669.552762741208,0
4221,18889,5.4605280648072,4128.24438808683,26.7994156390142,13.2488895905776,13.6223710599792,20.3800549251069,31827.3946462847,32268.8803535051,-226.599676959347,0
4221,18890,6.1619198607012,3371.04105939907,24.8386503144602,15.0054969660115,15.4677014802291,23.0929521337771,34757.1912941569,14054.3283156699,502.990712002865,0
4221,18891,5.49121347771238,4731.15008676326,26.6635366982205,12.0777637060356,12.3845157952007,18.5692785933609,32601.1023204007,18964.9949862937,-644.554292325079,0
4221,18892,6.3034772509561,5125.78536275632,26.266647238271,11.4244655510874,11.6940193368734,17.5591619713628,29908.0695373453,18288.9865793894,206.724792290912,0
4221,18893,7.26285737175092,3701.1872426814,24.7687656904276,14.0688240758126,14.4741066144302,21.6437102895294,24766.579690325,19045.3370913251,1116.41105767884,0
4221,18894,6.96213012801421,1890.1626797143,27.075099602781,23.1553271277461,24.2233011786576,35.7330714588845,28130.6793683213,23198.4957939658,983.424774916303,0
4221,18895,6.25718354204467,1809.47399373439,23.5716359437053,23.1247536752226,24.1374290482509,35.6710021384391,17801.2694335231,21817.058392358,611.442200678069,0
4222,18896,5.48488399039812,4032.63266282076,26.7793263874284,13.4595396664937,13.8451524646949,20.7057934572634,31853.1884627563,32250.5272093586,-211.206362231029,0
4222,18897,6.21748404229434,3724.99887939907,24.8386503144602,14.0146985700474,14.4173939962394,21.5601594523887,34722.7714591777,14030.3380967376,519.128444541129,0
4222,18898,5.41378633879813,4666.75593505641,26.6501965379246,12.1877400805854,12.5003942191335,18.7392222323884,32597.7928958667,18979.3836753482,-690.398566895154,0
4222,18899,6.03756308028467,4912.9583670402,26.1787067006482,11.7430898097584,12.028774053234,18.0512578220154,29699.4741374755,18241.7647309051,144.072915916499,0
4222,18900,7.06916386929714,1880.8456817143,27.075099602781,23.2411283277116,24.3159012132233,35.8662646078161,28145.5274923069,23199.1793083317,969.746960172231,0
4222,18901,6.23790008983506,2548.93086573439,23.5716359437053,18.0497207462295,18.6950077972729,27.802509943298,17767.2957200026,21814.7317872153,681.244651397392,0
4223,18902,6.08894446066485,3536.65455339907,24.8386503144602,14.5196599420638,14.9523534350574,22.3412579865525,34742.0866143352,14048.3695376345,513.821601023566,0
4223,18903,6.02057343907192,4750.5386430402,26.1787067006482,12.0082188371361,12.3080304060534,18.4609275692608,29644.2065014403,18235.2867958476,108.765806641845,0
4223,18904,5.37239030650548,3098.29135391297,26.9429076460545,16.1664811797335,16.7222630829372,24.8955924143353,32018.165291231,31852.6204160377,-293.539447482363,0
4223,18905,7.27644135967154,4164.23774115889,24.6579003769143,12.981628143086,13.3238112787351,19.9623895352834,23132.2393180029,20644.7127179406,1176.92805279934,0
4223,18906,6.97819531950163,2046.1067597143,27.075099602781,21.8283644033066,22.7926061649934,33.673564150294,28136.4857857381,23215.9854006573,1002.25369059517,0
4224,18907,6.18733096079934,3178.53381939907,24.8386503144602,15.6274496093595,16.1283285103827,24.0554922371175,34737.9722638306,14022.327681071,533.894736896964,0
4224,18908,6.05673269972972,4072.92203268641,26.2282471789415,13.3194969439109,13.6928042545153,20.4880698256329,29634.6534527624,18241.0702584059,111.536023392334,0
4224,18909,5.36651601105565,4229.34847991297,26.9429076460545,13.0458960082999,13.4086989905181,20.0664347418872,32018.5521698503,31859.3874386469,-319.42244175121,0
4224,18910,7.04115369829205,1404.8197697143,27.075099602781,29.0382657041331,30.5943738027466,44.8716467533464,28136.5114355713,23208.3911918676,1008.4795201951,0
4225,18911,5.48866207371155,4376.98875791297,26.9429076460545,12.747135414573,13.0928944297696,19.6044905526123,32013.4773743966,31844.9218923667,-309.181644982452,0
4225,18912,5.96759810437217,2570.76754094439,24.5137429535692,18.0884067087617,18.7476047825868,27.8655501332568,37102.4462314062,16160.3287729423,461.77248616314,0
4225,18913,7.02990161855447,1722.3906377143,27.075099602781,24.8335872700789,26.0364301360298,38.3388432815358,28128.9678513381,23228.8297200407,1011.8102675197,0
4225,18914,5.84756623754489,1917.75581068573,25.4102013705299,22.5541567655222,23.5511861299966,34.7934096635891,27230.1910804245,18170.4856125002,426.851901206532,0
4225,18915,9.94202005587724,2092.27182334216,26.5477889700897,21.371072050311,22.2932944300517,32.962096938674,30315.8948662691,18851.3656453561,-1155.14527384165,0
4226,18916,6.01666267278301,3749.37880094439,24.5137429535692,13.9198155644549,14.3142143980365,21.4126566770566,37075.6829322787,16168.8436563589,439.858631124059,0
4226,18917,5.17035756871878,4113.20538191298,26.9429076460545,13.2943868425105,13.6715697883125,20.450707581013,32031.1435488583,31854.5060083053,-272.380329879964,0
4226,18918,7.04730843397714,1968.8615777143,27.075099602781,22.461040084374,23.4744022240577,34.6554111209561,28143.1964705609,23212.1787751476,1000.70766121869,0
4226,18919,6.08445849079676,1556.35015886166,25.3517853998,26.3668537130362,27.6675203891915,40.7124704411339,27219.106948881,18176.7203505516,436.382530213178,0
4226,18920,8.83430242698601,1451.82182134216,26.5477889700897,28.1542409857434,29.6253508096431,43.4951493529621,30348.2499736184,18851.3078970753,-1179.95973295222,0
4227,18921,5.772745805651,3009.37301608661,26.1242047577928,16.3978142199011,16.9609186525797,25.2516603838339,25208.5226094244,23811.7993052744,156.063414728764,0
4227,18922,5.34688543987686,4314.65517791297,26.9429076460545,12.8710381524087,13.2238328769695,19.7960602107547,32023.8076164068,31870.9923682061,-321.683214382328,0
4227,18923,6.89244586609947,1793.39686857515,27.1237453894722,24.0981817299161,25.2421616162112,37.1970691777112,28145.0181537947,23196.9929600481,1034.70643443702,0
4227,18924,6.02676018592005,1388.00848468573,25.4102013705299,28.8032114944626,30.3090745303495,44.497970222706,27219.2482884511,18171.7323964203,461.52036008086,0
4227,18925,8.88939010016106,1266.25277134216,26.5477889700897,31.3204312675526,33.0660009158719,48.4168646545649,30337.7017984394,18867.1315475459,-1210.93661542015,0
4227,18926,10.2842749379597,3574.99752019412,26.7877360004018,14.6174959412245,15.0729312367776,22.4972592037357,33778.982392998,30987.7325457388,-1004.11158870505,0
4228,18927,5.62079376560236,3150.43085177699,26.516405649388,15.9273870683187,16.463504343896,24.5242469147739,25544.0152353868,27417.4571151633,9.51227399298504,0
4228,18928,6.69900674600319,1785.8695697143,27.075099602781,24.1636887363469,25.3122305930117,37.2985852059002,28166.3578157966,23213.663595585,950.386474286144,0
4228,18929,5.6878148498528,1242.54573686166,25.3517853998,31.3738409822993,33.1006389649443,48.4933758162313,27215.174063433,18175.5967183208,474.549241521679,0
4228,18930,5.66185774609248,3825.70000391297,26.9429076460545,13.9674872356165,14.3845249207584,21.4918554745384,32050.5924465442,31856.3342599803,-284.268291452814,0
4229,18931,6.85651641578221,3185.58760866233,26.5676593887477,15.810384465628,16.3393926019654,24.3432184465201,25668.5474061656,27651.4186892288,1050.72362725102,0
4229,18932,6.01127176907783,2128.40943086165,25.3517853998,20.8782322352384,21.7474086733173,32.1931863907282,27220.2924085379,18194.22188099,402.882750103835,0
4229,18933,5.67261664315934,3602.6590290074,27.5391853165754,14.6167224872153,15.0783245526806,22.4977741302209,31905.435343683,29797.1178703135,-720.773279590994,0
4230,18934,6.94243272770219,3871.39951395001,26.530291352287,13.8154294333519,14.2201331115738,21.2557357680011,25665.7038940677,27680.7535735973,1066.21850593449,0
4230,18935,5.53583239847199,2054.20332580718,26.7564163377479,21.7029582493456,22.6533062832781,33.4777991740038,27267.4551362395,23312.5070142157,-105.202655259552,0
4230,18936,5.83230003007805,4122.22695871515,27.2277753367695,13.2996440223834,13.6792238767313,20.4594141572421,31977.8178826649,29956.4808335471,-697.933989084325,0
4230,18937,5.97523129591463,1856.37863448149,25.2857306714831,23.0777366999304,24.11351231465,35.6054251669913,27225.3461176012,18157.581502309,435.920057201878,0
4231,18938,6.9500049199043,3919.59240195001,26.530291352287,13.6993825506985,14.0972076776129,21.0762330953295,25669.123887815,27676.7456481186,1047.76196049461,0
4231,18939,5.74203011725169,4965.01003889726,27.2127048619518,11.7354890971716,12.0272759134497,18.0413090640235,31968.7567393855,29947.9124384623,-689.234741849389,0
4231,18940,5.66999424240671,2604.72739959004,26.7227814243338,18.2530921728495,18.9488726156783,28.1276770080519,27267.7614171479,23293.5625507965,-98.993247631952,0
4231,18941,5.86913736477379,2237.60464248149,25.2857306714831,20.1193265607727,20.9317172858304,31.0160439793654,27221.2226429647,18183.8872212691,426.224677240364,0
4232,18942,7.16487184132631,4388.39378595001,26.530291352287,12.6908726622449,13.0305740511832,19.5167117157293,25672.2267462629,27674.5301888363,1067.47547839391,0
4232,18943,5.8125932137776,4065.84413559004,26.7227814243338,13.3796727537217,13.7601919179937,20.5821551861982,27251.8548697305,23314.587992312,-71.2166017481574,0
4232,18944,5.99166429457133,2273.37486648149,25.2857306714831,19.8893211843941,20.6849780373628,30.6594134648747,27204.1543264385,18167.3877006363,456.823591372539,0
4232,18945,5.72792072287401,4631.90548399525,27.2248381379459,12.2933087433886,12.6155668575544,18.903440862125,31962.0894234224,29955.3498250569,-699.401494956141,0
4232,18946,5.5331102282686,4753.78196937366,26.4712287172243,12.0248927325072,12.3275238084611,18.48722431457,25864.1952317963,24752.4370825205,-242.899653640811,0
4233,18947,6.07975526491578,4615.45891359004,26.7227814243338,12.2837694491197,12.6021704861657,18.8877775074275,27238.6772454229,23313.0909431746,-78.9255615717772,0
4233,18948,6.48723065508574,4908.79838627231,26.6282909836671,11.7824547681094,12.0730911120238,18.1128711311773,26375.5329721279,24724.7185886067,632.703987286447,0
4233,18949,6.15824773713923,1952.95967104117,25.2274394788557,22.2143497357318,23.1826059278971,34.2654054016149,27209.1939967281,18190.7124761482,400.313930690099,0
4233,18950,8.93371471170684,3322.76435159626,26.4371590614833,15.3379285633785,15.8354582187756,23.6114629561709,33774.2485107826,30949.5455904464,-1065.22927094306,0
4233,18951,5.56958157791215,2540.16299232026,26.1108442447204,18.4913672440317,19.1970572216488,28.4950823331279,33416.9048400725,17484.6622702482,-760.842660736593,0
4234,18952,6.32408707511274,4716.86382227231,26.6282909836671,12.0994802449209,12.4071808222197,18.6027767553195,26385.9884965575,24718.5445639087,604.131810905212,0
4234,18953,5.71285559752371,4062.55529276723,26.6675011139647,13.3820662659479,13.7623109880214,20.5857427660417,27197.314165386,23320.797505665,-55.3121347251632,0
4234,18954,5.83900268544343,1963.88456704117,25.2274394788557,22.1230797280012,23.0843595102009,34.1237945844923,27212.4089211324,18189.4262419218,399.848024001016,0
4234,18955,9.56875623323627,3800.53031759626,26.4371590614833,13.9818513603413,14.3957424773669,21.5129725195072,33811.8215369804,30930.2176457618,-999.380255483788,0
4234,18956,6.19364376367964,2952.79872450892,25.8473028913332,16.5820693287058,17.1545550745208,25.5362434639482,33344.8448640882,16867.4275498798,414.591282540286,0
4235,18957,6.42820297552864,4939.54668227231,26.6282909836671,11.7337056927597,12.0217471287568,18.0375461937155,26380.2396244407,24734.4393153115,587.461070958705,0
4235,18958,6.04161326235062,4508.62584476723,26.6675011139647,12.4736176943193,12.8021386039103,19.1811258521592,27195.6084604527,23326.5069852274,-69.3271506790644,0
4235,18959,6.11863317200551,2067.53892304117,25.2274394788557,21.3019848934055,22.2011132442472,32.8499882151401,27220.9580834609,18179.2109854102,457.162610254654,0
4235,18960,5.31404965462212,2661.46768609419,25.8249253808098,17.8430559667706,18.5003847322184,27.4895307157007,34076.6369225871,16628.4711311955,-675.436879248599,0
4236,18961,6.02559271653823,2800.20191980718,26.7564163377479,17.3390249752836,17.9717210595664,26.7113352165922,27245.1402855734,23310.792265957,-71.3949827516496,0
4236,18962,5.38783903573774,4518.4338797015,24.908750212575,12.3135222029829,12.6210424002858,18.9303117895116,35562.1886937868,15305.6808385097,-332.266667077725,0
4236,18963,6.01033052765701,1823.18545248149,25.2857306714831,23.3897174024721,24.4498649865068,36.0896289578979,27229.1781282034,18176.2143081857,445.913513731628,0
4236,18964,9.89486912501611,2378.69420660856,26.1156414512641,19.3876088284977,20.1572682930896,29.8843892640894,33854.488071473,31754.5323443016,-1142.26812745338,0
4236,18965,5.31738876111098,4704.90627477229,25.6084822308017,12.0417214701021,12.3395262173004,18.511648621382,34037.855992276,16627.0819617443,-746.498980088261,0
4237,18966,5.59394362789233,6319.6540817015,24.908750212575,9.8900031315036,10.0771195290459,15.1879506349016,35529.7525185119,15271.3981159189,-303.150834558153,0
4237,18967,5.50313044111917,2296.93607559004,26.7227814243338,19.9894557396556,20.8104065597622,30.8196413358594,27240.2175694761,23315.361543487,-71.2323506020251,0
4237,18968,5.89365230406854,1925.82363904117,25.2274394788557,22.4452338157506,23.4311971986391,34.6236522645709,27228.2595485124,18184.8338941391,414.899755428002,0
4237,18969,5.11736255415695,2431.27172686823,27.1085010762172,19.24324281768,20.0141687920981,29.6637902671769,33722.9245158724,27897.6869093059,-362.377240363635,0
4237,18970,9.20532320849483,2500.93931296549,26.0333283003573,18.6869304752322,19.4055324186156,28.7979455935293,33902.0055707617,31775.0367506931,-1145.8319508419,0
4237,18971,5.94366415157941,1849.57540817828,27.2049541786694,23.5632685703733,24.6655270601218,36.3668800994006,31718.4399590177,22492.931923215,-1026.52241229851,0
4238,18972,5.47822774019445,4817.8773497015,24.908750212575,11.8006447650891,12.0810295925939,18.1378811938146,35565.8923219956,15261.0008790224,-314.592059276946,0
4238,18973,5.87533186753019,2136.14004580718,26.7564163377479,21.0860951259711,21.9894271942664,32.5207373876617,27273.2970909922,23310.4592138622,-62.5062691524895,0
4238,18974,5.61409940738685,2138.0092137242,26.8759091162564,21.0946627297233,22.0001881068581,32.5344551261097,34239.2896915149,27211.1708563059,-407.185656576594,0
4238,18975,9.3422402910288,2560.60774696549,26.0333283003573,18.3736225411417,19.070155944139,28.3123535135042,33906.283393959,31729.5033870773,-1220.78316545129,0
4238,18976,6.19203204767948,1587.33385217828,27.2049541786694,26.4602122743525,27.7993906217069,40.8660200116474,31714.1843199953,22527.2622555986,-1038.93186922651,0
4238,18977,6.05575932161086,2572.22066104117,25.2274394788557,18.1912469230528,18.8658447072068,28.0271875733477,27194.1238864511,18159.043897632,495.074737477085,0
4239,18978,5.32855033350734,4825.4983457015,24.908750212575,11.7883303214772,12.0680740369933,18.1188573916952,35570.1042655901,15276.78059038,-287.809737714138,0
4239,18979,5.79693405265238,3758.48543143354,24.9842698152749,13.9443327708724,14.3441243091339,21.4516659059962,26371.1667315926,18360.2894176719,300.217108722878,0
4239,18980,5.50458141255165,3316.24907380718,26.7564163377479,15.394906042772,15.8989265214201,23.7004537550265,27253.661353427,23314.5288631128,-79.2417253698822,0
4239,18981,5.37571612402401,2878.16356781309,26.9454252326644,17.0295354695328,17.6430670002664,26.2323881412112,34211.8008683099,27213.436288129,-388.881038098562,0
4239,18982,5.66109383802082,5917.11933116619,27.2979504571578,10.460082353633,10.6867588470703,16.0713683242268,32102.3506402807,29380.1586835284,-447.223894912055,0
4239,18983,5.9783579138832,1885.85223017828,27.2049541786694,23.2225416244538,24.297677352728,35.8379191292917,31705.0863337633,22519.3567301464,-990.528604351921,0
4240,18984,5.8626432496359,3549.52331310556,25.0453957591842,14.5057737395802,14.9394548977295,22.320277555578,26401.9467885397,18375.7982359666,289.407723822452,0
4240,18985,5.7347349899908,5095.78380977259,24.6300607551112,11.3527904584608,11.6083991768397,17.4456155334182,35718.7999926004,15128.5157869744,116.332490202743,0
4240,18986,5.91148271980858,4086.28618840452,26.6246612931405,13.3254536194033,13.7020833178686,20.4981020901832,27253.1580273586,23291.9678232472,-61.7543219414429,0
4240,18987,6.18319866938011,2081.120858355,27.0734906244602,21.5557680740428,22.4990213528015,33.2505723110311,31721.4235039265,22543.3767787127,-1060.53790966319,0
4241,18988,5.8447213850612,3670.75441710556,25.0453957591842,14.1766746658482,14.5906847292774,21.811178256478,26399.9863676027,18368.3207032766,262.174003732984,0
4241,18989,5.72270415395744,3558.96368271401,26.5996116830787,14.6433012292511,15.0987500849231,22.5367574473366,27235.5882415041,23287.600347037,-26.0504822807877,0
4241,18990,6.00095948859309,2032.399346355,27.0734906244602,21.9370340533808,22.9096463347505,33.8421896007526,31706.225165686,22512.6591910377,-986.384985799769,0
4241,18991,6.05307906714984,2008.13507777259,24.6300607551112,21.6409207819506,22.5570555826529,33.3734095284445,35747.4875096797,15087.2636939751,203.347981487015,0
4242,18992,5.84745235339299,3608.35475910556,25.0453957591842,14.3435795138852,14.7675289742366,22.069361320064,26402.9052175983,18367.6331104154,284.309299535632,0
4242,18993,8.5250130639183,4148.08348174626,27.0597180562125,13.2286482073759,13.6028626571739,20.3492779747508,28489.9120661593,25223.651877873,-1302.38252965949,0
4242,18994,5.42609457218726,2765.76337071401,26.5996116830787,17.4705503446557,18.1106241036809,26.9146646531314,27247.3212235572,23306.2473185112,-44.835726650517,0
4243,18995,8.01473334622282,6370.35154358365,27.0635816141395,9.95760984327501,10.1588595804347,15.2953279959154,28436.8527592165,25262.8087416461,-1337.74215181587,0
4243,18996,6.46031617039328,3426.51395053459,27.104325396061,15.0868508630386,15.5743446355684,23.2244287850671,31661.0416001639,22526.5855417863,-1179.97963724235,0
4244,18997,5.73762574627021,3291.69546660899,24.5147751272305,15.2159415445665,15.6880586046484,23.4177641885649,36357.4064316616,15958.4363514544,-54.1505880750944,0
4244,18998,6.57123338829529,2124.46346682526,25.214490196569,20.8804042134157,21.7478862698331,32.196043116826,22193.1986053993,24040.2131773116,644.916377858074,0
4244,18999,7.58214149910333,3576.35682853459,27.104325396061,14.6463362387825,15.1061991794143,22.5426183814232,31660.2036269456,22544.7617288091,-1203.12120133077,0
4245,19000,5.69484000928657,4733.71566060899,24.5147751272305,11.9082997682176,12.1916168855196,18.3034529209751,36365.0609319893,15931.7644057173,-28.5201431685163,0
4245,19001,6.50394613501902,3717.71417682526,25.214490196569,14.0715466245229,14.4807589971383,21.6489600222831,22209.2109541083,24039.2502278537,667.862846317026,0
4245,19002,5.50047522638739,3808.05171815231,26.9967289181388,14.0169518137859,14.4373935946795,21.5684978825946,32868.8706864213,22733.312483347,-636.23671434353,0
4245,19003,5.36354175505188,3966.71556730857,26.9953824421241,13.6311934151685,14.0285554857155,20.9717434964083,30920.3498998747,22043.1723865355,29.5616494225184,0
4246,19004,6.28461052206446,3551.39585082526,25.214490196569,14.5185906513693,14.954526127964,22.3405146711206,22193.0683079288,24057.6434414663,644.39434652676,0
4246,19005,7.62502352199161,5955.02396451592,24.1829933992191,10.2317695527157,10.4305690483094,15.7142398480906,36781.0924925278,15636.1132701678,963.711249844637,0
4246,19006,5.46601508979741,2980.95339215231,26.9967289181388,16.6186663878097,17.2050019028379,25.5960693559044,32876.2819389156,22703.2702116351,-646.891106737118,0
4246,19007,5.6885274856538,3208.03184776696,27.0254063361448,15.786568348882,16.3182553648758,24.3075061280398,30910.0866515142,22055.2221965808,-37.9311417413845,0
4247,19008,7.02713004816008,6048.34126289504,24.1403008951799,10.127417313073,10.3211879631709,15.5531426709957,36824.900952827,15643.008438257,936.831419337229,0
4247,19009,6.24724600072488,3160.80879282526,25.214490196569,15.733985245843,16.2452498408994,24.2214037203342,22212.3120430595,24057.0013971775,672.31339182084,0
4247,19010,5.17722862491453,3476.56041815231,26.9967289181388,14.9244471657584,15.4007781719382,22.9727981833877,32863.832284507,22708.1041290886,-644.517170327677,0
4247,19011,10.6522068694278,4315.59857373611,27.0477596593497,12.8778934111881,13.2318184669081,19.8068636129151,31730.0762886911,22314.7304091347,-1323.37755277372,0
4248,19012,6.97615010634349,6279.01956089504,24.1403008951799,9.88725166672433,10.0701562000656,15.182574473506,36805.3312279971,15623.5176174658,943.636483728011,0
4248,19013,6.20954181811117,3507.56411082526,25.214490196569,14.6427534266342,15.0862073276327,22.5326146676613,22183.0063259026,24051.5442245188,638.442864098974,0
4248,19014,5.74043529215846,3036.1398716896,26.9639991563512,16.4010822970455,16.9725858881015,25.2589755197564,30887.8312173917,21777.4587130835,85.883363726931,0
4248,19015,5.461806606789,2724.73588511539,27.0606999130582,17.7221825128982,18.384475680003,27.3059041362005,32628.3929285129,23115.7609562017,-272.424083190911,0
4248,19016,8.27928145312107,1550.9742258424,27.1491072948475,26.9199181136251,28.2967375274372,41.5799911730987,29191.5430524501,26895.524347381,-1201.76930859637,0
4249,19017,7.12356170678239,6787.86421289504,24.1403008951799,9.40816831978373,9.57004751317207,14.4435420610934,36824.6129357539,15614.1440587535,955.54944524726,0
4249,19018,5.24909398370209,2733.44789745041,27.0841479014301,17.6851190114004,18.3450842513857,27.2485378300662,32603.5597639444,23137.8580072525,-282.011600519484,0
4249,19019,5.74149557667666,2504.4983096896,26.9639991563512,18.8124428665828,19.5506397473109,28.9954399001954,30917.7533281337,21771.5289601518,106.071943789791,0
4249,19020,8.91369412032611,1497.8254878424,27.1491072948475,27.6522693973112,29.090977119397,42.7179459386997,29164.0452294306,26917.8941528526,-1190.27073265783,0
4250,19021,5.86153889562902,3202.95042876403,26.7934264984975,15.7769601715737,16.3058936331309,24.2920425829937,33113.3529382767,30268.6786145913,230.144668232532,0
4250,19022,5.3398396150026,3595.5728177557,26.9998645776016,14.5815553691381,15.0365340015354,22.4421270380042,32595.3436864609,23126.5517115,-196.55592699242,0
4250,19023,8.98101695589692,2214.21576251707,26.8999521262635,20.5635294386325,21.4293405496869,31.7106165320843,29142.9506290341,26863.4743530256,-1244.26159023297,0
4250,19024,5.65749128475236,3405.9433306128,26.8587237822052,15.1232985149061,15.6109681768453,23.2802597105632,30918.4611493304,21779.1673318557,80.7728687926191,0
4251,19025,5.93892090520609,4559.60242806713,25.2184264356672,12.2644753249434,12.571541971581,18.855121908463,36344.2506696456,20498.4586300422,151.770704013218,0
4251,19026,5.91058147427413,4275.63865476403,26.7934264984975,12.9376027143723,13.2931312804889,19.8986892632408,33136.855977338,30274.0341999647,236.485674552997,0
4251,19027,6.25241468100625,3291.85411044576,25.1060521289107,15.2845271152662,15.7664772387101,23.5254417435009,31833.0856728666,15174.7237362726,380.906044346758,0
4251,19028,9.33266534714086,5970.04850096059,25.7768154199702,10.3105767838258,10.5218811452022,15.8383082258247,35965.3030260597,27248.9954807465,-1090.61278044328,0
4251,19029,5.34430002375691,2049.22180333862,26.9822948653772,21.7858056233258,22.7455332702681,33.6071833182361,32696.8613901868,23023.3471408078,-272.567922093187,0
4251,19030,6.00231304546916,4083.66856810138,26.5274069528639,13.3225563318333,13.6982907734079,20.4934211147057,34885.6034176656,27396.0553245504,640.787932240278,0
4251,19031,5.33374093751442,2122.17508757811,26.6815655753312,21.1740922072532,22.0831174356382,32.6569846965335,30724.63891392,21024.3488394347,62.3864507863116,0
4252,19032,5.76694513603524,4413.34978806713,25.2184264356672,12.5340371828663,12.855722652059,19.2717110186235,36336.5469760768,20504.0608126833,136.651082609601,0
4252,19033,5.94438230864891,4486.97812476403,26.7934264984975,12.5240641847538,12.8562546250316,19.2593447308054,33139.5100684613,30290.9408910304,221.799847180344,0
4252,19034,5.87266828588995,2364.32893157811,26.6815655753312,19.5667328590372,20.3561833969721,30.1639901053896,30628.4423500463,20987.9273682029,253.246883846906,0
4252,19035,5.40962594666834,1800.30027515501,26.9674287315505,23.9934347333163,25.1266919110598,37.0337947029873,32724.6378973779,22976.4388362801,-298.528739103153,0
4252,19036,9.827439390667,4487.74275296059,25.7768154199702,12.4405660153474,12.7611027898622,19.1283392492184,35996.6537338677,27240.2001413766,-1102.7189832646,0
4252,19037,8.85872505279334,1474.84877147923,26.9226501764414,27.9205478842237,29.3782316300446,43.1337823511993,29165.3558376691,26905.3008395709,-1195.29173365949,0
4253,19038,5.82142351074382,5210.62032876403,26.7934264984975,11.3373273634833,11.6055533741809,17.4254334298051,33132.7432269833,30287.2181184282,201.216596254243,0
4253,19039,5.83415447422329,4055.86780806713,25.2184264356672,13.2653560474973,13.6278236789104,20.4022205117756,36325.6166222437,20494.7404269633,146.63255646446,0
4253,19040,6.81541451568465,3200.22705768801,24.8402553208817,15.5541724249562,16.0504592855557,23.9420779901551,27729.2712201091,16676.9962594434,954.567566804037,0
4253,19041,8.72524149518495,4769.95235928202,24.3383403978745,11.8347921381647,12.1130789192804,18.1895634504593,36533.3013056735,15656.5841791343,-1256.10398946761,0
4253,19042,5.7659259370568,1585.24728557811,26.6815655753312,26.3508360411655,27.6724311537409,40.6937559716314,30602.2259245559,20969.6138085804,259.734946989985,0
4253,19043,8.50802123591668,1939.02469547923,26.9226501764414,22.6865689048431,23.7154757257153,35.0048660317329,29148.6392406982,26900.9375544804,-1279.10437987158,0
4254,19044,5.94332255756808,5355.15494076403,26.7934264984975,11.1346670313577,11.392436098098,17.112382055008,33127.9178171643,30281.3540741353,222.33301218178,0
4254,19045,7.08213337056338,2769.90509568801,24.8402553208817,17.2054334173536,17.8086969652329,26.4987683552937,27745.9511569196,16693.30610753,948.543343681405,0
4254,19046,10.2684505230347,3949.2015257635,24.6472060279737,13.4520972891171,13.8206705275526,20.6897064986914,35944.4029615275,15483.5185800178,-1092.06954491439,0
4255,19047,6.02697994810845,5330.17745676403,26.7934264984975,11.1689938583481,11.4285242391329,17.1654043283314,33136.0692847782,30279.5416791268,204.057846283868,0
4255,19048,9.89662950288896,4447.755382887,24.5673248909765,12.4150067012469,12.725528010567,19.0864586948402,36001.852805259,15519.9611196216,-1088.48000664996,0
4255,19049,8.89062275421309,2241.50775347923,26.9226501764414,20.3839544958497,21.23662639673,31.4321584534064,29156.9465694128,26901.8481395753,-1188.26151656431,0
4256,19050,5.78654575931965,5756.62284276403,26.7934264984975,10.6192300088725,10.8510460292026,16.3163574231575,33136.7855294151,30297.5214057861,249.732005222373,0
4256,19051,10.0848759443799,4391.72754346945,24.6084218756174,12.5237574608165,12.8404472183355,19.2546001751829,35987.6976525586,15533.2308219984,-1127.79180925244,0
4257,19052,5.82436215274934,4616.24871876403,26.7934264984975,12.2878509444117,12.6069482155983,18.8942161410126,33147.1222591355,30304.5203004135,252.56413520273,0
4257,19053,8.99714880558373,1606.63032947923,26.9226501764414,26.1444926993261,27.4528354699669,40.3742939772201,29187.1091821874,26885.0108311668,-1301.99117990253,0
4258,19054,5.68014325775152,8210.59103464651,26.4040576702098,8.44167978917377,8.57329104738051,12.9559994865989,34507.4735573237,29902.9842614258,-62.0316241463287,0
4258,19055,8.93647678172721,1276.17425147923,26.9226501764414,31.2540602762615,33.0008834590821,48.3156434757788,29141.8868427474,26909.112008057,-1238.39469267771,0
4259,19056,5.8196661293438,5028.80317864651,26.4040576702098,11.5793166620974,11.857798996685,17.7986208125097,34439.7928073674,29892.4693200464,73.6751264548565,0
4259,19057,6.26904843577093,1517.51190711396,26.8194606554497,27.2853081715553,28.687443272792,42.1462041917962,31252.0372495346,21428.9592436028,186.048046618943,0
4259,19058,6.12143473025276,2379.45127817268,24.9144781738721,19.1826164609443,19.9228929798048,29.5625546012547,26745.8532509194,17647.0151315824,628.405666114933,0
4259,19059,9.00814048131555,1649.53697747923,26.9226501764414,25.6244142662087,26.8897245099091,39.5664374683606,29192.6102242949,26865.723713463,-1196.05730853062,0
4260,19060,5.83185844037558,5615.98934194823,26.3554766280515,10.7649841721538,11.0015862241468,16.5407506202411,34417.4448150556,29894.0522572753,70.5252122178467,0
4260,19061,6.29424692318212,2341.24557225817,25.0084013481124,19.4234154007531,20.1820080962297,29.9361396688407,26753.3333259976,17645.7896240919,640.327194825019,0
4260,19062,8.59456719066054,1739.14181020847,26.9349273130591,24.61957783172,25.8028950831325,38.0059134428051,29127.129198726,26873.8385997908,-1231.86253204761,0
4261,19063,5.83813298240362,5242.45040794823,26.3554766280515,11.262262426763,11.5239840615533,17.3087535609236,34418.6606003702,29885.5056098445,102.220237745446,0
4261,19064,8.70977086253979,1629.49638220847,26.9349273130591,25.8671971328488,27.1527493932966,39.9436030991301,29143.0940382672,26924.8744923167,-1280.39397564167,0
4262,19065,5.82630636575274,5269.32212794823,26.3554766280515,11.2244149638815,11.4841947392525,17.2502932321371,34427.0029470848,29899.9181977763,59.7055755363622,0
4262,19066,9.03068570045526,1770.70506820847,26.9349273130591,24.2875127838036,25.4439613202804,37.4902767593489,29111.7363917981,26917.0234659522,-1345.679834867,0
4263,19067,5.54840246145643,2129.95634794823,26.3554766280515,21.0562841498445,21.9521391601085,32.4730493202129,34436.9030679146,29912.7682145114,123.727651469725,0
4263,19068,8.77112061254409,1928.43325420847,26.9349273130591,22.7819462888895,23.8185072654228,35.1529510311521,29150.9527524279,26919.9237864244,-1268.09569312916,0
4264,19069,8.47178514426735,1176.48764020847,26.9349273130591,33.3351300197626,35.2677272682352,51.5521252692788,29180.2753753855,26878.4819125191,-1306.70758939794,0
4264,19070,6.76974749528411,1653.89816736595,24.149253543192,24.8725546118606,26.031538747403,38.3863447347092,31128.2760494611,12899.3096090243,706.642669474015,0
4265,19071,6.46098852553212,2241.92628936595,24.149253543192,19.8858116273365,20.6663616445036,30.6498775929955,31129.5622538058,12899.1876760261,696.532017448721,0
4265,19072,7.16264065530907,2527.45783837573,25.2293600390796,18.4208755343878,19.1114276172703,28.3830250833344,22083.5835641182,24275.0775842489,1017.54053727617,0
4265,19073,5.78959688439666,1653.97690255944,26.1509641348478,25.379893488529,26.6128865338012,39.1832687572246,35407.9791212716,28222.1741835544,194.755088445859,0
4265,19074,9.08520249404229,1554.34563459769,26.9144705911394,26.8127647376153,28.176743485784,41.4124427961927,29125.6552086653,26887.8796436948,-1243.02657338051,0
4266,19075,5.95074446620972,3191.72209255944,26.1509641348478,15.7398585372558,16.2604243480626,24.2329545168642,35420.3660719011,28233.1204286476,182.641780159291,0
4266,19076,7.06148326247123,3101.38932037573,25.2293600390796,15.9449292400531,16.469795969679,24.5479962089719,22096.2380212639,24277.9585113875,1033.76113341964,0
4266,19077,6.55348630310919,2300.64760536595,24.149253543192,19.5189852978263,20.2733691603231,30.0812470218839,31104.116557863,12906.5256302934,719.714473716069,0
4266,19078,8.60512138560061,1542.91217620847,26.9349273130591,26.9705790575549,28.3481408748953,41.6577283526497,29186.7298927298,26897.9903845821,-1249.63794572489,0
4267,19079,6.44301078151459,2910.11379669004,24.1903294848793,16.5309570766647,17.0828848979959,25.4523548551531,34166.6702580974,12836.410662821,845.416255740603,0
4267,19080,7.38423166966147,3012.91087837573,25.2293600390796,16.2702117604575,16.8160439267539,25.0516098223666,22099.5081604126,24273.2973158212,1043.36433169982,0
4267,19081,5.39230280041733,3334.63018412,26.1056740448013,15.2626362292041,15.7524146059642,23.4940944012856,35587.5884468221,27580.8825387631,96.7589193904898,0
4267,19082,6.81310761252111,2316.90279336595,24.149253543192,19.4204772234054,20.1678782580185,29.928558321393,31112.9402290609,12921.1742628961,690.098030559219,0
4267,19083,8.67574404974265,1565.29255659769,26.9144705911394,26.6688968454915,28.0208256744629,41.1889261836608,29117.7947521774,26880.2097523061,-1268.05574809726,0
4268,19084,5.83865639200963,3557.68748612,26.1056740448013,14.5952182118914,15.0435150863921,22.4611971304957,35582.8747847418,27598.6904338431,155.24681941649,0
4268,19085,6.87586749430941,3230.81409637573,25.2293600390796,15.4983792310202,15.9948865901916,23.8567482501917,22102.4302845607,24282.7581141901,1035.66227802194,0
4268,19086,6.88095331477662,2857.52138598259,24.1136217096559,16.7324633451448,17.2966322473032,25.764128168651,34168.9334968255,12826.3266155459,823.840467505778,0
4268,19087,6.60580624786528,2212.47752736595,24.149253543192,20.0765396837152,20.8707948575981,30.9455598119998,31117.3887643918,12921.086494038,719.459803431962,0
4269,19088,7.12257292953789,3439.09195237573,25.2293600390796,14.8440678749505,15.2999330530728,22.8441416622194,22099.2069128684,24270.8905120589,1032.55357489262,0
4269,19089,6.48378512667892,2166.48723936595,24.149253543192,20.3839812927576,21.2004700248518,31.4222203113327,31120.4858437234,12911.9438995679,724.998168454793,0
4269,19090,8.63477896253041,1651.23604420847,26.9349273130591,25.6073930289361,26.8714934098347,39.5400527988342,29128.4812412025,26880.9345777827,-1231.60817468918,0
4270,19091,7.15803154235419,3448.23835202623,25.2680073027579,14.821234923866,15.2760484023107,22.808906548164,22102.3121029549,24253.8435311533,1045.9267071419,0
4270,19092,6.53572629271638,2703.41307176522,24.0273439810006,17.3837996628098,17.989841138156,26.7725198331223,31123.0953309778,12896.8996160098,735.114177129817,0
4270,19093,9.04830493211179,1480.35596506414,27.0828266006665,27.8853035240545,29.3427076909239,43.0797673674063,29169.3154504802,26914.3379850729,-1218.62296938822,0
4271,19094,7.0380007333094,3370.24428602623,25.2680073027579,15.0566186434962,15.5259185324252,23.1731474537799,22109.5523128018,24267.2189102723,1043.97765861109,0
4271,19095,6.64415406416029,2281.28478176522,24.0273439810006,19.6162139701691,20.3759024152387,30.2315151227927,31138.8335854336,12924.5137382238,745.475205409092,0
4271,19096,8.37375100674372,1545.28861306414,27.0828266006665,26.9782782069936,28.3589210626514,41.6703656669754,29133.8704285364,26897.2107124336,-1290.82839246612,0
4272,19097,6.91768157017345,3637.2791177056,25.2887397341082,14.2908509566845,14.7137394639499,21.988369034637,22087.843885399,24280.4887970345,1026.26713186542,0
4272,19098,6.55804309380313,2019.30753776522,24.0273439810006,21.4297103291121,22.3213140215179,33.0433914009942,31118.9044697346,12907.8769160505,703.567763863019,0
4272,19099,8.57460252110812,1608.23892106414,27.0828266006665,26.1654464352722,27.4780917699591,40.407554195567,29164.1517523971,26887.9536171501,-1280.22729365135,0
4273,19100,7.0297166444193,2824.10961602623,25.2680073027579,17.0314699131134,17.6277578525875,26.2305989888535,22115.1623696429,24258.4907140483,1073.48653714308,0
4273,19101,6.59630712111725,2216.33010776522,24.0273439810006,20.0287933640578,20.8179663206046,30.8710843508394,31117.0312940008,12890.277028217,707.471052458649,0
4273,19102,9.08661113603534,1701.95955106414,27.0828266006665,25.0610638441884,26.2825988477908,38.6921532721918,29146.3181000426,26884.3670228382,-1278.85561152535,0
4274,19103,7.13893572867913,3081.9596057056,25.2887397341082,16.0223278057202,16.5527471640666,24.667982696622,22101.1646443854,24280.8019547358,1071.93626042099,0
4274,19104,6.35591581447297,1920.52092776522,24.0273439810006,22.2321332664704,23.1839291287139,34.2880785243589,31140.3036334497,12919.7792703904,709.607812835059,0
4274,19105,8.97972380278241,2782.477918496,27.0680988786663,17.4601862001037,18.1044258094508,26.8999502112475,29154.8330728898,26900.6115084344,-1237.53130283598,0
4274,19106,8.71759177870213,2155.51081017063,27.1318164959712,21.0154094558483,21.9182057668378,32.4124079759127,29996.953548959,26377.9888021027,179.153679216646,0
4275,19107,6.40536520728346,6575.13666809936,25.3754560300863,9.66721566958328,9.84667138201116,14.8448656145608,22869.3887672078,23464.9222109055,209.695960245799,0
4275,19108,6.32391340345263,2287.80447776522,24.0273439810006,19.5759978842189,20.3328296212773,30.1691780526647,31117.5604878418,12906.030952747,686.462287198356,0
4275,19109,9.28451454197614,3410.91283906414,27.0828266006665,15.1323947051956,15.6225878868228,23.2948763341753,29154.8939024386,26901.0042467612,-1236.36194722645,0
4276,19110,6.4935660162548,6267.34534409936,25.3754560300863,9.96929959944608,10.1624887873411,15.3109898903199,22883.2853837976,23437.8320655871,191.996052956588,0
4276,19111,6.34405945829909,2088.55728176522,24.0273439810006,20.9094002257455,21.7625546076828,32.2364687486755,31101.7461782807,12912.4728511741,721.651116545001,0
4276,19112,8.86164993381301,4034.22661306414,27.0828266006665,13.483281433477,13.8725650380184,20.7431412985179,29170.0718487285,26870.8063216122,-1154.3949018113,0
4277,19113,5.85135393389753,3965.84860409936,25.3754560300863,13.4827807722133,13.8589232236479,20.7387533113677,22921.9340252572,23428.5305201552,189.933647015529,0
4277,19114,7.36530474998348,3162.65741194689,25.351901385066,15.7442743762666,16.2575211999215,24.2376970210267,36505.1477648997,26214.0494860405,1159.44210037562,0
4277,19115,6.36038983866078,2201.00001176522,24.0273439810006,20.1294458859277,20.9258603059506,31.0271265800936,31122.5618564319,12935.3155096062,692.210080568886,0
4277,19116,8.94597984282429,2032.21739506414,27.0828266006665,21.9403149156463,22.9133055718576,33.8473153058328,29166.8961610161,26912.2698864635,-1248.43281508736,0
4277,19117,5.65534014405971,2218.06805362895,26.8536998823215,20.5291599001502,21.3918188326959,31.6571454888696,31371.4830792122,30216.7562433819,-750.280290997808,0
4278,19118,5.92155511476167,3852.65198181373,25.4190679919195,13.754345294334,14.146593406297,21.1588154610166,22926.5075896778,23407.6234537343,168.341692535569,0
4278,19119,7.40604743984452,3696.43549594689,25.351901385066,14.1407114100727,14.5551804636122,21.7562637340041,36501.8994713035,26211.2986449411,1163.7529540239,0
4278,19120,6.79382259480565,2615.39717576522,24.0273439810006,17.7945519309697,18.4280794000306,27.4087395723772,31108.8592413597,12919.5158370889,697.937328842505,0
4278,19121,8.78274150511413,1963.69450906414,27.0828266006665,22.5065931238821,23.5236220909878,34.7261407730621,29144.9455733182,26902.9951888759,-1235.80050461668,0
4278,19122,5.37735161403642,2670.74640562895,26.8536998823215,17.9478361164414,18.623645391978,27.6549862692704,31404.4795318082,30186.9239403727,-710.882936524949,0
4279,19123,6.00033425051062,4169.85341609936,25.3754560300863,13.0339838701253,13.3845635791003,20.0448338302216,22892.530056637,23403.4685022683,168.381702816436,0
4279,19124,7.28722251623988,3842.64408394689,25.351901385066,13.7721340863087,14.1648769588295,21.1861771576515,36482.9672275067,26225.4786292726,1216.96503290718,0
4279,19125,8.77666497241579,2624.49653506414,27.0828266006665,18.207219155645,18.9037030852568,28.0576632657086,29161.197763931,26891.5698262583,-1249.35110609895,0
4279,19126,5.36713591433269,2948.42757864031,26.7640519266589,16.7180458948144,17.3087537053238,25.7493722088807,31386.9101284469,30216.5322691813,-764.198010205644,0
4280,19127,5.9522402732379,5759.06122562548,25.7775626174276,10.5542420279036,10.7772546073813,16.2144635979976,36148.1910881092,26011.1462259328,335.690342003968,0
4280,19128,6.05190144194245,3670.76371253646,25.4840919536456,14.2216895083327,14.6420999169465,21.8818360834604,22902.4010258569,23390.5798896666,153.302265553426,0
4280,19129,7.76711293701083,4445.63925380064,24.5380643799228,12.4164898486249,12.7268781228647,19.0886919037123,34585.3330320088,14039.103854455,1212.19685459126,0
4280,19130,8.28233759077929,2357.60881399716,27.3758240317951,19.7218824746007,20.5309394636062,30.4068486836797,29146.790106755,26900.0203285329,-1324.2456966673,0
4281,19131,5.82208408957099,6146.56687512102,25.8907195738652,10.1245867754273,10.3277040291197,15.551395252287,36138.7968203372,25993.8748828398,369.69291483145,0
4281,19132,5.96608893438806,3996.63838253646,25.4840919536456,13.4225312948312,13.7960588120605,20.6458221485052,22914.8643430481,23404.5547658375,197.705326027503,0
4281,19133,7.61038076549588,4178.28766580064,24.5380643799228,12.9415877492592,13.2806280663638,19.9002421211081,34596.8348627442,14040.590656186,1268.08948475257,0
4281,19134,7.68301707109057,3545.56078482705,25.6330235426909,14.5795343267547,15.022807140697,22.4358091926448,21619.610916464,29630.8804576601,1237.90554124048,0
4281,19135,9.11093775862652,2272.56642799716,27.3758240317951,20.2579288930565,21.1067524621792,31.2382190498164,29162.557369128,26909.1088343749,-1226.498404129,0
4282,19136,6.11876724138827,5530.91814912102,25.8907195738652,10.8432473010243,11.0810740796623,16.66086763257,36116.7922062614,25953.0320439058,335.501992187243,0
4282,19137,6.08952303248072,4192.51560053646,25.4840919536456,12.9961294031087,13.3453958277318,19.9865364595602,22913.4320583581,23406.8922315477,168.855216379869,0
4282,19138,9.41268225182474,4662.63344344223,25.1105905553505,12.0751525111398,12.3713486411833,18.5623699157983,24766.1828150779,19712.9184040733,-1104.69753094755,0
4283,19139,5.90032049249222,4058.42251780873,25.5281928071303,13.288088221167,13.6542485196843,20.4380294997159,36483.6527527836,24954.3114712612,512.97076665693,0
4283,19140,7.56599574664543,3987.91694780064,24.5380643799228,13.3535542194422,13.7156552644465,20.5371045246676,34598.6535729712,14027.4724081301,1246.19515309955,0
4283,19141,9.25394312164577,4671.22358344223,25.1105905553505,12.0604126744038,12.3558261086982,18.5395950864268,24790.6782911639,19714.8438677629,-1140.0584968484,0
4283,19142,8.36757173591036,3543.50069729932,25.006420717063,14.5184732044829,14.9525764798398,22.3398301281203,26813.1040807777,18189.8482904818,-1375.40120553481,0
4283,19143,5.5001423750219,3458.89997769882,26.2360247622879,14.8953073026304,15.3632512197365,22.9258899374536,34601.9615765247,22438.8665271734,-633.460988489652,0
4284,19144,6.21804662131528,5698.43442580873,25.5281928071303,10.6116129118853,10.8360004232766,16.3026473399515,36469.9785264646,24938.7065401539,474.142403675281,0
4284,19145,8.96242488363623,4513.17843009383,25.1464155106389,12.3424843546437,12.653249446987,18.9755326932913,24835.0416119187,19736.7512104391,-1112.37537535267,0
4284,19146,6.47309946765242,6011.42968739533,26.1632567265265,10.2871661375427,10.4994325119214,15.8027451245171,35178.9879627068,23135.0217436214,-494.523073873067,0
4285,19147,8.4174167397905,4302.27948009383,25.1464155106389,12.7434326811645,13.0760986082912,19.5952133499327,24850.5759919466,19723.0091466149,-1133.31780778897,0
4285,19148,9.34063563439216,4436.75114039869,26.4245137175653,12.5891285125016,12.9223997748746,19.359221971495,34548.2526694192,23421.3919035643,371.990541539021,0
4286,19149,7.23081753625205,4874.63299060203,26.8579016108097,11.8540465465302,12.1499696171707,18.2238987844148,33673.6878970656,24192.7653110384,1093.64887846375,0
4286,19150,8.95578763931865,4813.68775144223,25.1105905553505,11.8227808151699,12.1056723909114,18.1724515706973,24823.5186160012,19710.2390645193,-1176.67667727625,0
4286,19151,8.21932245165395,5513.49239730554,26.0939741365303,10.8787232702199,11.1194896190837,16.7159742203612,34737.7252773053,21679.8868493882,571.031249580867,0
4287,19152,6.64549007918443,5445.46884615222,26.8970227707414,11.0195558243579,11.2720436431307,16.9347502810687,33495.9496499492,24203.1188399335,888.207870539713,0
4287,19153,6.63568881960611,5951.26962795298,25.2883938484315,10.3025601319609,10.5108186939118,15.8251971285305,25862.3146331709,19555.4641567212,603.746608552985,0
4287,19154,5.29540228732785,2642.59402993263,25.8735350589074,17.9408909893608,18.6055066081436,27.6412727819804,33442.6304839852,19386.2384403776,-334.586242704908,0
4287,19155,6.2688898113491,6312.09392300236,24.8915291178033,9.89663249887463,10.0839592761275,15.1981547684682,24432.2838519808,19287.8422300845,651.07542986228,0
4287,19156,5.53455690085417,5038.60529131325,26.3284967696518,11.5590541641499,11.8360035029257,17.7671866307552,34571.8036077324,22467.7138601973,-560.604636518675,0
4288,19157,6.88084462547292,5981.58168615222,26.8970227707414,10.3632389892662,10.5830641245582,15.9212604215695,33501.5477026914,24193.9921660584,885.504632948793,0
4288,19158,5.38501315497957,2807.32648393263,25.8735350589074,17.1869316629543,17.8000664682914,26.4731707749625,33436.1618306493,19380.6621405082,-401.373514707538,0
4288,19159,6.2304981210844,7090.85081595298,25.2883938484315,9.20844358234615,9.36730720992638,14.1370385824914,25851.6929907359,19567.4369675493,656.577620488468,0
4288,19160,6.29109176868434,7316.36939300236,24.8915291178033,9.00854135474374,9.15706673992815,13.8282360387868,24461.6933571741,19263.5938858108,596.078389974007,0
4288,19161,5.38769728184554,5238.20430969882,26.2360247622879,11.2601648451166,11.5210595569279,17.3053149854016,34597.5975721466,22435.7175678836,-545.16990862188,0
4288,19162,5.68663928109219,925.096374705898,26.9308475699186,40.4718336507862,43.0635158263312,62.657521039354,27670.6650687057,24890.3922308506,-229.145527559105,0
4289,19163,7.38960820584113,3986.47257056081,25.3924148840632,13.4371267657789,13.8107751185902,20.6681934741799,35084.9950609976,31373.6215646927,1212.28848902503,0
4289,19164,6.82922523317216,6535.27127415222,26.8970227707414,9.78584525589536,9.97823528985893,15.0300002507002,33502.0506301272,24204.9035411737,889.819444935354,0
4289,19165,7.67043733424791,3880.38601580064,24.5380643799228,13.6021726072668,13.9784313645481,20.9215117018966,34570.3957033038,14059.4486056043,1270.49687599508,0
4289,19166,5.32899698475753,3094.94877993846,25.8992328492968,16.0510191707921,16.5892662534394,24.714050283088,33415.6241090192,19387.291784202,-370.92955938002,0
4289,19167,9.18874800205148,5431.78416218437,25.0890609736886,10.9193964675378,11.1562626266742,16.777145598204,25475.9467473272,19037.3388346925,-1105.77196898108,0
4289,19168,10.461690399984,5756.90244135109,26.799165479744,10.6192412958328,10.8510892723686,16.3163835252275,34203.2375642664,25954.2781099172,-1000.15954383169,0
4289,19169,5.73726560581721,5430.82167969882,26.2360247622879,10.9961530578628,11.2436293588347,16.8975493105824,34570.5053681583,22427.7597550367,-621.880818612012,0
4290,19170,7.44691334207111,4015.39221389615,25.4431713843744,13.3763086436053,13.7468615838819,20.5742595644884,35078.2491006279,31398.692184077,1167.8076632113,0
4290,19171,6.76052358337664,5679.47156244641,27.1339404412628,10.7342030897022,10.9736082673078,16.4944155950474,33495.1460698407,24204.3426991337,870.009482352414,0
4290,19172,7.46803154383808,3527.04639716098,24.7328425163696,14.5352757620111,14.9679681307571,22.3651573693285,34542.43542553,14041.704866045,1253.22145445578,0
4290,19173,5.38666568956323,2530.68707535847,26.0887223815841,18.53758482171,19.2462778993942,28.5666448471956,33420.3333190563,19394.9332085288,-384.270985441534,0
4290,19174,9.64080370119578,5551.57996503557,26.6240862546551,10.8635507440309,11.1065938466365,16.6933820727983,34420.7664514198,23344.6647433972,485.568605090445,0
4290,19175,9.47461321007458,5064.05834112862,25.1583483367429,11.4374301431151,11.7007132104342,17.5772726514141,25484.1190721059,19105.6494060622,-1119.7932413388,0
4290,19176,10.8046997514461,4293.57115010071,26.9893028545084,12.9175735049124,13.2733516804929,19.8681038597241,34210.1278689036,25961.5759936544,-1033.95137561006,0
4291,19177,7.31530156089324,4603.70667389615,25.4431713843744,12.204062284445,12.5094401815551,18.7621956846548,35067.0221169219,31403.429723463,1172.07908623274,0
4291,19178,5.23068843132565,3528.00232935847,26.0887223815841,14.6778296642411,15.1310515172151,22.5889890915246,33428.3741431522,19377.7474353872,-353.006123054102,0
4291,19179,5.51040758558527,1644.47470103678,26.4154858328862,25.5575420757484,26.8093111987447,39.460344624969,27870.8033811576,22639.9311416927,-106.184340197465,0
4291,19180,9.57395671081465,4096.5953556314,26.9874756051031,13.3349033739896,13.714777746463,20.5134589646862,34274.5150468702,26029.2534075524,-986.132000904891,0
4291,19181,5.48277924167034,2537.29068420995,26.5554565448943,18.5745916124112,19.2912136475225,28.6254679789906,34588.8545468424,22442.8996907292,-651.216295907703,0
4291,19182,9.18255626961637,6002.07397939568,25.1321749129413,10.2368444663806,10.4411557912078,15.7235308823449,25459.713553961,19099.8404667763,-1096.97958768023,0
4291,19183,9.58231890925913,4909.45478927677,26.1540023011048,11.74683780007,12.0325619773183,18.0570050204835,35595.7731084602,28225.7919774422,-1019.1977711031,0
4292,19184,7.53079244585654,4730.20199189616,25.4431713843744,11.986186664685,12.2799208421486,18.4255311611728,35079.5253728771,31378.183941511,1190.79181723472,0
4292,19185,7.20384762101261,3726.20548916098,24.7328425163696,14.0008533310535,14.4018409131963,21.5384989708724,34527.2600922477,14068.4648921342,1105.32402533312,0
4292,19186,5.38763442769386,4872.33721335847,26.0887223815841,11.8012859863979,12.089471196651,18.1410153556634,33406.3663559111,19374.5339680576,-399.644933758909,0
4292,19187,9.61323360960363,5109.47289527677,26.1540023011048,11.4406561082436,11.7103550265047,17.5839811281659,35600.3373939116,28220.4399856276,-1003.59014002072,0
4292,19188,5.57906862627216,3236.43997620995,26.5554565448943,15.6351675064904,16.1527589354172,24.0719075104459,34582.7765720703,22447.1224169374,-617.706124336077,0
4292,19189,5.41415253315484,3244.73210504138,26.6144242237441,15.6141269886872,16.1309061945699,24.0394816599377,30583.6566968455,31510.9569183921,-443.958415124203,0
4292,19190,5.27082854352248,4711.92510208714,25.373287648196,12.0116130746862,12.3062258018702,18.4646879014092,25947.1092612337,19505.4369222865,571.27809295815,0
4292,19191,10.3637473803349,5369.91973065557,26.7385079993642,11.1109066772348,11.3671389697858,17.0755933785188,34907.2507158107,27164.6176973701,47.0425926576499,0
4293,19192,6.60531254562895,5398.50751316098,24.7328425163696,10.9394102058652,11.1751086701355,16.8074532327754,34455.9584413164,14067.0498833665,876.173860432117,0
4293,19193,6.04988023499285,6165.05599170875,26.0078288899204,10.1116240896504,10.3147469086615,15.5315579636186,32830.8388518428,18638.344856385,-679.821344458601,0
4293,19194,7.48456208184941,4383.97529789616,25.4431713843744,12.6089930620608,12.9364096183568,19.3880095485266,35074.9589536617,31382.0674417886,1217.18277968615,0
4293,19195,10.8076360215546,5177.42036310452,26.1811275478618,11.34329406411,11.6081284496036,17.4336289997756,35546.594235424,28155.9239351949,-989.929292525232,0
4294,19196,6.97439248903953,4992.52428116098,24.7328425163696,11.5139383577746,11.7783814168237,17.6946860222271,34451.6481516464,14074.5235432582,862.142168812072,0
4294,19197,5.55411307967706,4720.66617735847,26.0887223815841,12.0518650918476,12.3534271330097,18.5282097684885,33409.2477021529,19368.3461026131,-418.497091025909,0
4294,19198,7.01096197260585,4388.30861017636,25.0015439526274,12.5635260671327,12.885251634822,19.3168539634889,34455.3020336928,14074.5167732225,865.076959689374,0
4294,19199,5.44897172041195,2814.37736237,26.4575713583726,17.2363349743241,17.8589286466292,26.5513871771455,34587.2139379422,22447.7805917086,-512.746164861668,0
4294,19200,9.95702594401432,5032.60215527677,26.1540023011048,11.5557745391247,11.831462066864,17.7618190073328,35596.6237299118,28229.0825916913,-1005.80399191957,0
4294,19201,10.4833989245147,4916.01754393615,26.7504620551416,11.7798142938573,12.0710823860572,18.1090042805655,34873.040350466,27155.7673418685,42.7968363084848,0
4295,19202,7.15813024276479,5272.70566528411,26.8934122132827,11.2557547377625,11.520346445379,17.2995860964656,34382.266570695,24765.2085827337,1044.48510709784,0
4295,19203,5.56437365234448,5115.32804535847,26.0887223815841,11.4274508762139,11.6960624873183,17.5634708263172,33397.6012354649,19362.627221634,-381.975574101062,0
4295,19204,9.55325979039011,5663.25909445697,26.0170411010511,10.6851013326695,10.9158462253732,16.4168749919022,35661.7125159428,28356.8846196745,-1038.90930715057,0
4295,19205,9.11622471522226,4659.72623933651,25.97970383757,12.1481518915331,12.4541744962646,18.6768043802303,34258.0314408713,31176.277528086,-1105.22197362253,0
4295,19206,5.68611141088591,3622.28036946758,26.5190971916875,14.458307527561,14.9017063149445,22.2503086402768,34534.7167663552,22449.653200324,-507.955038258379,0
4295,19207,6.55246710843523,4368.74780276772,26.7022659389393,12.7434686641633,13.0873368648179,19.59835738531,34590.7992737204,28539.6847260947,530.857485340709,0
4296,19208,5.55501943521558,5308.73835135847,26.0887223815841,11.1516524182945,11.4061241302172,17.137467149659,33409.3175007265,19372.7827514499,-422.224103063062,0
4296,19209,9.19403600773172,5276.41018733651,25.97970383757,11.1891367314037,11.4448589652937,17.1951808378708,34296.8105378105,31201.2558501674,-1107.76449198923,0
4296,19210,5.77393511276427,5091.78441269889,25.7831611491378,11.4407618421373,11.7081610691349,17.5835081114573,35930.980447226,22310.1600162532,-65.6967378297156,0
4296,19211,9.60186515543059,4999.19722045697,26.0170411010511,11.5969506572239,11.8739269609616,17.8251933940321,35711.2972899045,28391.1533270841,-1039.77977431353,0
4297,19212,6.08181051811207,3824.32012147626,25.2470095754044,13.8066581703139,14.2005634305573,21.2393358339061,30839.7056100315,15780.1523030133,548.311755230272,0
4297,19213,5.73357626768573,4885.38100511805,26.0314185041711,11.7761620908094,12.0626479853446,18.1020951056575,33410.8937319209,19357.8002138295,-396.778438617586,0
4297,19214,5.51023094801995,4408.0824745637,27.1559672170256,12.7038602254946,13.0486467476826,19.5379908649483,33098.8523235856,23794.3312652386,-297.814505615349,0
4297,19215,9.74228587227199,5234.95725533651,25.97970383757,11.2473011692618,11.5059866752891,17.285017628417,34235.3082104446,31177.0181287954,-1100.34035999174,0
4297,19216,5.71059826799557,4590.95722469889,25.7831611491378,12.2536325526422,12.564026232208,18.8394452043888,35925.629238903,22289.7348148082,-26.3448580135442,0
4298,19217,5.60335546442645,5020.12455424892,27.1837336622374,11.6476733809135,11.9345905528163,17.9055662345337,33095.6421039414,23816.2015499904,-324.650176938482,0
4298,19218,9.61414740467883,5132.18867535615,26.0540311577933,11.4002598037987,11.6672519951297,17.5214087792493,34210.6720709257,31190.526770693,-1089.0269813486,0
4299,19219,5.40619644992113,6627.71419024892,27.1837336622374,9.71252921798888,9.90290130301214,14.9172353131391,33084.90060671,23818.2638822087,-327.138306411487,0
4299,19220,9.8077261648283,4211.80550333651,25.97970383757,12.9993647903401,13.3524986609224,19.9925544066986,34240.2071262136,31187.378869839,-1090.87657773004,0
4300,19221,8.00128453835274,6454.60623615005,25.770068594141,9.80396691100244,9.99160259914216,15.056419798169,36409.9249521674,26718.983889446,1225.40667251161,0
4300,19222,7.84395291421015,5572.37511740428,27.0685864466983,10.8649172482622,11.1105347300794,16.696184418123,32319.5337217396,23384.4362643373,-1497.09591354511,0
4300,19223,7.02773973716198,5434.6139301642,26.9787566571091,11.0392961617181,11.2932595701866,16.9653695889948,33866.909839369,24044.9098402648,1058.59596338924,0
4300,19224,9.91104456137899,4275.21054508019,26.0540965155928,12.875586377116,13.2222725157463,19.8013370651285,34225.8117054472,31197.9672864379,-1057.91805759828,0
4300,19225,4.28010600584456,5028.5899501476,26.5725991470353,11.5915846143771,11.8717602219579,17.8178638261614,35683.4969212946,27057.2359281581,193.016193187553,0
4301,19226,6.41698525982121,7716.46939368261,26.8342544784941,8.79743181167224,8.94558979558485,13.5050419958254,34518.8590854935,24487.3507173607,-282.002093994182,0
4301,19227,6.34928714940357,3488.26823580995,25.438269745451,14.7226139023035,15.1729092627476,22.6567243195439,30697.1855602066,15869.5751721484,513.116459613428,0
4301,19228,9.18184706483095,3585.5381960029,25.9800824450059,14.50408513682,14.9457428961794,22.3198907532766,34276.3838537006,31223.5695404478,-1103.60968105814,0
4302,19229,8.78446791445983,7432.39717740031,26.5029288424174,8.99421214164386,9.14936021669145,13.8081395469912,35029.3367411515,23981.8161683742,1189.43255276516,0
4302,19230,6.19122096297973,7211.34351319213,26.9528092094521,9.18985234877418,9.35551114897727,14.1104663590947,34521.8747673932,24518.8349571866,-323.766493547603,0
4302,19231,5.4817576558143,2464.25017540615,27.0057262783316,19.0403437370901,19.7954026786542,29.3488843872863,31404.3404027964,23118.9517187957,-548.855319442934,0
4303,19232,9.91190784011057,10654.9111074003,26.5029288424174,7.18403168829811,7.2683457970065,11.0181280432659,35118.1209428082,23955.5692058458,1156.71271481591,0
4303,19233,2.70276499817842,6891.70707707844,25.6905611422564,9.39714091316785,9.56612531407603,14.4286317532246,35866.687067368,23813.2818365634,1172.00939639621,0
4303,19234,5.67094826691848,3462.63339677826,26.9365290529249,14.9595649088668,15.4375869775018,23.0270110445912,26482.3329336102,26840.7477386455,-100.595178128227,0
4303,19235,6.03515370087428,3478.25535617312,27.4617142944714,14.9687316718987,15.4518010381568,23.0424308345954,30409.871284114,28074.5795085004,-915.941890079489,0
4303,19236,9.77028866208442,3978.21772296852,26.0184024471709,13.5143195543304,13.8973185887941,20.7889124944553,31988.5018100416,17937.8072519104,-1104.79769444046,0
4303,19237,6.18224079831557,9129.23543719213,26.9528092094521,7.92000589565094,8.03298972986027,12.1524444048047,34518.9219628126,24523.0976750589,-313.308618155588,0
4303,19238,5.29549240998854,2618.12839741043,26.9693149630321,18.2223353382621,18.918650771739,28.0807518023971,31440.9160581472,23102.4558206553,-539.487020350823,0
4304,19239,9.02222184767021,8919.33921382114,26.5950769887325,8.02246100328981,8.1381197375933,12.3099876481062,35024.683604965,24021.4131244575,1167.36645282034,0
4304,19240,6.33861592065953,4153.70467217312,27.4617142944714,13.251408303827,13.6298668875468,20.3852814653383,30449.0281716477,28065.5725945073,-970.631482138559,0
4304,19241,5.61175734653918,10830.0496943405,26.8194335848992,7.12213314434024,7.20527057791001,10.923069532779,34694.7351574923,25388.8786319016,5.90361599376828,0
4304,19242,3.51648273373204,6989.30137785868,27.0159897965094,9.37847058743787,9.55281306339418,14.4015402633316,34309.8200933258,24110.5614656075,378.347223552811,0
4305,19243,6.55257685614071,4359.55966817312,27.4617142944714,12.824163942269,13.1779081339444,19.7245821231158,30456.237733536,28159.6603243555,-813.062413578546,0
4305,19244,3.60932538772451,6235.50504499966,26.9721222819891,10.0914412710453,10.2985778613047,15.5017785807556,34290.3500850803,24174.5949681386,322.062107034733,0
4306,19245,6.20296256971661,3871.57363817312,27.4617142944714,13.9028598321734,14.3200337111577,21.3929820668063,30426.9721454744,28077.6610626804,-955.750451377208,0
4306,19246,4.26873473179045,4399.89699078301,24.6141949930998,12.5087415717705,12.8246609617984,19.2314062892008,37143.9940490334,26389.9535431745,449.615665041078,0
4307,19247,5.53206549661886,3499.27870847348,25.4556253985712,14.692636790802,15.1412544303671,22.6103827450855,26660.1276970712,19919.8336778372,-82.9705015915189,0
4307,19248,6.15556044733477,4745.87368217312,27.4617142944714,12.1126131309004,12.4264392153282,18.6245658202762,30445.3463348492,28047.5200913865,-1036.46546708726,0
4307,19249,7.82046230569538,5934.64800560903,26.500783949909,10.3932464347224,10.6124205678287,15.9670057043181,35369.7218890308,26335.3756443003,-770.797243990615,0
4308,19250,5.40143196507938,3600.79654247348,25.4556253985712,14.4071966467155,14.8385006149329,22.168752366343,26659.0347381701,19915.1134203709,-128.769982375803,0
4308,19251,6.07708653751356,2938.97077217312,27.4617142944714,16.8456692349378,17.4518437309425,25.9489577432202,30436.7690279179,28054.3934293188,-954.924531346359,0
4308,19252,6.01751352554847,2086.35603473555,27.1769522857149,21.5354071800618,22.4784519159434,33.2193533074933,30613.714423551,24331.0289779929,329.465760042667,0
4309,19253,5.58771529951298,5745.15923644672,26.9319442178557,10.6414774307273,10.8751527532386,16.3509198544608,28450.1217155531,30511.0711832491,-86.6347150581463,0
4309,19254,6.02979673584494,2561.14849073555,27.1769522857149,18.5438104389306,19.2651883782763,28.5796689075856,30601.4375495726,24303.718071485,289.870835867679,0
4309,19255,5.39804852119395,3788.23780247348,25.4556253985712,13.9165547187911,14.3186179507984,21.4097782378994,26654.8737315237,19905.7617865841,-96.9845752786002,0
4310,19256,5.55101482865513,3556.97736077688,25.5019436966744,14.5335112528323,14.9728517152337,22.3642884407386,26665.2262218328,19918.341712542,-113.650258381866,0
4310,19257,5.75066542067933,1550.40971693132,27.0827043118098,26.9097827389164,28.2846640875215,41.5639424954903,30628.7879028996,24351.1161462463,286.939847558617,0
4310,19258,5.71120069127216,3130.10180744977,27.2470779237834,16.0874143327537,16.6408379143991,24.7739324514374,27893.3463226707,27808.2975719955,-217.955459998294,0
4310,19259,8.12750104523285,3139.70331374245,25.2001112082259,15.8056699836165,16.3213548804072,24.3323334310978,36588.945572352,21276.2651472436,-1494.95794237448,0
4311,19260,6.19482990937119,4719.42264586919,25.6278433926075,12.0185945035996,12.3152953167385,18.4759489246634,36101.9578166636,28042.4892625344,533.067918291254,0
4311,19261,5.39359951881442,2628.44930477688,25.5019436966744,17.954390634039,18.6157792704281,27.661044668951,26678.015985921,19914.9324517632,-126.139321655671,0
4311,19262,5.52902679899948,2799.28202872158,26.0449066161303,17.2455036260257,17.8644038340283,26.5644022003375,24492.7912059594,23946.4482706266,-39.636068252631,0
4311,19263,5.4680425889258,1961.40224744977,27.2470779237834,22.5595699401029,23.5829967118578,34.808986790139,27882.726096871,27799.7501297857,-279.091014480339,0
4311,19264,6.2938796933891,1044.73680893132,27.0827043118098,36.7242023271886,38.969011499907,56.8255860279214,30634.9418260738,24320.705103298,298.106763230719,0
4311,19265,6.13353089383445,875.39728172469,25.4162869588539,41.5695036105944,44.2287201517214,64.3561339873937,30720.3163318414,15875.0273003258,575.0532518763,0
4312,19266,6.07897115839039,8878.83451186919,25.6278433926075,8.008691885479,8.12019295200598,12.2877623404598,36095.9512141421,28064.9882790666,523.800110585843,0
4312,19267,5.64952127256277,2939.98411672158,26.0449066161303,16.6586453069556,17.2381985110813,25.6553882489781,24510.878778904,23950.6861539364,-6.0158047623944,0
4312,19268,5.98980197981666,1286.09771693132,27.0827043118098,31.1170209381875,32.854742471626,48.1033928245288,30627.9430188108,24335.8857055979,348.222653346627,0
4312,19269,6.1220181714119,6492.36132409885,25.6835746082068,9.76264938373923,9.94796528686384,14.992543579439,36319.159560747,27244.4955422875,-120.296400031271,0
4313,19270,6.02440644750411,5764.00569586919,25.6278433926075,10.5391384729972,10.7605809480832,16.1909143400412,36099.2574990767,28061.0352260854,526.795551237164,0
4313,19271,5.67179644627504,2718.60079072158,26.0449066161303,17.6070443962274,18.2505685924374,27.1245166551477,24473.1745683163,23951.7756412153,-51.0332947052378,0
4313,19272,5.52713753326946,2037.39463955729,26.9474848146885,21.8725772121038,22.8385277270734,33.7417016488398,27939.7847969152,25316.2549121254,-193.105173198927,0
4313,19273,5.89339108540306,1019.93553293132,27.0827043118098,37.4448267933497,39.7563748500739,57.947001010284,30618.4190445407,24334.9883354565,291.226582388809,0
4314,19274,5.56525945931873,3685.07159555729,26.9474848146885,14.3314745624601,14.7706341818595,22.0550254239029,27977.6507579225,25342.7039735651,-200.382144372167,0
4314,19275,5.61797859101902,3046.39172272158,26.0449066161303,16.2478424554924,16.8003261111556,25.0192059835946,24499.2793881077,23951.8960742529,-29.0787382175725,0
4314,19276,6.27742316941366,1396.33784693132,27.0827043118098,29.1776841451302,30.745969002023,45.0883920932527,30610.9987001987,24338.9617029183,296.590176844799,0
4314,19277,6.67725244360436,1115.16151313994,25.3180537770127,34.15510497186,36.127961368739,52.8181704329135,30674.2659004991,15813.15248136,531.908139971475,0
4315,19278,5.76214515771307,4705.64630555729,26.9474848146885,12.1429771730826,12.455140343344,18.6705784717955,27946.1489787002,25330.8102230368,-224.061885739632,0
4315,19279,6.22208120543517,1079.73612293132,27.0827043118098,35.7617282432742,37.9179075276728,55.3279592876342,30645.5841537237,24351.8252195775,275.108004730774,0
4315,19280,6.89820968140543,3029.24608995547,25.6391453097641,16.2609626783883,16.8102983644985,25.0384192220805,30683.4216558732,16767.3128744684,-288.950034086184,0
4315,19281,5.32791711756769,4436.96806538081,26.4401234022868,12.589988856454,12.9234168413475,19.3605819209789,26654.6761588809,24000.768504714,-408.665704689322,0
4316,19282,5.79014342420923,5709.19491755729,26.9474848146885,10.6862054855789,10.922189090729,16.4200120305644,27948.6422141128,25328.2992425031,-191.198626365964,0
4316,19283,5.99832402219117,2691.23149272096,25.3650746871216,17.6357643283433,18.2738115232916,27.1669631535605,29484.3318784226,17216.2059491185,362.887031998424,0
4316,19284,5.9447729447165,1550.87226293132,27.0827043118098,26.9036202018453,28.2779836302375,41.5543677276857,30605.6673765948,24332.8320069618,318.359467534395,0
4317,19285,5.5899688986946,4424.52846755729,26.9474848146885,12.6551130665689,12.9957086494825,19.4622291331748,27982.1873737036,25335.5178411178,-187.068862281064,0
4317,19286,6.17922205496289,2659.90338893132,27.0827043118098,18.0331500663713,18.7173888815787,27.7878801358589,30675.8333081027,24341.6729163292,265.664882622883,0
4317,19287,4.557770463058,2109.91699883417,27.389867818961,21.3973078626387,22.3325212662344,33.0058362104907,30053.7815944253,27496.5056122127,108.595444262386,0
4318,19288,5.97338254304771,2819.45973293132,27.0827043118098,17.2988979563079,17.9321992123278,26.6500883213162,30668.7818228732,24330.5763705519,313.374625281018,0
4318,19289,5.33257026442208,4784.38925555729,26.9474848146885,12.0091792026152,12.3140511823663,18.4637934059968,27978.215090466,25341.6166788858,-184.989274863525,0
4318,19290,6.4388230332715,3206.66715267923,27.3936273581754,15.8340898100624,16.3722305263,24.3820144053318,30052.8796174308,27455.1191558245,147.990490348002,0
4318,19291,9.81558559135613,6260.45066989846,27.2680809203655,10.0816482543695,10.2898108481367,15.4870743706917,28780.6687353745,26087.96900446,-825.018809549875,0
4319,19292,5.69202612031232,5482.43724755729,26.9474848146885,10.973902291656,11.2243564755594,16.8643176626814,27975.65316012,25329.0258558761,-177.557504893171,0
4319,19293,6.60306444851538,4354.33270704676,27.1148240847912,12.8060062577336,13.1563050041116,19.6958424359165,30327.7730339334,24683.456291527,787.873071185903,0
4319,19294,5.77290226645148,4223.89624463605,27.3932310926162,13.0957101204353,13.4646115637683,20.1443549792695,30028.197219287,27407.6428123624,154.441050029371,0
4320,19295,5.36147810867725,2967.87467938302,26.4054082478071,16.5947540242934,17.1736734941982,25.5574292319113,35335.5482361527,23425.9644379901,-263.761707599517,0
4320,19296,5.51110832054617,5636.64837483395,26.9684148273981,10.7773219731504,11.0179732151683,16.5607515752819,27973.0667833585,25348.7714899392,-175.582538581884,0
4320,19297,5.78139271159764,2669.6650535184,25.7467838460267,17.7926399568726,18.4456378402086,27.4111768837524,34091.0482031478,32051.7273381703,443.790475978274,0
4320,19298,10.4310662730595,7172.55206185408,27.2479857189461,9.23549755324833,9.40449185279994,14.1812471155406,29738.9031247523,25640.8324000532,289.332415936022,0
4320,19299,5.75556773077957,2641.9625755446,27.0302268024496,18.1131905558316,18.8024852263434,27.9117734989618,30314.0640152271,24224.7703107629,-653.500975143975,0
4320,19300,6.25012069148205,3958.64210448017,27.4802602394591,13.6945982364176,14.0994023521271,21.0708338377134,29812.213471079,27439.6222917617,-171.326443687574,0
4321,19301,6.02572972321654,3440.13644425726,25.6820361140137,14.8908211549779,15.3536077226542,22.9176033225518,34121.016737578,32072.4087318692,434.401170258997,0
4321,19302,5.36459961207274,5078.17914483395,26.9684148273981,11.544169443782,11.8242821848449,17.745279100175,27958.8093286045,25336.506310294,-216.975302988966,0
4321,19303,5.2571992726727,3313.77098338302,26.4054082478071,15.3632392005387,15.8620893716397,23.6505641499563,35295.7645285653,23433.8250719047,-231.522483334985,0
4321,19304,5.40832646115901,3198.36856158343,27.0244112777012,15.8198061960501,16.3536461627992,24.3589690474459,30195.2663318987,24310.6887059725,-483.973883200127,0
4321,19305,5.68030324755217,4603.93387898788,27.3947482896555,12.356473283942,12.6833599307985,19.0013888468438,29539.2091757817,26637.8191306391,-312.848387809009,0
4322,19306,5.81249863617341,4540.13691025726,25.6820361140137,12.3368567121641,12.651071092864,18.9678712655797,34109.9057599047,32071.262660666,453.194196833333,0
4322,19307,5.454769948133,4594.38464938302,26.4054082478071,12.2965978366994,12.613570363009,18.9070169970743,35337.9811059161,23426.1597881104,-231.163423657769,0
4322,19308,7.52404167221726,6312.29537274481,25.9038331498721,9.95299897916536,10.1481758134968,15.2865921882079,32622.3771890843,16173.9600846391,1127.26788184196,0
4322,19309,5.65295527652193,4025.29229283395,26.9684148273981,13.4933221865626,13.8823399442424,20.7584351901152,27962.9463458024,25337.0639949891,-219.839637722464,0
4322,19310,5.31623188562626,3029.03267358343,27.0244112777012,16.4356858559111,17.0100714975014,25.312729469957,30191.185637398,24308.549282343,-449.414304195291,0
4323,19311,7.2258427523163,7638.34867674481,25.9038331498721,8.81290270726029,8.95774863952167,13.5278022972653,32600.9949883095,16162.0828100836,1169.62628110167,0
4323,19312,5.38151606348564,4781.07702538302,26.4054082478071,11.9741938954948,12.2736633959726,18.4087590614537,35327.492969506,23431.2957876777,-242.3922278105,0
4323,19313,5.8494278786527,3940.28082625726,25.6820361140137,13.5709112012905,13.9545714265444,20.8757069369718,34124.2467283834,32064.4060870595,421.290079745669,0
4323,19314,5.3752690421497,4380.30736083395,26.9684148273981,12.7427229958973,13.0884099917319,19.5977176026952,27970.3620661518,25341.3062860872,-193.378181630561,0
4323,19315,5.79473360985408,7333.20797060618,25.4492110602656,9.02193006333079,9.17356890566115,13.8495888833412,32313.955164761,14841.1859880312,111.102145689228,0
4323,19316,5.38181233575999,2229.51846488455,25.5836213767608,20.2258755879296,21.0499151678103,31.1823263017823,25980.2342445358,20211.6333587217,-159.579176120919,0
4323,19317,5.53666991067765,3007.31503758343,27.0244112777012,16.5192472310912,17.0992035638641,25.44215303813,30207.8398552436,24300.6689606959,-477.111644681443,0
4324,19318,7.21375850178693,8169.51114206706,25.756944926368,8.44147730851337,8.570462877355,12.9549621699454,32729.5534597181,15657.917341195,-677.05524446892,0
4324,19319,5.46734192329052,4996.16091538302,26.4054082478071,11.6294413277937,11.910566616159,17.8760643801149,35317.3232679124,23432.3194223834,-241.704305607232,0
4324,19320,5.62358682912906,3967.38593883395,26.9684148273981,13.6271479749126,14.0240653998079,20.9654295127029,27951.6991061985,25348.4146650971,-205.636877210819,0
4324,19321,6.0605302290218,4195.78242625726,25.6820361140137,13.0067279381508,13.3580710225746,20.0033297998131,34118.7903089653,32069.9673374927,412.228447372893,0
4324,19322,5.89623422804537,5323.65358808473,25.1446382732614,11.0675397024504,11.3120792857295,17.0059927912978,32311.3142702123,14848.3372985995,67.6884583153978,0
4324,19323,6.49429689604806,5703.68596568474,27.040340956959,10.6986302973393,10.9357429962326,16.4393396009643,32867.2424698572,23449.4840650166,-971.033737752035,0
4324,19324,5.41318824743608,3076.61639888455,25.5836213767608,16.0785701089687,16.6155206167334,24.7558594016883,25963.3781519384,20208.0774278278,-148.312173856961,0
4325,19325,5.87999295367143,6142.78689671465,26.4161988888687,10.1585392275038,10.3660111521411,15.6045618480833,35455.6472213994,25653.3157278012,-47.2202526947392,0
4325,19326,7.54587104806425,7599.88124495305,25.8701723497235,8.83954934778553,8.98536599548376,13.5688524130564,32619.578694419,16153.1357841806,1136.26075169906,0
4325,19327,5.81038677547908,3454.67360425726,25.6820361140137,14.8476113866093,15.3077328147101,22.8507374277107,34111.2865444254,32068.3568407747,441.141104099025,0
4325,19328,5.58825272390217,3440.78833083395,26.9684148273981,15.0287566100019,15.5114084459204,23.1341829220082,27954.7415628246,25327.5865576121,-201.870767449908,0
4325,19329,5.71720854097641,5160.19888362208,26.9582448034534,11.4216706178943,11.6952835914852,17.5560048378448,32081.6603832095,23112.2983083921,133.370117368276,0
4325,19330,5.53544467264815,2562.72779288455,25.5836213767608,18.2940124227678,18.9798447239399,28.1875633543226,25972.0762576837,20214.62255654,-202.777074066609,0
4325,19331,5.86990060556394,7340.52060260618,25.4492110602656,9.01623743483021,9.16763499232051,13.840809799147,32315.7500944114,14849.9428983167,109.91575742571,0
4326,19332,7.22203309434919,7349.79804095305,25.8701723497235,9.0288090824781,9.18263882068467,13.8607234561259,32625.4435788593,16149.3499822469,1177.39968404619,0
4326,19333,5.38607873363562,3167.57782683395,26.9684148273981,15.9206974588004,16.4605985309365,24.5150507387818,27975.0085387272,25354.5738682248,-198.091175996553,0
4326,19334,5.86303951944875,3547.62332425726,25.6820361140137,14.5789121578066,15.0225714166963,22.4349634375252,34121.5489929603,32083.5348360174,452.229355723801,0
4326,19335,5.45664940718125,2559.66617888455,25.5836213767608,18.3096431097148,18.9965639076084,28.2117857017026,25971.6218244816,20209.3999963377,-205.622693486013,0
4326,19336,6.18040582270816,6775.22331260618,25.4492110602656,9.48754518431671,9.65935798196884,14.567773804771,32300.7547278523,14862.04102489,88.7372303277013,0
4326,19337,9.57076128579908,5589.06905238509,26.3689987581845,10.7997095382793,11.0381144040729,16.594394441384,23937.4681174044,28616.4780020344,-1107.58603476251,0
4326,19338,7.30196225167979,5569.15822372104,25.7655308046163,10.7865627497422,11.0208635854247,16.573140096224,32722.2731617148,15674.589034589,-694.698615361466,0
4326,19339,5.44880806814631,4382.78502781922,27.0186473437567,12.7419906485084,13.0879856548218,19.5966816802817,33315.4157911699,23772.0058666465,-515.878703538635,0
4326,19340,5.84923232750381,5752.25779622643,26.4161427977991,10.6015236990463,10.830393458254,16.2884446690622,24298.3881869,26886.1448028966,348.887423992151,0
4327,19341,7.716287056608,7410.23079000444,25.8752857311138,8.98229755190586,9.13416723392448,13.788997258199,32659.9740332382,16149.414036131,1191.78406205796,0
4327,19342,5.38792118785866,3022.99916283395,26.9684148273981,16.4518091911956,17.0267288614214,25.3375530366281,27971.6601195176,25334.880940061,-222.662031542738,0
4327,19343,6.04306408559259,3109.06363825726,25.6820361140137,15.9733875398531,16.504508125341,24.5932736153066,34126.6176402961,32075.9295774058,395.182296777364,0
4327,19344,5.63918236709929,2869.15350488455,25.5836213767608,16.8854651122504,17.475358056101,26.0053798390981,25956.6605630565,20220.5277051959,-181.147979337742,0
4327,19345,5.9656314654637,4629.79081022644,26.4161427977991,12.2345119176773,12.548160135264,18.8110793706127,24303.8164342927,26816.4435856683,355.796787293413,0
4327,19346,6.12960972330249,3675.74512855531,26.9601486795578,14.3577391188639,14.798609569573,22.0956941222873,32916.0775437267,23045.1067924825,-119.95006913238,0
4327,19347,4.69250129303486,5247.50436858352,25.7286879895377,11.2124920139889,11.4678792596075,17.2308327515181,33580.5366288197,16135.0491329769,-1012.46313650472,0
4328,19348,7.5100968373355,7673.66175000444,25.8752857311138,8.78598831386447,8.92958596801605,13.4862655290728,32657.675892755,16143.5626663496,1207.67686500277,0
4328,19349,6.0000426440171,3420.62140825726,25.6820361140137,14.9493491428121,15.4157534795912,23.0081758756101,34121.7578234055,32060.847571429,419.697492610035,0
4328,19350,5.39199552503701,2754.61235283395,26.9684148273981,17.572053783179,18.2229778374723,27.073002863708,27963.4642229712,25338.5048998937,-238.803497555979,0
4328,19351,5.35942657168702,3221.52545288455,25.5836213767608,15.5713826976163,16.0758558108728,23.9706728133354,25979.1030891991,20202.0609368138,-167.042960914134,0
4328,19352,6.03224828481049,4474.85992622644,26.4161427977991,12.5164177678086,12.8455871060762,19.2468090103637,24273.087897641,26802.8863717543,339.777096250034,0
4328,19353,5.24414415612338,3865.65643826441,27.0761872780384,13.8811492614887,14.2940391530977,21.3585741733448,33274.8798431386,23764.1658112399,-447.425699380526,0
4329,19354,7.55319000571865,7402.30143000444,25.8752857311138,8.98839398458494,9.14052308150931,13.7983993616754,32678.2263737119,16145.839771381,1191.61711630317,0
4329,19355,5.29469759165504,3416.80796888455,25.5836213767608,14.9499632361601,15.4155250049268,23.0088836371596,25961.3452010493,20227.5401177081,-170.726153715446,0
4329,19356,6.06668518087234,5355.98803022643,26.4161427977991,11.1086535771762,11.3628819156212,17.0715917754503,24323.285335985,26844.7795554417,361.315453248564,0
4329,19357,6.10374012099224,3335.4669815184,25.7467838460267,15.2193355510971,15.7031348763364,23.4261766101616,34107.6367565828,32033.5114562324,356.961308659792,0
4329,19358,4.60620704868456,5238.73802058352,25.7286879895377,11.2248124550372,11.4808251117624,17.2498614355906,33550.381722939,16169.2328929779,-896.719132259823,0
4329,19359,5.22554694506006,2180.37250683395,26.9684148273981,20.809452126773,21.6946028305099,32.0923284860035,27967.8456937819,25344.1453884887,-196.271946707666,0
4329,19360,6.10084285787679,2020.74093943891,27.4697559195752,22.1085766121978,23.099774398421,34.1098607235147,30258.1189658898,29136.0691614818,-985.942173673911,0
4329,19361,5.36308553990745,2759.40738710233,26.5526153581129,17.4926251822027,18.1337194348001,26.9487308899221,29955.3318789802,22498.2478702212,-0.164689167417531,0
4330,19362,7.2685765628097,7293.530775731,25.8517726427838,9.07206998873269,9.22766876904682,13.9274218388402,32659.5689490111,16158.6811365462,1167.76932641836,0
4330,19363,5.46756911285419,2781.06933517883,25.6170576568775,17.2658528233972,17.8815838220061,26.5946732796384,25953.1946400628,20214.775768071,-182.238805011996,0
4330,19364,5.55993216348931,4865.10205733217,26.7971340580566,11.8650478922128,12.1611757063528,18.2407924947441,26082.0417020791,26217.9517006566,-307.711312975657,0
4330,19365,5.79035280547621,4873.93895334192,26.4264878164844,11.8235819813129,12.1151247012316,18.1760651322889,24311.8958307283,26879.0474300973,337.010505368404,0
4330,19366,6.28334346608237,2459.63010521157,27.5933780447686,19.158374864839,19.9286726770972,29.5337291013918,30272.5346941386,29098.6607526884,-996.265163417318,0
4330,19367,10.1172516952718,4161.38946171136,26.126656805841,13.1183301178522,13.4793189918412,20.1767933216485,34725.1654440386,30604.1499618911,-973.886511589642,0
4331,19368,7.65723162875188,7405.643115731,25.8517726427838,8.98473119020361,9.13659972493282,13.7927215001581,32674.8594430469,16165.4685654106,1153.13418888321,0
4331,19369,5.58360683329966,2740.01021672546,25.626141974415,17.4499004675773,18.0781790393916,26.8798111065601,25973.8663163364,20221.0999162579,-155.072236788207,0
4331,19370,5.97504433934751,4662.81974334192,26.4264878164844,12.1773752046084,12.4879771384745,18.7227930260616,24347.8839918684,26860.6153476691,323.118684438019,0
4331,19371,5.49687463947317,4990.93659533217,26.7971340580566,11.6654492470393,11.9509234330039,17.9323734630921,26090.3626615428,26228.2922351751,-351.460837017699,0
4331,19372,4.3381268203746,5467.44208885624,25.7214694483795,10.914364728711,11.1547351222942,16.7704127412211,33575.3091231783,16010.3066506888,1229.14290405659,0
4331,19373,9.22077449057725,3609.08299523412,26.0351239928663,14.4447502872452,14.8832628422668,22.2282134522306,34719.4668252729,30636.235353386,-1098.24754404839,0
4332,19374,7.82260863102787,7435.135929731,25.8517726427838,8.96213540992359,9.11304392237829,13.7578740062972,32669.1391457535,16146.7976877206,1213.57804492259,0
4332,19375,6.01183525103858,5289.10702734192,26.4264878164844,11.2015288509344,11.4605600125401,17.2150601593205,24326.6243309261,26844.2559092354,329.609079043601,0
4332,19376,5.35469997842973,4565.15198933217,26.7971340580566,12.3800832930032,12.7042970954691,19.0367862482108,26103.4232565957,26229.3892295341,-337.544334904536,0
4332,19377,5.46018278174939,2496.40265672546,25.626141974415,18.6472296732499,19.3582813949038,28.7351037586268,25979.2673436202,20214.565738067,-194.747810015344,0
4332,19378,6.29766397905292,2257.51952921157,27.5933780447686,20.3942056972374,21.255869104634,31.450328381598,30255.6392544849,29133.8831918962,-990.447855074693,0
4333,19379,7.76306474419118,7628.67067974517,25.8450624616476,8.81732477514969,8.96210124160548,13.5345508060023,32656.8183648605,16142.6841852645,1194.96323601649,0
4333,19380,5.36524450123019,2917.53977672546,25.626141974415,16.6935476926541,17.2711475075956,25.708267698163,25963.0000872247,20200.8272511193,-186.965478550231,0
4333,19381,4.34704452408634,5877.09895817007,25.7560465769243,10.4147595482909,10.6309276510834,15.9990998910064,33526.5146087557,16048.2978697928,-1243.39106965709,0
4333,19382,5.40923211062336,2530.23152017454,27.0103394736302,18.6814075795492,19.4107504630975,28.7924532345183,33507.58281794,28191.4917172714,-332.202670558487,0
4333,19383,6.23578384812419,3791.34353775942,26.6140609795264,14.0221995482076,14.4399229950934,21.5757804913474,24783.3713259476,26988.2427179378,-167.135998015725,0
4333,19384,5.56438333774114,2722.08655299427,26.7479569194054,17.6905358364318,18.3473323671769,27.255955134796,33352.9898694282,22579.4244026975,-1049.15428837166,0
4334,19385,7.56514240109482,5867.941977731,25.8517726427838,10.4310696475161,10.6485471412476,16.0244237023647,32643.9768892371,16163.9944112803,1184.32810921554,0
4334,19386,5.71337678306787,3046.92050072546,25.626141974415,16.1932726481068,16.7380761630135,24.9335725429796,25963.099772333,20200.6709454869,-183.269009417303,0
4334,19387,6.35125845167529,3646.05818506004,27.3455559624282,14.4768964876518,14.9282353260338,22.2809459524529,28026.3687108811,27678.0550560899,892.496883186236,0
4334,19388,5.74618820334686,2693.61174975942,26.6140609795264,17.8046538317985,18.4679265577065,27.4323946472548,24908.6852140189,27004.4683881069,-131.750506718864,0
4334,19389,5.54987645606273,2973.24045817454,27.0103394736302,16.6508144727183,17.2394373642825,25.6459014621502,33496.0451959194,28201.3110505319,-334.887912173191,0
4334,19390,7.47184013725185,3388.65244590963,25.2570912463394,14.9989539742386,15.4645922441962,23.0838841125474,37193.507931979,23106.5706365276,1076.03876137017,0
4334,19391,5.68291920769809,4464.27355598751,26.9399054703498,12.5786061961929,12.9148503378479,19.3439375855829,33360.6184613714,22572.3167138428,-1009.92097767494,0
4335,19392,7.35485227198582,7576.23556590963,25.2570912463394,8.82908833955169,8.97177956075521,13.5519768347843,37220.3863538492,23102.5525759797,1129.40074661538,0
4335,19393,7.69844749117181,5840.33568774517,25.8450624616476,10.4626546051395,10.6816156054371,16.0731731617038,32613.4960761513,16158.4076405749,1130.27050454973,0
4335,19394,6.63153768647635,4036.61802996132,27.3691144366204,13.5035268492654,13.8961371670235,20.7750431917072,28027.3267996101,27664.4095604623,900.636809667093,0
4335,19395,5.33925376847667,3050.98359975942,26.6140609795264,16.3015797153251,16.8631264699371,25.1039461458573,24905.5604555984,27011.6393499528,-116.563953399315,0
4335,19396,6.2122688093171,6624.25324598751,26.9399054703498,9.70319876947185,9.89197105260836,14.9025130766142,33268.6860448258,22631.6616018589,-1251.45479480021,0
4335,19397,5.58654807287348,2616.02279017454,27.0103394736302,18.2388796073268,18.9368084963579,28.1065170529612,33479.5593345366,28219.9642903367,-353.707106626642,0
4335,19398,5.80074034595206,2962.51952317883,25.6170576568775,16.5139252425561,17.0795897302712,25.4300713671985,25920.2083577888,20196.1218767852,-230.614397457852,0
4335,19399,9.87367673972158,5483.71459817007,25.7560465769243,10.895430514883,11.1350628694582,16.7412307884007,33534.9584725474,15311.9555955037,354.082227155209,0
4335,19400,6.18060109010947,3253.5981468381,26.3969479892348,15.55933159375,16.0706042501745,23.9541016179129,33692.4743630532,31336.6827179331,225.602879028976,0
4336,19401,7.36118028083303,6748.05796590963,25.2570912463394,9.50194283852847,9.67345225227594,14.5897247664403,37223.6723661664,23106.9814011385,1114.11939570877,0
4336,19402,6.06888636464912,4121.56711960399,24.4914436819973,13.0565234188964,13.4015837233212,20.0778081253638,36996.9180413303,17950.8509994384,256.347374385565,0
4336,19403,6.80587773277223,8972.72299554803,26.4922957951495,7.98884044249267,8.10281345556564,12.2580660223212,33092.7074616775,32021.3922094313,802.471046787853,0
4336,19404,7.60961975969294,5877.88221142643,25.8821295909277,10.4214389086203,10.6386199928217,16.0096023372842,32631.9026121387,16183.4837769817,1162.17186245751,0
4336,19405,5.56499765535344,3592.39131817454,27.0103394736302,14.5915371617462,15.0472206088219,22.4575981345723,33484.6963845335,28209.6869763949,-354.599106919744,0
4336,19406,5.36200096576864,2984.99370375942,26.6140609795264,16.5542660552654,17.1325541881558,25.4952892284206,24923.1024515125,27014.4608794869,-75.4387909200575,0
4336,19407,6.36965695950613,6617.51328998751,26.9399054703498,9.70955965593044,9.89862550752316,14.9123293118961,33265.7894231736,22641.3080599559,-1275.79470093841,0
4336,19408,5.52040531437073,2933.60499541583,25.5424272049284,16.6182275917383,17.1899955457119,25.591385342864,25456.4328403941,20093.4010994751,3.25290969790066,0
4336,19409,5.82864431968539,5929.08502285624,25.7214694483795,10.3533853501068,10.5664284174797,15.9043055198421,33301.4416230209,15616.0249899758,182.193740142415,0
4336,19410,10.5088279670466,8289.00388609307,27.0539747254025,8.41771987177455,8.55092683906197,12.9197721389997,33108.797208972,31202.2124105399,959.282982193456,0
4337,19411,7.54288386033783,6362.22852390963,25.2570912463394,9.86689230598037,10.0547751036602,15.1527925746797,37227.1313178932,23100.6160777927,1128.45697099467,0
4337,19412,7.49527376902972,6593.60286174517,25.8450624616476,9.6747937991667,9.85692995826285,14.8572051126552,32623.7541603868,16155.331794496,1168.96720051918,0
4337,19413,6.42244499768065,4807.8408108381,26.3969479892348,11.9291728337406,12.2261698443922,18.3391735586043,33702.0520505859,31330.8143433351,273.782820554741,0
4337,19414,6.18178409802501,2684.71165567103,27.5086992989571,17.9742249689482,18.6588522379318,27.6978036418255,28672.3296843971,28348.8025652779,539.995964424575,0
4337,19415,5.75310767791988,3707.91768817454,27.0103394736302,14.2769460988087,14.7132811667699,21.9707925488386,33499.3145492048,28237.3335302206,-344.600469441103,0
4337,19416,5.58947082312586,2590.68220141583,25.5424272049284,18.1466272220913,18.8217517574544,27.9590431709692,25448.496443788,20072.1081698256,-18.645721367657,0
4337,19417,5.6761768163677,2925.89794575942,26.6140609795264,16.7893802566269,17.3833793776071,25.8594547269287,24904.1580396257,27014.7996150687,-120.949114045415,0
4337,19418,6.1647368005345,6423.06135260948,26.9311887605366,9.89762426082133,10.0953966819509,15.2025613128026,33263.8788056068,22640.5174929014,-1248.45269985157,0
4338,19419,5.65167262888588,4214.0734343119,26.901290018847,13.0743026786962,13.4384400372198,20.1102782793383,33861.7314179603,28186.1186970083,181.013496458408,0
4338,19420,7.34767696133743,6676.91941342643,25.8821295909277,9.59918783420015,9.778094559904,14.7406003361876,32629.3678447617,16175.3493106151,1164.12568845792,0
4338,19421,5.93357122842027,2123.37904567103,27.5086992989571,21.3190347873773,22.2497738944574,32.8848074037091,28673.9496635605,28350.3123095457,588.417968920427,0
4338,19422,6.02557481692442,2339.2768608381,26.3969479892348,19.6709070359706,20.4645271050894,30.3245753144913,33674.0944105409,31303.8266353331,286.917144084294,0
4338,19423,5.40642870571651,2006.42052541583,25.5424272049284,21.8405175427403,22.7847404727815,33.6866365563,25458.7378675709,20087.8546814126,-0.371590446480575,0
4338,19424,10.8860833170257,6541.20488417007,25.7560465769243,9.71968768002543,9.90341561441818,14.9263534300789,33635.2069898509,15322.3935725372,418.175449484317,0
4338,19425,6.46968019047787,3561.17826317947,26.9101043704537,14.669305282674,15.1289746974897,22.577718768478,32247.5879284241,22549.3579931773,-1214.84792962681,0
4339,19426,5.76358364808778,4014.73952100797,27.4725160696038,13.5629552968637,13.9598566032525,20.8671795521737,29084.2982573695,27633.4764773987,203.462486487098,0
4339,19427,7.51572252863082,5947.36849691012,25.8882161118288,10.3426445391423,10.5560821757414,15.8879762193699,32645.3845676923,16176.080695508,1155.04482822494,0
4339,19428,5.8136839834888,4329.14240540975,26.8417883286977,12.8335313173416,13.1834789119772,19.7378720447363,33901.0610892988,28185.3889811016,173.142109071867,0
4339,19429,5.97218941714668,2950.8067248381,26.3969479892348,16.6612225981061,17.244482409955,25.6603536853906,33700.5913364947,31276.4268489806,262.426117582793,0
4339,19430,5.74460466837398,2440.33272541583,25.5424272049284,18.9402772295617,19.6710376557042,29.1890375854534,25455.1029365195,20076.9376662081,-54.7883115746331,0
4339,19431,9.98702377939626,5237.70555717014,25.0490631350125,11.1794968503941,11.4290421514636,17.178721555601,34861.7010470658,14789.8748606266,-1141.63040305982,0
4340,19432,5.99658171968769,4304.6842829628,27.4837268371751,12.9363011823509,13.296632913925,19.8980213077169,29066.3396800036,27623.279313906,190.923287419647,0
4340,19433,7.75065961868341,5988.4372362867,25.9153019749347,10.2982100884325,10.5096738200655,15.8194255736631,32637.4645809244,16167.3973327044,1152.59873431355,0
4340,19434,5.58109425261401,2203.15845340634,25.4759712654378,20.3820799612624,21.216199859531,31.4241721921288,25463.2022662533,20082.7648666626,-41.5022398854788,0
4340,19435,9.82799620925562,5665.79012021666,25.0772339269851,10.6228835262004,10.8452321581424,16.3193331188913,34877.5538673115,14751.8806150374,-1121.46277317466,0
4340,19436,5.99809983798617,1614.92331128272,26.7244741850033,25.9914175088745,27.283889087714,40.1356283431707,32220.9692807461,22584.5877018183,-1055.13903555777,0
4341,19437,7.39788445767258,5457.4344282867,25.9153019749347,10.940106342702,11.1828960941717,16.8104775599998,32626.6986205865,16171.1348921079,1142.59516838344,0
4341,19438,5.87977489833208,4363.8020669628,27.4837268371751,12.8175428950497,13.1710604889204,19.7143863084914,29088.4971960701,27665.8757181111,179.115813276291,0
4341,19439,5.69058185809788,1907.70168940634,25.4759712654378,22.6563057493904,23.6621919271315,34.9521898848009,25430.0274086733,20085.4523754541,-45.436000933523,0
4341,19440,6.31701636320777,2297.79538928272,26.7244741850033,19.984299351322,20.80489062076,30.8116504833691,32193.7116651616,22602.3267700079,-1070.33205282855,0
4342,19441,7.4964785744362,5506.95443205458,25.8771981737281,10.8731914721791,11.1124259296965,16.707084877934,32625.8651628403,16157.8409482697,1151.1712292947,0
4342,19442,5.31239070970984,3592.06447933762,27.5259426030281,14.6451668500255,15.1084356812818,22.5417668174016,28352.3678094282,28614.3571852768,-389.872253818317,0
4343,19443,7.58534370174119,6345.52830405458,25.8771981737281,9.91792182920109,10.1113386543553,15.2324214801773,32629.6630797697,16168.0097956053,1168.1104765056,0
4343,19444,5.55007989413085,2937.57860885131,27.5039254937342,16.8567257502366,17.4640625826938,25.9661997145028,29825.7063940485,27658.3249273409,-15.2531292913631,0
4343,19445,5.2102669117227,3621.88768333762,27.5259426030281,14.5617157766582,15.0197831640576,22.4126137351356,28327.4284274328,28590.8272540234,-448.657791316648,0
4343,19446,6.1979085689522,4478.11760494303,23.3257765856699,12.2548476138498,12.5477395270582,18.8364755520572,38242.6333907106,16854.4388144354,241.073729132754,0
4343,19447,6.10005017759571,2211.16713128272,26.7244741850033,20.5530227314953,21.4158421040386,31.6937109520525,32199.0780111357,22590.0716892666,-1087.12107892666,0
4344,19448,7.63371520440864,5833.68811605458,25.8771981737281,10.4723442632186,10.6919499003433,16.0881809337633,32627.1412505715,16166.8329886822,1184.50625292405,0
4344,19449,10.5012976890069,5827.57336597719,25.8018683995952,10.4749113902093,10.694224427897,16.0920289543461,33647.9198038039,15352.0711422105,424.411599794471,0
4344,19450,5.77714601767199,2543.77575485131,27.5039254937342,18.6842792825841,19.4193116884132,28.7984165686331,29797.8601374787,27655.6444001679,-49.6135339845736,0
4344,19451,5.36515222308518,3291.32993576795,27.5119355500793,15.5613560681607,16.0828040162574,23.9600025831584,28297.3186726184,28533.7903169425,-392.741701206572,0
4344,19452,10.429252354987,4115.57225299263,26.7732362003554,13.2742272446764,13.6489857417068,20.4191855836661,33452.7949185482,22879.3604024906,-1238.07896565843,0
4345,19453,7.54893298808365,5385.87751005458,25.8771981737281,11.0325645524727,11.2797605948436,16.9531983492493,32623.6034049149,16158.2433852179,1151.12183063324,0
4345,19454,5.32105448874902,3598.29783733762,27.5259426030281,14.6276211457264,15.0897948199663,22.5146117772388,28309.190674659,28543.1941922214,-400.594708856123,0
4345,19455,5.38796182067695,2873.94549485131,27.5039254937342,17.1207485664239,17.7460861437246,26.3752403044334,29799.57639692,27670.1399043058,-31.1512168166064,0
4346,19456,7.44860140665643,5029.3811442867,25.9153019749347,11.5436426122297,11.8171981124546,17.7426630198535,32622.3527615961,16160.0918018819,1168.07097206419,0
4346,19457,10.6895926110328,5277.34185997719,25.8018683995952,11.1757943245498,11.4297651925927,17.1742771593232,33650.5257030178,15335.1042042313,442.761812961316,0
4346,19458,5.24692600201822,3259.91239933762,27.5259426030281,15.6676635516524,16.1961388611388,24.1246398353702,28313.1628056512,28544.4189396719,-344.136066182695,0
4346,19459,5.43884704696841,2918.95269967626,24.4427489182107,16.5300217235724,17.0845725114456,25.4516457446361,36004.9845173841,14778.5563549463,716.922988818442,0
4347,19460,7.61592063717953,5267.6363862867,25.9153019749347,11.1970130295043,11.4527468726966,17.2072384330331,32633.7273957772,16185.8126168273,1135.60672942276,0
4347,19461,5.30104891580451,2470.17862976795,27.5119355500793,19.0863673994779,19.8505120962024,29.4218272149023,28309.7098895134,28536.4689719598,-389.352698068642,0
4347,19462,10.0267386491678,4941.13472021666,25.0772339269851,11.6180620753036,11.8900957893546,17.8561393774992,34892.7279242218,14761.2030381248,-1087.93764950644,0
4347,19463,6.05069961649066,1714.12841528272,26.7244741850033,24.840802424151,26.0388796117844,38.3485662188645,32213.8018956865,22558.8645832354,-1046.49442391481,0
4348,19464,7.73629325077379,5122.1326302867,25.9153019749347,11.405311666661,11.6717064053902,17.528975545178,32631.1772542169,16169.7846925705,1119.83008716584,0
4348,19465,7.33637695191402,1977.38891625924,25.95552655228,22.1614191973389,23.1360111659208,34.186147069023,23516.09480185,23479.9874419086,1208.90928936191,0
4348,19466,5.32904170326088,1641.41989333762,27.5259426030281,25.8709823589858,27.1661195608277,39.9520522069559,28297.2541814259,28542.6664772472,-406.12647839764,0
4348,19467,5.7095444499594,4950.90868174369,25.7698132425431,11.6536657980421,11.9320312436783,17.9123774374137,33396.6115496328,15621.998511966,345.418759788363,0
4348,19468,10.1647627454953,4922.08223021666,25.0772339269851,11.6476976024909,11.9212623129753,17.9019181696821,34853.9814495102,14755.3339133206,-1093.33309664253,0
4349,19469,5.21785128538348,1908.91209776795,27.5119355500793,23.0764914879475,24.1443325779079,35.6123815916319,28299.9243414361,28539.0896141906,-373.775776840272,0
4349,19470,7.14745750905069,1958.11737537891,25.9355664250982,22.3185464915439,23.3049624690946,34.4298882881011,23520.1600977435,23484.5112747914,1203.08916123983,0
4349,19471,10.2803879088881,3738.84552167645,25.4345441825099,14.0394272603851,14.4485756347469,21.5997843926622,35273.6756823997,16688.8700829383,-992.63938142579,0
4350,19472,7.14690315944592,2126.3789564201,26.0865466767396,21.0317779678723,21.9222461187224,32.4340570203113,23488.2974325663,23482.0330063596,1116.1631427456,0
4350,19473,5.56416714310874,4137.29256883487,27.5109588977789,13.2913921039343,13.6725480747334,20.4472191392906,28294.061683402,28534.5166150574,-383.739101648309,0
4350,19474,6.05026909407023,2220.62563211979,25.0098358242471,20.1808229942025,20.9940966662149,31.1104059242303,26424.1806738145,18399.3601666606,591.630596209778,0
4351,19475,6.22633298873905,6166.86998126585,27.3064567448041,10.1828041941457,10.3960168180633,15.6432850350902,26978.4473355978,28779.0246946965,346.045317074551,0
4351,19476,6.29386845305118,3100.07649142593,24.9304061177468,15.9124039990066,16.4322388075097,24.4968309644061,26414.5129914072,18372.4070565185,595.427428847235,0
4351,19477,7.18932651751588,2102.9653184201,26.0865466767396,21.2033810258509,22.1067709192008,32.7002547440979,23507.5185623276,23475.6842848353,1173.61434222295,0
4351,19478,5.50291351559635,5690.1574706178,27.5251811110051,10.7448589318679,10.9869389368543,16.5114626891366,28260.9600746546,28560.8043417273,-473.248146961611,0
4352,19479,5.88052649742949,3367.84995326585,27.3064567448041,15.2912196032057,15.7934707196722,23.5412761563341,26951.0605547432,28793.5392929753,371.103155513587,0
4352,19480,6.06646528594855,2681.99833012715,24.9901528202148,17.6238995831504,18.2569596320709,27.1474305892595,26409.4371092424,18388.3839410539,593.753037346002,0
4352,19481,7.52738662097709,2526.68383966701,26.0661642241755,18.5551599214684,19.2648332737968,28.5938132717854,23560.7864438006,23474.0708329589,1211.72751513124,0
4353,19482,8.09556137055682,3378.35609341249,25.6464346172034,15.0742145203825,15.5480454341851,23.2013257295321,22197.0665607614,22951.24775281,-1469.3252199909,0
4353,19483,5.58837483516777,2120.47581194534,25.5621606119503,20.9753562950304,21.8546038651892,32.3446097610638,25818.9734875717,20154.0253154333,-144.518507142171,0
4354,19484,8.08730406171731,3192.65404968164,25.6695792847207,15.6793647249474,16.1915162064643,24.1380522586534,22179.4541031737,22967.7828211635,-1479.25189061122,0
4355,19485,6.53918884033486,5381.36239955622,27.5864392591696,11.1505284353533,11.413695068355,17.1381474618852,29961.6835974646,30395.4669850163,723.780036076332,0
4355,19486,8.28736160911121,3308.64380341248,25.6464346172034,15.293156426514,15.7806645766313,23.5401796961537,22187.2033573187,22965.688506269,-1498.14083742245,0
4355,19487,5.36239071412994,1735.90185194534,25.5621606119503,24.3295190399137,25.4683122849455,37.5496803217411,25823.7732226348,20171.1119438193,-171.650862953943,0
4356,19488,6.42024838308919,5697.21523955622,27.5864392591696,10.7398473710686,10.9820075700776,16.5038148271713,29961.2744403518,30395.4866397506,724.436947079399,0
4356,19489,5.48709247544783,2575.9897989241,26.8321868765316,18.4153404715562,19.1237792231169,28.3794826281154,29967.3143896253,24886.1033039499,-558.126425766313,0
4356,19490,8.31699517124516,3574.69501968164,25.6695792847207,14.5017204597172,14.9405791059215,22.315500522704,22181.4273134584,22973.5043491415,-1494.14599988698,0
4357,19491,6.39951605423244,5516.53596155622,27.5864392591696,10.9696837750041,11.2235273985016,16.8587972329261,29954.4229552957,30397.5207264592,709.614402380569,0
4357,19492,8.00474004272039,4145.69788141249,25.6464346172034,13.1092374497833,13.4661142962913,20.1617436330688,22215.3523056905,22953.9432728643,-1447.1552050955,0
4357,19493,5.34814387262284,2746.1186229241,26.8321868765316,17.5918173369308,18.2426797338162,27.1032335911403,29982.930803793,24880.6997105038,-510.956435937737,0
4358,19494,5.64589178207969,8570.96760831886,26.8757563628645,8.23570229846366,8.36084246445572,12.6389692109687,30869.6869743057,32745.9770522079,-69.8066668457888,0
4358,19495,6.36496448969418,8033.29279955622,27.5864392591696,8.60777521595836,8.750985371578,13.2134122947696,29959.9314004822,30409.2717610179,730.59799405251,0
4358,19496,8.53015185665755,3244.41598741248,25.6464346172034,15.5024092162844,16.0031037538927,23.8640693793429,22177.8861305193,22965.704468162,-1469.57562925275,0
4359,19497,6.4200411016533,7346.47806755622,27.5864392591696,9.11082047713933,9.27576406249057,13.9893139835165,29954.0307157503,30404.0555569079,757.308506632144,0
4359,19498,5.56576805092282,7186.65553431885,26.8757563628645,9.20634380817148,9.37238675897378,14.1358120441158,30860.7194008275,32743.4071479241,-97.2893628874233,0
4359,19499,8.12715735396875,3235.23114541249,25.6464346172034,15.5329488765294,16.0355771711811,23.9113424088953,22171.1935270119,22978.7054315162,-1430.31634511982,0
4360,19500,5.66244350965929,8417.14336116508,26.8088771703386,8.32717184994142,8.45573703186993,12.7799073524412,30853.8243676722,32741.4566912069,-102.122807059989,0
4360,19501,6.38854427425372,7479.88724511142,27.4012836494244,8.99853291292324,9.1577474179424,13.8158778500057,29966.2466462117,30389.3530460217,740.948188915876,0
4360,19502,8.13741927314786,3246.24583447762,25.569236331636,15.4872876712164,15.9863026304818,23.8404635080672,22192.8011285039,22957.9488087796,-1481.73728882619,0
4361,19503,6.42492055439684,7089.96096711142,27.4012836494244,9.31147660621519,9.48455197696276,14.2986585792011,29958.9879712341,30399.2755402704,702.504635548598,0
4361,19504,5.30688484004603,5872.80997116508,26.8088771703386,10.4826189834307,10.7077975019408,16.1054458866338,30921.8801324979,32761.2687915502,-11.2688095072287,0
4361,19505,5.8441242554858,4260.19850381651,25.7449871963669,12.8795128449073,13.2241620321001,19.8067847962652,22216.2602990827,24575.3535632961,556.165752119429,0
4362,19506,6.35952925268851,6210.30860511142,27.4012836494244,10.1417442273945,10.3534593483378,15.580030599472,29955.4516667931,30389.4191491538,724.730141558261,0
4362,19507,5.97333241779178,4928.53024499738,25.754754479579,11.6875281912656,11.9675679677892,17.9646648244617,22221.0000046766,24586.2668299702,580.824114222363,0
4362,19508,6.71817422048945,4666.01259773776,24.9863050146712,12.059566225165,12.3540799730161,18.538051357958,35374.240976795,30823.2431459707,931.670665536373,0
4362,19509,5.56887868160222,5064.87673708138,26.9112539360247,11.5602615014691,11.8408741307011,17.7700454255245,31234.260534095,32114.4727016328,-11.362257800598,0
4363,19510,6.45364322416987,7938.66679911142,27.4012836494244,8.66480699364779,8.80968207402947,13.3011575127589,29959.8217842847,30418.8327662061,725.099159770184,0
4363,19511,6.83080393153641,6253.62465173776,24.9863050146712,9.96132330889461,10.1520975813019,15.2981146475185,35363.6873053587,30816.2263249676,922.681120862941,0
4363,19512,6.20718722855931,4598.77899899738,25.754754479579,12.2374849639329,12.5468091528288,18.8144367710216,22245.0342332247,24600.8378402447,566.995430554017,0
4363,19513,6.05763774453561,2930.67298937687,26.6476212462051,16.774415953741,17.3677464848213,25.8363679738332,26535.9426939376,25328.2194720303,353.669136991671,0
4363,19514,5.59631724240093,3049.03544746601,25.6938729166969,16.1939380838339,16.7394543142929,24.9347872805053,35681.944563752,25127.2195898813,-115.032707903266,0
4363,19515,5.85698345574981,7149.70371508138,26.9112539360247,9.23837564659414,9.40599402856904,14.1852711789246,31214.785903295,32121.8152791856,-32.9645676670458,0
4363,19516,9.48118506184889,5401.32438213708,25.6868280396324,10.9992977807512,11.2436967144933,16.9015122741759,21614.8506896308,27442.4255987831,-1043.97062528264,0
4364,19517,6.25516997346439,8381.45547711143,27.4012836494244,8.37296925030265,8.50568882033932,12.8511486765383,29999.0091155666,30430.1601787362,670.838972457473,0
4364,19518,5.76188759086914,4298.90131377836,25.7731041702259,12.8038709918292,13.1444892092209,19.689905471465,35654.1149801965,25109.6249093412,-127.222720574416,0
4364,19519,6.09881096296122,4777.27770299737,25.754754479579,11.9314132459856,12.2243188577321,18.3414735477061,22245.7405313925,24586.145113096,530.619892061042,0
4364,19520,6.05916661036241,2994.10786937687,26.6476212462051,16.5230120624941,17.099550437256,25.4469736044729,26554.2007834529,25333.4063034923,371.499383127202,0
4364,19521,6.53424892925028,6320.17837416461,27.1643993387317,10.0141659940542,10.2185947169324,15.3827635493214,30142.2566861902,31827.369172695,-990.131898963071,0
4365,19522,5.66164145388364,3508.47578146601,25.6938729166969,14.6917821339572,15.1424364970704,22.6096357937687,35653.5878375317,25116.9122325246,-113.551701829617,0
4365,19523,6.63191211189611,4275.88582267428,27.4141886026441,12.9893883630757,13.3522906770949,19.9799785189369,29950.1968475371,30378.6250391265,710.325672835867,0
4365,19524,5.94795055860262,2940.18822137687,26.6476212462051,16.7360730778828,17.3268331076572,25.776976866956,26559.5297401343,25335.9651385712,384.94047403888,0
4365,19525,6.10722417895098,2308.36451381651,25.7449871963669,19.7500827843425,20.5414385557249,30.4451271847836,22210.5235678332,24572.4152234521,584.203868909332,0
4365,19526,6.0530011449224,1643.85866075732,26.3314592576041,25.5436988303279,26.7929873134761,39.4384717035085,30956.5230905247,33994.5129923345,489.503559222592,0
4366,19527,5.86694958769288,6041.30550875732,26.3314592576041,10.2639080128269,10.4759566912769,15.7670893711289,30961.2015369776,34006.8304972826,515.247409381028,0
4366,19528,5.50415112827492,3936.46348377836,25.7731041702259,13.5884218189443,13.9738179117609,20.9029849515648,35673.1567639142,25112.3585860237,-140.36657340909,0
4366,19529,6.22361648043481,3804.40035737687,26.6476212462051,13.9925031196389,14.4087105160696,21.529913012393,26550.0310198725,25326.8999134226,337.968881052449,0
4367,19530,6.101459948728,7761.66826475732,26.3314592576041,8.74302362018889,8.88677127791787,13.4205518365185,30955.5602232771,33998.5687641399,489.461046628596,0
4367,19531,5.61827372159147,3886.11155146601,25.6938729166969,13.7001780016326,14.0914676818114,21.0756495060246,35654.8543192341,25116.1446995223,-114.463585438519,0
4367,19532,6.03724221103796,3252.31866737687,26.6476212462051,15.5925573411037,16.1082535681446,24.0061714122381,26557.4884920018,25331.7658037614,392.950620867689,0
4367,19533,9.67298059914103,9095.63465854171,26.6827426046096,7.92838969859601,8.04072229358333,12.1650948377116,31339.7630453583,32858.354078086,110.698146148902,0
4368,19534,5.6235386402569,3669.19999977836,25.7731041702259,14.2553580869024,14.6802160700512,21.9345905686793,35645.6698890853,25102.8541842672,-126.329040120969,0
4368,19535,5.93100988773321,10575.6937545417,26.6827426046096,7.22255894964863,7.30879583143917,11.0776251460758,31554.112026,32574.3613105193,-73.3684450856655,0
4368,19536,6.00586840864641,3077.36614937687,26.6476212462051,16.2074499347428,16.7631202359138,24.9582636316427,26550.1390456901,25326.5076140093,368.133250958866,0
4368,19537,6.52477121689169,8238.83952875732,26.3314592576041,8.42050705499835,8.55096846456844,12.9232772061254,30972.1680513854,33978.7287010084,482.04842862856,0
4369,19538,5.7485075267045,3656.97556977836,25.7731041702259,14.2879568522462,14.7147754406562,21.9850224953835,35639.9519085583,25113.4642730873,-111.356357544131,0
4369,19539,5.86538838003347,3069.37071137687,26.6476212462051,16.2370750220951,16.7946943834924,25.0041411324131,26544.5927162218,25332.5077898336,397.573197829527,0
4369,19540,5.5082388752823,9523.35755254171,26.6827426046096,7.70515164068346,7.80898174862328,11.8210844956778,31590.3020846328,32567.2715302793,-91.2237858214799,0
4370,19541,6.10737381925029,9290.06302105468,27.1556354689426,7.84153503971764,7.95220988669093,12.0317091258837,31178.5273572199,31829.562453941,-695.420680873121,0
4370,19542,5.61290108428689,3124.04018922225,25.7755083149445,15.9313590236852,16.4606752167798,24.528452732681,35662.6068237174,25138.967805799,-85.5843634025013,0
4370,19543,6.74723174851196,3648.35989194454,25.3910042387048,14.2717355178586,14.6943515330198,21.9590381727167,22914.6358598476,20975.3459108051,917.352636972314,0
4370,19544,5.98143006356002,2644.42506908468,26.5645515945835,18.0333632763933,18.7120108237613,27.7866657897222,26565.3900761383,25344.505357707,376.550566867139,0
4370,19545,5.87771075436013,7588.18420101441,26.5280330559498,8.87775342255739,9.02802613035668,13.6285556358613,31589.1637828699,32570.3568377274,-112.719133381873,0
4371,19546,5.74784461692183,3511.73564349458,25.6956632833725,14.6825940132906,15.1327016269623,22.5954229331734,35670.9547348828,25130.2403724415,-79.5490795286447,0
4371,19547,7.1503783452529,10423.4131745397,27.3257104835935,7.30730641906012,7.3986041605594,11.2087299601572,30793.7179326385,31006.807576161,960.794626990236,0
4371,19548,5.70655860518226,9830.35095628233,26.8452197998069,7.56068676979526,7.65968475127858,11.5986494235931,31616.7295850081,32569.5657426073,-93.3080329981481,0
4371,19549,5.70956459054074,3445.79702708468,26.5645515945835,14.9700368062229,15.445504004511,23.0423343678637,26561.9337444545,25339.1123686169,397.009456701251,0
4371,19550,9.66996941207216,9508.2794606005,26.993412138553,7.72350198829612,7.82910260464772,11.8496595301309,32095.4689584832,30800.5378804068,-1414.07247040542,0
4371,19551,6.79250602439132,3773.37946794454,25.3910042387048,13.9474272827405,14.3507782567939,21.4573828823778,22943.2680562589,20955.2539969656,912.002608865763,0
4372,19552,7.11742225626743,10237.6458905397,27.3257104835935,7.38880965781186,7.48306836389623,11.3342871392621,30780.2882080956,31025.8126966583,1000.22776443611,0
4372,19553,9.57771222629997,10200.0500426005,26.993412138553,7.39500263613556,7.48841357767687,11.3435300225299,32081.8162969393,30819.4952787001,-1442.96860638439,0
4372,19554,5.74205618037558,3746.99161123271,25.7229713874587,14.0474160087856,14.4594241009916,21.6127989957096,35752.7600232501,25047.7176819128,-64.6844625937533,0
4372,19555,6.85201409014323,4199.12002194454,25.3910042387048,12.974177137334,13.3215120642132,19.952406537048,22934.1119677891,20978.3481559426,892.719047648874,0
4372,19556,6.15764850106838,3325.57911908468,26.5645515945835,15.3432685864146,15.842281546125,23.6200443173657,26549.9390022188,25335.7970619524,363.534694097428,0
4372,19557,5.69472553166394,9579.58494628233,26.8452197998069,7.68267549307294,7.78622385315135,11.7866079120051,31589.9722356639,32568.838744448,-143.14998270073,0
4373,19558,7.30335722913823,8217.3550925397,27.3257104835935,8.47489011549563,8.61151740495807,13.0082155455203,30751.0510459045,30998.7254792481,1002.98876587553,0
4373,19559,5.94144476941064,3336.68022308468,26.5645515945835,15.3077818375085,15.8045406975933,23.5651116260448,26533.3739294446,25319.3000979662,386.505666514486,0
4373,19560,6.4907319678499,2888.50694394454,25.3910042387048,16.7799010277962,17.3607800711516,25.841333148392,22944.7747014112,20976.8310987728,933.397425500939,0
4373,19561,5.69221929699135,7536.29900428233,26.8452197998069,8.93072964764807,9.08462915648648,13.710637138649,31584.9764210103,32567.427344582,-92.8634767025429,0
4373,19562,6.44136276913833,3015.44077062004,25.9270005587401,16.3496525993584,16.9076415922948,25.1765409361652,35781.5654634067,23705.5072871998,624.840562851262,0
4373,19563,6.12806757602062,3042.97457323271,25.7229713874587,16.2201632561579,16.7676730955482,24.9754735372641,35725.4829754581,24975.4655347163,-101.938901605934,0
4374,19564,7.03600321414991,8901.1742885397,27.3257104835935,8.05989124871544,8.17970483167311,12.3684240250344,30761.6998231049,31015.0598933037,1023.59549570282,0
4374,19565,6.26862351941538,4432.50550662004,25.9270005587401,12.5564360844478,12.8844041840508,19.3077246718447,35764.9624001932,23649.1673029707,709.122665661737,0
4374,19566,6.99512872244275,4614.55240794454,25.3910042387048,12.180831729171,12.4846016310852,18.7261983968996,22932.9337749712,20969.8606649141,878.344634038441,0
4374,19567,5.47039074024618,2539.37181594775,26.5353643078522,18.560579899853,19.2759816807486,28.6036870897247,28084.432279935,24837.2987277017,-182.488994263118,0
4374,19568,5.55995138926022,7942.26021028233,26.8452197998069,8.6388661819383,8.78039122044778,13.2605287751781,31599.812359612,32602.6044847342,-124.140970621201,0
4375,19569,5.94898035799956,5973.19937283217,27.3501516592983,10.3989536651468,10.6229012674181,15.9770593539427,27910.2873618246,29664.3957916891,222.114404826876,0
4375,19570,6.10079148288496,4332.85988262004,25.9270005587401,12.7494047391355,13.0880936131838,19.606014325476,35751.9521172948,23660.3345331921,715.612231138698,0
4375,19571,6.97656603930496,4241.69627994454,25.3910042387048,12.8865116322934,13.2289377186659,19.816883271462,22942.555813428,20961.2126996666,907.169190238754,0
4375,19572,5.52554472267191,5210.28732628233,26.8452197998069,11.3413164126665,11.6100595063927,17.4316812651254,31580.8446991288,32565.9492983637,-83.6166109339553,0
4375,19573,5.45989410178142,2763.99296394776,26.5353643078522,17.4695900640323,18.1089226717392,26.9129907834985,28063.2672439226,24849.2239882129,-171.655997410751,0
4376,19574,5.97158606994306,5524.78280229429,27.3562406746783,10.9444236699087,11.1956877979153,16.8194253367077,27913.2706041202,29677.5406475719,232.625440416271,0
4376,19575,6.38197203447543,3984.65084862004,25.9270005587401,13.4910423649513,13.8719793972092,20.7527189868207,35758.3351081492,23673.898717392,688.739122287199,0
4376,19576,5.53321698033316,3630.49450228233,26.8452197998069,14.4690191382541,14.9157773602542,22.2676280032404,31602.6990308575,32581.0156027634,-72.5197991467409,0
4376,19577,7.22618178655121,2839.87298509513,25.3536903902908,16.9765582907171,17.5700985767904,26.1458009285252,22904.7705889954,20959.2955697414,1068.34576666802,0
4377,19578,6.2544478235041,3770.97662262004,25.9270005587401,14.0065558211628,14.4178036842383,21.5500538672885,35757.4750694254,23647.6676330853,694.553216755548,0
4377,19579,5.99632531555562,4309.34407029429,27.3562406746783,12.9162356634148,13.2745219405779,19.8667476968363,27887.9465136146,29674.3540572273,271.951261461399,0
4377,19580,5.51587370751702,3327.70308028233,26.8452197998069,15.3679837453625,15.8710780836791,23.6589945682247,31606.321328699,32576.7430004437,-111.297666526281,0
4377,19581,7.2079653304269,3150.41755909513,25.3536903902908,15.7870056343812,16.3029922861118,24.3038510876539,22918.2865706177,20963.9812212549,1165.41422325683,0
4378,19582,6.30229615670878,4240.65904662004,25.9270005587401,12.9351541041111,13.2842701225143,19.8931738733414,35744.3024043537,23674.1578973537,682.565343027989,0
4378,19583,5.48258608195189,4579.33053028233,26.8452197998069,12.3581524159692,12.681475995123,19.0029761435841,31624.5072374311,32587.1748670279,-116.616145236877,0
4378,19584,7.23177552323848,2950.55363509513,25.3536903902908,16.5264315781776,17.0902325039096,25.4486988167365,22903.733466179,20982.8844079096,1124.7156831246,0
4379,19585,6.20654546841012,4484.77320462004,25.9270005587401,12.458281336219,12.7808403922282,19.1560098070457,35750.3580864753,23670.4408918464,714.769875727917,0
4379,19586,5.53773969270099,4830.00843628233,26.8452197998069,11.925906793153,12.2256167998158,18.33492346733,31610.1385277454,32573.1194272076,-111.54589445005,0
4379,19587,7.31651976798926,3098.23796509513,25.3536903902908,15.9716690468513,16.4994729832355,24.5897299997114,22905.9714835232,20957.6752719673,1178.46847204276,0
4380,19588,6.31316429499873,4019.83709623449,25.7810840566334,13.3974737625519,13.7718663767041,20.607710645295,35741.2885494796,23670.0091694443,712.238845582535,0
4380,19589,5.52909983914104,2988.49727194711,26.9565674979832,16.5839790516434,17.1676017321917,25.5422337839517,31605.5445622866,32581.8214654438,-120.256629123971,0
4380,19590,7.35078894600736,3408.30051835387,25.3369474729775,14.9482387265907,15.4114741818284,23.0056034851313,22898.4938684389,20964.5342768067,1147.01160303133,0
4381,19591,5.5451196987216,3939.29361394711,26.9565674979832,13.6922488617418,14.0929371220336,21.0661040868417,31596.7847810351,32581.3861025348,-86.525638336608,0
4381,19592,6.43131299233321,4529.40860623449,25.7810840566334,12.3643292010711,12.6807279639412,19.0105196424257,35740.9940756844,23645.2857669745,714.275086190541,0
4381,19593,7.17055465130089,3197.22536035387,25.3369474729775,15.6240139431878,16.1294801029659,24.051497515251,22906.5269304391,20950.2668115867,1118.45962981859,0
4382,19594,5.50671264013737,2964.86337394711,26.9565674979832,16.677168619407,17.2670325885687,25.6865778529255,31612.0537174565,32576.5253228735,-129.566170103543,0
4382,19595,5.63222515484545,3892.27840954646,26.3511062952543,13.747904786788,14.1471998440862,21.15090038123,35006.9502922537,21134.5619296145,-225.326456888871,0
4383,19596,5.59617397234252,2784.66866794711,26.9565674979832,17.4351480946134,18.0765106785911,26.8608372783451,31576.4617928655,32599.6099636678,-87.8869878385008,0
4383,19597,5.58040323557125,3174.79788493913,25.7761260851231,15.7534636046124,16.2713604712091,24.2530417325208,36436.4712060879,17378.3963014102,-74.9123335372236,0
4383,19598,5.38456125559959,3321.18760151094,25.8550931923496,15.2769527414986,15.7653558139943,23.5156267500062,25823.5502401763,21964.4719853363,-338.451254541331,0
4383,19599,5.691479007754,4072.53587570763,26.3992130631357,13.3357341748191,13.7112704860265,20.5135348890847,34975.6631420308,21100.9156848085,-309.164990076801,0
4384,19600,5.55218617364349,5271.55200994178,25.6617714598422,11.1743298846401,11.4273769560335,17.1717807858982,36451.6811186893,17362.9554759256,-34.2334412814077,0
4384,19601,5.62339930115606,3899.94013970763,26.3992130631357,13.734038672023,14.1328908856214,21.1295565627404,35005.2143168474,21137.5446694646,-317.021006390738,0
4384,19602,5.17872907227955,2833.06941551094,25.8550931923496,17.0738737396826,17.679203782273,26.297987870754,25841.1563240422,21979.440858618,-373.935518258507,0
4385,19603,5.84419535541076,5718.15118594178,25.6617714598422,10.5961149419351,10.8205074834602,16.2789297166811,36450.3895538738,17376.2155537861,-57.667014046574,0
4385,19604,5.38389674695996,3615.71927351094,25.8550931923496,14.4079336759541,14.8426885977923,22.1708311379941,25842.0734881769,21986.4326259328,-350.535814551413,0
4385,19605,5.88785202426161,2022.13322564245,25.7474344530791,21.7564946086181,22.6971870074485,33.5570684237723,34582.3411384338,30015.7012390279,67.3638700278298,0
4385,19606,7.6666773935568,5645.62812100837,25.8513643061702,10.6964538229863,10.9268164225482,16.4341439092718,36284.6417556766,21174.094349286,1072.7702926647,0
4386,19607,5.69495044869165,5222.38997794178,25.6617714598422,11.2432872302663,11.4998289627971,17.2782825032235,36445.0481389168,17377.3377209275,-30.2805663933511,0
4386,19608,5.63022851800439,2568.20181764245,25.7474344530791,18.2911756152863,18.9786865939356,28.1836842130312,34546.9983444071,30027.2096414202,108.251634647245,0
4386,19609,7.29287609819026,4810.97645597559,25.7570077921385,11.8760683781673,12.1660521590983,18.2559637293469,36345.7856185422,21155.2549478323,1055.26161193709,0
4386,19610,5.41342176957137,3351.93589751094,25.8550931923496,15.1797802222074,15.6620863972696,23.365226616973,25830.2409190967,21973.0551819494,-372.949060078363,0
4386,19611,5.50820579603534,3723.30661994688,27.5223661366485,14.2866496828859,14.7276769518423,21.9869363028001,29896.0429809117,31054.2104479268,-477.119103796566,0
4387,19612,5.65582453233379,5631.46792648499,25.5513014592653,10.6950271314976,10.9236049316411,16.4314672862041,36545.9379903115,16518.68489226,120.630345486674,0
4387,19613,5.92437025930809,3218.58766867546,25.8453731073192,15.6122080045634,16.1217390426389,24.0345483369417,34530.6378573467,30023.4074503775,116.892603230215,0
4387,19614,6.10632658631109,4847.33002615368,25.7017943012181,11.8128259520506,12.0991049180024,18.1581508539923,34344.0945032187,14071.867994304,627.700285277794,0
4387,19615,5.74171505420331,4595.66597458791,26.1833984709602,12.2768577410728,12.5912466503424,18.8760927311374,35622.2521638241,21087.8868383428,-326.741708666729,0
4387,19616,5.71035187089827,3695.16229469481,25.1826998676207,14.1267944491313,14.539011296008,21.7343435286186,26587.0510391997,19213.0683586623,-140.59442301211,0
4387,19617,5.22993612434595,3308.47859951094,25.8550931923496,15.3175945751436,15.8085548058958,23.5785326896841,25841.0329982215,21983.9076717485,-335.221256393875,0
4387,19618,5.29876635917674,3056.50717788261,27.5147302040327,16.3916791205174,16.9677993271898,25.2458557250393,29894.3092398947,31068.9044954128,-540.250200295159,0
4388,19619,6.00211397289048,7795.31189215368,25.7017943012181,8.69160364190786,8.8305424671224,13.3405244320415,34355.9967687155,14076.6332402764,670.669589602381,0
4388,19620,5.60758233654205,4384.55404048499,25.5513014592653,12.6169421461382,12.9455751125756,19.4005108754886,36559.7557632513,16498.6160768824,74.5981843509354,0
4388,19621,5.22174394827793,3055.81835351094,25.8550931923496,16.188987904899,16.7357690738369,24.9275595145129,25830.9299675528,21982.1011034407,-354.325211295345,0
4388,19622,5.70554799951326,4463.94054988792,26.1717984788385,12.517104493726,12.8446149616424,19.247402555936,35625.3376881778,21093.3567969039,-291.64152051211,0
4388,19623,5.5988687359722,4345.87150994688,27.5223661366485,12.856435000617,13.2124472026753,19.7745973812322,29890.6859250138,31065.2134962843,-501.460108821181,0
4389,19624,5.83664120822013,7867.40299015368,25.7017943012181,8.64136107950545,8.77823420275178,13.2630586709378,34338.0026807669,14078.3908459562,646.219452693995,0
4389,19625,5.87801731888839,2468.22596248499,25.5513014592653,18.7877335560323,19.5078065833068,28.9526277591007,36550.2882381964,16496.331446166,96.3808437170571,0
4389,19626,5.64901964868361,4423.760056021,26.1118211631737,12.5882808796848,12.9193149700436,19.3573077741789,35679.6033991639,21030.8383861298,-277.361563657026,0
4389,19627,5.4378473540156,4148.29828994688,27.5223661366485,13.2683985155752,13.6482893690252,20.4116793195656,29865.0713105804,31106.910977725,-512.797909104597,0
4389,19628,7.2711178582327,6047.63957082627,26.2218508364615,10.2505956949308,10.4614279283516,15.7463792050309,33455.3949823416,14447.3282431972,1251.17891372926,0
4390,19629,6.12316269366413,7549.9931568376,25.5962314227986,8.86395676232305,9.00959750619129,13.6061579856878,34358.0751278609,14086.5070994382,685.437616921966,0
4390,19630,5.75120359524817,3809.58547841315,25.5598822042026,13.8736666839587,14.2740564811501,21.3436778927427,36557.2698916755,16504.5216838925,82.5395514342261,0
4390,19631,5.33711226870585,3561.33801845035,25.884606192477,14.5616934193174,15.0060480471902,22.4088020613117,26008.9570176308,22477.9065429759,-427.242950595815,0
4390,19632,5.57188239519651,4423.69783973583,26.27898662307,12.6021303777061,12.9351085239176,19.3790401479117,35706.5591968462,20988.1456259137,-231.864755845498,0
4391,19633,6.00235315621855,7894.8762648376,25.5962314227986,8.61784148591287,8.75330560289917,13.2266728818533,34370.1585512883,14072.3022639566,676.683904283232,0
4391,19634,5.60012972529772,3980.83762841315,25.5598822042026,13.465639303563,13.8422437314978,20.7126460368356,36540.641583396,16494.5465796174,93.3542633390512,0
4391,19635,5.68664966113954,4191.12530573583,26.27898662307,13.06871599196,13.4279983045583,20.1003896838935,35710.7924353458,20975.5297746712,-304.714144958461,0
4391,19636,5.84527922052896,3204.4034920698,25.7228940701034,15.6457037583921,16.1562152586792,24.0860830443119,26253.1424092629,21694.0485147187,251.538035201954,0
4392,19637,6.00724849032954,7846.2428568376,25.5962314227986,8.65141240607697,8.78824980405978,13.2784317976722,34349.3944650599,14080.476244357,660.21767439153,0
4392,19638,5.48794840923504,4117.13451641315,25.5598822042026,13.1627386995293,13.521997634394,20.2442826552167,36556.8529029219,16498.5772172915,77.3202709484328,0
4392,19639,5.49363811785252,3405.95393245307,27.5130079720706,15.1943730172601,15.6922207380423,23.3918413435953,29958.5233028926,31123.8475484583,-473.713594820152,0
4393,19640,6.14327974417145,7239.20096973732,25.6916986371409,9.10760156924191,9.26399808697324,13.9820219768466,34359.1703814734,14106.6177060647,663.108294705201,0
4393,19641,5.47736235251618,2017.66087344559,27.5222059969193,22.1439371467582,23.1385853323197,34.164931421611,29936.4696226856,31104.9266610169,-495.724574033036,0
4393,19642,5.45653130370066,2323.49958122233,26.1720582999055,19.7296202110326,20.5247749003369,30.4148572556628,30593.589153177,22801.5261620322,-539.508650370929,0
4393,19643,5.81455595556298,1045.67489441315,25.5598822042026,36.0563458940896,38.2066963484439,55.7771779798734,36549.7922557922,16491.2925307776,110.974751406484,0
4394,19644,5.70525631664146,5360.5867308376,25.5962314227986,11.047912928593,11.2942031128529,16.9764382795137,34243.6179533595,14048.4777114059,106.21014179813,0
4394,19645,6.9957842646445,6162.11262133663,25.5440717616904,10.0882772113103,10.2878650138659,15.4948492124743,22067.5298238871,23230.7400692588,1087.54164625319,0
4394,19646,5.5423650629796,1728.12847841315,25.5598822042026,24.4111322237535,25.5564130191507,37.6763782022531,36554.0677322184,16500.5363744104,64.2938351058844,0
4394,19647,10.649493487216,4236.12722978438,24.6672565053814,12.8343947818163,13.1684983130856,19.7348247817164,36783.8463342836,26596.8756648648,-989.493332310022,0
4395,19648,5.62627790284729,4392.70180241315,25.5598822042026,12.6019857351799,12.9298555857579,19.3774100469935,36544.9995955669,16481.9535255889,104.489117369325,0
4395,19649,9.08863307615454,6854.24071292801,25.4556659341973,9.4179416817482,9.58671536310915,14.4604080048128,22605.6473253014,22104.1246810055,-1317.22539579391,0
4395,19650,6.21920550180378,6135.49213479746,25.9256705850963,10.1383922630023,10.3423428354127,15.5727543349551,34921.6000361854,14879.0564359636,490.60104744124,0
4395,19651,6.52333291656179,4958.22445193088,25.6173230581234,11.6311902047846,11.907404152963,17.8773854499399,23680.9750559097,21868.4181282917,600.54647420029,0
4396,19652,5.58834920379993,5036.36760041315,25.5598822042026,11.5076460700109,11.7770887544877,17.6864362247397,36553.6365565403,16492.781405909,93.8789646057137,0
4396,19653,6.31456638798991,5980.95771879746,25.9256705850963,10.3071640397416,10.519110455718,15.83326263515,34922.0381943264,14863.8037562541,505.541947507378,0
4397,19654,6.15575786407618,3934.85802566562,25.8496785594067,13.5993972367557,13.9860352267267,20.920124846468,34912.6273738346,14859.6025016326,533.548274458796,0
4397,19655,9.61477597996784,5336.36774523841,26.2656190868029,11.1254818888661,11.3796768796056,17.0973376909897,35355.1180807354,22202.6199444677,-1097.4613386013,0
4398,19656,6.13686539057823,4395.61991966562,25.8496785594067,12.6205310166479,12.9514973244368,19.4066470323288,34899.886885729,14837.9799920058,516.870927204784,0
4398,19657,8.96899487497213,4866.17872323841,26.2656190868029,11.8242526931995,12.1147978074978,18.1768163668555,35357.9479978488,22210.633507781,-1193.29788671104,0
4398,19658,6.48345241364641,2533.44289217019,25.2984554476727,18.4005624068993,19.090509180861,28.3517694941659,37225.7299888012,18124.031984628,813.791836819942,0
4398,19659,5.65737898421238,1940.90399856309,25.9796834409834,22.4743010097474,23.4733843052498,34.6717616171617,29775.798023235,20521.011218218,126.251160597337,0
4399,19660,6.14521173576737,5077.25854166562,25.8496785594067,11.4670376381376,11.7362094213886,17.6242116388709,34921.4973750839,14859.9058187356,548.767208081438,0
4399,19661,6.67878318184375,4267.96836617019,25.2984554476727,12.8251838446144,13.1635050855579,19.7218908314246,37216.461589705,18108.573985083,830.774014338837,0
4399,19662,5.56044020641807,2701.72609056309,25.9796834409834,17.6758025332288,18.3233335017291,27.2308534427273,29804.3790495495,20535.6250479887,155.989656646112,0
4399,19663,8.46117242365053,3244.94055754916,23.0341304979874,15.1881437059914,15.6441206089932,23.3707737268461,35524.8811994296,34380.4859453482,-1404.63741081414,0
4400,19664,6.28182864662729,6180.12483066874,25.5801573098734,10.0713645584362,10.2703552811736,15.4688000494553,34907.3756365267,14859.8998231536,525.402101448121,0
4400,19665,6.50542139081599,4033.44356628017,25.2048517158319,13.313824789087,13.6789457992469,20.4771321852362,37210.3061887202,18023.7188025955,811.481315746061,0
4400,19666,6.0059993530384,2934.64568203939,26.0661737255272,16.6827489684418,17.2641178604968,25.6927785772292,29792.5589389634,20531.6439228584,150.794058246742,0
4400,19667,8.29743592892785,4257.7386044232,23.0400041296054,12.6461750554854,12.9575272021872,19.4404839350915,35530.5715618296,34403.2559651247,-1352.22213706466,0
4401,19668,6.15497671503562,6706.43610066874,25.5801573098734,9.55641795973419,9.73193054607755,14.6742040202385,34913.5841962497,14860.9172365533,511.224152977273,0
4401,19669,6.74225078785954,4321.89606228017,25.2048517158319,12.7096715281702,13.0409036857454,19.5431474325491,37207.2481933147,18034.281060167,865.075068494933,0
4401,19670,6.71739714753345,3625.93989127292,23.9189710364891,14.177365563939,14.5816257200707,21.8095488587232,37209.7436489214,18034.8207770279,862.06605820508,0
4401,19671,8.27293294505012,5152.8311924232,23.0400041296054,11.1560843546935,11.3916068296728,17.1390156805376,35519.5031172282,34427.4542104822,-1308.36222885208,0
4401,19672,5.56532516821365,2153.86803403939,26.0661737255272,20.8309632888182,21.7061074109464,32.1224893392241,29834.4391583333,20534.164073458,191.975481711073,0
4402,19673,6.30005907022917,4925.45779266874,25.5801573098734,11.6795346779877,11.9580291277814,17.952004499479,34904.3605738575,14855.8096028031,525.934571197262,0
4402,19674,6.67285256357093,4296.54413628017,25.2048517158319,12.7598600749209,13.0938655901997,19.620724452693,37226.0145837421,18047.5540955843,874.283799159604,0
4402,19675,8.47384936430286,4426.98554821829,23.6237086215152,12.3738060001574,12.6751763130302,19.0208773465279,33929.8474293311,35751.0161515412,-1279.56135314813,0
4402,19676,6.06859268555155,2230.71674803939,26.0661737255272,20.3042817002657,21.1402775677561,31.3056218545087,29782.9201007573,20521.5435375759,79.2317459352708,0
4403,19677,6.15498869910834,4655.79347466874,25.5801573098734,12.1238072079026,12.425813109581,18.638437434333,34908.146126665,14858.7234772891,533.075788300442,0
4403,19678,6.70817974157702,3530.78822028017,25.2048517158319,14.5755850723112,15.0148819049234,22.4286695633341,37213.4821645887,18039.4654158403,850.717939417947,0
4403,19679,8.71857941983034,3608.05886821829,23.6237086215152,14.193445045955,14.5960101110705,21.8336909752425,33898.0020443915,35766.7505652297,-1224.76749713784,0
4403,19680,5.40158646034208,1262.85431889834,26.2225566163885,31.2762990452162,33.0117248208208,48.3465036810492,28587.0210808124,23401.0341617136,-417.260462028322,0
4403,19681,5.79158180999661,906.293368039387,26.0661737255272,40.732179478921,43.3282480406397,63.0571363559623,29820.7732146797,20516.3496958448,145.636065207426,0
4404,19682,6.35347906630915,4495.29001266874,25.5801573098734,12.4106147139201,12.7281348040205,19.0816675734914,34913.4713765176,14854.3210518259,512.462338463925,0
4404,19683,6.66148880921466,4233.68193228017,25.2048517158319,12.8866176822995,13.2276617897394,19.8166645025359,37239.5186760206,18055.9177774263,858.312883536511,0
4404,19684,5.52800541492742,3160.4291013737,26.0672305392803,15.8383550405523,16.364468575672,24.3852296740371,34417.0218655181,25206.3056377562,-534.388350556646,0
4404,19685,5.51890037691887,1383.20438289834,26.2225566163885,29.1309923662004,30.6798507918778,45.0115385920045,28591.9535306156,23430.834759819,-430.173842495286,0
4405,19686,5.50672063026749,5170.46861968484,26.4042818307005,11.3687154673306,11.6362219997792,17.4732732455749,35406.6735898829,21297.1219037131,-290.659858410909,0
4405,19687,6.15284959084179,5240.75998266874,25.5801573098734,11.2117936994882,11.4662384069734,17.2295037351434,34919.3925973284,14863.4614462955,552.414608071517,0
4405,19688,6.59416402319696,3946.50694428017,25.2048517158319,13.5113434934039,13.8877782795007,20.7825484532333,37205.6500352242,18030.35233574,843.888200969034,0
4405,19689,5.58783555040413,3520.8845913737,26.0672305392803,14.6959707999947,15.1501230333103,22.6170100489137,34426.2128560938,25204.4560087262,-551.174452891949,0
4405,19690,5.29846663474385,1582.56170889834,26.2225566163885,26.2646632260654,27.5715710008451,40.5578061559685,28590.241527693,23402.0180818732,-443.713879196916,0
4405,19691,10.8301429668177,5188.68806174181,26.2693140127568,11.3331134662682,11.5979603349896,17.4180513951214,33973.4606081077,15830.2739798262,604.807263735758,0
4405,19692,6.24093865860869,3867.47263023388,25.0598763138193,13.6837378882996,14.0689630496373,21.0488168827338,36325.415236584,27152.3112728619,569.604375287459,0
4406,19693,5.32816538310254,5694.04866568484,26.4042818307005,10.671378744504,10.9036215100055,16.3962869207514,35406.2578901176,21286.4515072531,-304.410165687489,0
4406,19694,6.37189199837337,5856.40870866874,25.5801573098734,10.4279815525301,10.6438124185102,16.0192424092043,34923.9370407107,14855.71168622,496.404763433325,0
4406,19695,5.54456132806053,4465.4916273737,26.0672305392803,12.5056826515944,12.8318320852869,19.2295463951459,34397.2508632352,25164.9803458604,-568.571556598252,0
4406,19696,6.84170796316712,4016.8153921408,24.7774519340029,13.3111903547616,13.6728005233115,20.4721323745104,37614.0581684003,17252.2262151521,-62.7732106374797,0
4406,19697,5.46979669242323,2153.76196689834,26.2225566163885,20.8606936025237,21.7401079483895,32.1691687075072,28628.60266783,23423.2334002584,-357.275579143325,0
4407,19698,5.42131769531645,5881.93044568484,26.4042818307005,10.4479989031536,10.669307683533,16.0513920024567,35391.6452046994,21288.8492621031,-297.879685165322,0
4407,19699,6.20468881057822,5639.65084266874,25.5801573098734,10.6867426691722,10.9150816752498,16.4187222689295,34928.0725731448,14857.2708032447,531.067683179044,0
4407,19700,6.43489746038616,3651.32432713429,25.0211831076031,14.2255855918561,14.6422930384617,21.8867786466475,37220.4415659385,17099.845316655,535.846445267774,0
4407,19701,6.11468940101625,2189.20453597761,25.9673584093534,20.5665106232139,21.4206581696673,31.7119613313825,22725.1503787038,24183.0827107272,515.160133808938,0
4407,19702,8.29575066934705,2799.10880309818,25.1178714472634,17.1176400542478,17.7180644305941,26.3636201757068,30413.8479517139,14448.4920852315,-1398.89333232354,0
4407,19703,5.48693159964254,4057.04946382504,26.1780238836589,13.3502353069651,13.7249392776419,20.5354991224274,34386.451093808,25100.1698197659,-615.353916651311,0
4408,19704,5.3954455388963,5744.99480368484,26.4042818307005,10.6095372738216,10.8387350953056,16.3007997646186,35405.0359918405,21294.185443683,-286.443819737051,0
4408,19705,6.19860989298706,8609.43844866874,25.5801573098734,8.16198735136254,8.27921482878674,12.5239597786763,34927.331385325,14876.7595938044,506.149085210143,0
4408,19706,6.50547019215979,4068.54592195844,25.0570776316458,13.222675091074,13.5814671918001,20.3358850883709,37200.8234555288,17112.3032295678,588.08950730064,0
4408,19707,8.27824485323605,3211.50160109818,25.1178714472634,15.54961369308,16.0482845091733,23.9357575743649,30444.4246246319,14455.8080479211,-1376.3190071354,0
4408,19708,6.04557490309837,1699.41237397762,25.9673584093534,24.8201923832686,26.0047983609828,38.3132956926309,22699.5452642119,24175.7329376546,481.361868870015,0
4409,19709,5.3247514494236,5251.41416968484,26.4042818307005,11.2528993109503,11.5144329049005,17.2943717264205,35407.599788442,21301.3741696006,-301.790745337878,0
4409,19710,6.36032487616597,7058.01511266874,25.5801573098734,9.25002251820492,9.41205065158789,14.2015490324007,34920.813555043,14849.0893618738,525.484110491648,0
4409,19711,8.38479083029154,2752.12734509818,25.1178714472634,17.323341124726,17.9375384057734,26.682235595815,30427.1615941858,14412.3485852008,-1438.66602079918,0
4409,19712,10.8019438703155,6728.48166974181,26.2693140127568,9.57197194049521,9.7515291651912,14.699127641636,33972.5379447482,15824.396664093,620.964686133221,0
4410,19713,5.46042971540387,5833.1487297801,26.4963302463995,10.5103093969211,10.7351518255055,16.1477320992221,35397.5571646757,21301.2987338224,-287.619994376252,0
4410,19714,6.21461353744524,6383.52809677119,25.5577695138385,9.86233480313786,10.0515591325085,15.1461885786656,34914.6285174769,14853.3662518421,536.477498339467,0
4410,19715,10.1141460993931,7690.04321897178,26.6052112873923,8.80649838087944,8.95407541583013,13.518757063154,33812.3903322731,17665.2283736424,166.214883511646,0
4410,19716,8.37589783879071,3755.37881170158,25.1365869130414,13.9674637952543,14.3698850247558,21.4877921132961,30444.1105523031,14430.1321072988,-1449.25861113773,0
4410,19717,5.35033369794409,5291.16623353693,26.7747161716998,11.2219332927578,11.4840774855253,17.2471478876339,33372.8710467921,18200.1231636604,-666.235338569414,0
4411,19718,5.3759607220577,5900.1518217801,26.4963302463995,10.4324608840001,10.6535124073313,16.0275406074963,35407.0996204493,21295.9644652765,-308.511982195866,0
4411,19719,6.43011307163703,6081.90405277119,25.5577695138385,10.174748846595,10.3784535604911,15.6283285338132,34915.6953555191,14854.4086279863,498.692605995252,0
4411,19720,5.39010036655805,7582.29871075556,26.698078101832,8.88972972143731,9.04124162827852,13.6472278360569,33385.902334425,18198.2117343993,-651.07684582992,0
4411,19721,5.96931922439187,2864.09815248415,26.4027186106904,17.0165360906841,17.623678344515,26.2107328378634,32573.3146105698,24693.0323875752,415.663828459351,0
4411,19722,8.50711624721212,4734.45653770158,25.1365869130414,11.9553845039133,12.2454173224843,18.3773680376909,30422.5994575402,14486.7534113253,-1401.63837334335,0
4411,19723,10.8856127649543,8466.41119435665,26.2550543198494,8.27477153307889,8.39907630971564,12.6985310825839,33977.6042068593,15847.8242336269,617.146126415501,0
4412,19724,5.42132607923831,5737.3356297801,26.4963302463995,10.6244052436519,10.8548431598999,16.3238972082846,35388.8955747994,21295.7417902425,-290.138919252625,0
4412,19725,6.05391315825996,5152.75373448416,26.4027186106904,11.3943830101071,11.6632099047701,17.512921018775,32599.8678880573,24687.2651271561,432.048656014983,0
4412,19726,6.14027537598515,6489.29694877119,25.5577695138385,9.7588145066478,9.9433216611391,14.9864507688625,34926.008473445,14864.0556275587,541.670585945659,0
4412,19727,5.53255040683058,6970.86049088538,26.7148207370348,9.37960649998296,9.55261699134623,14.4029102099464,33356.1186188479,18222.6635409572,-596.501760728624,0
4412,19728,8.11582981594674,4716.48707857869,24.2336156329185,11.9149363048174,12.1966539738921,18.3131684256651,33355.3649528339,35797.0018053768,-1469.69207420307,0
4412,19729,10.2759735575684,8682.60893841739,26.5450717351743,8.15648374046435,8.27721314756294,12.5165073305588,33794.4137909311,17706.4151205088,157.579023221737,0
4412,19730,5.73318700298881,2198.63015460707,26.5250775980397,20.6029203602697,21.4669432263091,31.7704095149349,32934.7416834632,31978.1225963352,-19.3866882660689,0
4413,19731,6.13738747646481,4845.64788806296,26.4192711681645,11.8688662535721,12.1627793853926,18.2460253390812,32668.0636219352,24271.3540813135,565.141594763656,0
4413,19732,5.46101154698574,5509.5867897801,26.4963302463995,10.9095857291327,11.1542122755205,16.7642742120388,35401.6109008236,21290.2538828656,-267.196730610078,0
4413,19733,8.21461783030415,5233.08488257869,24.2336156329185,11.1291422173158,11.3710738960361,17.0995526608494,33372.6479214521,35785.870115182,-1477.29929625909,0
4413,19734,6.39985163201865,6359.15340620854,25.5358721310342,9.88540647178138,10.0755749631624,15.1817598482866,34786.2211013067,14702.6929234775,391.735973404017,0
4413,19735,5.5035707161776,6791.41112875556,26.698078101832,9.536783462712,9.7167925897062,14.6453983236604,33381.3547729031,18203.7142955101,-651.572402675111,0
4413,19736,5.51592927236127,3611.6382410659,27.1065037340147,14.5476625938074,15.0014246862999,22.3899196687649,28478.1108259382,28188.4589508336,-467.988943448555,0
4413,19737,5.58016976587867,2396.70997260707,26.5250775980397,19.3492049925564,20.1209850145708,29.8261978633241,32912.640641773,31974.6968129445,-16.5056481202466,0
4413,19738,8.27721367828356,3383.77816570158,25.1365869130414,15.0002700925689,15.4648905684951,23.0856180361446,30449.4721979194,14448.6865344944,-1329.43143408094,0
4413,19739,10.9962676222784,8135.04094744249,26.2042846191594,8.48258652040953,8.61505597951296,13.0188427960397,33941.6956572735,15770.5834178529,571.683856175534,0
4414,19740,5.49242480867713,5352.9819297801,26.4963302463995,11.1180543747892,11.3732333897034,17.0862418566217,35408.4296669757,21298.1959943034,-304.945582117414,0
4414,19741,6.05594748839908,5501.30678420854,25.5358721310342,10.8583580163881,11.0948644113203,16.6836292479713,34743.3028379976,14723.3973676491,263.513776534277,0
4414,19742,8.0268486447066,5347.84034257869,24.2336156329185,10.9728658052594,11.2071326891845,16.8582601558504,33350.372766918,35806.4511644716,-1459.67044942616,0
4414,19743,5.47615439047301,3544.77390176459,27.1135083214827,14.737330391755,15.2029358154372,22.6834650426546,28473.3166477812,28164.1671365715,-451.778256086701,0
4414,19744,5.60789873147691,6410.05296475556,26.698078101832,9.89805287656097,10.0946892190194,15.2029031807084,33382.425446146,18192.352013754,-678.56463590194,0
4414,19745,5.69141759586116,2548.46911260707,26.5250775980397,18.5113935270784,19.2231965349356,28.5274167184494,32927.9015659062,31963.7990364765,-48.2075957475597,0
4414,19746,8.32262152704752,3300.51988570158,25.1365869130414,15.2603273341579,15.7410556286598,23.4880678678239,30444.9601306043,14477.8284019316,-1468.31025726383,0
4414,19747,6.12473983095742,1750.57639406296,26.4192711681645,24.3778469249335,25.5337971838682,37.6283888309457,32675.971571693,24280.1185381675,518.313940806574,0
4414,19748,11.2656667166859,7688.31014292307,26.2550713602402,8.79228530688407,8.93777526216159,13.4964267741161,33959.3851575932,15801.8003965128,584.610685176296,0
4415,19749,5.47783212634446,5027.1072597801,26.4963302463995,11.5884459498056,11.867982398865,17.8128838081006,35399.079529858,21288.9311355918,-297.720800024894,0
4415,19750,7.95898952261448,5724.99154057869,24.2336156329185,10.4982769105596,10.7097884147861,16.1256324927366,33363.3275053388,35793.3096799743,-1475.01050852301,0
4415,19751,7.15114705931105,6333.76377219232,25.5219161210046,9.91009287164438,10.1013219006286,15.2198345730504,22658.6335958904,22005.5507330807,1139.12150414573,0
4415,19752,5.41208362480771,3873.38462275556,26.698078101832,13.8265002997841,14.2331769662517,21.2732231381059,33375.5850366893,18194.4374107099,-638.235967157008,0
4415,19753,5.34282892640465,4197.6840230659,27.1065037340147,13.1265038607658,13.4951339114018,20.1914092782848,28463.6671996676,28180.5405163624,-458.710493732601,0
4415,19754,5.82657386785194,2910.70870860707,26.5250775980397,16.8395734357199,17.4360483912382,25.9369564317846,32916.657438816,31956.2161493771,-22.1844248580244,0
4416,19755,5.47824866617306,4878.9824097801,26.4963302463995,11.8205847389301,12.1124145641749,18.1715571658554,35389.0635679271,21301.1748492574,-299.330313692199,0
4416,19756,6.17488840156445,4404.83071408844,25.1784458486719,12.5468807638645,12.8689798279358,19.2914818283495,35426.310636136,30194.5407205253,678.516575500193,0
4416,19757,7.92072760899504,5415.72447457869,24.2336156329185,10.8831672414531,11.1130727990185,16.7197750072301,33360.5976239405,35789.0987748101,-1464.54882575128,0
4416,19758,7.28978020230376,5483.27383419232,25.5219161210046,10.8807521292837,11.1182829440276,16.7181855624257,22656.7538091919,21990.3482617085,1160.24071777544,0
4416,19759,7.47542621913586,3860.16285275846,25.5159748390153,13.7455362937088,14.1380521005728,21.1454072590423,33736.305898471,14269.2300585679,1187.96206095132,0
4416,19760,5.62520330920636,3803.36396875556,26.698078101832,13.9999885819407,14.4170464197477,21.5416036735947,33381.3511491238,18213.0169411327,-665.139863555774,0
4416,19761,5.32572584053911,4119.5798270659,27.1065037340147,13.2948074810569,13.6732172920525,20.4516894827927,28455.6380357687,28178.9814201762,-428.968200102649,0
4416,19762,5.55434094912831,2636.19867060707,26.5250775980397,18.0678049307472,18.7484253209364,27.8399215913282,32899.4179449276,31979.1724241837,-70.0039106891429,0
4417,19763,5.59057727245857,6258.5588937801,26.4963302463995,10.0410293848908,10.2433560138857,15.4232957121565,35387.7585049149,21294.7157822799,-296.583910533622,0
4417,19764,8.13796995723496,5624.81729257869,24.2336156329185,10.6188766531403,10.8360953174091,16.3117829034788,33358.6590328683,35812.7690321731,-1472.08018818341,0
4417,19765,5.6789361955182,5592.2602130659,27.1065037340147,10.8419246245623,11.0865933202132,16.6607330411931,28444.5257209083,28166.1449385966,-444.412119808379,0
4417,19766,7.24919462226124,4325.4044915448,25.6111497951266,12.7373899665227,13.0731247413359,19.5868114429259,22849.2688606147,22164.4388487437,1210.59526145478,0
4417,19767,5.35208984423129,4192.29907675556,26.698078101832,13.1026528710863,13.4669474454375,20.1537109047355,33371.5833892048,18219.9118214113,-627.29048268728,0
4417,19768,6.5204536216228,4611.45854730338,25.5697107958316,12.2004272590911,12.5064805262955,18.7568187128108,34996.8530242836,29764.5231817522,101.346302528271,0
4417,19769,6.51455371433113,4968.18544369692,26.8247053019816,11.7028427698106,11.9904750142033,17.9901985558925,28031.3149638081,26721.7760489011,-91.1338185140068,0
4418,19770,5.95928197447527,4476.81824616196,25.5837423363441,12.4450883142846,12.7645158747833,19.1349545550087,34928.509186084,29648.7280097214,140.908811086593,0
4418,19771,5.44064192859546,4271.83496275556,26.698078101832,12.9372996481376,13.2921288668333,19.898032639215,33367.1768885595,18201.4910757364,-630.662788792491,0
4418,19772,8.08602850887929,4926.50498857869,24.2336156329185,11.5779323006091,11.8423361396813,17.7926156184891,33342.6394872848,35793.7467593017,-1474.53341237534,0
4418,19773,5.66278021155797,5242.9785017646,27.1135083214827,11.3126010307954,11.5814441926212,17.3877609650435,28462.5772670903,28155.1516855986,-463.598634715325,0
4418,19774,6.27199419810211,5110.21482085907,26.8481513941835,11.4878624231749,11.7642792483328,17.6580830543104,28008.8457934438,26718.6545397597,-70.4237564579482,0
4418,19775,8.35957654273644,2826.52036570158,25.1365869130414,17.0030997163702,17.5960963139885,26.1862723513365,30410.2682526677,14469.1544294493,-1352.5877847524,0
4418,19776,5.49884979030264,2460.26707003508,26.7429902638989,19.0211871368471,19.771845272508,29.3183525522603,34617.5718810641,20858.9299639796,-439.991591987756,0
4418,19777,5.50885163453902,2033.84362098114,26.2154430126256,21.7569242026761,22.7040978722858,33.559515182629,23568.6923871691,24554.7202495087,90.0580587754814,0
4419,19778,5.88137308310907,4400.21181816196,25.5837423363441,12.5895732051934,12.916929983494,19.3582715163158,34918.7160174837,29633.9633944943,119.905928912694,0
4419,19779,8.09951914643303,5018.99216257869,24.2336156329185,11.4374539078497,11.694750962202,17.5756560662972,33351.0189439429,35798.347185259,-1484.68772642997,0
4419,19780,5.53140114446789,4302.34097275556,26.698078101832,12.8753328812174,13.2266361160675,19.8022220156518,33371.9998932396,18205.1055086686,-644.694164050583,0
4419,19781,5.59485150269704,5476.2338417646,27.1135083214827,10.9926805420343,11.2450350788776,16.893581825433,28460.9038772741,28165.5246489233,-426.02533984601,0
4419,19782,6.50307061447277,4991.04751053522,26.8218066939382,11.6670322093586,11.9527437944209,17.9348616453037,28021.7444124213,26706.7665310716,-85.4316441177183,0
4419,19783,8.35589055796162,3126.84487570158,25.1365869130414,15.843026267295,16.3604708335115,24.389991228674,30461.241960085,14457.6042214309,-1430.91513087423,0
4419,19784,5.51568279435721,2190.15662348073,26.7604162265807,20.7037345447231,21.5782972168999,31.9276100079417,34582.5325495774,20892.7505935451,-406.349805669802,0
4419,19785,5.60749500819848,2442.25397475158,26.512907886137,19.0857270412877,19.8383542217226,29.417671963052,25398.428015569,25250.9678186471,-243.300838918093,0
4419,19786,5.97398145014231,2639.23331307584,25.4299956581228,17.8914632728973,18.5477153010553,27.5633204920631,27828.5776134131,18891.2953875832,332.2085988018,0
4420,19787,5.47478883573546,3615.80199401192,26.8347509123115,14.5084154787935,14.9575111662855,22.3285672596858,33388.8165582038,18202.3839067248,-660.253653233953,0
4420,19788,5.3543519175558,5505.20396660314,27.0869002098694,10.9529347701685,11.2031150538904,16.8321519983959,30410.5476131208,31816.237312971,-388.53216224872,0
4420,19789,5.85393030839751,3460.35764274964,25.5412398966699,14.8154368990226,15.2723308007871,22.8006058927258,34920.6661828967,29637.9934475597,175.067829592234,0
4420,19790,6.90745421084075,3965.797498609,26.3151696064204,13.5705979928168,13.9591792615249,20.8765838070595,23796.8081163223,28617.0722664805,1006.32760464284,0
4420,19791,5.95225399041377,2901.92834924158,26.8735977285198,16.9212451093648,17.526721117525,26.064432789182,27975.536124282,26645.3328325619,-79.8375937961019,0
4420,19792,8.46279093939776,2858.12089666632,25.2072994405183,16.8802322141116,17.465825976295,25.9961868330345,30408.0905325009,14457.4061852511,-1448.30084131834,0
4420,19793,5.36798567053657,2660.60146873786,26.3558382991115,17.9246434995779,18.5934456772095,27.6175597949393,28575.8990519563,23362.6745267369,-426.406409613144,0
4420,19794,5.06439387864625,2068.07765230387,26.854175818871,21.6140999109384,22.5589344692445,33.3402831580767,34598.8797023828,20899.0817544382,-431.91487637601,0
4420,19795,6.09224290879974,3348.57076285358,25.5247802634579,15.15296415179,15.6305912072147,23.3228962498611,27825.9273273201,18951.0667951316,361.267936571309,0
4421,19796,7.12924762640216,4623.780196609,26.3151696064204,12.2372607841976,12.5503802926075,18.8151405976045,23776.2319120422,28625.9373837042,1051.59943319184,0
4421,19797,5.29364850210126,4308.79569860314,27.0869002098694,12.8948904517467,13.250061938087,19.8332207621876,30417.7014521655,31810.6375713828,-411.450905129662,0
4421,19798,8.09604432456963,5092.71278244867,24.1089134252248,11.3196882804367,11.5702683773837,17.3935650499306,33350.4599548649,35803.7967569244,-1475.57884800228,0
4421,19799,5.65136996154493,2427.42223124158,26.8735977285198,19.2277905426313,19.9948728956614,29.6390812892631,27989.6527211096,26644.3543668769,-14.9446039722396,0
4421,19800,5.40523744727032,2795.26843273786,26.3558382991115,17.3058630578732,17.9321262916257,26.6588094359358,28586.279008785,23363.139421818,-421.296235016505,0
4421,19801,5.32374781745313,2555.64518830387,26.854175818871,18.5238916429764,19.2402702178227,28.5478057946864,34591.6689466055,20874.1085069048,-382.131312850014,0
4421,19802,8.52211301450942,2947.83279466632,25.2072994405183,16.5178873264102,17.0796257900866,25.4350539322342,30434.9994491919,14444.0244140873,-1413.07142414109,0
4421,19803,5.54876202903637,2740.16140824448,26.4247513162072,17.5620035668664,18.2065080596225,27.0558526197928,25420.4197652954,25242.6259593403,-293.910151652311,0
4421,19804,6.33073817459711,2235.62531866549,26.026296116024,20.2646925013751,21.0972587285938,31.2440859339539,23559.3888122577,24546.0454483579,-18.670418447971,0
4422,19805,7.18022663141877,4601.577988609,26.3151696064204,12.2766695526475,12.5919411919486,18.8760481943767,23793.2180953808,28630.843180878,1046.20269303382,0
4422,19806,5.33252951287544,4392.98491787049,27.1078890662536,12.7293441058286,13.0752418182655,19.5772996442669,30409.7052107026,31800.0989373556,-379.736221411682,0
4422,19807,8.0460954728109,5331.69488244867,24.1089134252248,10.9859219970319,11.2200487819928,16.8782034220667,33358.4425008812,35811.2213932335,-1477.80925027647,0
4422,19808,5.70428330035344,3430.64594866549,26.026296116024,14.9570205811116,15.4269591599917,23.0208904088466,23458.3002070196,24492.7128711882,47.9782340389337,0
4422,19809,5.30553028154896,2662.91419873786,26.3558382991115,17.9135320868467,18.5815631278781,27.6003415465997,28614.7277564729,23347.8406359719,-428.402723524362,0
4422,19810,5.70751305556942,3095.98132003104,26.3896711169423,16.107506080211,16.6541560136875,24.8028168660062,25359.2156222791,24913.6938996521,-271.695418983223,0
4422,19811,5.29096359610124,3696.43964379386,26.8065169212904,14.2871290565738,14.7224356621246,21.9860940388342,33360.4808340884,18200.018007115,-668.737533794653,0
4422,19812,5.36954169316897,1877.96494095096,26.862073679937,23.2221907960249,24.2924304342742,35.8360285817435,34593.846582231,20889.6580582999,-455.941334527829,0
4422,19813,5.70082409992233,1492.72676854189,26.8839929865847,27.6513947291552,29.0855660782164,42.7153483554971,27991.2550621189,26623.3951084459,-90.3622251062651,0
4423,19814,7.27453924092959,4262.267458609,26.3151696064204,12.9242536670926,13.2755834484091,19.8771013638155,23779.2420678499,28628.8952148684,1035.50806418255,0
4423,19815,5.3958756625711,3586.89354860314,27.0869002098694,14.6148282783718,15.072590176964,22.4938172849452,30421.8801908946,31824.0329153914,-421.927191389632,0
4423,19816,5.39212037949651,2255.60940673786,26.3558382991115,20.1917210231468,21.0230603227097,31.132067053942,28584.2789735829,23363.7607751531,-385.273826429931,0
4423,19817,8.66863202216281,2980.05683266632,25.2072994405183,16.3926003216669,16.9461617488788,25.2410522030988,30460.1691173576,14472.3957694818,-1400.20475437695,0
4423,19818,5.40123189403019,2014.15800430387,26.854175818871,22.0408376962431,23.0185275065151,34.002458394454,34595.7017549428,20893.9049922446,-411.211884916738,0
4424,19819,5.2604961066897,4484.61307787049,27.1078890662536,12.5536629236633,12.8896540781469,19.3056928073651,30407.1744258761,31806.2812400656,-418.137217010623,0
4424,19820,5.33071684140742,4779.57731348595,25.4029658654793,11.9008636486682,12.18981125003,18.293626151223,35361.7887290432,14760.604416991,-204.434925704093,0
4424,19821,6.98747215703465,3201.539350609,26.3151696064204,15.7255945470674,16.246778949724,24.2112941070949,23797.2390753525,28634.5235092269,1014.20125721514,0
4424,19822,8.00097771849598,3408.53387154362,25.7909682420654,14.997977632952,15.4683699029829,23.0836993894735,33603.7581000363,32389.5339581323,-1446.74625392948,0
4424,19823,5.21971045609874,2262.70177873786,26.3558382991115,20.1455828000628,20.9735162577035,31.0605146274796,28594.1327300146,23340.2202674402,-457.462284286868,0
4424,19824,8.1901315136377,2572.1992289421,25.151601625214,18.1797104667077,18.8526336529757,28.0090698976744,30395.5183490391,14447.1067159321,-1432.97501999673,0
4424,19825,5.50767026484078,1736.21191030387,26.854175818871,24.6320451804322,25.8151510961965,38.0249352793452,34593.6965161538,20896.0422810608,-442.166870696422,0
4425,19826,5.88330989092657,8164.77368097957,25.1304669595675,8.418275000507,8.54375596271859,12.9184812310398,35499.1443764495,29651.1519214874,468.108059539074,0
4425,19827,5.3289469039075,3420.47093987049,27.1078890662536,15.1057355189398,15.594455922767,23.2536692711786,30397.561326405,31817.0575990044,-375.961902527991,0
4425,19828,5.29047545062805,2018.85193273786,26.3558382991115,21.9040644685961,22.8644318662524,33.7883496363099,28591.4078256156,23348.016942605,-378.654817836642,0
4425,19829,7.93136867950837,2068.9491809421,25.151601625214,21.2764323749573,22.172594202971,32.8100625013594,30402.5753733876,14462.0933388218,-1390.1534880808,0
4425,19830,5.12145817160907,1496.47462095096,26.862073679937,27.5919126857234,29.0206739277783,42.6228164168125,34597.3659833705,20891.2319916563,-398.303137000338,0
4426,19831,5.90387006770259,8251.94541307093,25.1035042639977,8.36141819738408,8.48454021624105,12.8308113121343,35499.5608752,29660.050813912,463.893266456903,0
4426,19832,5.40018037950095,3698.94565787049,27.1078890662536,14.3104181193984,14.7495868459477,22.0228014531898,30409.5246748768,31792.2983188273,-402.816593280639,0
4426,19833,5.29615888577313,2122.19792473786,26.3558382991115,21.1128566916606,22.0129836366294,32.5608103149631,28572.6692577803,23359.0192737316,-422.173566660259,0
4426,19834,5.8715607342109,2148.7772617894,25.4692814867976,20.7556007621371,21.6172403351629,32.0034240297045,30664.0173580131,14961.9847156122,216.548787441263,0
4427,19835,5.92639204410864,8749.7506347582,25.2385049092225,8.06689866241414,8.17912920014174,12.3770467600412,35491.9487997543,29661.3439552466,469.640225078694,0
4427,19836,8.37132176171908,5060.53725177337,26.0897464900384,11.5090365705192,11.7818866604405,17.689504932124,22711.4562285743,29628.8913879773,-1490.16327041837,0
4427,19837,5.30003592455702,3892.33393787049,27.1078890662536,13.8189893773039,14.2283982089325,21.2624806327492,30402.8740966386,31818.5407865229,-425.390850106106,0
4427,19838,8.55290325258625,4981.0898691951,26.5011744764484,11.6595979260359,11.9429138431598,17.9228226216407,34147.0171963729,16662.4826731555,-1305.27129409224,0
4427,19839,5.62867743606568,2207.7188377894,25.4692814867976,20.3502141990551,21.1819030171319,31.374732181727,30606.2538636788,14935.9283715369,205.044979626591,0
4428,19840,5.7963765360727,8237.12909097957,25.1304669595675,8.37194253502108,8.49559041295835,12.8470639601376,35495.6720374234,29656.6828839235,456.274371699939,0
4428,19841,5.54323033419524,4308.64151660314,27.0869002098694,12.895202136084,13.2503914349706,19.8337026976649,30415.3255396049,31812.007800464,-382.584210300079,0
4428,19842,5.41757583910698,2688.54416126074,26.7229555837152,17.8441675675617,18.5113516836937,27.49394726317,27278.7574492073,25948.4259823129,-227.297366510944,0
4428,19843,8.14445747286606,4355.00041977337,26.0897464900384,12.7194889140963,13.0576735055625,19.5600899018363,22716.7562639466,29616.0856744912,-1456.78534695412,0
4428,19844,6.8759540658065,3806.49785379435,24.5452880128748,13.7810042364936,14.1676169326474,21.1980631864229,21853.7454260989,20177.9306250188,1008.2441965287,0
4428,19845,5.7682940016308,2447.8242637894,25.4692814867976,18.8867816518005,19.6128770785373,29.1058782322102,30602.3275294124,14914.7709582964,212.990911333241,0
4428,19846,5.95602204463133,4012.5918598569,25.7069669571849,13.4070124411438,13.7813815389974,20.622302884537,34450.3633892156,14843.6878679076,-39.2653415841539,0
4429,19847,5.94882439936713,6446.58432307093,25.1035042639977,9.77544048041262,9.95838538628224,15.0114638856184,35482.021165993,29655.8860901574,461.702944323433,0
4429,19848,7.25076339394127,3336.09140138329,26.1818380420927,15.2665987463705,15.7573148350353,23.5004172451316,33955.6786446981,15494.7247466716,961.263532965959,0
4429,19849,5.53322908651657,3901.98132587049,27.1078890662536,13.795626472582,14.2036373360229,21.2263390103137,30401.100238358,31809.1271412238,-395.656289319147,0
4429,19850,5.42561691175936,2147.84991326074,26.7229555837152,20.9953566732755,21.8913951932484,32.3798528541201,27277.1086033876,25954.849861454,-250.955092571542,0
4429,19851,5.90279484251069,2049.6602617894,25.4692814867976,21.4860315554787,22.4023595405575,33.1364108674183,30597.0469992561,14923.6139287804,187.666393387672,0
4430,19852,7.13734522179213,3866.40476791116,26.3459572814125,13.8100557141387,14.2129896443644,21.2470237519935,33947.194972725,15491.3835588528,1005.54066413067,0
4430,19853,5.36150528621513,4693.71659405034,26.9314794585514,12.1623791417174,12.4754995366078,18.700536648289,30415.3309359547,31802.6463873137,-417.894396825863,0
4430,19854,6.61375769927601,4210.69049202592,27.0342269272795,13.0928243806738,13.4589875744476,20.1391836951945,26552.6758337226,29664.0818041643,751.641797481675,0
4430,19855,5.53058014178191,2392.80320559804,26.8591879573687,19.426587999398,20.2079347416734,29.9472680144114,27299.2487226733,25945.9701085309,-259.044438907981,0
4430,19856,6.03746802532459,2664.43718253584,25.2847489247657,17.7496220926449,18.3945340983896,27.3431113491732,35489.0592708865,29661.09522787,448.114392047146,0
4430,19857,5.94868290336852,2279.11590813301,25.6339355995696,19.9141213777588,20.71601158697,30.6990881026656,30626.1720693757,14938.3235430638,206.003351478522,0
4430,19858,5.13102580736813,1005.38760977968,26.944922555497,37.8234304599674,40.1671749629284,58.5353718510312,34587.7728053178,20871.6098782752,-402.177121954185,0
4431,19859,6.90471770368953,4179.28409791116,26.3459572814125,13.0995651658228,13.4611035172043,20.148225492218,33941.7396816024,15496.7335289441,994.278685074487,0
4431,19860,6.52092218319631,4609.66067256611,27.033634521856,12.3182513976345,12.6406255393402,18.9416469041508,26544.3073460836,29686.630541153,759.619323553875,0
4431,19861,5.37853079244845,6753.56608805034,26.9314794585514,9.58288432659664,9.76609349780193,14.7168387141397,30445.6474079186,31808.9849359504,-399.585812618044,0
4431,19862,5.16486327796624,2851.25236959804,26.8591879573687,17.1318515717995,17.751464376729,26.3906561874089,27283.9289491985,25942.9310201253,-253.820190499272,0
4431,19863,5.80729402437536,2706.20004813301,25.6339355995696,17.6053447787411,18.2442821906067,27.120651850645,30603.4229188891,14928.7786588419,191.376165950472,0
4431,19864,5.43491628787838,1387.45060577968,26.944922555497,29.2814527226721,30.8562725066337,45.2490121865432,34602.669166775,20872.1788796578,-418.693716927831,0
4432,19865,7.14205759016245,8186.33465246732,25.1311127174292,8.4044218685684,8.52935646090083,12.8971283673801,36521.6885217537,25861.4172059951,1019.78871095971,0
4432,19866,5.5074269522185,4943.3747414977,26.9541156189432,11.7511063250364,12.0421201209884,18.0649974643088,30417.4080002685,31801.3756976223,-416.201634233317,0
4432,19867,6.70529895650506,4379.35681656611,27.033634521856,12.7499427546298,13.0964924626783,19.6090051038928,26550.0507433959,29692.6561597797,776.920597647715,0
4432,19868,6.97908040778384,3770.75614800736,26.4060882753175,14.0542123501239,14.472190533857,21.6248456134081,33965.6315094086,15502.740002507,961.564789645028,0
4432,19869,5.65332147832388,6898.61060988364,26.0666814319711,9.41004221155434,9.58138291691085,14.4490286014954,35567.5306993068,24109.5447732497,-134.36643426521,0
4432,19870,9.55944032044908,6566.47064715515,25.8052257092384,9.69829785327398,9.88130092500003,14.8934167826367,35804.3441494529,25287.5527908212,-162.154709090808,0
4433,19871,7.04999644971356,7229.43710846732,25.1311127174292,9.0884778022031,9.24148176409269,13.9518147722495,36530.8324214216,25849.4753847154,991.661306432006,0
4433,19872,7.31217008931839,4568.94606391116,26.3459572814125,12.3376441222207,12.6564647786031,18.9703469014366,33949.6830454005,15481.5671483554,1007.54885799586,0
4433,19873,6.4557453067816,4265.10795456611,27.033634521856,12.9795114902065,13.3391508685975,19.9639628011547,26546.1092236346,29679.7876446434,768.554381377498,0
4433,19874,5.63262977738805,6698.21806188364,26.0666814319711,9.58919961162085,9.76855520986211,14.7254380088666,35588.4256070603,24097.3051861064,-122.398246140821,0
4433,19875,5.29476253081442,4761.20425805034,26.9314794585514,12.0469671584908,12.3537890211606,18.5221646301405,30417.0365602311,31809.4567242256,-415.604591428988,0
4433,19876,5.73512568182616,3679.1335161012,25.9221510531745,14.2441450224373,14.6695737147445,21.9175864429759,34370.6593694259,29634.977065217,3.63247731511174,0
4433,19877,8.99185974788766,6244.97442808837,27.0865989984238,10.0878450057146,10.2953895894002,15.4963874206029,33763.2863848182,20313.9952330165,-1045.02971831374,0
4434,19878,7.24797979898089,6924.39903446732,25.1311127174292,9.34062519489803,9.50445612980947,14.3407109385937,36531.0412194386,25834.7440848384,995.558519474438,0
4434,19879,7.05521472735886,3957.23999191116,26.3459572814125,13.5934015851433,13.9835575657786,20.9119181607975,33932.0720910632,15488.4344790316,1015.58034348763,0
4434,19880,5.40095068247511,4669.35583805034,26.9314794585514,12.2047683881676,12.5202128461976,18.7660531851048,30422.7013349967,31803.8368450223,-375.325705737378,0
4434,19881,5.61858873654838,6014.44291788364,26.0666814319711,10.2781900523524,10.4895120008827,15.7887465642675,35592.9319165997,24112.8165893626,-122.47172287665,0
4434,19882,5.0135405289931,5642.89583177968,26.944922555497,10.7680515284434,11.0081078414977,16.5463991950275,34594.48431158,20860.0832603109,-340.44362337789,0
4434,19883,6.81534394638406,3327.84436002592,27.0342269272795,15.3886868696776,15.8947832328586,23.6915071788971,26545.3937873846,29659.9255917785,741.352043608387,0
4435,19884,7.38060831736203,4230.42846991116,26.3459572814125,12.9924215296273,13.3478460330562,19.9825594127005,33949.3048133707,15481.8786519674,981.677073048865,0
4435,19885,7.16488818734444,5725.41372446732,25.1311127174292,10.5543099633154,10.7736699922264,16.2135581682593,36511.2129250438,25867.8483658278,1028.65045214461,0
4435,19886,5.50647775966134,5507.00792988364,26.0666814319711,10.8853449996588,11.1262836297579,16.7261561112005,35566.2035425134,24095.1569670457,-145.006785028047,0
4435,19887,8.94727310806504,6356.91056008837,27.0865989984238,9.97246694483363,10.1745327656556,15.3182917535862,33790.16239291,20348.2790877666,-1005.56455915432,0
4435,19888,4.84502529317699,5940.75387801855,26.8655859069689,10.4077003385524,10.6295224734631,15.9898585274019,34607.3679175487,20866.0352196253,-431.604880840532,0
4435,19889,5.26985113679968,2142.4604774977,26.9541156189432,21.0768410373444,21.9820223590975,32.5070847915736,30393.8914346809,31813.2100329437,-389.131343466283,0
4436,19890,7.24005359549765,5584.75568846732,25.1311127174292,10.7262905480459,10.9539572436944,16.4790629363075,36531.7115211613,25844.9147026291,1006.57571530064,0
4436,19891,7.0589183447274,3756.82541791116,26.3459572814125,14.0839313995049,14.5032081873459,21.6706878022191,33952.228097398,15506.6748667656,995.599963608467,0
4436,19892,6.05249116419115,2228.90434699489,25.639715373463,20.2399998330169,21.0657994379086,31.2044283953117,22932.4994430111,22922.5546876276,367.951173428758,0
4436,19893,8.96322634541274,6004.34037808837,27.0865989984238,10.3486111564908,10.5687209457831,15.8989517704421,33779.3375826823,20364.2679078268,-1043.84329550295,0
4436,19894,7.08121244771905,3859.47524715515,25.8052257092384,13.7751059224277,14.1716787675319,21.1917809682739,36521.8043320893,25856.3859028211,1017.50477030658,0
4436,19895,4.70902787994655,5200.61420001855,26.8655859069689,11.3566267114678,11.6262881834858,17.4553666559989,34579.8299362704,20875.0013830583,-373.485222181243,0
4437,19896,7.0835433657964,4789.81532246732,25.1311127174292,11.8632921437633,12.1484432245873,18.2350764339532,36514.4179331279,25842.1494261078,1014.00320314498,0
4437,19897,8.90690240351423,6878.28800608837,27.0865989984238,9.47869314042952,9.65788515444647,14.5562677527187,33779.1131412871,20389.1367738393,-1081.90982181856,0
4437,19898,6.0178838405986,2653.19118499489,25.639715373463,17.8554258793769,18.5115499328569,27.5081307242909,22915.7043076884,22922.5523787383,396.111559370744,0
4437,19899,4.89271877206139,4925.24340675792,26.6754688895288,11.7597287909522,12.0494524311961,18.077837898269,34575.1554809257,20884.6496944681,-370.988826865508,0
4438,19900,5.29412681615605,3179.90786414584,26.7972083900085,15.8572554584415,16.3914363840423,24.4163783956553,28927.7373609338,25020.2609454123,-378.354057609,0
4438,19901,9.07675814478738,6285.23795608837,27.0865989984238,10.0459284510379,10.2514768345292,15.4316841364816,33780.9466893395,20365.6824120549,-1012.87910599479,0
4438,19902,7.07931659222478,3382.22176646732,25.1311127174292,15.0044077247998,15.4692330619963,23.0920070369775,36538.8535486511,25843.711695147,988.467378699084,0
4438,19903,4.88398506037305,4424.57040075792,26.6754688895288,12.6328902002712,12.970353463506,19.4273539706117,34613.0970893711,20896.7086797076,-414.45609696259,0
4438,19904,4.43964904435585,4374.54439343597,27.0948683994093,12.764426452284,13.1122233142143,19.6315158630336,32990.9091094027,20002.346002953,-475.30203680618,0
4439,19905,5.59104342288732,6839.8494996093,26.7461358490176,9.4958311522347,9.67421283659452,14.582272526535,28934.5314030338,24732.686821287,-307.827973566339,0
4439,19906,8.6645212124278,6262.79346208837,27.0865989984238,10.0692360899848,10.2758936456621,15.467662080571,33817.9758065313,20376.974120137,-1016.78513608144,0
4439,19907,5.48622734062849,4753.9771524891,26.8162353324164,12.0505386747128,12.3568077541892,18.5274782477612,34993.4420401799,20763.0248786251,632.082647906546,0
4440,19908,5.29372958062055,6424.79964550725,27.0137221227847,9.90031309400911,10.0986191248818,15.2068239846653,28913.9761589262,25010.1095981464,-429.432877038572,0
4441,19909,8.61832385418786,6362.51754491852,27.0511913585155,9.96486771294563,10.1663985090831,15.3065135510623,29774.53114049,25403.1242792759,-1185.41800180253,0
4441,19910,5.0220692196857,5187.93291109147,27.0312726648215,11.3862230791495,11.6584194812903,17.5013625813523,28897.9359941622,25020.7100903855,-423.091341272078,0
4441,19911,6.2150819492215,2758.94125584667,26.7044955078583,17.5158322935726,18.1601177628593,26.9851280697177,32894.6339183515,24326.3997651818,-1006.67744764102,0
4442,19912,5.07105757092029,5566.55655550725,27.0137221227847,10.8689245247756,11.1144368092066,16.7022883564932,28912.7367185338,25016.4653582802,-419.940194561265,0
4442,19913,5.93201274720933,2916.59094997724,26.7220226017076,16.8412823701299,17.4398489875717,25.9401480736786,32917.6376476533,24293.1841813296,-930.644082590071,0
4443,19914,5.04186288756876,5998.97098750725,27.0137221227847,10.3504324607347,10.5702489755216,15.9016581658665,28917.5762621063,25025.1534464461,-446.869757582526,0
4443,19915,6.1891562050591,2897.94734184667,26.7044955078583,16.9155168494116,17.5189087060285,26.0550916993662,32878.7291385269,24329.6054155995,-981.034592150435,0
4444,19916,6.64853300580065,5911.5904923852,27.1159168534387,10.4558071894348,10.6813103920589,16.0645012050367,28761.3282899335,25548.837595602,1002.63217107365,0
4444,19917,5.90143296928039,3789.66275251338,25.690964863745,13.9361972093842,14.3413456713365,21.4406908216467,34094.0686620616,31408.8429219513,318.052194833828,0
4444,19918,5.57521151445557,761.814923226575,26.3735589990993,47.2053923042072,50.429025483455,73.138692746412,23636.6604228008,25692.5833584286,81.7463217314608,0
4445,19919,6.70526443829652,5787.2977743852,27.1159168534387,10.6018511793535,10.8345605258345,16.2900065697824,28745.7649675516,25559.0053038744,1021.94067012096,0
4445,19920,5.93695972676422,3451.03799258716,27.0168582600624,15.003000020285,15.4844450866408,23.094430532966,31021.7898174721,29038.7411955209,-944.124343706196,0
4445,19921,5.63486793627566,2243.45989122657,26.3735589990993,20.2745122361056,21.1121955309891,31.2605261037609,23626.6008247897,25696.6896240173,85.6243475343043,0
4446,19922,6.35309901155419,5837.41263865018,27.1539661752081,10.5445688551173,10.7746466480751,16.2016112479034,29104.8222882363,25883.6108531749,203.38260434953,0
4446,19923,5.89726454621274,3845.61175658716,27.0168582600624,13.9249856682621,14.3400466672585,21.4262630806743,30994.6577023792,29063.3371673288,-952.039191071077,0
4446,19924,5.762874897519,1847.56807507423,26.306712902879,23.3859170070913,24.4610588609043,36.0879568913101,23457.3410003086,25634.5959629972,172.979090438187,0
4446,19925,5.88367463697339,3601.90657643437,27.2482009619858,14.5892264258344,15.0467312752793,22.4545633192958,30992.1118504664,29067.8746898141,-939.811985406617,0
4447,19926,6.30953794652324,5117.07433465018,27.1539661752081,11.498765930619,11.77760906626,17.6754401253729,29111.0500942586,25921.0558133583,267.045179614334,0
4447,19927,5.86978815168767,4395.683459487,27.0477449520986,12.7191631625035,13.0640678512843,19.5614441987234,31003.5466596713,29034.3981270765,-964.80990489684,0
4448,19928,5.89402520422443,2934.92436196029,27.1475001224812,16.8217851339985,17.4232610785873,25.9111093048594,29144.7000414438,25950.8151558318,332.573728313488,0
4448,19929,5.9124626357673,4276.632929487,27.0477449520986,12.9570450650418,13.3154966090408,19.9292510536946,31003.6199578983,29063.2888491841,-929.904289931576,0
4448,19930,7.30236368732004,2666.49232531227,26.5699808946687,17.9273762550399,18.5986974911196,27.6224362829054,24062.4077005872,26819.525919488,651.05134222443,0
4449,19931,5.98433632171662,3741.048713487,27.0477449520986,14.1936370161247,14.6251926855359,21.8419729546321,31004.8613209952,29074.3504859056,-950.644516346708,0
4449,19932,5.87118005025837,2484.6908959603,27.1475001224812,18.94909177058,19.6991865178048,29.2078572049595,29150.1310998311,25969.5067281487,344.871527479201,0
4450,19933,6.14902427098022,3674.35691871047,27.1988402654757,14.3853203125611,14.8298207547047,22.1389065875218,31015.3100314959,29062.4361567008,-950.309961432383,0
4450,19934,5.82345334681664,1822.43244811075,27.3546912034822,23.8595930843378,24.9877401608327,36.8275456743753,29147.7013022473,25956.3596177098,330.18852020768,0
4451,19935,5.93472727711295,3416.25625071047,27.1988402654757,15.1285283375452,15.6194792141758,23.2891676221939,30984.421762699,29046.5927694691,-914.34733496519,0
4451,19936,6.00072801246899,2417.26660411075,27.3546912034822,19.3634047507548,20.1459210919453,29.850890403256,29154.0767182056,25972.23527139,331.807922406576,0
4452,19937,6.41291548324134,2223.39772444355,27.2214706529473,20.5580577502468,21.4274649613066,31.703234576696,25583.1499958425,26505.6933409498,733.182360505366,0
4452,19938,5.83283060015983,1340.63572411075,27.3546912034822,30.2047701851837,31.8672672562239,46.6863989494248,29149.6726409775,25956.4758336392,314.207150306278,0
4453,19939,6.47307541947719,2146.13051644355,27.2214706529473,21.0994276820794,22.0097456554795,32.5430705690981,25569.7814610283,26506.2674763549,739.728270096091,0
4453,19940,5.69545364136036,2097.93365611075,27.3546912034822,21.4809614043201,22.4221370265917,33.135510429979,29166.6763105581,25951.4027619807,350.747689053561,0
4454,19941,5.27374243368132,3709.33444453637,25.9449822038817,14.1669829113236,14.5879648679492,21.798266246898,34207.9120004615,14854.6698964543,-319.191362791474,0
4454,19942,6.27858287031944,1761.57461011075,27.3546912034822,24.4789055620412,25.6570821853758,37.7892024056874,29147.4833887457,25930.7408925105,332.044384190554,0
4454,19943,6.05566771397368,3305.36472425314,25.6157159032447,15.300131029931,15.7877938291087,23.5508967973062,34223.1049152898,31691.207363176,347.448471006721,0
4454,19944,6.76279760836688,2634.02052454208,27.0247554694928,18.1515220766325,18.8434532692399,27.9711655570289,24596.2063997528,27419.160559591,978.338254741698,0
4455,19945,5.30543202784192,3707.70452053637,25.9449822038817,14.1712424453156,14.5924799373695,21.8048557820557,34205.9461226203,14864.572437802,-305.623473079347,0
4455,19946,6.03956852734341,3887.43070010084,25.5709448572217,13.6852504178891,14.0746861080889,21.0522922283832,34205.5134742888,31731.1800249707,332.488299468223,0
4455,19947,5.85009184576379,1943.57544811075,27.3546912034822,22.7357636464934,23.7745068884564,35.0828742641929,29161.656083899,25952.6892939518,406.415716877123,0
4455,19948,5.97060796540683,2788.44970018071,26.8520893552174,17.4040315314673,18.042173942153,26.8123268622655,24190.1428799482,26830.1542358954,362.031612463172,0
4455,19949,6.29164443412442,2253.93932320551,24.5061902600204,19.8738109057769,20.6582308159894,30.6325775541271,37865.4931034847,21863.8783475668,-81.267435589709,0
4456,19950,5.23431312014306,3841.93096453637,25.9449822038817,13.8313930215023,14.2324012271205,21.2791493905086,34190.4832302319,14853.7607324791,-308.185261688579,0
4456,19951,5.90345595943681,5312.81805459497,25.7104119901232,11.1205983438691,11.3712271093705,17.0888788121408,34173.5982199799,31677.8195632835,334.970999559839,0
4456,19952,5.97877615032894,2543.36117581526,26.9039109422437,18.5957513981814,19.3177946203275,28.6593466289488,24209.2253993036,26863.5903564572,380.049277069161,0
4456,19953,6.05344890891545,1860.55945411075,27.3546912034822,23.4910647579084,24.5896935835931,36.2553730717577,29157.5860504112,25968.6561224581,343.437757742896,0
4456,19954,6.96671893837876,2589.20668720754,25.0373883675231,18.0771455981261,18.7416801682814,27.8497853701196,37467.1755763071,22559.7233957948,942.534156057974,0
4457,19955,5.21481229526658,3939.68235253637,25.9449822038817,13.5970427789651,13.9842913025536,20.9166896638663,34193.6601991394,14864.9311010489,-330.967087247611,0
4457,19956,5.85628815700297,5667.54678459497,25.7104119901232,10.6606435108138,10.8884524660382,16.3786320980559,34113.6231071161,31645.268019374,420.941684354203,0
4457,19957,6.02430012032961,2664.15698218071,26.8520893552174,17.9793397924347,18.6573322465274,27.7038035162106,24184.2772455389,26836.4941507565,371.055087230654,0
4457,19958,5.97661949674788,2113.06551811075,27.3546912034822,21.3671997708462,22.2996543840117,32.9589954089764,29142.5371742196,25939.7632488174,364.256931390325,0
4457,19959,6.56520565571477,2184.06044320754,25.0373883675231,20.4307198386138,21.2626289981197,31.4980043236192,37460.9703042836,22594.5985064298,952.302339314563,0
4457,19960,7.944310111039,3612.99067065051,13.5204346245815,12.9854571033465,13.2198034921641,19.9384633832256,40417.4774675383,10835.2013858508,-1396.34582509703,0
4458,19961,5.19631235368021,3705.36976453637,25.9449822038817,14.177349823585,14.5989537932611,21.8143039719418,34206.1314840199,14852.1112610169,-293.198455331378,0
4458,19962,5.97394157233017,3022.97732581526,26.9039109422437,16.4438443218006,17.0176114616688,25.3250454966694,24208.625975417,26850.949182176,349.054964510377,0
4458,19963,6.20825620764102,1707.61091011075,27.3546912034822,25.0628220909451,26.2886388946757,38.6960298430269,29140.4091499257,25947.004600999,325.271462580368,0
4458,19964,6.76464030767704,3396.98821120754,25.0373883675231,14.9489280334318,15.4094850241697,23.0059206120967,37449.2115481212,22568.7363605995,893.625849425914,0
4458,19965,5.8080913879014,1940.86919325473,26.9735130080956,22.6809963948564,23.7101734025353,34.9964122790611,31830.9394176336,27214.3066107755,-17.2785752215255,0
4458,19966,5.83232718026008,1978.1110695655,26.4391076060972,22.2540861391814,23.2425856753942,34.3318103221807,23970.2646264174,24278.7666604426,8.40552278371874,0
4458,19967,5.88098377408484,1426.81492659497,25.7104119901232,28.2868854111641,29.7543937036228,43.6971467504297,34164.236581029,31685.839988004,296.817506068563,0
4459,19968,5.59558664256401,2745.56707725473,26.9735130080956,17.6140083254246,18.2678864449076,27.1380273020682,31854.2174331283,27209.808055869,-51.6906188456136,0
4459,19969,5.21928349035907,3457.09269253637,25.9449822038817,14.8691014011889,15.3328701218628,22.8846321960685,34211.2169880949,14849.0833739498,-320.113823478621,0
4459,19970,5.89455574251567,2181.52232611075,27.3546912034822,20.8709762889594,21.7656430714274,32.1891150710931,29172.6053592467,25978.6137888427,372.781522041743,0
4459,19971,6.05338619627123,3026.96403181526,26.9039109422437,16.4285904742385,17.0013434948479,25.301420430581,24206.23356011,26855.4336897742,356.05954377847,0
4459,19972,6.84745842801991,2903.73796720754,25.0373883675231,16.6706652448186,17.2406512042593,25.6711494323197,37447.5073200888,22583.3695458682,903.099952676425,0
4459,19973,5.24924542943268,1742.16091949876,26.9385989766993,24.5881815416365,25.7690074831785,37.9571742592331,30943.6436347045,18873.3664180976,-209.612670120422,0
4459,19974,5.57526405067474,2261.23966176955,26.4740845806107,20.1757267127492,21.0073610845132,31.1076696721824,23960.825252601,24295.2637874626,-6.53094998108602,0
4460,19975,5.73707607065943,2582.68071785609,27.0829845457112,18.4184585839156,19.1298868031573,28.3850787070165,31854.0028127582,27209.143763644,-44.2603893969971,0
4460,19976,6.41024323464882,2004.87412797095,27.5416825912702,22.2527461140258,23.2561422791022,34.3338747507955,29149.0787394608,25936.7111118663,303.292004486581,0
4460,19977,5.9440016698765,2238.60837141214,27.1438520636646,20.4420181993753,21.3017657170467,31.5229750099718,24183.966658237,26844.5036907301,378.332646815146,0
4460,19978,6.7785656335386,2572.78654680664,24.9961464098689,18.152849796421,18.822116517151,27.9669528190314,37450.0175267218,22564.3789825612,911.477232608711,0
4460,19979,5.17322074056606,1342.0353454667,27.0125903945293,30.0729080261398,31.7177038044478,46.4796793197156,30952.8135560724,18868.9383461492,-214.781636910268,0
4461,19980,6.29389195701167,5332.23943093606,27.1684020214373,11.1908603924737,11.4537069160535,17.1997857743231,31695.5008409704,27079.6873146993,-166.104194869513,0
4461,19981,5.912871510977,2140.96004212262,27.2007568660482,21.1331445682651,22.045762496771,32.5953077261283,24207.2889980765,26844.9899638368,359.927878602951,0
4461,19982,5.96245883511738,2637.54895197095,27.5416825912702,18.209035685017,18.9105868704959,28.0618398784278,29159.1932266509,25967.1861183021,405.208564448421,0
4461,19983,7.08495829488158,3180.06539280664,24.9961464098689,15.6413359210666,16.1446188746423,24.0774071577977,37437.3771991073,22573.5797504449,904.27416640536,0
4461,19984,5.48404918977317,1417.4743954667,27.0125903945293,28.8181375327561,30.3541798255443,44.529193921996,30945.0396175763,18880.6622677217,-276.039197166188,0
4462,19985,6.54617443526967,7525.74269293606,27.1684020214373,8.9531829648858,9.10943277570741,13.7456514146835,31644.2078147845,27025.6668749724,-245.898639226793,0
4462,19986,6.0402381089524,3895.05315957923,27.5607955042647,13.8546248234264,14.2696472150155,21.3185666021297,29129.9640941297,25949.8406309075,359.128192388577,0
4462,19987,5.83004252449014,2286.61798012262,27.2007568660482,20.1369644847458,20.9746536972188,31.0500155605426,24221.0932166874,26856.9973537052,376.176105613244,0
4462,19988,6.60808596226602,3972.80315880664,24.9961464098689,13.4311276932697,13.8012995451528,20.65805373529,37459.5055717524,22565.1004981679,928.004779884241,0
4462,19989,5.16418149609633,1581.6782254667,27.0125903945293,26.4826451211679,27.8205995680343,40.9000119265709,30941.9923801166,18875.6409483974,-228.638703099118,0
4463,19990,5.69633857440561,9741.44225155265,27.4807326717842,7.62467679577404,7.72820152957636,11.6978376456266,30563.8675353481,27374.1470953656,-194.499704525406,0
4463,19991,5.81885002651588,2487.53915212262,27.2007568660482,18.9416734854772,19.69183653287,29.1965225471596,24198.7562242593,26855.4629237126,362.391639169277,0
4463,19992,5.94965071936662,5750.36921757923,27.5607955042647,10.6731242248116,10.9117896727933,16.4007323806551,29141.8458512713,25965.7158353407,379.165350119756,0
4463,19993,6.87066371639984,3100.52950680664,24.9961464098689,15.9189862289149,16.4398923048959,24.5072000101761,37433.3712367429,22578.7794877461,914.241343631569,0
4463,19994,5.45911977815332,2410.78984613396,26.4346777980539,19.2527072770756,20.0164412815195,29.6762925671015,34904.205475293,23375.9356629153,-304.143887332952,0
4463,19995,7.79539121396447,2307.86458366689,26.7795217700957,19.9301211714764,20.7473900500995,30.7278161922558,30406.7948803184,18271.1436871783,-1402.71635667155,0
4463,19996,6.07338373286228,7854.42151145853,27.1220122920532,8.71164347207639,8.85736147348323,13.3730717391378,31642.0656611547,27013.2804268301,-272.332031407519,0
4463,19997,5.86683624243518,2182.90147959346,26.3627953870038,20.6820131086195,21.549870169129,31.8925159638055,33832.7933445819,29334.067166643,-207.726934678825,0
4464,19998,5.57075495398168,5087.13970959346,26.3627953870038,11.4884375063241,11.7619100917369,17.658150581834,33793.5582525627,29331.8347139292,-184.925914025557,0
4464,19999,6.10324894875083,6673.50516485673,27.4438702089343,9.68283851646731,9.87306912102976,14.8717558957648,30612.9792205427,27389.2862102983,-253.932233030933,0
4464,20000,8.39561807751564,2716.27067566689,26.7795217700957,17.7219935169039,18.3813029986817,27.3047928161829,30451.4815321443,18245.5160831821,-1470.26275366555,0
4464,20001,7.085830232821,3128.52455280664,24.9961464098689,15.8197971206411,16.3343855753424,24.353652768868,37435.7541447672,22567.6994490856,878.795005689527,0
4464,20002,5.34126071702756,2168.68005413396,26.4346777980539,20.7944053631254,21.6716019608364,32.0671050876508,34886.135261204,23384.5207121709,-328.444776210047,0
4465,20003,6.0637002154033,8894.60700485673,27.4438702089343,8.06799290080377,8.1885584879174,12.3810315444524,30578.7939081112,27413.8150158598,-157.27722683423,0
4465,20004,8.06703689027216,3009.41470966689,26.7795217700957,16.4803935706531,17.0553855364564,25.3813208288559,30445.6108234129,18265.6948112864,-1456.83663587092,0
4465,20005,6.95412777725134,3355.96502880664,24.9961464098689,15.0698490043503,15.5374678451077,23.1929332005417,37448.046721994,22552.8909729271,927.046154261198,0
4465,20006,5.73270378068195,2547.23363945003,26.3542348873329,18.4917840157343,19.2002711487551,28.4964910176923,33807.1919309598,29340.01407709,-238.086880432168,0
4465,20007,5.24419001721928,2318.91940013396,26.4346777980539,19.8025311811755,20.6062277894345,30.5288007278306,34880.7807346253,23391.9865068926,-313.768731540648,0
4466,20008,6.07861163955521,8586.00234355265,27.4807326717842,8.250044775821,8.37805280779975,12.6617141508534,30597.9488504387,27396.1144401289,-132.827001636255,0
4466,20009,5.41471729246462,3631.63045630816,25.2292338047143,14.2998574944079,14.7227756700627,22.0021615279213,34646.21508737,14189.2749991256,-112.42171220388,0
4466,20010,8.15006150901342,3099.10458166689,26.7795217700957,16.1436601216137,16.6963942509723,24.8598257426258,30451.1182055785,18273.5467823381,-1469.98034690267,0
4466,20011,6.03133088193966,1771.79286816988,27.2293753751618,24.3435605172055,25.5089106576032,37.5785170214494,32153.5193382369,21029.6635988672,555.101336012641,0
4466,20012,5.31701876992063,2030.51095613396,26.4346777980539,21.8266146795179,22.7821134345251,33.6684719248368,34900.0731939101,23399.5409120703,-339.338156022004,0
4467,20013,6.05673840075491,8083.01660755265,27.4807326717842,8.56990093310158,8.71109880643935,13.154890436728,30554.6960306531,27402.1228296711,-134.073285220315,0
4467,20014,9.06984796706787,6636.67388074376,27.6031475001349,9.7256061142525,9.91857987112254,14.9379683155552,28272.9738787279,30934.4325814229,-1154.19354682805,0
4467,20015,8.10368007407468,3240.31326766689,26.7795217700957,15.6480801599543,16.1685537312427,24.0924639169682,30436.1429929037,18254.4139774382,-1432.24756401225,0
4467,20016,5.37110030390561,2396.62712813396,26.4346777980539,19.3349216292498,20.1045945754391,29.8037566633409,34914.5460307397,23387.2019300673,-330.967171001811,0
4467,20017,6.24271746853216,1747.8914951727,27.2398945113981,24.5971735844477,25.783252720774,37.9723899452084,32158.0314482606,21046.4587210858,507.462346072982,0
4467,20018,5.21739567545513,1972.98455230816,25.2292338047143,22.0481482771666,23.0037363015483,34.0075439221986,34668.3881308814,14193.4531892533,-111.296296660142,0
4468,20019,5.77433539520586,6768.90139555265,27.4807326717842,9.59658453368142,9.78299845311041,14.7386925922539,30547.8186141273,27405.0841628171,-79.4559199442183,0
4468,20020,7.98442455378987,3096.85792966689,26.7795217700957,16.1518773891329,16.7051514604039,24.8725508409491,30462.7106705623,18255.943998596,-1419.0019615689,0
4468,20021,9.05583357879528,5414.18682874376,27.6031475001349,11.1069525018103,11.3679572211712,17.0708592033002,28260.2398982602,30929.7548873236,-1192.28912851362,0
4468,20022,4.82997128472506,6049.3997211285,27.1406861963577,10.3014867721515,10.5195883152417,15.8262748840857,30888.9952633492,27676.8570262089,811.121543922639,0
4468,20023,6.32165276676133,1191.73815816988,27.2293753751618,33.1015487250246,35.0189132816775,51.1904247602725,32143.8619654325,21020.8495866376,557.457139879543,0
4469,20024,7.59889592612476,4965.33551315067,27.228787796081,11.7361215063169,12.028041756622,18.0423137615978,29731.2777440517,32283.6925256993,1260.6775425451,0
4469,20025,5.33487228270426,5509.07864885672,27.4438702089343,10.970464584117,11.2235499986416,16.859782895174,30575.4790453999,27399.9099779113,-161.224691523067,0
4469,20026,8.51198104793872,3433.28305366689,26.7795217700957,15.0310996174868,15.512265668895,23.1373596079157,30443.5016785215,18275.6734460673,-1527.18433425794,0
4469,20027,6.45253942965608,1472.15116416988,27.2293753751618,28.0466537719049,29.5202918487469,43.3312018090132,32148.0832510774,21000.6814168874,514.497374790642,0
4469,20028,8.47638084354727,1505.3995325769,27.630658612402,27.6768972793099,29.1256929682532,42.7584363230245,30030.0181585262,29898.0502679376,118.085715535756,0
4470,20029,8.55701391788879,2725.27128238788,26.7618411978443,17.6777479193483,18.3338068584786,27.2361802764462,30426.4104314551,18272.6658001771,-1446.11746874156,0
4470,20030,6.22013655808176,1046.37816963006,27.3420649224961,36.7854832964822,39.0414302803215,56.9224777865224,32139.4711103195,21014.5417006068,547.51898343192,0
4470,20031,6.01863689148942,3584.1265624979,27.4640490636091,14.6612666150744,15.1250326126451,22.5665441571593,31034.4258205707,29033.5400451598,114.711884318923,0
4471,20032,8.32558221283322,2503.71174838788,26.7618411978443,18.785444651614,19.5194165971972,28.9529552656519,30459.2673573501,18272.3934164348,-1457.08002083392,0
4471,20033,9.13483404155673,3141.89435031616,27.6101592907564,16.0880749955551,16.6448986143391,24.7758800607574,30136.6661873469,29891.4080925065,-1071.16941388648,0
4472,20034,7.71017157603127,3597.58898638788,26.7618411978443,14.5514954667976,15.0026398259888,22.3950647122684,30454.6463727736,18265.3998436564,-1495.26517461719,0
4472,20035,5.68083232121063,2826.28334904924,27.442427749128,17.3174208816849,17.9556481078287,26.6797943640517,26188.4644909353,25123.1058029524,-368.446503601928,0
4472,20036,6.31939309375668,1616.76346563006,27.3420649224961,26.1256459844815,27.4390894540031,40.3468646506721,32147.0336028052,20997.9771964732,562.675084231724,0
4472,20037,8.52907858493521,3623.14042431616,27.6101592907564,14.5667296959232,15.025793688758,22.4205619650871,30141.4174574605,29824.0014087309,-1087.7601794137,0
4473,20038,6.11714463153127,1811.95787763006,27.3420649224961,23.9605897719064,25.0966767644858,36.9843106734314,32132.4971721854,21007.0033543671,551.418810894059,0
4473,20039,8.86141634706149,3313.50015284109,25.5148105922037,15.2625401765078,15.746917114315,23.4924596032388,34773.8724582367,31235.7785289934,-1253.27152385333,0
4473,20040,6.46553291915069,1856.82973772982,25.9337983532878,23.2168274026584,24.2731525483282,35.8239741342346,36307.7167944353,22850.0264432383,870.065717435401,0
4473,20041,9.22539552582464,3641.53093917153,27.6373851597214,14.518598233722,14.9748872101571,22.346133260482,30101.6075480009,29784.1357599199,-1196.01067939883,0
4474,20042,8.34365915923105,4354.60766250243,25.4650659819067,12.6677155137843,12.9985291317136,19.478819493053,34791.8404747983,31251.2876311331,-1306.48823565519,0
4474,20043,5.88225231125902,2622.68293454799,25.9510169536333,18.0494175054303,18.7224102534739,27.8096783829098,29531.4446599556,16854.5267951024,549.134346084036,0
4474,20044,6.47189309879909,2555.1042298288,25.9152605503224,18.3838936481007,19.0798017578234,28.3279009135747,36287.809821117,22865.8225405785,842.482570707876,0
4474,20045,6.30395370400612,1439.42779891318,27.3456328975219,28.5729207490628,30.0936287974433,44.1496610399983,32162.5411477157,21017.2287413675,527.641676693743,0
4474,20046,6.68640070731788,2003.71378527126,24.9547041728336,21.7425153751988,22.6709681440508,33.5322954237193,27131.195720467,16645.8021709924,806.35117230234,0
4474,20047,5.78384220719297,1508.96412368586,26.7999879162149,27.398767654753,28.8101493855853,42.3224069450797,29674.7557408143,19569.1295275244,58.6104983771065,0
4474,20048,5.44787957752688,2401.35366914904,24.7073182711243,19.0222020416634,19.7485658749764,29.3132099647813,36602.2529529183,16015.6599047252,-48.8321967803007,0
4475,20049,7.18581640523086,3430.29146954442,24.828573259365,14.825694892478,15.2768132595789,22.8147144930796,34723.1461335478,14034.4855680443,1120.05966152591,0
4475,20050,8.49101479525926,4250.19985484109,25.5148105922037,12.8799429572215,13.2229198998298,19.8069819818127,34798.2671855018,31242.3768797518,-1299.30508945733,0
4475,20051,6.00733460609581,2923.24973054799,25.9510169536333,16.7134043468443,17.2956419330932,25.7399353546774,29545.2343149389,16853.3135356049,522.330934841093,0
4475,20052,9.06216246980383,4712.24156517829,27.0764938620302,12.1413760056169,12.4542927386904,18.6683357764885,24731.4048879706,31568.8311453156,-1110.33542048585,0
4475,20053,6.60771817536112,2353.1698618288,25.9152605503224,19.5059025153097,20.2816728112098,30.067119183855,36284.5423407957,22854.8849807256,835.579885204313,0
4475,20054,5.91339412182745,1735.87597568586,26.7999879162149,24.6229278661422,25.8044719290981,38.0105496390873,29663.2417446807,19580.463116036,87.9672940338023,0
4475,20055,6.06054978031072,1444.80214291318,27.3456328975219,28.4904036419075,30.0040199047258,44.0214090463823,32154.806567635,21039.1964946128,572.170632267629,0
4476,20056,9.10053642402149,7806.82848717829,27.0764938620302,8.74327518595002,8.89014480858589,13.421801325655,24729.3529079852,31557.7894622683,-1132.8319829373,0
4476,20057,7.50207843067397,3846.42868754442,24.828573259365,13.7118158021409,14.0967750206122,21.0917161738929,34719.9421668169,14019.82495801,1122.26118127999,0
4476,20058,8.37725381154191,4920.01051484109,25.5148105922037,11.6832697504108,11.9615355922406,17.9576578035952,34820.5809268758,31256.9326309057,-1301.39868315765,0
4476,20059,6.16366631219264,2676.64663454799,25.9510169536333,17.7893146796225,18.4443327505305,27.4066441657455,29560.0392828025,16866.0523035858,555.73328117081,0
4476,20060,5.941962494541,1659.33562568586,26.7999879162149,25.4789152141095,26.7303235537524,39.3399129519832,29651.4313830942,19592.7350211586,147.709584158559,0
4476,20061,6.48384700578333,2322.03353727126,24.9547041728336,19.5298491081813,20.2953771322316,30.1009453831512,27121.0556976957,16654.373599979,835.983878800772,0
4476,20062,6.59013635079052,2213.45270372983,25.9337983532878,20.3958122538473,21.2368783696527,31.4471048419021,36314.8930685783,22843.9261784482,889.432838482679,0
4476,20063,6.16502838300192,922.50394563006,27.3420649224961,40.7623628607809,43.3908599854252,63.1124210269787,32128.6261384437,21005.7806010081,574.96270259564,0
4476,20064,5.72203473392651,1878.36344224231,27.0946842948004,23.2683097475512,24.3455168218345,35.9085371001959,32148.6156455878,26632.114657829,-441.650219517651,0
4477,20065,6.17481386141094,8408.74564535098,25.7270330815795,8.289020725291,8.4118077185494,12.7199181109963,34228.5373259443,31793.0520668683,292.207584334227,0
4477,20066,8.71925623170891,5780.30433117829,27.0764938620302,10.607862429535,10.8406566017805,16.2992299881426,24769.5287166337,31567.8988450346,-1173.50322650713,0
4477,20067,7.21980195359688,4056.53470154442,24.828573259365,13.2279786014313,13.5852861714441,20.3435926909367,34713.3266594323,13994.0968249931,1181.21516532041,0
4477,20068,6.88045868971168,3629.85877897996,25.8116469830731,14.3649514416064,14.7967382252764,22.1042299528351,36306.7534508026,22841.8534311836,861.513569051405,0
4477,20069,6.6787701921269,1876.91010327126,24.9547041728336,22.817152516274,23.82772535941,35.1996524323259,27109.6504250153,16653.2096084884,799.490972090105,0
4477,20070,5.05336254963036,1511.27030726841,26.3412407541127,27.2400331494669,28.6302777908196,42.0736173494353,25693.287251743,21599.8230931132,-194.948437369993,0
4477,20071,5.43568509005147,2203.21369333293,27.0906164581415,20.6727537650671,21.5491513123331,31.8807014124848,32139.8463947437,26615.2763010463,-422.755240888283,0
4477,20072,5.40407472085127,7487.06928761725,25.0225751243754,8.88442478237351,9.02836657118626,13.6370127166977,35714.4180690488,31071.3601568913,600.031027675732,0
4478,20073,8.84234959078827,8355.16575717828,27.0764938620302,8.37661759898926,8.50823099720253,12.8564258671838,24749.0636487384,31569.6092611808,-1142.2070802427,0
4478,20074,3.61734727111478,6829.38368515998,26.850332748865,9.51038265884947,9.6899113665806,14.6048602258239,23881.4929021755,31279.7985983261,-625.107715539425,0
4478,20075,7.49965272177569,4174.85837354442,24.828573259365,12.974754007468,13.3178632235825,19.9521242297002,34721.5239339918,14037.0158722093,1124.50713092694,0
4478,20076,6.60080467466245,2815.20302372982,25.9337983532878,17.1611805876724,17.7732134032024,26.4334556837536,36292.4482403873,22840.1021659001,884.283057700701,0
4478,20077,6.67680694306525,6208.95205626134,25.6259834013417,10.0437912291378,10.2417401589439,15.4263122246963,34328.2713238351,31790.9311485501,448.343969089674,0
4478,20078,5.39782000133913,1415.34707726841,26.3412407541127,28.6524609121618,30.162434550353,44.2684058127042,25685.4080215482,21597.5957143261,-238.475314007275,0
4478,20079,4.65087731297313,5674.92661258309,25.3160542605775,10.6268448240149,10.8507590817612,16.3258283831118,35028.6980921269,30950.768022362,-104.602871470682,0
4478,20080,6.85188770769813,1754.79437495308,24.6985546477824,23.9276916335111,25.0209114849147,36.9221081487319,27110.958200217,16638.3185767199,786.703743790989,0
4479,20081,5.61908280479588,6560.18650170162,25.2892638138282,9.67669719926955,9.85614530906651,14.8593745448677,36068.8533683371,16607.5459618351,-187.607070665459,0
4479,20082,6.88150526072358,4293.03961297996,25.8116469830731,12.8189069778701,13.1606468808466,19.7132269386123,36295.6916719504,22836.4744063975,867.78832087677,0
4479,20083,9.35896349207692,3573.93893206612,25.7682202844809,14.5141919850669,14.9546551069771,22.3350299727815,34517.4884361512,31093.5872149216,-1203.0737893182,0
4479,20084,6.70637708915239,2360.40282927126,24.9547041728336,19.3006413635271,20.0498048386661,29.7456381531757,27133.298855467,16654.4578218688,793.772781727272,0
4479,20085,5.15984052191227,1556.09321726841,26.3412407541127,26.636828558162,27.9766148499213,41.1364824417569,25673.0954821002,21575.7312247323,-217.743654220732,0
4479,20086,8.94407952429433,3230.23180670232,23.6085337091722,15.3056769866137,15.7745137613988,23.5541989290629,36436.0294769138,13726.3720794754,348.550709742771,0
4480,20087,5.67489823912159,8463.93031433909,25.1268100659313,8.23099613331816,8.34910957217219,12.6298194450984,36066.052358574,16583.372631278,-229.585898909147,0
4480,20088,5.74114812838253,8364.88503360141,25.0612372223113,8.288981629639,8.40908923551654,12.7191157322797,35327.5822478331,15233.2920440697,-380.466047732506,0
4480,20089,6.77070583710999,3110.58787840414,25.8553809161087,15.9892140238991,16.523035620445,24.6182396988562,36286.8329887281,22863.1551991912,871.359317926347,0
4480,20090,8.59608023322183,3473.97882695597,25.8451771183375,14.8084250520681,15.2675695543542,22.7904943715867,34551.4208167548,31070.9515782704,-1208.88356705449,0
4480,20091,6.52150860940011,1821.37309134664,24.915916335262,23.3228870272459,24.3721290204362,35.9843353295218,27131.9958540548,16667.776859085,778.158167940476,0
4480,20092,5.45566241807995,3612.01553719828,27.4442343465551,14.5809246704476,15.0395208974678,22.4421582634689,27241.2843286704,25286.4484498628,-392.859451538774,0
4480,20093,5.27215199862021,1182.51701816903,26.3082930170605,32.9714828687287,34.8589433718416,50.98304487536,25694.6070452703,21586.5333570808,-225.041950497922,0
4481,20094,5.28498867670808,4310.62520082949,24.9942859373162,12.7138232236927,13.0437324279697,19.5491366257005,35283.65292764,15167.6257347757,-358.399236997871,0
4481,20095,6.6962090130715,2573.04965762154,25.9611554732095,18.2990306414008,18.989522214756,28.1965274334941,36280.8572519404,22864.7332617936,867.570999493238,0
4481,20096,5.49594717557477,3777.80523919828,27.4442343465551,14.1370285917696,14.568276547112,21.7552500966144,27230.9844547461,25274.715226191,-395.491944536215,0
4481,20097,6.75890755674702,1531.77524334664,24.915916335262,26.5676349452612,27.8772534130038,41.0222283617233,27109.1021186561,16658.1500790741,818.75544506474,0
4481,20098,9.07210154764932,4025.43964642124,27.5812769806165,13.5481008095424,13.9449266441823,20.8444242793927,26358.3194163754,27390.0542207018,-1111.02221390832,0
4481,20099,5.67516336363271,800.63023016903,26.3082930170605,45.2519907225913,48.2849451311138,70.0960200004704,25659.6660659876,21571.9802159953,-190.535376832119,0
4482,20100,6.81149003103263,2709.72121490885,25.9729358482235,17.6377442113287,18.2825925327455,27.1718668957278,36293.6421624935,22842.4743520434,851.72096508266,0
4482,20101,5.29222154979104,3678.89758560141,25.0612372223113,14.1568972608619,14.5698693848394,21.7806233552468,35232.0761938133,15210.874208975,-367.209048604978,0
4482,20102,5.41595319501652,3827.05537519828,27.4442343465551,14.0118747935239,14.4355098732067,21.5616073734369,27240.742910038,25265.4616636391,-388.309257041559,0
4482,20103,9.92278534814637,4339.88282242124,27.5812769806165,12.8732771349344,13.2306638896219,19.8007527543918,26328.2026290448,27365.0899116819,-1100.19364512295,0
4483,20104,6.82970022510413,2459.05879840414,25.8553809161087,18.8867559551381,19.6174414581716,29.1071039115589,36307.766744492,22861.1081329268,864.789390619182,0
4483,20105,5.33307960529926,3611.26665319828,27.4442343465551,14.5830133264661,15.0417394965628,22.4453907063616,27238.0990207026,25269.2015581052,-378.864091936961,0
4483,20106,5.28802368087082,3176.46402167371,25.320556304694,15.6928931808778,16.2025711267722,24.1580760302468,34932.5313014219,15519.5191166277,-439.022558667293,0
4483,20107,5.89269279044077,1944.29169903203,26.9458073732257,22.6455312095573,23.6715442556713,34.9412604463439,30810.1469356436,19008.5875096526,286.903046952302,0
4483,20108,3.34601646391132,2955.19765367172,27.6729301751495,16.806912541033,17.4125100437071,25.8894824163798,27133.2422083506,27796.9133189525,-317.613262057991,0
4484,20109,5.30457876862305,3483.7681082656,27.4340839825681,14.9493742785086,15.4309868231671,23.0124034284022,27220.533556377,25284.3796654241,-366.569622921724,0
4484,20110,5.39052099138254,3516.16710406128,25.2551431454645,14.6225458858882,15.0651317121873,22.5014482742205,34965.3724492418,15513.1329808209,-448.116736277382,0
4484,20111,6.06861620096905,2613.28739703203,26.9458073732257,18.2430846178332,18.9406060980433,28.112840452821,30780.116939126,18974.7906099695,250.07570193588,0
4485,20112,5.99662029677127,4252.07166245183,26.7254439941252,12.9802019672999,13.3376759919899,19.9644226660534,34926.1127196597,21762.3840246122,320.578662016444,0
4485,20113,5.19800991031912,3562.61993806128,25.2551431454645,14.4915579032786,14.9262162020606,22.2987897205139,34971.5645819862,15502.4090413432,-433.252344885559,0
4485,20114,6.24998574108475,1945.78946703202,26.9458073732257,22.6325432645878,23.6575390564392,34.9211020100832,30804.4415082749,19006.5359206858,235.698588247125,0
4485,20115,5.38836934913698,3151.34174719828,27.4442343465551,16.0345586291171,16.5863224951909,24.6925805967673,27234.4842682114,25266.1368005815,-342.14756040519,0
4485,20116,6.26636495139205,1519.44068334664,24.915916335262,26.7316319089836,28.0547700100037,41.2769565930037,27109.7071014367,16635.5992885606,787.302288009186,0
4486,20117,5.90120009587559,4638.38567645183,26.7254439941252,12.2433274604588,12.5595247406933,18.825274383496,34921.3876415196,21753.6149804956,333.545251315,0
4486,20118,5.32746281889565,4825.58205919828,27.4442343465551,11.9772288788215,12.2835308172682,18.4152888146291,27222.0321711868,25278.9943990685,-381.251446624342,0
4486,20119,6.16106094575199,2206.57730703203,26.9458073732257,20.6238371718859,21.4947443507397,31.8043214043948,30798.048112665,19002.002214903,277.695883742063,0
4486,20120,5.71643872016018,2870.83589578894,27.592142687206,17.145499534512,17.7734101355405,26.4138300080291,26297.1702975864,27589.9269570243,304.410275997214,0
4486,20121,6.68933870121091,1961.04589612741,24.7881101035405,22.054657235519,23.0043434537887,34.0158764342551,27104.4661066293,16621.4459254667,877.934699411886,0
4486,20122,6.05010348923465,2313.92906302686,25.1491493004715,19.6128916354368,20.3868433424799,30.230361814947,24807.7539387721,19318.6118642177,404.26452988926,0
4487,20123,6.2130483239375,4707.52529045183,26.7254439941252,12.1228825865866,12.4324944251288,18.6391205592838,34906.968139259,21757.5848832784,309.691792690719,0
4487,20124,5.77719045543115,6109.62532419629,27.587455753477,10.2605107147604,10.4789185197688,15.7636473127395,26290.9142966386,27564.9830838447,322.169417075829,0
4487,20125,5.57576882028137,5659.70667919828,27.4442343465551,10.7777917258545,11.0210907991813,16.5622017726014,27228.3956921288,25281.9465737222,-377.026937565813,0
4487,20126,5.70461830041153,3711.09890741594,26.732581892494,14.241010260275,14.6729097134737,21.914571482812,23641.5982360358,25948.9414654697,90.7548988322445,0
4487,20127,5.72901459287029,2804.01849480062,25.2635933714646,17.1167998768947,17.7187355502369,26.3627505739361,24842.533232279,19340.5158696097,461.280594323242,0
4487,20128,6.29344414609416,2089.90558503203,26.9458073732257,21.4645941636027,22.3991914147705,33.1086447665286,30782.0395330434,18973.6035730025,219.402502649577,0
4488,20129,6.02413248053608,4523.93858045183,26.7254439941252,12.449896082885,12.7774946456643,19.1445662231022,34910.661054482,21763.387285144,309.522062305685,0
4488,20130,6.07505362784434,5698.13559219629,27.587455753477,10.7387712892822,10.9808827422946,16.5021544620032,26287.605392032,27566.8260870963,306.209815567778,0
4488,20131,5.30960874703246,3207.59470129743,26.1316376250708,15.6832566677478,16.200009004132,24.1452760171026,32895.4199360049,16385.7902409344,-522.352366991028,0
4488,20132,5.90473266486001,3727.48625141594,26.732581892494,14.1980190347891,14.62730825462,21.8480551509795,23640.5406171255,25935.9964924773,118.297822148419,0
4488,20133,6.04994855520489,2334.69827257983,25.532771453901,19.5524159461043,20.3268260605852,30.1379317517617,25312.9598998417,19679.9868286422,126.26118569334,0
4489,20134,6.05461967437299,4351.71728645183,26.7254439941252,12.7789570834099,13.1249923607417,19.6532689701307,34900.5022891392,21746.9706788392,320.317266547203,0
4489,20135,5.65914023106828,4696.98781419629,27.587455753477,12.2063428968248,12.5261490707215,18.7696658477738,26283.8317399745,27575.6134928593,319.002705673315,0
4489,20136,5.75894222741541,3033.71540857983,25.532771453901,16.2307200823466,16.7770299039242,24.9913000594505,25313.7207711948,19703.8401442515,190.236411842224,0
4489,20137,5.13503699514949,2730.40141129744,26.1316376250708,17.5652288466794,18.2068231378955,27.0599871181892,32869.22827801,16392.1006526651,-526.142234665589,0
4489,20138,5.63135837655272,1775.02359521444,27.2795474489024,24.3215151323369,25.485821549101,37.5444893512358,31968.9931447394,24851.6896064363,-803.858919998548,0
4490,20139,6.03467353874888,4392.55062458408,26.5280897897164,12.6826146895668,13.0218372859378,19.5039410899772,34910.0962566755,21765.8774997287,342.197640032908,0
4490,20140,5.82162268679504,4242.23283164383,27.687937652442,13.0822146007822,13.4524210696459,20.1240600800744,26299.5304205272,27587.3887715801,347.043743719168,0
4490,20141,5.97250718486332,2848.98126223472,25.56113022582,16.9665720394461,17.5616342281081,26.1309363434243,25315.357348489,19695.7421826817,175.835967218859,0
4490,20142,5.35245736530287,3197.19324755863,25.9036845659759,15.6917461468683,16.206902366898,24.157829399911,32887.6535255064,16370.4447372562,-503.195697790764,0
4491,20143,5.75756138819187,4447.36639244894,27.6596989777753,12.6685999107631,13.0148256885599,19.4844226254221,26282.3501083861,27581.0437993347,328.916387438453,0
4491,20144,6.03107735908437,4564.15462937891,26.6033214215596,12.3666355362548,12.688797584143,19.0156389928362,34798.2347189529,22053.4551054233,444.167835977749,0
4491,20145,5.90978039291809,2636.25240663493,26.6277001841349,18.0825673848701,18.7653422703932,27.8631088617818,32766.4932379828,32525.2533526699,120.74601961292,0
4491,20146,5.20493054036871,3192.58981355863,25.9036845659759,15.7074956182621,16.2236593083039,24.1822111740507,32851.1854972551,16387.5084509406,-537.907790944716,0
4491,20147,5.61352532600699,1786.1228557999,27.4443808359276,24.2445334463503,25.4050278716474,37.4256196455071,31975.2112974849,24827.8582709139,-728.128968097437,0
4492,20148,5.83907840944731,4796.55095537891,26.6033214215596,11.9632574025857,12.2634241478452,18.3922134505297,34795.3268309985,22079.661579935,449.615534113821,0
4492,20149,8.19805415135975,4763.4389947213,27.7272427860072,12.1023994654678,12.4173577403768,18.6092463460739,29219.0041641097,31301.310712905,-1463.77147947522,0
4492,20150,5.29268903103624,3707.33743355863,25.9036845659759,14.1680497762822,14.5887541713887,21.7998225867567,32880.7311760461,16384.1049540229,-496.375654818422,0
4492,20151,9.10896332856434,5449.50051903363,26.2247509351933,10.9706959404906,11.2168254781296,16.8582162022396,34711.4419233206,19031.3905579035,-1047.74965448239,0
4492,20152,6.00500445501914,1787.81088663493,26.6277001841349,24.0423918517908,25.1745417840214,37.1084139136892,32751.976809909,32495.7527353047,105.111386728559,0
4492,20153,6.03684213969221,3662.15281449685,27.5248760182378,14.4508943832297,14.9020746711671,22.2411065438664,25498.7651599243,27515.2448384936,231.423020615547,0
4493,20154,8.04643433416151,5740.8207187213,27.7272427860072,10.6947593915586,10.9354077171914,16.4343918183999,29223.4631722853,31301.8006088604,-1472.60601749439,0
4493,20155,5.88331610255165,3374.68295831728,27.4854022204354,15.2892541159717,15.7929341875352,23.5386615871273,25459.5703421043,27500.1336213067,297.433234147918,0
4493,20156,5.43490898700483,4041.93439955863,25.9036845659759,13.3590566000361,13.7321772524642,20.5485634949947,32848.3992868964,16403.9307991925,-505.479124620965,0
4493,20157,9.54345569711602,5706.34570503363,26.2247509351933,10.6452886464084,10.8752449776848,16.3557253868723,34735.7484010653,19011.2992118268,-1004.83346299837,0
4493,20158,6.10657019959188,1772.66749337891,26.6033214215596,24.1911748782175,25.3349004780484,37.3393182914875,34793.4019065157,22102.9860950938,459.438678116741,0
4494,20159,8.11431978774386,5914.2974947213,27.7272427860072,10.4883506387566,10.7186800013689,16.1156409372447,29241.3892509446,31291.0199153705,-1460.36238964321,0
4494,20160,6.04861203516317,3645.33844631728,27.4854022204354,14.4929017459294,14.9463659792605,22.306027165743,25469.0131308741,27514.265572658,229.12957793307,0
4494,20161,5.2762115682066,4125.85345955863,25.9036845659759,13.1747151819193,13.537257028835,20.2635173745057,32891.3721723233,16394.1787670369,-498.605178929334,0
4494,20162,9.50044917474405,5593.26422103363,26.2247509351933,10.7853102565571,11.0221800872453,16.5719328787088,34726.6454223527,19041.8535824324,-1052.22262802956,0
4494,20163,6.48375997125798,1678.97802188956,27.1987511210221,25.3492268845613,26.596177232362,39.1402012972063,31885.7304326985,21188.0806914477,505.13489886304,0
4495,20164,8.0903217022223,5556.7494367213,27.7272427860072,10.9261653020638,11.1785631514468,16.7917945816456,29229.7788769157,31284.0853522534,-1475.98558723896,0
4495,20165,6.11460918705062,3840.24652031728,27.4854022204354,13.9827393465235,14.4049270652597,21.5166174027793,25454.137043022,27524.7509831033,273.164998925536,0
4495,20166,5.36070443719491,3756.85188155863,25.9036845659759,14.0401780552329,14.4532382576782,21.6020113610982,32887.8738703504,16400.4357321344,-508.098977341089,0
4495,20167,9.91104463150141,5341.68324903363,26.2247509351933,11.1154903160029,11.368935403724,17.0818388808803,34699.3602468398,19042.0563049476,-1018.41958787034,0
4495,20168,6.40028784256157,2552.96970188956,27.1987511210221,18.5898521035566,19.3147551139913,28.6511061205694,31876.4553393598,21206.4293566994,491.333031333666,0
4496,20169,8.06299996784807,6046.1671567213,27.7272427860072,10.3384507052591,10.5613829610196,15.8841814484599,29219.1596027524,31293.7559085731,-1508.46215562652,0
4496,20170,5.81101409625197,4118.83136831728,27.4854022204354,13.3296456469765,13.712861076208,20.5063328830397,25445.4441056449,27507.8850084412,264.744743961814,0
4496,20171,5.7253424891499,3465.13634710076,26.1880622918185,14.8716076667648,15.3376608964465,22.8890972810498,35214.3893024264,26202.223995562,-82.6170967646019,0
4496,20172,5.29337609348922,3826.21175555863,25.9036845659759,13.8660743841702,14.2687999877254,21.3327017129874,32857.7761503009,16411.8744787418,-528.102653149747,0
4496,20173,5.64453232397847,3054.25759907512,26.2987849908207,16.25015965637,16.8052716389258,25.0234763309728,25102.9743860775,21869.6158439441,-148.772035459123,0
4496,20174,7.39859836191445,2307.00961045384,27.1889188187636,20.0048602221,20.8326026357025,30.8450906601785,31892.2576670521,21162.8888922207,507.359600878151,0
4497,20175,5.96900712927777,3833.07457449685,27.5248760182378,14.0044186411401,14.4282265669723,21.5502434989699,25489.696270674,27519.5935175233,238.719017843617,0
4497,20176,8.64469701517781,5120.51171773119,27.6538759497023,11.5279177981569,11.8113039246989,17.7213097662149,29390.197229539,31640.6067359493,-1333.99890315126,0
4497,20177,5.6517133079905,6291.09417310076,26.1880622918185,9.99038981545129,10.1887644090239,15.344701418861,35212.692511815,26186.8616389625,-50.2495745035147,0
4497,20178,5.42265348514557,4588.13400677912,25.8893097712798,12.2670735823094,12.5789242242573,18.8604182094092,32904.3130546093,16380.622030324,-565.185529154984,0
4497,20179,5.53809672822086,3882.89774507512,26.2987849908207,13.7655636535065,14.1654915984059,21.1781012929917,25096.5910109218,21869.6582680476,-131.320031738434,0
4498,20180,8.21187557611333,6206.83923177459,25.4591784238566,10.0365186538759,10.2332525193196,15.4148458822857,35902.155655846,29251.9802112083,-1451.29312017442,0
4498,20181,8.48923666802098,4514.13593773119,27.6538759497023,12.5415293229355,12.8805151539989,19.2879483209729,29435.0968175931,31690.1532358321,-1285.08263974384,0
4498,20182,5.50787484083577,4177.21490110076,26.1880622918185,13.0901332876844,13.4499674109629,20.1333204426252,35222.9620350575,26207.5749648597,-42.0950300772003,0
4498,20183,5.9780899388163,3793.96989431728,27.4854022204354,14.0995746471709,14.528861843244,21.6973873986489,25457.9271409247,27523.492327298,288.284391935285,0
4498,20184,5.58011995345811,4916.1535697609,26.3571388563796,11.7510394021791,12.0382832796827,18.0638548049252,25107.5370491301,21876.8991675625,-145.165178477697,0
4498,20185,5.48098039528844,5127.66201755863,25.9036845659759,11.3963927707327,11.6622560566017,17.5151787680826,32874.9265842575,16392.2916306094,-541.736397650836,0
4499,20186,8.02967881945722,6140.84933577459,25.4591784238566,10.1059150479027,10.3058741183121,15.5219457988519,35896.24420012,29256.2485362006,-1518.5851887069,0
4499,20187,6.02257739511343,3146.71206432947,26.8927528646978,15.9855723905453,16.5290093125761,24.6153145480657,31209.4461508261,33122.4751847377,581.768149884268,0
4499,20188,5.64346204340512,4024.46459110076,26.1880622918185,13.4243266717489,13.8034006880536,20.6500986925637,35216.6524028562,26181.3128923294,-62.3896224641386,0
4499,20189,8.40380527705708,7254.91977755641,26.2982080517684,9.1238407880121,9.28368388481244,14.0078293485023,24540.4361858017,22087.568098628,-1172.2275219864,0
4499,20190,5.54499449814045,5467.67623877912,25.8893097712798,10.9249995822986,11.1668833077198,16.7871069862945,32872.5693314644,16414.7687230655,-600.048083491658,0
4499,20191,6.71083009279116,5863.24011296736,26.0318355392212,10.4473349700844,10.6665837819326,16.0498066292631,24570.1235936957,21228.9426234156,-966.083535396676,0
4500,20192,6.29675799398416,3580.07577286247,26.996383404333,14.6247182414135,15.0823419119722,22.5089156129906,31228.1258508842,33146.4454523097,554.839631354974,0
4500,20193,7.95001290529949,4833.53467866325,25.5358425923091,11.8227057091637,12.1084150702793,18.1731143046347,35883.9777090148,29248.4681594311,-1462.70447629088,0
4500,20194,5.91854886179346,7027.43191116108,25.811572980412,9.28703786095654,9.45176093692861,14.2589450894374,23955.2070827897,21515.4885233504,207.101181488667,0
4500,20195,5.79113516834797,2469.93290896257,26.2299542315882,18.8864343519295,19.6214919017121,29.1078166971675,35225.5356958276,26206.1830396572,-97.9985489946491,0
4500,20196,6.50144681792638,1650.74026450082,26.9649308048976,25.6206922717029,26.8863599873055,39.5608403117141,31671.3179150428,20417.6055875742,760.663986791652,0
4500,20197,5.36262603979647,5142.8526511961,25.8195915345251,11.368339382199,11.632239424851,17.4717020332511,32863.1536841551,16396.6722506311,-536.14226333888,0
4500,20198,5.71654239844078,6695.91794272694,26.2698464737733,9.60181900277704,9.78272849418277,14.7451812556733,25113.4437081486,21853.9365058778,-161.946370060322,0
4501,20199,6.2785351098984,4389.71580463424,27.040844068546,12.7302473993639,13.0757316058017,19.578568111456,31166.3292723401,33094.0697829093,609.572208052154,0
4501,20200,5.92913810411057,5378.98404516108,25.811572980412,11.0374746292236,11.2845274415045,16.960673481102,23958.556844505,21527.2303886911,127.847247546002,0
4501,20201,6.62177065450108,1432.06080435782,26.9581168292636,28.5741948477161,30.0883290578951,44.1497847851815,31648.7428577015,20391.6936672982,726.283757784893,0
4501,20202,5.66857405218778,5381.12433828896,26.2955540500884,11.0665951331993,11.3179784933617,17.0064372648397,25074.5206103463,21896.7291622825,-61.6001801115246,0
4502,20203,6.18618629382857,3260.46481063424,27.040844068546,15.6104974030209,16.1309159848741,24.0349290212366,31170.260986644,33096.3681655692,634.422301673438,0
4502,20204,6.06254737750264,4194.51386916108,25.811572980412,13.0207447392862,13.3738441739932,20.0252663815723,23938.9693347219,21517.6258127408,138.405210449919,0
4502,20205,7.24189831332864,3803.77643235782,26.9581168292636,14.0240276071908,14.4445918358056,21.5793609771923,31725.9261754079,20427.9405059625,900.714209350256,0
4503,20206,6.02863768378088,4556.24776243398,26.9849440574193,12.4110706743372,12.7382669080243,19.0850340454602,32573.919928762,20631.6072148928,-374.544829918036,0
4503,20207,5.76194607916655,5921.99102316108,25.811572980412,10.3667986547995,10.5809741093302,15.925147008006,23952.9657756417,21542.3544812006,152.68146534427,0
4503,20208,5.22939536887647,2655.32082609596,26.1094585737792,17.9141287145522,18.5795021425999,27.6005224561294,32911.9215409232,16369.41445685,-579.182980251901,0
4503,20209,5.91851932419811,5843.7191920074,26.7065101148107,10.5104964186585,10.7364883931314,16.1483359417094,24589.0789489807,23529.3285927098,206.681890925993,0
4504,20210,5.87259017744695,6442.22879461765,26.4078259906894,9.85054484256274,10.043524888044,15.1291832353949,24665.253233848,22667.0858054462,-86.2235367924815,0
4504,20211,6.03426368894521,4772.91752443398,26.9849440574193,12.0312217879666,12.3375326087642,18.4979258348734,32579.1833435815,20626.9005402937,-403.333511513546,0
4504,20212,6.27819725829801,2423.84132417139,27.1075393406168,19.2858171570923,20.0598249328092,29.7297987788893,28350.3472122228,33791.4342559153,894.379484473808,0
4504,20213,5.18401189549763,3007.1054374383,25.8918854234052,16.3769534685417,16.936384304338,25.2187215588981,32916.2830055293,16383.8939157739,-571.229992541379,0
4504,20214,7.50960107600774,4806.14926947853,26.9252081452007,11.9712442847755,12.2739166760933,18.4051283690546,31804.937826969,20462.7483216104,918.240456698155,0
4505,20215,5.71401015119409,5453.21734261765,26.4078259906894,10.9776737121376,11.2252180195717,16.8692861365981,24669.492615988,22670.1282557203,-51.1803553271434,0
4505,20216,6.76510969065122,4776.69041358804,27.1689195129155,12.0385730220273,12.346467263925,18.5096134524262,28302.5882933947,33778.0452111936,922.655173095014,0
4505,20217,6.11662421591841,5002.38439243398,26.9849440574193,11.6610433777976,11.9474480335761,17.9258871738146,32607.2760092581,20624.0254012627,-392.963890025486,0
4505,20218,6.14192395070894,2172.94546911785,25.5542492479256,20.6026340951479,21.4540598714905,31.7664963053165,36095.2621428331,28294.6627344902,565.129296436451,0
4505,20219,5.143556276014,2404.8886951961,25.8195915345251,19.1862761067386,19.9378932424821,29.5712812822351,32923.1888566246,16378.940321735,-485.112463288932,0
4506,20220,6.08096296312434,6881.83995711785,25.5542492479256,9.39883934022428,9.56724676623134,14.4310714428751,36089.5923338415,28294.7353586847,586.594541302194,0
4506,20221,5.74277870144176,5033.84230261765,26.4078259906894,11.5719119189019,11.850029243947,17.7871873580013,24693.5856212569,22666.5502169387,-99.4384600308106,0
4506,20222,5.90162514252095,5306.47534843398,26.9849440574193,11.2145382018827,11.4775376573167,17.2360660624779,32613.5137870774,20637.8077692679,-382.885958448993,0
4506,20223,6.2397605448137,4642.34906956058,25.7039896753179,12.1568686717095,12.4614941083441,18.6897597021259,35982.0459109487,26554.0109323848,96.9732960897188,0
4507,20224,5.86316966658259,9425.91130186416,25.8148530099214,7.72382299388561,7.82528584805428,11.8490035606895,35947.1997346294,26517.4922442474,180.309576167247,0
4507,20225,6.11049699339358,8836.16288511785,25.5542492479256,8.02990818026743,8.14194046491911,12.3203799468181,36066.5872920788,28256.7594165213,572.446023411908,0
4507,20226,6.08804104948643,5759.17572643398,26.9849440574193,10.6277518871106,10.8610353800665,16.3298052028329,32589.8048414697,20637.6866730716,-397.901541469675,0
4507,20227,5.71091055861534,4892.54551261765,26.4078259906894,11.7923401050916,12.0821001305688,18.1277585265204,24686.4064311707,22656.7133952799,-90.1686293120218,0
4507,20228,5.94954791960661,3522.34061730112,27.9202625487747,14.8862181206924,15.3678942138308,22.9157615619367,30839.292579789,30232.6244298772,-918.081404992821,0
4508,20229,6.15046097921936,5873.44661443398,26.9849440574193,10.4923067889023,10.7189043352363,16.1206647423997,32612.8265414078,20624.7015785175,-402.969870862418,0
4508,20230,5.44126139210241,4403.62429158992,26.2892587520523,12.6415089919612,12.9767537822365,19.4399330850921,35257.2495266383,21566.1993514401,-289.490641944801,0
4508,20231,6.10492295379725,3710.79748279099,27.9462170620935,14.3613080163578,14.8102985025421,22.1033930776655,30829.4638697642,30252.3125429276,-992.513809417069,0
4508,20232,5.46931633280632,3028.18699507592,26.1165836458923,16.3252885169842,16.8835503668179,25.1393272895052,32195.9294217198,17950.202263359,-687.109279015483,0
4508,20233,5.78714460293975,790.926620557704,26.9884188133369,46.1042886123383,49.2366228587542,71.4281374254453,28280.3725631114,22861.0970972529,186.55848579241,0
4509,20234,6.51930601764126,6314.45768950777,27.6013290107179,10.0437475622398,10.2517571492244,15.4290266597563,29421.303278824,32339.2646567207,710.967122423372,0
4509,20235,6.15079632820407,6127.31829043398,26.9849440574193,10.2073648709984,10.4201145833237,15.6807462035747,32584.3854140657,20636.6085343109,-392.794545972895,0
4509,20236,5.90492476777052,2745.5579125577,26.9884188133369,17.6161229935372,18.2703034657372,27.1413470598258,28268.7070197767,22864.1274888215,187.489506898309,0
4509,20237,5.42126666588285,7033.61679558992,26.2892587520523,9.30526833264554,9.47301185851199,14.2876818344661,35235.3471650206,21582.568518287,-294.799324142732,0
4509,20238,5.53087874515159,6720.68048073803,26.4542390705757,9.5885917576438,9.76978937418551,14.72501727267,34963.3262001214,22959.6932389291,-400.707921366551,0
4509,20239,11.4792168837576,4276.17349975338,26.4459974466999,12.9070463687377,13.2583451826814,19.8507574913048,32339.3784993496,19126.2684326954,113.72502276488,0
4510,20240,6.32979273669811,5777.61540655686,27.7115471713056,10.64913096194,10.8874011360759,16.3639024221143,29429.9774930954,32328.2403367591,721.209817313206,0
4510,20241,6.08092840488107,5819.95897276384,26.8911102382703,10.5495110859792,10.7784177770805,16.2088516151418,32594.529129156,20638.492140594,-378.962002004158,0
4510,20242,5.76433565462027,2267.63521753903,26.9877157982494,20.2232803163645,21.0647891544407,31.1831726503467,28281.0671536703,22880.9812003112,189.120901741856,0
4510,20243,5.44178281664663,4600.93562873352,26.1535590107601,12.2651189190723,12.5786649068674,18.85789430033,35266.2392760351,21590.2071996091,-311.154693348931,0
4510,20244,6.35596521269377,2221.90737326907,25.4880297976906,20.2589975727535,21.084230936527,31.2333476906551,23541.0726761782,21092.171006499,619.305523632822,0
4510,20245,6.13813517647198,5034.44663236919,28.0536469305657,11.6862528788273,11.9805177889963,17.9666382067586,30830.1732950575,30250.6699981379,-989.08942834534,0
4511,20246,6.07834865415822,3422.89969387606,25.5504045400252,14.92794054316,15.3918442848425,22.9747215905752,23505.9898620172,21089.1313772781,604.356108627023,0
4511,20247,6.22581838857081,5859.51766876384,26.8911102382703,10.5029984973339,10.7296179330081,16.1370340272517,32596.2905337512,20623.7498051146,-375.966967139914,0
4511,20248,5.39856517742385,3820.15798073352,26.1535590107601,13.9052990412103,14.3123557678273,21.3939276666798,35267.1470663832,21587.4431011287,-272.238165788893,0
4511,20249,6.2312741427267,6147.4644643692,28.0536469305657,10.2452750337433,10.4652962612118,15.7407755061476,30812.327607175,30311.7934381898,-824.658199437981,0
4511,20250,5.09720668947538,2774.30068479206,25.2945976652004,17.2503666065164,17.8615848225236,26.5697288546945,35604.5781221612,17306.0732952311,-241.493789467833,0
4511,20251,7.96361892881618,5612.52569562887,26.8449736461637,10.7999571562571,11.041055041939,16.5955172307253,31795.6899462122,20441.5748149414,927.154103105079,0
4512,20252,6.27549189916379,3297.54972787606,25.5504045400252,15.3177029348647,15.8058649759237,23.5779277922215,23510.5892973827,21103.4265278579,562.721146076652,0
4512,20253,5.26721206340686,4118.91864473352,26.1535590107601,13.2119820562924,13.5785345686352,20.3216589810638,35245.2275700187,21562.8346790563,-279.248281909093,0
4512,20254,5.93204411177915,2726.11261665676,25.9121815489568,17.5536889604487,18.192129488573,27.0414567420029,35169.2177526073,30479.1222108584,443.404983899845,0
4512,20255,6.66691437409518,4255.26865660707,26.8852041596053,12.9872017344107,13.3462223083089,19.9755619583324,31695.5674628289,20405.2229072185,762.029460140772,0
4512,20256,9.0757139034007,4920.04975598831,27.2233756992407,11.8074951939865,12.1032148920413,18.1525972506086,30696.3026046857,23587.5188085512,1101.55947799748,0
4512,20257,6.48392328721884,4660.605152952,27.1657852789234,12.2380249450557,12.5568390103575,18.8178807387889,31899.9397960137,23478.5360985446,-1184.49448791291,0
4512,20258,6.45771581608166,5151.81429852114,26.8680354176402,11.4277790649675,11.7011681560233,17.5652918209711,32898.0344768788,20810.6287764859,341.306713875474,0
4513,20259,6.13580526267681,3535.56268387606,25.5504045400252,14.5990320384627,15.0427741221687,22.4657793377054,23494.6109117472,21090.27428918,602.285600112528,0
4513,20260,5.39886212624357,3194.64160673352,26.1535590107601,15.7301376749573,16.2501033354605,24.2179116105731,35244.5048319707,21576.0071027929,-302.887236234408,0
4513,20261,5.57033983235307,3568.62648147526,27.0702889713264,14.6647268688837,15.1254497619267,22.5710017793621,32584.828293564,23014.1860447691,-93.4755404384778,0
4513,20262,6.6075891633734,2705.38714060707,26.8852041596053,17.7878034496853,18.4528018176335,27.4070809436117,31666.2673845119,20388.3986377664,752.935731108208,0
4513,20263,5.24567423228922,2640.63093956008,27.1676009703419,18.1396697690996,18.8323090360575,27.9532209940535,29725.6572238076,23399.0655634542,-513.52340990965,0
4514,20264,6.30751269379919,3510.25216526907,25.4880297976906,14.6645522343895,15.1117411017415,22.5670062701341,23504.40201072,21081.174678793,636.114432063269,0
4514,20265,5.55547998404036,3867.46982873352,26.1535590107601,13.7891012727818,14.1892734376087,21.2141924064481,35269.3187313003,21575.2101530585,-297.995391385255,0
4514,20266,7.44252046116511,6406.6509313343,26.9809028722305,9.91666182705329,10.115573535878,15.2320124610129,33196.7502985032,23580.786307746,-1067.45136737606,0
4514,20267,6.35884797037931,2709.21966460707,26.8852041596053,17.7698351379682,18.4335850740842,27.379236848416,31643.8087511747,20389.5463173225,764.260781263434,0
4514,20268,10.7573389759603,6237.91434759437,26.9754997075795,10.0891025752864,10.2961448932762,15.498173248042,33141.0107261114,23176.9693613222,-592.02932124847,0
4514,20269,5.94391836642088,4014.73662948441,26.678171376041,13.4911136624788,13.8778132331321,20.7544162498607,34132.3284333589,24019.8509823588,-767.21218170484,0
4515,20270,5.99645194266687,5778.73005234936,28.0392531783466,10.6672809276553,10.908209731806,16.3924145023489,27796.4854347656,30599.6901951725,379.098776196861,0
4515,20271,5.43848070969969,4157.37604073352,26.1535590107601,13.1292531248894,13.4910660712713,20.193737881839,35259.5396279391,21579.0247744557,-307.812843552863,0
4515,20272,5.68254368031999,4280.96895174953,26.7102257386996,12.919690534921,13.2736034460187,19.8708297276277,34169.0833090796,24033.1009907717,-781.12988331537,0
4515,20273,6.6725228714865,4044.94246758376,27.0296070407305,13.4541869229551,13.8413614988276,20.6980315984347,31784.4976553206,21686.3561947764,-334.738634662504,0
4516,20274,5.49000768053718,4260.89824073352,26.1535590107601,12.9132164471448,13.2627488548187,19.8597136520642,35251.8927015173,21595.9347180976,-299.298197820602,0
4516,20275,5.55375518244386,4653.45063774953,26.7102257386996,12.2156396041359,12.5302179823527,18.7824523961896,34128.8252620302,24011.8867876671,-737.951158812318,0
4516,20276,5.37485746726171,2780.81118634737,25.9542871798858,17.313983972294,17.9365653734821,26.6702241119662,25098.2573123105,20994.8255066325,-129.101856030597,0
4516,20277,6.95860552257347,4240.59038303249,26.9616656230586,13.0240906512888,13.3857750459578,20.0327538351634,32103.4458786309,21000.3084967268,1035.34165133268,0
4517,20278,5.90052836342392,3831.95452798526,26.7043902830441,13.9290653291789,14.3419188425747,21.4318987036016,34434.3262483789,26963.5082392479,252.191650796271,0
4517,20279,6.13042593110967,3516.82826491375,25.6937918508925,14.6677710253937,15.1169555241755,22.5724823349321,35405.5199390997,30251.3880800131,601.257452176256,0
4517,20280,5.58115710050561,3329.58897634737,25.9542871798858,15.2615006915014,15.7498354397331,23.4919588473643,25092.4936184434,21014.4016204895,-158.347052757551,0
4517,20281,6.98868630976494,4513.05200303249,26.9616656230586,12.4888297793305,12.8201998927083,19.2051932157872,32103.0112452437,21008.5816943279,1011.55904818947,0
4517,20282,9.87176812506158,3374.72113345531,27.5320934894355,15.294238506845,15.7986424276077,23.5464894775823,24777.2037033706,29835.7674208044,-1026.52800771534,0
4518,20283,6.39816554674789,4591.30059691375,25.6937918508925,12.2459330124636,12.5552959106335,18.8273769357651,35404.2764553946,30260.0520532484,639.460373974225,0
4518,20284,5.99584814872134,2623.05352241307,26.6992147832735,18.1581586634398,18.8470106776258,27.9804742005209,34394.5603840624,26957.9730608888,273.312249369708,0
4518,20285,5.72741178848971,3493.29273466331,26.0438068496214,14.7733303317173,15.2320455029248,22.7366642983693,24951.7909613687,21270.3466459204,-156.495784561189,0
4518,20286,5.88745513672901,1972.60781968265,26.8370141853504,22.3810617015674,23.3849173853969,34.5303819262126,23505.3118298785,26720.9875872168,558.413021800981,0
4518,20287,10.0581065351771,3428.19382282315,27.5283047548181,15.1273779991435,15.6210832516086,23.2881656931597,24756.2900444423,29844.8085354182,-1061.43363120397,0
4518,20288,5.61402601601668,1747.68120704461,26.4054005071732,24.4050183333299,25.5629442414973,37.6705193572855,34777.6387487512,22277.1878792024,-498.007673089636,0
4519,20289,6.3188098241375,4677.68656891375,25.6937918508925,12.094885223456,12.3961108516466,18.5939579493607,35395.2140363671,30260.2890656462,650.955498905613,0
4519,20290,5.89024396469191,2869.10596841307,26.6992147832735,17.0349821282945,17.6463941763616,26.2401403069275,34431.900756294,26971.6723717477,283.300481052682,0
4519,20291,6.44760603834598,2183.19840568265,26.8370141853504,20.7659454805502,21.6461541669767,32.0243794551912,23509.6774131149,26739.5406172811,522.907467014509,0
4519,20292,9.41429979341943,3618.83529145531,27.5320934894355,14.5708211076984,15.0295051984791,22.4267191498561,24788.9652342151,29839.5601612006,-1122.71519636559,0
4519,20293,7.43018050523387,2304.85739903249,26.9616656230586,19.979993537604,20.8031523454749,30.8057687344531,32104.771092081,21015.2589644265,1032.37170897105,0
4519,20294,5.53839495023577,2332.51555904461,26.4054005071732,19.7136970001445,20.5105422342569,30.3909533996311,34736.6505074248,22273.224848393,-476.017262943481,0
4519,20295,5.48182244537022,1948.54327666331,26.0438068496214,22.4222742722827,23.4182423634837,34.5912768211847,24964.0785782642,21269.0915114687,-156.533489075638,0
4520,20296,6.18927129360729,4811.54680715328,25.7494033816306,11.8745624919921,12.1644164463072,18.2536231930089,35394.4475533021,30244.355158365,661.230853052742,0
4520,20297,5.72893875902672,3280.15630738456,26.6685261462764,15.5026248803259,16.0127420276067,23.8669947328828,34420.7447916001,26954.0223950999,305.974505987333,0
4520,20298,5.9485037893549,1704.67063836876,27.0264039118417,25.0173468166338,26.2344443002626,38.6240191914701,23509.9893514913,26747.288627441,533.172499752278,0
4520,20299,6.23649973176086,1931.0464920269,26.7116713216545,22.7125362872576,23.7405282791143,35.0443548792853,28269.6489587246,21499.1088353783,-132.224077875786,0
4521,20300,6.19494908191264,5114.73469715328,25.7494033816306,11.404536201436,11.6698597690393,17.5274930020201,35409.0472250247,30252.5027359208,662.081307793153,0
4521,20301,5.72236164921604,3499.02866938456,26.6685261462764,14.8232638739041,15.2904616195639,22.8154232645359,34416.9639946408,26956.0321182832,257.699184618578,0
4521,20302,6.77161039184661,1863.38107673086,26.9064512759384,23.3676974709259,24.4501055966228,36.0620818642867,32115.0150054864,20992.1018020591,1009.79348020649,0
4521,20303,5.78345167442452,2703.98099227829,26.6654417373809,17.7632278958157,18.4241794014683,27.3683535793999,28614.0288457354,21162.1312043407,-210.855859687531,0
4522,20304,6.00916113975001,3026.57096938456,26.6685261462764,16.4007010668356,16.9693260538939,25.2575991854519,34416.2977385963,26975.7122408401,238.400202125983,0
4522,20305,6.74399596838582,2786.98028864764,25.8456981896227,17.2717581196662,17.8903269522676,26.6044929284925,22134.1164256078,23543.2677784672,856.580394614894,0
4522,20306,10.8753474628343,3374.45617863143,11.4990041194875,13.2676167328571,13.4867065788386,20.3660712252302,43745.3532957978,24023.1927415349,-85.7332719790728,0
4522,20307,5.59972569200257,3963.63311150239,26.6857667171761,13.6099165676553,14.00365872186,20.9381822349927,28735.4367205781,21162.9628395362,-101.098807835299,0
4523,20308,6.0841741257768,2252.0464722845,26.4284618110139,20.2277490906727,21.062660582105,31.1881921161099,34042.5023807186,20321.733384535,312.999740268214,0
4523,20309,5.92179797754132,4168.48691338456,26.6685261462764,13.1506799916394,13.5175226900453,20.2279176281799,34426.9591810007,26959.84474036,248.154536728505,0
4523,20310,5.50760406973549,5490.44437593523,26.8082137364167,10.9544904235671,11.2031658421768,16.8341173237615,29678.4537025715,21177.1324365823,-232.137390590428,0
4523,20311,7.58308640620345,4144.90990936604,26.8946051200252,13.2210906720974,13.5936593993989,20.3372577604529,34085.0910422182,27959.8654881885,251.003246179815,0
4523,20312,9.48879521433946,3700.09823164984,26.1303169916625,14.2098107207566,14.6348972256053,21.8649442144124,29932.105696242,18431.6188840505,-1099.03701937661,0
4523,20313,5.71886847111734,1268.99367592935,25.3848616129391,30.8724167834011,32.5560743836085,47.7140198849025,23634.6215582965,20416.141329236,478.021261287189,0
4523,20314,6.65714562061513,3211.62082585569,13.1184804130843,13.9442327495406,14.2165616700022,21.4163318906599,43501.173260186,23615.3382557639,256.606050799116,0
4524,20315,6.06154829528306,3677.85893014915,25.4381989919676,14.198249131296,14.6168723875652,21.8454686549258,23617.0869409442,20409.016008046,455.741281386679,0
4524,20316,5.58781352458896,5355.00650193523,26.8082137364167,11.1358425406525,11.3937581917157,17.1142216009429,29696.1256784219,21167.8976564553,-198.217262082675,0
4524,20317,5.93772713655044,2528.5608762845,26.4284618110139,18.6011490782421,19.3182137323855,28.6662355315471,34054.9629939075,20337.7832891474,352.258520850376,0
4524,20318,6.30872857049474,5103.56439265596,26.7087940773181,11.4880956057542,11.7636752273723,17.6582088705672,34413.1249934496,28308.8110519774,891.765883115751,0
4524,20319,5.01775402530493,4132.63610133707,26.5470644317529,13.2171230742957,13.5869026649875,20.33041669432,34624.7960543855,26328.1141641715,-263.86359886587,0
4525,20320,5.45324118664199,4157.24517746399,26.790731819218,13.1854229866897,13.5551658544157,20.2818903361936,34298.7482313278,28756.559828748,-147.165446590924,0
4525,20321,6.11114700644805,3336.41187814915,25.4381989919676,15.1812456912502,15.6598416417216,23.3664475099787,23617.3690762378,20402.6101446923,465.971988641576,0
4525,20322,5.8528713931703,3026.92115228451,26.4284618110139,16.3692954992717,16.9335082261835,25.2083182440306,34079.3423797206,20344.8381815638,335.598285388614,0
4525,20323,5.78712088442072,3652.68956133707,26.5470644317529,14.3782983788827,14.8170395641033,22.126573093709,34668.625465075,26316.7111222453,-332.606749188658,0
4525,20324,5.58417999094839,3803.82545193523,26.8082137364167,14.009458676492,14.4279595559391,21.5564950440432,29682.2219320842,21172.5127642621,-237.643638917392,0
4526,20325,5.64802184121006,4464.50787746399,26.790731819218,12.5661504516471,12.9006734834439,19.3243998317105,34300.3143218613,28759.0509824194,-164.868517033355,0
4526,20326,5.94329965871533,2803.35725228451,26.4284618110139,17.2803791745247,17.9056663236986,26.6195379573072,34061.0038204551,20346.4977292411,281.260901167063,0
4526,20327,5.60868811551122,3071.70323793523,26.8082137364167,16.2481536636759,16.8080400294159,25.0217211982993,29681.9909632865,21190.1102479777,-188.098336327391,0
4526,20328,5.48761113298687,3776.46657196398,26.4621069485346,14.0451492487584,14.4630341739734,21.6109490281402,34689.3886669644,26280.5912170929,-293.939718177058,0
4527,20329,5.70801811439285,4478.84680346399,26.790731819218,12.5391123602166,12.8721243546913,19.2826020996071,34292.1820961016,28772.4911004747,-131.725089759079,0
4527,20330,6.20003210428639,2801.64736501397,26.4810197587463,17.2950542378881,17.9218884104712,26.6424240233694,34053.867882737,20336.1664194289,322.327835877303,0
4527,20331,5.36031465518982,3539.99543596398,26.4621069485346,14.6829283084152,15.1396596958273,22.5977592396251,34691.7100508015,26280.4398308762,-369.354970578272,0
4527,20332,5.49576307464919,2509.99618593523,26.8082137364167,18.7587033966518,19.4912908710921,28.9116468452255,29696.8404215808,21185.5701403143,-177.244938428496,0
4528,20333,5.41596501256078,4672.34787829522,28.1502306954877,12.2919288909797,12.6201198603426,18.9029650309015,28915.5577754211,30766.2754518242,-427.710602335283,0
4528,20334,5.65737154520841,5275.54924946399,26.790731819218,11.2448909528447,11.5083140338682,17.2826368436289,34314.1206870316,28766.8710825888,-126.704276158437,0
4528,20335,5.88280623032685,3586.66789028451,26.4284618110139,14.547554034932,14.995664656056,22.3881967140535,34056.318762999,20343.358852486,329.940877424747,0
4528,20336,5.37795929336136,3603.43031596398,26.4621069485346,14.5044258281876,14.9501735203949,22.321538887352,34703.9188970717,26283.1279436861,-299.412929052255,0
4528,20337,5.44543352840946,2719.41939393523,26.8082137364167,17.7113994518618,18.3702792638929,27.2884604390785,29670.8120813388,21190.2060113199,-206.331098770506,0
4528,20338,5.93273631187682,2060.79864727103,25.6532213584329,21.4368242571477,22.3519726851194,33.0607755080764,35989.6572421537,22136.7186637584,71.392207106109,0
4528,20339,4.95205779240652,5528.53675559619,26.5327001041347,10.8873854556669,11.131104868616,16.7300469917862,33442.9806241214,32000.4786322093,-86.226579227978,0
4529,20340,5.49016258277428,4153.35279401738,28.1269544820576,13.3095213130592,13.6961648910407,20.4764777240546,28930.1139921384,30767.0803986961,-447.795578695857,0
4529,20341,6.00023853807948,3361.54014428451,26.4284618110139,15.2139300946005,15.7035332720115,23.4195022809782,34068.8990187351,20349.9722952255,344.964107161967,0
4529,20342,5.4187546860385,3503.91684796398,26.4621069485346,14.7870566557862,15.2502345723732,22.7589015017401,34711.7826642421,26296.3899163041,-317.694723170462,0
4529,20343,5.51140128987703,2621.33761593523,26.8082137364167,18.1826939352899,18.8744613091474,28.0188282383351,29686.9525716578,21194.2329596041,-192.792893433331,0
4529,20344,8.3914657292492,5672.54026904855,26.409323639661,10.6980930031696,10.9316835412276,16.437544377099,32971.9355515134,32632.332196954,766.607081037352,0
4529,20345,5.90676018443602,2258.98859527103,25.6532213584329,20.046135255187,20.8579032797162,30.903855156748,36005.8870408352,22156.6263379437,45.5684743615994,0
4530,20346,6.01193352031843,3921.88920211344,26.4183569854014,13.6834338819587,14.0794474424737,21.0513248026149,34050.5742887898,20336.1986965841,310.988156953808,0
4530,20347,5.21757659560774,3736.61932490799,27.9509936168246,14.2932439713845,14.7380601696345,21.9980724706068,28942.8477240987,30754.4954768663,-419.020554993326,0
4530,20348,5.50267844472906,3683.29244040495,26.5094977605554,14.2923763724016,14.7255771054927,21.993544800338,34691.7679158981,26291.3037356582,-321.341046668775,0
4530,20349,8.24168929352431,8075.22642708001,26.7760853852828,8.54594326261995,8.68332485005425,13.1171675722433,33015.2046898591,31941.3882670523,-841.785566158763,0
4530,20350,5.6025680365086,2433.63799678061,26.8395135457827,19.1867932937241,19.9505126042149,29.5754089639168,29710.4809867041,21163.752748787,-163.058030131911,0
4530,20351,5.30116906541191,4139.55496381077,27.3838828690534,13.2754046388558,13.6547035332646,20.4222388971094,32962.9411921657,27892.2716133753,-514.775210400654,0
4530,20352,5.89763881116233,2178.96841633979,25.6097597963812,20.5713177655879,21.4211558795013,31.7181297771298,35961.9666031779,22195.1192262255,51.7482165097758,0
4531,20353,5.30356447140402,4557.35837271607,27.9303354675044,12.4828204825391,12.8203229592855,19.1976869815055,28912.4044806287,30774.0937923545,-407.317372810818,0
4531,20354,5.52193023948201,4061.95736581077,27.3838828690534,13.4473983926678,13.8368020172587,20.6882561639563,32979.4593830294,27885.492658782,-519.998503522716,0
4531,20355,5.95470133387167,2494.43934131787,26.364388553862,18.773776429352,19.502367054624,28.9336141287309,34068.4743900068,20313.5911182701,283.350336859197,0
4531,20356,5.58968520277803,2502.42519478061,26.8395135457827,18.8044320042739,19.540644433329,28.9826324834032,29721.7575772759,21177.3055616001,-91.7433711000818,0
4531,20357,5.37183352141174,3286.59517995899,26.5180608926649,15.4643045521293,15.9706084598888,23.8072958709585,34693.1423922216,26305.3992427575,-310.116394747927,0
4531,20358,7.30690950642407,7326.5515503448,26.8569928965786,9.09301691176403,9.25400076061081,13.9609706644413,32911.9744945376,31966.3448084555,-857.123296766987,0
4532,20359,5.49373628576254,4901.20002290799,27.9509936168246,11.88995757447,12.1946596972494,18.2812813367194,28918.3450763745,30752.4252617931,-458.820420660369,0
4532,20360,5.40584915684452,2644.60302478061,26.8395135457827,18.0725418842345,18.7569203016701,27.848206905262,29747.7333544222,21179.5385400148,-93.4212684214653,0
4532,20361,5.41301722643222,3143.47923240495,26.5094977605554,15.9511878341333,16.4887873449371,24.561081814573,34721.0486586973,26293.1842547287,-303.510153123156,0
4532,20362,6.34867874402802,6167.99238556008,26.2934491018321,10.124706464235,10.3299365882583,15.5521625446468,32762.0931668794,32605.5713334734,566.048715062428,0
4532,20363,5.53205804076658,4322.32774046267,27.4387716961671,12.8968308248837,13.2545798558055,19.8369009691709,32950.2159320688,27863.6217536134,-504.713673848132,0
4532,20364,5.56546697380071,2469.20961427987,26.1897510768797,18.884045057119,19.6184634066213,29.1039837642877,34764.8197186459,21033.8206044073,-404.427684754461,0
4532,20365,5.21238264965091,1022.09110611877,27.4274931085053,37.5279554941072,39.8545935033712,58.0784328393312,25398.8837731513,25312.7235066071,-281.48707396079,0
4533,20366,5.43536572038755,2769.02789878062,26.8395135457827,17.4890612733643,18.132917300532,26.9440372512149,29731.222778383,21174.6965772245,-149.327760289792,0
4533,20367,5.3883511490387,3996.09965224582,26.5921105699216,13.5259965508874,13.9140877268001,20.8081872349973,34696.7443866198,26309.7483272635,-314.264805422214,0
4533,20368,5.45230126231429,2282.86965427987,26.1897510768797,19.9870841436901,20.8012849564636,30.8141500988269,34784.1846928437,20988.476083426,-409.176239252777,0
4533,20369,5.75549679488172,1931.65477611877,27.4274931085053,22.8554863395031,23.9046696372642,35.2689885688218,25424.5083868863,25329.6084011608,-264.180910975094,0
4533,20370,5.91945823398912,4257.51633530138,27.4477908685766,13.0301455536457,13.395638297578,20.0430704343905,32984.9168181523,27956.7080412071,-445.274194070244,0
4534,20371,6.1307801679415,5377.93244527556,27.1293763604086,11.1255448729233,11.38479601659,17.0988300868241,33608.3687042819,28465.1770237861,584.125644738794,0
4534,20372,5.27086760439449,1898.20796278061,26.8395135457827,23.0320186517966,24.0869148613683,35.5407400250089,29726.1250223756,21175.6115840346,-129.089393114574,0
4534,20373,5.56333519868581,3682.53751624582,26.5921105699216,14.3026821887406,14.7371868200825,22.0096768659241,34694.5920880433,26280.9946064427,-340.306562167736,0
4534,20374,7.34389740049406,2846.19765429357,27.3822216762616,17.2231199683875,17.8542577962488,26.5335156109591,25661.6936016991,24446.2926097073,519.604299230882,0
4534,20375,5.39454607702472,2147.76217027986,26.1897510768797,20.897289136415,21.7790185460238,32.2258155954153,34770.7036551908,21032.2714315538,-419.434742437681,0
4535,20376,6.45596662421357,6089.61453127556,27.1293763604086,10.2565590197273,10.472425492728,15.7568971596092,33607.7412180041,28470.0001037999,520.95770616591,0
4535,20377,7.86117416841013,7143.34236391671,25.8357387201955,9.19201583628453,9.35271389511062,14.1124045265084,34337.1083830432,32067.1492132317,1100.12198685777,0
4535,20378,5.322651713822,4314.95406840495,26.5094977605554,12.8341062629645,13.1817293522116,19.7381111388473,34704.9755942536,26283.8419173506,-321.182264575612,0
4535,20379,5.64464150087236,1754.66452078061,26.8395135457827,24.4327559982873,25.5995046411603,37.7154111274468,29718.8959280912,21207.3971953969,-95.7189778965655,0
4535,20380,7.13928470323806,3276.03504429357,27.3822216762616,15.597428341273,16.1200618118838,24.0155370876014,25642.1356822374,24454.3672438778,548.570232064134,0
4535,20381,5.59579730482718,2232.51821827986,26.1897510768797,20.3143283885388,21.1526370605245,31.3216359021936,34801.4683391387,21014.4325277698,-428.525747895376,0
4536,20382,7.5854545798936,6481.93467899585,25.7133553291229,9.77433540084966,9.9603331502353,15.0106170904056,34367.6986695637,32105.2022014746,1119.64064139038,0
4536,20383,5.9767097284376,3592.33503001065,24.0755812662507,14.284163408286,14.6960767660607,21.975109669957,35336.205195013,14198.2425799458,162.11806315414,0
4536,20384,5.41942534751742,3584.16940024582,26.5921105699216,14.5714828555163,15.0224396947309,22.4256033756447,34691.0281161123,26295.1119629069,-314.70052436452,0
4536,20385,5.9689444671173,3405.03043194439,27.8511130731763,15.2337503726316,15.7370127362539,23.453599036582,28688.8648743475,31339.5058259697,138.400578258257,0
4536,20386,6.59925554855475,6968.33437987227,26.2592312701306,9.35934458090194,9.52934033340006,14.3710661558958,33408.2208767519,32593.4653027064,567.763860909312,0
4536,20387,5.79918150417327,1344.98092078061,26.8395135457827,29.9671191056208,31.5995477315245,46.3143451932698,29691.2851149199,21154.4456269183,-193.892589410714,0
4536,20388,6.09844444969112,3659.58679424949,27.4006226620642,14.4454776743463,14.8953198970671,22.2324477846924,25786.1107593619,24437.8741194621,427.840472289569,0
4537,20389,6.03774915261823,5275.29763801065,24.0755812662507,11.059963374601,11.2974969974323,16.9924621000059,35339.2328276134,14205.3862070938,153.810643645644,0
4537,20390,5.72818267646846,5199.66485994439,27.8511130731763,11.4244445915363,11.7035030034659,17.5617531169931,28712.3871761078,31338.3439160348,148.881504311201,0
4537,20391,7.83923964491803,8797.98857308472,26.3104940598233,8.08054335034663,8.19740337180121,12.399212406429,32730.0545482355,33217.2595694203,-1137.65483736934,0
4537,20392,5.46738454706766,2887.09659240495,26.5094977605554,16.9347209618643,17.5374368742632,26.0842970452359,34707.7450981292,26299.0982035372,-337.441995607147,0
4537,20393,5.61324074312573,3008.13712495903,27.4767380645537,16.5725767868359,17.1604579812831,25.5259558197937,25715.994339513,25212.9918951478,-245.443694882166,0
4537,20394,7.96468799297545,2775.58629129249,27.6354265351876,17.5685865150533,18.2261571983449,27.0695275461473,29926.5950303728,26142.7925270339,556.761389784144,0
4538,20395,5.84294439731006,5407.07919601065,24.0755812662507,10.883782033599,11.1127445051027,16.7204553091776,35333.32532509,14202.5867416724,165.936405897574,0
4538,20396,5.72406924717403,5306.90945394439,27.8511130731763,11.2709682449894,11.5419346589355,17.3246294049578,28699.3860376608,31345.3060040483,139.52773071105,0
4538,20397,8.70585277781705,8350.27805107359,27.0646886387858,8.37922991893553,8.51090409412214,12.860440719756,31428.6827698491,32774.6918421955,-1228.49986312254,0
4538,20398,5.42524932317061,2869.77811624582,26.5921105699216,17.0179258583609,17.6270953323488,26.2134182646746,34687.5746027393,26292.9176002203,-318.2909945856,0
4538,20399,9.81465284994526,7487.7572599395,26.5398862304432,8.95362131252593,9.10718677748444,13.7455792068695,32847.7623045481,32667.554773197,974.227555331679,0
4538,20400,5.62947005516725,3245.95184695904,27.4767380645537,15.7091726136989,16.239910413958,24.1887918743212,25691.1630677594,25237.4557930029,-233.496847048753,0
4538,20401,5.27554603174396,3182.82462063458,27.2404742293435,15.8992109737199,16.4402145491899,24.4824697091817,25795.0529800204,23672.0945729982,-368.511884611562,0
4538,20402,8.25363631213002,2595.36151362492,27.6400198419924,18.4358841620783,19.1546220357159,28.4137627624554,29920.2772835296,26128.3409756238,598.364589539042,0
4538,20403,6.58780352866895,6049.20430747183,26.4121704106079,10.2598769277691,10.4721593672746,15.7609845737798,33988.5518517389,32092.4979023257,712.989616897136,0
4539,20404,5.85733235466402,5693.65948201065,24.0755812662507,10.5254976468914,10.7373641228979,16.1673907862376,35342.5528279626,14201.4973313246,168.931092385532,0
4539,20405,8.71975596583113,6324.89924707359,27.0646886387858,10.0039050008616,10.2073492697997,15.3667874059962,31412.7227874131,32755.9178781378,-1236.90438676958,0
4539,20406,5.49919768029883,2717.78273040495,26.5094977605554,17.6768013760333,18.3301112638196,27.2339742260847,34704.7820402725,26302.8351227662,-321.640454159603,0
4539,20407,9.91451292596973,5635.7891539395,26.5398862304432,10.7517650804857,10.988748432506,16.520624632652,32838.2372047923,32634.6758981191,963.666300560884,0
4539,20408,6.00359995120824,4154.20265024949,27.4006226620642,13.2450374221107,13.6226822829675,20.3753067190234,25805.4391814748,24433.1585013724,407.7071524506,0
4539,20409,6.57209947018667,4504.86316536602,26.1370048174138,12.4380365233519,12.7609419808583,19.1251212295618,33964.6607145558,32036.7370670831,681.793735751934,0
4540,20410,5.64462119544097,3457.25852604756,26.4706081014873,14.9255514374971,15.3974217053129,22.9732595546684,34668.6473241197,26300.8979988527,-300.540952491835,0
4540,20411,5.66609788631773,3292.99165863831,27.2896773959729,15.5308497834946,16.0483533869544,23.9122268771724,25673.1240518575,25233.2847192226,-232.635725535439,0
4540,20412,9.22483553191172,4003.51559420119,27.3613395587397,13.5788483309618,13.9758643158808,20.8915351015035,31071.6542038462,25781.7510094722,-1185.77799972353,0
4540,20413,5.4814186471868,3677.7672182054,27.1197336781699,14.3682466304567,14.811057184016,22.112310122239,25796.2469202509,23674.7612221107,-386.052123721269,0
4540,20414,10.6674501231698,3664.85145191941,27.5166822744624,14.4427367709705,14.8933460586158,22.2284641819342,29710.7536708207,26254.5972319257,614.066080091927,0
4541,20415,7.6536881350724,6085.19485424339,27.6340232374537,10.2899359979902,10.5100161979041,15.8091436228931,31335.1464954873,27486.9827151611,1253.67827253808,0
4541,20416,5.60564620327676,4113.56250671678,27.1796744700008,13.3144455837956,13.6945387956275,20.4822090900809,25165.6947604952,24747.4013103001,-207.979630848379,0
4541,20417,5.40909470844298,4285.8849942004,27.1391738041672,12.9458166457391,13.3042724105825,19.912067393921,25794.9086387563,23670.5569756298,-407.843434138008,0
4542,20418,6.13903556026221,6963.42638311993,27.7217417820259,9.43512129003681,9.61523523852291,14.4898380568904,31179.0468684621,27985.2892638441,366.210650000368,0
4542,20419,5.58431849037599,4002.17749132195,27.1471927971986,13.5625555939716,13.9570009005574,20.8658910568745,25158.5041685955,24741.6741449916,-238.558380488741,0
4542,20420,5.70878396820169,5186.67485291092,27.7799262384058,11.4386337934236,11.7180262553667,17.5835614176386,30882.6076359622,30587.2257252259,-828.665421889323,0
4542,20421,5.30470437720748,4233.5071662004,27.1391738041672,13.0539584249827,13.4186326730342,20.0792898699925,25806.3023450287,23695.030429204,-431.824941954376,0
4542,20422,5.87831003327541,3548.38753609448,27.6848767894039,14.786073905285,15.2594826495831,22.760215496127,29483.3759928983,27009.6728886053,-867.470293946137,0
4542,20423,10.004572260761,6174.09825444429,27.5267255861695,10.1873087721641,10.401855610713,15.6505478171333,30108.0874337193,26480.8819168238,234.293004862818,0
4543,20424,7.51160928646477,7552.15891103669,27.813037681647,8.96187496967554,9.12122683326243,13.7598126828629,30837.5015595789,28422.0684015765,-364.392912409511,0
4543,20425,6.19829816201507,3122.10569429753,27.0903448883995,16.097548262032,16.6501775475722,24.789223478398,25753.2551019636,23574.5714823908,263.814061880169,0
4543,20426,9.04454463647557,5131.09151156401,27.689403080932,11.5145551586219,11.7974421831688,17.7007209495202,31507.2263601135,30077.9318130714,280.444807397336,0
4543,20427,5.82102801658208,6493.55816051853,27.7753349647325,9.8725549167152,10.073259240501,15.1650043092602,29416.453600296,27037.7192847475,-695.838926702606,0
4544,20428,7.88715069889274,6427.53337703669,27.813037681647,9.94009657596521,10.1441912389575,15.2693111082681,30817.1665906594,28405.9309730387,-387.208279559885,0
4544,20429,5.60332379240323,1749.12037540926,27.1099132996242,24.5539913029367,25.73461927628,37.9047939036033,25819.7849903694,23558.9188967989,194.993354647452,0
4544,20430,9.53102768682468,4092.63254690437,24.4134176440599,13.1112470056098,13.4587458839999,20.1622335399351,36790.9612442374,17677.5652103365,-1170.52736731657,0
4544,20431,6.60676414075621,6077.67762005577,27.6176680020219,10.2973013097586,10.5176575935099,15.8204922200449,29313.9201948363,27018.4373972335,-655.376898141675,0
4545,20432,6.62231594767854,7378.88026797304,27.6456918927835,9.0879590561364,9.25214693040574,13.9541165622021,29317.6362100839,27068.4078004606,-663.382485441633,0
4545,20433,7.57117963206323,7835.12693303669,27.813037681647,8.75467085893723,8.90503982833616,13.4402106463037,30835.2035752924,28387.5036779212,-360.585160647271,0
4545,20434,5.84771064784601,2447.95591229753,27.0903448883995,19.1453056582037,19.908921389725,29.511884729118,25776.1977493801,23539.3561473652,190.693533349048,0
4545,20435,9.62579776342786,4398.30762151673,24.4754073757778,12.4999932186746,12.8144206774578,19.217605619198,36693.8648997692,17601.5392725339,-1101.87287289372,0
4545,20436,9.02495030875345,3863.49036437473,26.3880866477787,13.8211769908217,14.2251030341822,21.2643180062708,20728.4410525985,30424.1191440217,-1158.44920151179,0
4546,20437,5.90457477188705,3287.15190340926,27.1099132996242,15.5297766594083,16.0456084049796,23.9101240070096,25820.4066966473,23581.6078224897,204.563068121938,0
4546,20438,5.63608166903491,4259.34975292849,27.684222929652,13.0462211480774,13.4143107629664,20.0683895044619,31467.2936859586,29189.2270755161,-745.892245307737,0
4546,20439,9.15198329483724,4562.04980157203,26.335816029327,12.3493123061557,12.6687045487143,18.9883623729387,20688.9905085947,30465.6770263499,-1192.30058067053,0
4546,20440,6.97474396216911,3719.25929368076,24.3767159535624,13.98220934872,14.3790731291348,21.5088282834304,36809.983172832,17493.0481309979,836.300025041201,0
4547,20441,5.60435148802755,3142.21649737855,26.4664550189562,15.9504991180547,16.4876478057721,24.5599035786402,34487.3681842741,25354.269328451,94.6614284400651,0
4547,20442,6.81984502712942,3098.10406768076,24.3767159535624,15.8500084389289,16.3603522476366,24.3987215290341,36837.6057921268,17493.1679458202,735.424599011408,0
4547,20443,5.86560795164504,1546.48117540926,27.1099132996242,26.9695244961259,28.3498751407215,41.656887983774,25803.8328466743,23557.5448187971,197.161802181846,0
4547,20444,5.51470982708721,3689.42700292849,27.684222929652,14.3928796491721,14.8417466094528,22.1516788445658,31464.0520881647,29154.4353637719,-712.417087327916,0
4548,20445,6.19708387848696,3092.21747737855,26.4664550189562,16.1306433708331,16.6795413643074,24.8388472577713,34555.0589558507,25332.2089480785,80.3928034367683,0
4548,20446,5.65861415510468,3713.45736892849,27.684222929652,14.3285989845548,14.7734942841947,22.0522044418491,31456.619572975,29170.5394903549,-750.043364369746,0
4548,20447,9.08983704934372,4431.25941357203,26.335816029327,12.5923480416983,12.9251794944348,19.364028095655,20714.0712677855,30479.9837093201,-1068.06928594767,0
4549,20448,5.93763833027293,1265.20915540926,27.1099132996242,31.529988849817,33.3047397182128,48.7456838003823,25804.3225782948,23530.3072295826,218.862588966192,0
4549,20449,5.67941678399769,3703.03907092849,27.684222929652,14.356374999245,14.8029850938748,22.0951874774481,31461.4862791402,29178.8894388811,-722.199754601021,0
4549,20450,9.06717259054562,4103.47999975996,26.3615314246275,13.2641519981463,13.6352651563215,20.4027609214834,20722.3498888488,30513.5014177955,-1207.76265233781,0
4549,20451,10.4761732891428,4127.1554610778,27.8162133970717,13.3401335696452,13.726360376295,20.5232142702474,30526.1901496407,28347.7504108056,-583.917205190017,0
4550,20452,5.7698268611843,4268.74882184456,27.7287246765698,13.0304626090796,13.3979500581295,20.0441054606925,31450.7347044565,29195.3167817064,-752.276515371611,0
4550,20453,5.89034129635943,809.189580097659,26.9782025875479,45.2293523245572,48.2767762182436,70.0654517951722,25823.1700392072,23572.2080350254,202.295780759214,0
4550,20454,5.82063077968415,3856.53933558406,27.7507688176648,13.9671327300344,14.390416200298,21.49303366375,30290.925431425,28083.9578452605,-655.057771144661,0
4551,20455,5.73426313061032,3761.8372141821,27.6610107722728,14.1991989626007,14.6359513213804,21.8519170144597,31468.4075927337,29171.5537959745,-708.879823136576,0
4552,20456,5.45949080120457,4288.26385784456,27.7287246765698,12.9902361084351,13.3553922536238,19.9818971900407,31463.1669872206,29173.5593297953,-684.163623404061,0
4552,20457,6.06074934268517,1425.01451409766,26.9782025875479,28.6896090756926,30.2140002723514,44.3292608119568,25809.7738883289,23567.9998678187,192.572841376757,0
4552,20458,6.14645932655925,4325.79549525133,27.7268013690513,12.9136292571183,13.2743458567079,19.8634285499021,30273.9829395887,28087.6490987174,-603.761263916135,0
4553,20459,6.11903066107515,4584.97610384456,27.7287246765698,12.41660062065,12.7490487288019,19.0949456431893,31412.206672564,29181.0171677377,-746.030313805693,0
4553,20460,9.77018008138174,3540.17394546246,26.1030881205088,14.6445897462533,15.0958927722237,22.5375874437598,23347.2210473341,22787.777029225,-999.091143534217,0
4553,20461,5.95011466652407,4792.71553016799,27.8181467111334,12.0595464721394,12.3727190606177,18.543168561326,30750.6108423341,28549.53030771,-447.468181589661,0
4553,20462,5.76907060326522,1976.32529409766,26.9782025875479,22.378322680607,23.3839029282687,34.5266664516703,25773.8366932818,23549.3060239673,192.131523923276,0
4553,20463,7.80013065912121,2205.05028599009,26.6828620484003,20.5872989764119,21.4521559688217,31.746731688798,26128.2192392971,36123.4167004999,86.7517477029508,0
4554,20464,6.11863396072681,6086.48941797971,27.7756032035804,10.2964781943036,10.5176004421486,15.8194441072403,30687.8363924867,28507.9946669173,-390.537769233294,0
4554,20465,5.71279418348754,2548.16430609766,26.9782025875479,18.5817718120908,19.3036491214244,28.6379054878444,25788.0480752889,23555.1028058802,229.196742630724,0
4554,20466,10.1658856923904,3692.28550146246,26.1030881205088,14.2276525228106,14.6535893082117,21.8924849944017,23353.9780231584,22807.6278681734,-1029.95057259145,0
4555,20467,5.97791874857959,2785.71471609766,26.9782025875479,17.4334487660841,18.0749182550417,26.8582659421142,25811.0051140721,23566.3600733258,234.926212990032,0
4555,20468,5.50925253609667,4145.93488105395,27.7279016195861,13.2913349514852,13.674052367858,20.4475619710837,31479.6130529583,29161.81852153,-678.683615486089,0
4555,20469,9.60845943017757,3631.54141716044,27.4459822634568,14.5269179947369,14.982172545068,22.358581560402,25505.6692519609,31683.762315099,-1035.6873721472,0
4555,20470,9.79985960216685,3767.90075946246,26.1030881205088,14.031722966639,14.4459037965876,21.589379799407,23321.3299943037,22774.20620105,-1054.78359427734,0
4556,20471,7.08218232062255,2200.21397061529,25.3221134251953,20.3738102038164,21.2053068772601,31.4107921380558,20947.6284448234,24498.6073469049,1081.88387377732,0
4556,20472,5.53884390613378,2607.03934916686,27.699308391204,18.3850466434499,19.100796468023,28.3351336290826,31481.4223715234,29185.1217483742,-714.027635535612,0
4556,20473,5.59186553516083,1056.98072011424,26.9564197923376,36.3284692062503,38.5341026489848,56.2090528170455,25799.1841102693,23568.3816956584,239.95201083248,0
4556,20474,9.96461147388034,3442.5847982505,27.4312671705373,15.0730079464893,15.5624273369154,23.2037728293793,25442.5994830189,31607.9207715852,-1023.49824864969,0
4556,20475,3.89591319967021,2970.09848175244,27.4236069019262,16.7156549711216,17.3126615722927,25.7474479567895,26348.9398717943,31989.5790901681,-744.421997665181,0
4557,20476,6.97075746581363,2795.8851146153,25.3221134251953,17.1600748320271,17.7655339828259,26.4299526269915,20926.4944660202,24479.5835040091,1071.34552508475,0
4557,20477,5.42895783991234,2258.21554184456,27.7287246765698,20.4128825728283,21.2775867920695,31.4797517132007,31471.8648174829,29197.9243291695,-713.528608096646,0
4557,20478,11.389654128792,3948.73784316044,27.4459822634568,13.7149234042363,14.1206844363363,21.1022047445234,25429.986894945,31577.5627261225,-952.796827878255,0
4557,20479,8.49203765322538,1409.42872034262,26.7038577664492,28.853981581134,30.3876761581403,44.5833964262799,21444.4619578046,30917.4072014219,-1397.84617961261,0
4558,20480,6.49694904664398,2784.61237027848,26.2741337227207,17.3415381681894,17.9693726840034,26.7138423523842,22616.8439580565,25897.8948791039,720.469978620617,0
4558,20481,5.56808621017472,2363.82562415302,27.3351651878797,19.6774352241261,20.4827410004035,30.3377890089248,32958.9711813626,29295.0744935677,-401.076526801451,0
4558,20482,6.64921260096792,1008.08436009766,26.9782025875479,37.755847586871,40.0940317596149,58.4303966505052,25790.8132595126,23533.0173671248,186.340067547789,0
4558,20483,10.2628104233559,3846.42707316044,27.4459822634568,13.9636061018583,14.3843302659391,21.4869311405337,25439.483315339,31604.8073845085,-1018.19140918545,0
4558,20484,7.42863040897499,1458.03712285945,26.7225168903494,28.1116934028928,29.5822128652021,43.4298713838824,21430.9547237338,30949.4989986041,-1376.45174217131,0
4559,20485,6.41475758723461,3833.93798305166,26.2110744017827,13.876737287904,14.2825573997774,21.3498737647639,22606.6459158337,25899.1703575187,718.430082857055,0
4559,20486,5.48829747437727,2507.42916931382,27.2729208738778,18.8441070664807,19.5880568412118,29.0454869407052,32954.413535787,29288.571778825,-419.90218182842,0
4559,20487,6.57768812724095,3648.49610885012,27.3311872130968,14.4687822747898,14.9195026031063,22.2683569247906,24532.8423486776,30359.737515186,681.958069202956,0
4559,20488,5.74006324837742,2595.19660757976,25.718752078964,18.150740106426,18.8281532418361,27.9659684071928,28675.9209964961,18670.2053504464,28.8893619347862,0
4559,20489,6.38562895139373,3627.43508906374,26.5911907125798,14.4515384267846,14.8951221312619,22.2399996032229,22608.5004320135,25898.3379212623,717.751199401804,0
4559,20490,6.18043441230226,966.189548114238,26.9564197923376,39.0715020093515,41.5320183860677,60.477927337837,25784.2387485771,23557.1572454115,241.042532505906,0
4560,20491,6.16776616917159,3663.47825191665,25.9929388689566,14.2930073647261,14.7219714033055,21.9933433012199,22593.0095505531,25906.3983419173,749.496842005315,0
4560,20492,6.17307825160884,3552.42246324431,27.3313466414631,14.7379552662622,15.205416734374,22.6849326482884,24551.7612388033,30337.4523816716,693.145255930953,0
4560,20493,5.61913015905034,2232.06794653029,25.5450158352011,20.2021502211719,21.0239517081849,31.1453981566415,28687.8683388411,18674.8786317646,65.6824057556248,0
4560,20494,5.94980873162413,3801.84013216026,26.66546677282,14.0006748789588,14.4175147952177,21.5425939952498,33607.1193643635,30318.8238383818,-152.87851690027,0
4560,20495,5.8281863802366,1272.88231798557,26.6570858417302,31.2288119189434,32.9683891304159,48.2749876576204,25803.2562042835,23550.1620928357,252.33677010106,0
4560,20496,9.33399913754112,3314.30711513698,27.2516644456026,15.4568259085771,15.9692211094259,23.7975276497866,33089.2659868979,29272.9910645023,-462.360689398152,0
4561,20497,6.54555426579905,3570.50650591665,25.9929388689566,14.5473558396497,14.9917624878706,22.3868730056793,22598.2094777286,25897.9413457093,729.626717217077,0
4561,20498,6.34723890006174,3122.91546324431,27.3313466414631,16.123495209923,16.6800826817619,24.830025027171,24546.0306910534,30378.660288343,694.70741203834,0
4561,20499,5.79860556942024,2738.13732253029,25.5450158352011,17.446818891262,18.0740077087463,26.8747946229911,28674.7464533546,18647.3832827736,50.2370800980832,0
4561,20500,5.99591345774825,1150.47209049109,26.6832236643089,33.8394956528847,35.81250307057,52.3352328042682,25815.7991974001,23569.2834957939,208.319018977323,0
4561,20501,5.90831554372104,3305.68203347731,26.7059614362612,15.4234312520087,15.928820899121,23.7444881930561,33655.9414383402,30316.6675918227,-107.355208669432,0
4561,20502,5.88462801645458,3166.57873313698,27.2516644456026,15.9576727845681,16.5026091493419,24.5730276787392,32872.9492776417,28991.4450984352,-433.235463155615,0
4561,20503,5.71083496183184,1544.5010123394,26.4425878840605,26.8169886537188,28.1735000520582,41.416836487112,30139.6988982572,21243.6403203774,-19.2089579287216,0
4562,20504,6.45957166735088,4068.42626191665,25.9929388689566,13.308208884851,13.6790813336597,20.4701225918785,22614.5734614254,25895.1109248275,746.210751713851,0
4562,20505,5.39939611690451,3736.99810376048,27.7591916450651,14.2736391146109,14.71573861346,21.9673192447385,29004.190918954,29715.9683646158,-631.617527374024,0
4562,20506,6.37770150411548,3531.43168524431,27.3313466414631,14.7985261836897,15.2697811546957,22.7786802408836,24537.1769617281,30370.8612480028,695.188678757639,0
4562,20507,5.57134234255748,2070.59653216026,26.66546677282,21.5584068772268,22.496472777793,33.2531786352895,33677.8679033874,30351.2640146691,-152.400349870423,0
4562,20508,5.82112697692639,1238.16934198557,26.6570858417302,31.9162224154542,33.7165847954503,49.343883090774,25821.1611315368,23567.6243147185,228.5072979972,0
4562,20509,8.10213881909281,1598.50947326209,26.7090444018756,26.1908061614646,27.4995529015765,40.4452843473037,21443.8689706492,30921.077450509,-1386.84106767332,0
4563,20510,6.39251484812646,3978.58220791665,25.9929388689566,13.5111171528697,13.8937323794268,20.7839055128439,22606.2783853898,25910.3751913541,737.674843468772,0
4563,20511,6.49514295880779,3984.57258324431,27.3313466414631,13.6201351522199,14.0193794163015,20.9553376992878,24539.5957860416,30369.9908389313,685.353016098198,0
4563,20512,5.4761175891389,3974.74674776048,27.7591916450651,13.6819892534216,14.0881288755195,21.0519040209727,28984.7749890034,29715.5433715896,-682.948685399076,0
4563,20513,5.65459198630395,2019.71647216026,26.66546677282,21.9585537634242,22.9273333536103,33.8740659620494,33678.0154910789,30330.6470420963,-98.1480206857833,0
4563,20514,5.750589797705,1453.58362198557,26.6570858417302,28.1593895940829,29.6328383797871,43.5036780057488,25799.9116521047,23547.187499689,230.258308621899,0
4563,20515,6.13406340089875,1404.43975957387,25.1228095223575,28.4549604355206,29.9259120558302,43.9553222848925,25723.6545793061,18931.8581435602,459.43859920167,0
4564,20516,6.51992207672604,4302.34238191665,25.9929388689566,12.8157046123066,13.1585808486751,19.7086391239324,22606.4868238096,25905.0242321505,733.08783864768,0
4564,20517,5.64819290877366,3796.88679776048,27.7591916450651,14.1183045113447,14.5508683844639,21.7269557709074,29011.5724717629,29709.2077841715,-691.391203465364,0
4564,20518,6.01415007409052,2564.13606204563,26.5351653540341,18.4316509780621,19.1379316196968,28.4038507346397,33764.8718000349,30467.9682280944,26.5496900902749,0
4564,20519,6.12032342607243,1548.94445649109,26.6832236643089,26.8226200079985,28.18360920659,41.4266962805166,25787.9280642558,23529.7404475155,196.045546379318,0
4565,20520,5.71551026360277,4208.26683204563,26.5351653540341,13.0549404032542,13.4153111895896,20.0796065343403,33800.4308777637,30530.0254989076,90.4643162607774,0
4565,20521,6.45014721735565,4533.70348591665,25.9929388689566,12.3735118651704,12.6918794365695,19.0251164911715,22616.9605689093,25900.1071927794,736.777005027581,0
4565,20522,5.56177809810443,4245.24805376048,27.7591916450651,13.08190969576,13.4526002256029,20.1237268404061,29004.1942887231,29717.5405970741,-672.549430760395,0
4565,20523,5.77645224299467,1519.73798049109,26.6832236643089,27.217316281385,28.6114377131656,42.0399268594245,25795.9604208903,23564.4631048423,189.779325767884,0
4566,20524,6.24607041326932,3669.55742791665,25.9929388689566,14.2767816844615,14.7047665677455,21.9682404577432,22600.6889552214,25901.0520618002,742.016615214783,0
4566,20525,5.54116629188483,3586.69267976048,27.7591916450651,14.6840973010965,15.1517100700267,22.6025456890476,28976.6615897633,29703.7632331812,-630.35454978074,0
4566,20526,8.95923367607946,4405.09985254383,26.4320789896002,12.6504241451824,12.9871703112332,19.4539914813485,32719.0134313527,32506.9862305642,-1230.17239753143,0
4566,20527,5.97536085282306,1133.07155049109,26.6832236643089,34.2531152702327,36.2635137256559,52.9786300029426,25803.6464583588,23534.7438987127,273.630581176643,0
4566,20528,6.1522210226999,2941.99209204563,26.5351653540341,16.714291264746,17.3024728608977,25.7429299828109,33792.9490976555,30578.8274923283,60.3292796273068,0
4567,20529,5.61351438461244,4248.53279000589,26.2078849843735,12.943195616885,13.2948196819745,19.9061726695524,35138.4875636759,28073.3809290246,-25.9801083519467,0
4567,20530,6.47349519412196,4185.23013991665,25.9929388689566,13.0561212520078,13.4125733399282,20.0803335287238,22602.9639797358,25911.6918647804,706.011190717152,0
4567,20531,5.52416862584348,4053.95224376048,27.7591916450651,13.4988268383294,13.8940350111351,20.7685657726906,28983.6058195885,29702.9584756607,-653.604861516596,0
4567,20532,6.48460807577551,4062.29399890272,26.3265047506914,13.3519647582801,13.7278934081556,20.5384835543871,22601.5545006462,25910.9813442244,707.785336513271,0
4567,20533,6.01885006484564,1280.35941249109,26.6832236643089,31.0941198360389,32.8223288470843,48.065698271573,25833.3692984938,23540.7713224778,207.831612502133,0
4568,20534,6.45122480775873,4084.84925284192,26.0512959106915,13.2772393559715,13.64677215142,20.4223552070081,22620.4596022023,25905.3253956279,740.082332991686,0
4568,20535,6.00198411637695,3835.67744600589,26.2078849843735,13.8721370190195,14.2776585904356,21.3427508887558,35152.0347244287,28067.3758086641,-24.3805051070816,0
4568,20536,5.46807455485001,5314.19185976048,27.7591916450651,11.2547347859889,11.5243216613336,17.2994038866108,28967.3079232329,29726.3360734278,-581.859137309233,0
4568,20537,8.71050853401585,4223.2589085346,25.9769533830029,12.9753584728255,13.327113024527,19.9554330775182,31741.2619864135,34338.046762078,-1267.12345919197,0
4568,20538,5.31671751116194,2275.09954675955,26.5406414370286,20.0976146786412,20.9243056782664,30.9867582888928,29992.2561930315,21707.3821311877,-358.280193412914,0
4568,20539,5.72942689036579,1455.78622198557,26.6570858417302,28.1264663912343,29.5971113473583,43.4525145438979,25767.766099808,23571.0736203722,272.561017727105,0
4569,20540,5.35290279465514,5353.57434776048,27.7591916450651,11.1999300878163,11.4666534103703,17.2147367626142,28989.0147661463,29711.6746497072,-633.974403577879,0
4569,20541,6.20590785863366,2812.12079129103,26.5769979582253,17.2624070214962,17.8880136142841,26.5921199209453,30927.6059746013,21884.3616137469,716.713829397655,0
4569,20542,5.44454135409725,2801.08710038251,26.8268468674025,17.344730788166,17.9785457657032,26.7203760893807,33908.4409783716,27849.9514674417,-386.362369237425,0
4569,20543,6.11236166932279,1619.92397398557,26.6570858417302,25.9130851372112,27.1979972610615,40.013653183831,25805.1089153983,23539.9895171572,238.90074430274,0
4569,20544,11.3571731384338,3457.67281134361,26.3952314248105,14.91617646517,15.386806806944,22.9585697923564,32223.8002065213,21666.2107938901,-1295.87688335541,0
4570,20545,6.25059895221436,3561.61171482039,26.2658211727255,14.6009376747301,15.050950057653,22.4704232426436,30939.0062839283,21899.7480447208,630.920021008563,0
4570,20546,5.42297835362055,2365.5992273179,26.9479128417996,19.6030659721291,20.3983416201605,30.2212031116898,33896.4966182959,27868.4104393329,-337.331682726502,0
4570,20547,5.76924693554807,2130.0445043821,26.555753528409,21.0930673509564,21.9943186595324,32.5308338182405,25812.7052433048,23553.8125658771,225.756972626113,0
4571,20548,6.36601408424405,3534.65189082039,26.2658211727255,14.6775351026723,15.1322589144889,22.5889520177647,30967.8183736921,21912.922003486,646.257631045817,0
4571,20549,5.35010532105988,2366.9207873179,26.9479128417996,19.5951142842829,20.3898080736684,30.2088728419665,33900.4337691132,27853.5203550967,-343.132751451907,0
4571,20550,9.0678701119137,4338.39164688141,25.2649565062526,12.6824146286541,13.0125834276099,19.501138246781,33615.6536354321,18330.1135048519,-1131.7796290655,0
4571,20551,5.77942432406937,1716.2420423821,26.555753528409,24.7774328442718,25.9677657511561,38.2494403481753,25792.0222386933,23532.3370660669,225.093203719233,0
4572,20552,6.26901082109314,3999.75290682039,26.2658211727255,13.4876878214773,13.8710438389062,20.7482516216929,30947.575206745,21910.1559382335,671.039783845924,0
4572,20553,5.17336589374003,2003.37580220652,26.8744714424043,22.132790510785,23.11787384116,34.145229786215,33925.5432999302,27865.5555661674,-418.940892592054,0
4572,20554,6.14664776256993,1169.8650863821,26.555753528409,33.3454140546011,35.2713651024017,51.566009429389,25819.4305932285,23550.7347124158,206.287048333885,0
4573,20555,6.25601115004206,3335.36064282039,26.2658211727255,15.2783897004483,15.7706071415508,23.5188766182048,30942.5995995645,21893.0762981824,659.522751061885,0
4573,20556,5.41586552862219,2003.72821820652,26.8744714424043,22.1299024146896,23.1147619459177,34.1407478816763,33912.8574459246,27861.5004470307,-350.642421426739,0
4573,20557,8.67903567952268,3009.99502847981,24.9764703823441,16.2486810305512,16.7905584958958,25.0175681933709,27245.8989035588,18340.3322242696,-1436.50463878521,0
4573,20558,5.83721227642133,1029.7136483821,26.555753528409,36.9324557892288,39.185177287582,57.1464817185745,25803.5910447752,23574.1948708145,182.225949242918,0
4574,20559,5.88400850713716,3282.64955186181,25.715646749837,15.3849594547311,15.8788802221455,23.6824488747091,22680.2305129677,24146.0639112355,323.271526248948,0
4574,20560,6.39951042307479,3550.24629882039,26.2658211727255,14.633100491662,15.085089266923,22.520192265354,30946.5991568557,21909.9906887348,615.669135990079,0
4574,20561,5.34689227217091,3183.85051375986,25.5888768741737,15.699837223484,16.2125258951052,24.1695330137441,33610.7646732927,20433.117835677,-623.710404447292,0
4574,20562,5.9282290138894,1482.6783383821,26.555753528409,27.7034463434119,29.1364329907869,42.7946787587765,25802.5494884278,23559.6577143512,252.791310192918,0
4574,20563,5.17645494046556,2543.9657753179,26.9479128417996,18.5992473504643,19.3220313076207,28.6649012560447,33901.9419428198,27859.7246929975,-352.406375894393,0
4574,20564,7.95414776298221,2672.99601950682,24.9500344507552,17.6600101647148,18.2950663918411,27.2032470273126,27222.419561885,18339.7735005811,-1501.45831158019,0
4575,20565,5.88677530969969,3112.78503986181,25.715646749837,15.9641889393487,16.4950424973195,24.5791217723961,22670.9239054314,24161.384176637,324.504720363582,0
4575,20566,5.79340257217453,4095.55608698567,27.4172052311733,13.3751423053079,13.760534269517,20.5765643138894,31646.0570577739,27038.012516768,-180.576782724252,0
4575,20567,5.34065038713222,3013.92868220652,26.8744714424043,16.4749146631734,17.0504639690232,25.3730889718041,33909.9893821261,27858.9438621704,-298.24335806743,0
4575,20568,5.82293226870494,1523.5585943821,26.555753528409,27.1300483794781,28.5146882660351,41.9037426378946,25804.9164348277,23547.6796400384,184.289584935269,0
4576,20569,5.86286067892464,3501.89635586181,25.715646749837,14.7131040298312,15.165254723226,22.642680753716,22689.1179728149,24153.3031950596,307.311473071954,0
4576,20570,5.56021037053539,5641.3378301347,26.7981067617384,10.7608997223094,10.9997818213833,16.5351293112521,34055.0172940175,28674.3592154638,-110.888779723275,0
4576,20571,5.89573239286771,1795.6898243821,26.555753528409,23.9467357232587,25.0701526781686,36.9596031026682,25804.2017931898,23575.7957731506,189.762012852516,0
4576,20572,5.10386221855034,4403.72164341818,26.8592808915795,12.6881253162742,13.0299697901908,19.5130978605517,33863.4483321705,27883.7500349528,-265.75504055697,0
4577,20573,5.53844322187247,5476.7375321347,26.7981067617384,10.9718351665525,11.2213315689536,16.860889527142,34061.4996257574,28665.4576098166,-128.101318003933,0
4577,20574,5.73526779723648,3207.93735986181,25.715646749837,15.6328571645886,16.1424821538183,24.0661773874574,22699.1693455185,24175.8849329603,316.756261958472,0
4577,20575,5.87696052769953,2154.97532180363,26.5304339554957,20.9089213158586,21.7959567082003,32.2450823364072,25802.2165521626,23558.1504270769,191.831578838889,0
4577,20576,5.41321510379329,2512.06074316164,26.0586533381941,18.6314395873263,19.3464108102357,28.7120175148706,26354.1511011754,21471.7676162455,-401.512932797181,0
4577,20577,5.02049903586988,4033.00203741818,26.8592808915795,13.4659223679374,13.8525106646333,20.7158308702228,33872.5851335018,27875.4021751885,-224.25041483946,0
4578,20578,5.6138462023833,5428.7208521347,26.7981067617384,11.0354922979592,11.2882225336606,16.9592074162991,34054.8003316026,28666.5979012504,-119.203008881874,0
4578,20579,6.07958626074529,1570.85490986181,25.715646749837,26.2789491951355,27.5785668801383,40.5776497056548,22694.0723556902,24187.1437815473,338.995202178489,0
4578,20580,5.36507672379919,3257.92718116164,26.0586533381941,15.5057599913781,16.0105009633262,23.8703122058595,26451.0380649046,21474.8259328334,-441.710939376496,0
4578,20581,6.18704720768876,2794.54428380363,26.5304339554957,17.3330176361693,17.9629557329223,26.7013813279465,25817.3619092371,23555.0034147966,185.605746625973,0
4578,20582,5.17587909850719,4290.24369141818,26.8592808915795,12.913401485198,13.268018624456,19.8613986284993,33854.2198161352,27865.1065475676,-259.428600566571,0
4579,20583,5.59169233729748,3248.90941364969,26.882229417093,15.6310107044911,16.151318057461,24.0662936340666,34011.7587539905,28697.524630429,-197.484168476476,0
4579,20584,5.43538756263837,2124.10868213603,25.7490331586219,20.9845232917412,21.8669607742542,32.3595196233222,26741.0205976924,20509.8850524195,-343.550928789841,0
4579,20585,5.85812269481441,915.530864382104,26.555753528409,40.6355913046438,43.2340829228813,62.9100152403733,25825.813348722,23533.9870364162,181.399321750871,0
4580,20586,5.35389864615534,2083.31479562141,25.6786698212204,21.2713898161879,22.1744107214671,32.8042377272881,26731.8723180189,20513.6728971682,-315.820252304775,0
4580,20587,5.92799540747673,1089.08347445431,26.6373020689152,35.3370261759841,37.4450282751309,54.6645839454638,25797.0188238371,23539.1919227251,216.788522939197,0
4581,20588,5.47258086618733,2153.02708562141,25.6786698212204,20.7648107390164,21.6299169766233,32.0184758954522,26740.3474888468,20502.1257293697,-349.221676075323,0
4581,20589,5.76444589805821,1273.00057445431,26.6373020689152,31.2199012519191,32.958317361661,48.261028078713,25809.272639936,23556.2093776801,201.766097257598,0
4582,20590,5.45636246882999,2121.19911826407,27.2770561309366,21.2922700375752,22.2179962325154,32.8424611109774,28419.3409877922,26295.3002337448,-170.563644150703,0
4582,20591,5.38058558679067,1920.19023962141,25.6786698212204,22.5901469851941,23.5938692667388,34.8503394800566,26738.9899545406,20507.2428931643,-280.270021576853,0
4582,20592,5.97952817170404,1226.87813045431,26.6373020689152,32.1409328416322,33.9608669826871,49.693216311693,25785.1104635904,23523.8668382311,203.541396149802,0
4583,20593,5.4363743027873,2208.48815626407,27.2770561309366,20.6696333004631,21.5481228256685,31.8765029541293,28414.118533693,26282.9078778873,-194.843654715747,0
4583,20594,6.04865851260778,1157.01165845431,26.6373020689152,33.6699861532512,35.626779246295,52.0713077991634,25815.1491144984,23545.1202171088,235.126413234895,0
4583,20595,5.26396888340424,936.079617081804,26.3922823814313,39.8267641314602,42.3453210075506,61.6499178345976,29284.7102947071,22720.1242436084,-434.213184047605,0
4584,20596,6.02820909193261,1225.90898645431,26.6373020689152,32.1609980184943,33.9827160052928,49.7244195987638,25811.7671841139,23577.2587509748,230.808674067189,0
4585,20597,5.92949556837473,819.264974454314,26.6373020689152,44.5781432364721,47.5544168442048,69.0489798921357,25802.3956266475,23542.0040682844,185.502105986553,0
4587,20598,5.71253851102745,921.377510454314,26.6373020689152,40.4638822423219,43.0480657232517,62.6432502810339,25792.378420136,23534.0886247842,234.750897496594,0
4588,20599,8.24967625832914,4310.18379300322,26.9836368121746,12.8834562309617,13.2372464611831,19.8153402041308,26804.5143054227,34386.0260471468,-1420.73728763246,0
4588,20600,5.35478703740422,3677.40341791337,25.0398993588754,14.1586259069724,14.5715189562467,21.783247221699,34969.2395531828,19243.9270865795,-333.201460035158,0
4588,20601,5.25996698937936,3755.43249164915,26.3921580674958,14.0920548494078,14.5121935811213,21.6833580587852,29645.2115369443,23395.8500237626,-429.877939488538,0
4588,20602,9.36236118440487,2664.91763039506,25.8702217846703,17.8332293986553,18.4903818948002,27.4744427893715,30172.1855297471,35700.2397572217,-1206.03546070318,0
4588,20603,5.39214192155188,1105.40949690623,26.618255756814,34.9108668684856,36.9796302393665,54.0014781805776,25692.1342269607,23631.3766269653,130.318902934684,0
4589,20604,5.31878415658696,4152.98880991337,25.0398993588754,13.0395682397128,13.3879133973348,20.0527644474797,34983.4179821372,19264.5143829795,-376.546704604521,0
4589,20605,5.18411321131107,3556.86946527446,26.5367977988592,14.6426879000505,15.0975681883514,22.5356621373541,29656.19381146,23398.1019586944,-393.01040477018,0
4589,20606,5.3219747041845,948.916765491574,26.6513684356629,39.5083598660214,42.0029737550405,61.1559760238866,25703.5560648444,23659.7594430334,3.74043753526398,0
4589,20607,9.13429461698472,2796.14777792859,25.9575247848621,17.2471259063319,17.8652138772977,26.5666613298226,30179.8818453947,35723.1567197131,-1240.41706998034,0
4589,20608,5.72045275177951,1734.12328778981,25.9458270157298,24.4397551883881,25.5933827587857,37.7224925209248,35298.4945440815,26554.8691513147,31.7164443089803,0
4590,20609,5.44635337025978,3642.17208306756,24.9871454356582,14.2464311596724,14.6640858123781,21.9189433441723,35162.4929235613,19406.7486181711,-337.023258174377,0
4590,20610,5.29099769678949,3069.84526167569,26.2825114589767,16.1902478492593,16.741276369582,24.9306576681011,29244.8092515655,22706.1790825243,-326.5495422092,0
4590,20611,5.59443639020524,1534.22693193182,26.5091528242447,26.9725431084772,28.3431863594645,41.658815408861,25699.061516786,23688.1162946439,-35.4469121338245,0
4591,20612,5.97374694841802,3474.64016542749,26.0220819728923,14.8256142870172,15.2873691985887,22.8175212523781,25811.8594448034,21848.5532178941,185.771137241534,0
4591,20613,6.81817129102498,4870.41831052989,25.2177634502636,11.7396182765716,12.0188789586515,18.0441719219271,35698.6578695115,24107.9415089925,1003.9328190478,0
4591,20614,5.88153348297572,4541.20063663943,24.635609763305,12.2501684588154,12.5523550000562,18.8318792464821,31383.2894274768,15780.6674789186,172.100535048005,0
4591,20615,5.37954190082105,3839.21732144746,26.3263706416323,13.8748101290731,14.2814335283894,21.3471456329427,29635.9806138178,23381.6482297188,-419.124285879223,0
4592,20616,5.96360500834049,4287.17930542749,26.0220819728923,12.8486562404659,13.1935943512242,19.7596392330296,25809.2660591532,21836.7536577079,155.400397373859,0
4592,20617,5.83081474163504,5729.34915463943,24.635609763305,10.5185149914821,10.7333189570266,16.1575161753491,31389.944747424,15763.3447823551,146.23115985384,0
4592,20618,7.05661697220766,5560.49289052989,25.2177634502636,10.7623246117432,10.9922529912832,16.5348365526414,35694.5413899477,24121.1264743524,1029.08220502468,0
4592,20619,5.18689192365735,4065.86486144746,26.3263706416323,13.3440030175936,13.7194693381219,20.5261708694461,29615.6271093974,23402.6662463976,-412.638848260898,0
4592,20620,5.26042112034984,3046.94234527284,26.5847949304951,16.3131307172962,16.8751566916336,25.1217567415315,31770.1314226417,32122.499021019,-362.883198203914,0
4593,20621,5.79907987544058,3675.75957142749,26.0220819728923,14.2632327868883,14.6906430630151,21.9473458331119,25826.479034976,21849.2414872018,185.843133001678,0
4593,20622,5.86529981523905,5416.60198063943,24.635609763305,10.909061396381,11.1426828322096,16.7604317245962,31393.0742376434,15775.9469129174,164.010121729523,0
4593,20623,7.10964201719302,4870.72667452989,25.2177634502636,11.7391271880416,12.0183622751811,18.0434132627735,35694.3903885859,24125.0385962958,1027.22094368345,0
4593,20624,5.45798812593002,3713.47113127284,26.5847949304951,14.2200879569777,14.6495173620193,21.8818698188219,31799.2232576637,32101.3714123697,-325.519049795175,0
4593,20625,5.0424878765115,2940.44639144746,26.3263706416323,16.6934189765239,17.2781184806168,25.7100262104396,29644.3550668555,23379.5045086365,-427.764165425048,0
4594,20626,5.80243466434216,3494.66179942749,26.0220819728923,14.7670104331855,15.225146904293,22.7268323997322,25831.0855540207,21853.7401872848,205.103347606226,0
4594,20627,5.52116901257694,4354.38367927284,26.5847949304951,12.7620035454082,13.1060898702471,19.6267846817359,31811.55818981,32096.5312864752,-337.082702003419,0
4594,20628,6.35492787942992,3479.44595574517,25.2844372842703,14.7315179269542,15.1809942612259,22.6701261258225,35934.3809598139,25670.0647281623,236.700541169176,0
4594,20629,5.86311174750295,3961.01954539707,24.6182928271026,13.4222499132463,13.788891739804,20.6434933888247,31344.1537027915,15800.7368732379,200.654880116611,0
4594,20630,5.27849936128914,1885.78874485438,26.1980605482128,23.0077014076099,24.0514876797815,35.5004533398559,29350.7259740589,22743.2501396041,-441.638143503236,0
4595,20631,5.93471643069263,7691.76015142749,26.0220819728923,8.77945859249742,8.9234145261593,13.4763713492487,25811.7077395827,21853.8888101507,194.013911820307,0
4595,20632,6.56552697469433,5067.25071690602,25.2319950847253,11.4379646853657,11.7017441478011,17.5782278056531,35653.8787510507,29777.7817951272,720.802894306459,0
4595,20633,5.42890880571573,3912.12362527284,26.5847949304951,13.7223109059027,14.1219157282629,21.1118148578799,31819.4938288241,32092.7476930357,-320.237286941696,0
4596,20634,5.96947375961905,7751.67087142749,26.0220819728923,8.73655179808766,8.8787176367755,13.4102089886933,25796.8033515917,21865.7888758469,176.015402107926,0
4596,20635,5.37535553593725,4175.77484527284,26.5847949304951,13.1278504512569,13.4927657697967,20.1924463000255,31791.0713401931,32104.7152441348,-316.092011891017,0
4596,20636,5.70441837705869,7947.59727389359,26.0309593201175,8.6005322901866,8.73711102110958,13.2004908256032,24903.1594751955,22343.470108242,-168.881101856446,0
4597,20637,6.10766180612551,5966.18618227166,27.5229187997144,10.4169003416413,10.6426315577636,16.0050188024683,27073.0596044208,30259.7006783357,507.613793405938,0
4597,20638,5.78752696309336,5230.90530142749,26.0220819728923,11.255924280199,11.5153074576331,17.2984076229669,25829.818145713,21859.109688574,146.747451910282,0
4597,20639,5.89013327393247,2490.22692291159,26.0041672769155,18.7400535188486,19.4620776802503,28.8801922887035,31323.9538953885,22608.6320794164,-1005.97277151285,0
4598,20640,6.13894456337317,8070.04146477137,27.5100998334464,8.57981788837441,8.72154838464917,13.17021531669,27056.7540473645,30253.0026661895,504.778545110696,0
4598,20641,5.94736581552821,4348.78602742749,26.0220819728923,12.7260195981266,13.064085151132,19.5700521156914,25814.2603437198,21852.3006515776,136.769156758637,0
4598,20642,5.78181523641387,3790.58046627865,24.4864471248916,13.8142986280852,14.2023442454204,21.2494144183921,32590.0374357218,14915.2750803931,-29.4900207257434,0
4599,20643,6.17788495955337,7046.82579427166,27.5229187997144,9.35377793895712,9.52930385456247,14.3640767155976,27071.8054869867,30254.0949097496,492.330746015505,0
4599,20644,5.81002070122413,4111.67613742749,26.0220819728923,13.2159763282448,13.5817704258976,20.3275630607814,25816.0329089405,21841.1725378955,186.402894332337,0
4599,20645,5.73282442591162,4335.43762827865,24.4864471248916,12.6214960248994,12.9425856525307,19.4053998749943,32560.6556157291,14907.9724214383,-52.457068319375,0
4600,20646,6.19984854915039,7264.18725515413,27.5707013235661,9.17588567335588,9.34364762114389,14.0896729993777,27075.7539506413,30246.7748548426,507.933058490289,0
4600,20647,5.8320238470597,4699.06453269341,24.4931929501945,11.964574356501,12.2506803495883,18.3903490563148,32550.1873570477,14922.1069792622,-33.4557812234143,0
4600,20648,6.06002685546638,2640.40326139853,26.2224851714347,18.0028772992179,18.675649793247,27.7383888912679,25805.1526704296,21861.9989129579,170.110049260269,0
4601,20649,6.03940964769884,6706.35677915413,27.5707013235661,9.65867502298265,9.84838096988581,14.8346296661819,27090.7794758862,30246.8455120529,511.615376920006,0
4601,20650,5.92760217101982,5728.07520069341,24.4931929501945,10.5110472259344,10.7246725717618,16.1457612744039,32530.999217847,14914.7908230939,-37.4343857080078,0
4602,20651,6.15900328294618,7541.25230915413,27.5707013235661,8.95938799087213,9.11761274377208,13.7556945378696,27091.2109224354,30245.8053484816,521.724513220167,0
4602,20652,5.68094188921793,4582.19457669341,24.4931929501945,12.1657788029938,12.462470469286,18.7012073061769,32572.1740193902,14917.0349514482,-39.9546526447242,0
4603,20653,5.71801587135074,3212.17737669341,24.4931929501945,15.472303123058,15.9601044892456,23.8144412060721,32567.4979859855,14906.6870326388,-31.6819964333234,0
4603,20654,7.1207565985594,3806.52572493045,27.582876044933,14.0769228488013,14.505589968995,21.6625484398404,27835.0743947874,29409.1445225316,921.604812289596,0
4604,20655,7.37135824109124,4562.38485035397,27.1262115988845,12.4109419456324,12.7390782369933,19.0850962568076,24825.5522022443,29636.7267186896,1208.32177970536,0
4604,20656,7.06271139771828,5025.95976440352,27.5704111645264,11.6657655095031,11.9560098868076,17.9341736994293,27836.3189056506,29350.5295245858,1078.20477173944,0
4605,20657,6.95443360226041,4289.57030358834,27.579846040195,12.9751534384007,13.3383973005758,19.9582864450488,27826.1588960169,29356.9861755612,1064.50529604022,0
4605,20658,7.25318591401538,3142.06026635396,27.1262115988845,16.0300114788763,16.5785351373997,24.6847288163329,24815.5524163919,29664.363047756,1185.18486292772,0
4605,20659,6.16180602356794,1262.04520131125,24.6972700549794,30.7672145740189,32.4279197612213,47.5466410122452,35074.6789642822,17312.9751484968,493.990449285925,0
4606,20660,6.93938470436238,4789.25213958834,27.579846040195,12.0478506054532,12.3588734571085,18.5246754646229,27819.3012866291,29358.3923542184,1042.2745612298,0
4606,20661,6.78479716844857,4345.93407874498,27.1064702118568,12.8220100816506,13.1731614321941,19.7205709320698,28454.1074922383,32819.4226108468,1044.32007582344,0
4606,20662,6.1306169069623,3389.59562384504,25.2212974311408,14.9920565198482,15.4569435932183,23.0731207581353,35518.4383004389,29459.4267011111,496.062195252357,0
4607,20663,7.06909433522592,4970.61422358834,27.579846040195,11.7527087324882,12.0476834418748,18.0685427032774,27838.0515927485,29356.6935676336,1041.19141347431,0
4608,20664,7.02036759637216,4575.59993958834,27.579846040195,12.4221715306216,12.7539510483542,19.1032874258511,27824.5823607158,29366.6825118975,1045.72850188806,0
4609,20665,7.04137365485921,4849.84566558834,27.579846040195,11.9470574630222,12.2525678638943,18.3688940076157,27835.2906095974,29350.6091893947,1056.17666630853,0
4610,20666,7.00423318807374,3052.88067387638,27.7265278899756,16.431303791369,17.0120699089728,25.3077802537733,27796.5867172828,29233.7186935039,1042.8933802563,0
4611,20667,7.10446248686788,2835.83646987638,27.7265278899756,17.3136541797804,17.9544776912895,26.6747447879602,27802.9979917617,29217.7248943964,1039.81218138057,0
4611,20668,6.70845612686252,1992.30886029517,26.7387301638624,22.1967319478574,23.1849195961659,34.2439464358655,32843.0949285046,27118.8766511349,876.723856506148,0
4612,20669,7.0895761192216,2985.89960787638,27.7265278899756,16.6910458352406,17.2893068571065,25.7101296761571,27795.6644553708,29196.7465423263,1056.354586581,0
4612,20670,5.82032084398962,3305.04235641592,25.6118624935733,15.3007214107325,15.7883857220111,23.5518007809072,34453.7770680082,30799.9873576015,165.825133342252,0
4612,20671,6.0084146579537,2412.62907039525,26.7825660003738,19.2983989453844,20.0695340585522,29.7482628251958,32673.1913639161,27226.7899958016,318.275954289456,0
4612,20672,5.64007822542178,3130.52277878879,26.8974577822567,16.0440386857457,16.5913474715753,24.7058625998656,31425.2285242934,31193.4351970995,-653.295819642598,0
4613,20673,5.56491655948179,5983.65849561734,25.6020135384729,10.2850585625306,10.4942030626273,15.7986566380464,34183.1521516099,31578.3182709819,256.611499479636,0
4613,20674,7.19282655771013,2928.56592987638,27.7265278899756,16.9220087424686,17.5359567639299,26.0679352765281,27818.2619056107,29182.134195106,1041.59594927195,0
4613,20675,5.68525383562959,3551.17744346943,27.0007397692621,14.7072428850357,15.1700292134011,22.6366401398942,31047.7958420714,31255.0978376719,-604.129841537397,0
4614,20676,7.2450765555008,2565.20300787638,27.7265278899756,18.6047309998107,19.3364914902515,28.6757680810512,27822.2780605809,29217.1892982565,1079.70394339016,0
4614,20677,5.4507527775659,3866.3020681083,26.4961433559402,13.8246083742913,14.2295893535356,21.2698603513256,33416.9301207027,29398.3106449189,-139.878989608761,0
4614,20678,5.32672408629606,1807.6216875058,24.7533030983843,23.417318250212,24.4714012083372,36.1301948126964,35665.2305525149,18177.6201290768,-239.337207495815,0
4614,20679,5.76026504716184,2689.20376578111,25.4505107358951,17.6576297100372,18.2981124723437,27.2010986344743,34180.5504215127,31585.0580310573,257.506423269429,0
4615,20680,7.19230519815125,2726.87384787638,27.7265278899756,17.8050524577254,18.480073111496,27.436241713142,27815.5328499725,29220.4382072156,1055.43642392019,0
4615,20681,5.32633546036149,3075.91660334843,24.7166329915352,15.972313444588,16.4938334002858,24.588985451134,35707.3464603883,18212.0443756174,-269.451564263873,0
4615,20682,5.22966797267921,2003.415564522,26.4281853909466,22.0432839065989,23.0153527187665,34.0046497874011,33443.606578891,29412.9917455453,-134.740337962261,0
4616,20683,5.30202183519145,3214.81069324723,24.6952887825255,15.4878767111405,15.9786089604385,23.8390836110415,35720.8564468439,18187.4125113786,-271.285112944762,0
4616,20684,6.84718442699553,2546.19547506576,27.7154932016142,18.7032421216902,19.4419617345834,28.8284551063211,27797.2792484439,29189.9521286984,1045.72405002423,0
4617,20685,7.43224130625232,3349.02114906576,27.7154932016142,15.3961512121592,15.9087003672523,23.7047084948749,27836.9438527573,29072.7167352793,1203.44587145164,0
4617,20686,5.82782058053537,2946.64749913382,25.1500898365021,16.5150099842289,17.0759710937437,25.4304361067436,35725.0937450727,22260.5228978696,-148.322614135201,0
4617,20687,5.26382313648827,3009.99278534843,24.7166329915352,16.2151211115858,16.7521856653809,24.964879726235,35697.8105520552,18219.1665769606,-309.300331854722,0
4618,20688,5.61338618551502,3509.45417512861,26.9136766228997,14.8187246163627,15.2877273920674,22.8089732124492,27313.0575146956,24934.2686002242,-425.818848702063,0
4618,20689,5.52403349508327,3294.28385713382,25.1500898365021,15.2818528471969,15.7640485522486,23.5214164715365,35746.0691218456,22279.6343925823,-158.665784475968,0
4618,20690,5.57645512080186,2555.62837354963,24.8816984185289,18.2218077996735,18.894490364217,28.0734327157297,34625.1328965204,17219.2792535979,-224.091471737142,0
4618,20691,5.33589813186959,1941.32881910405,26.9823308364699,22.6788123851609,23.7079405737613,34.9930562827364,30659.4904186236,31835.7885987487,-290.207705418968,0
4619,20692,5.24245884400815,4595.77018310405,26.9823308364699,12.339200442926,12.6623924869982,18.9739343978262,30643.182003546,31843.1254798843,-276.369646682009,0
4619,20693,5.32092362598349,3849.19332754964,24.8816984185289,13.7103453950473,14.0956558542801,21.089562560123,34582.159421578,17235.7538372616,-212.314642102028,0
4619,20694,5.54188213053865,2990.54531713382,25.1500898365021,16.3449436156375,16.8948227572094,25.1671002555408,35731.1355854201,22271.3021409023,-196.086837364614,0
4619,20695,5.42753630287593,2921.88859912861,26.9136766228997,16.8445900861353,17.4452910874376,25.9457983957315,27280.084037971,24937.3323911165,-357.148425659985,0
4620,20696,5.38187874229738,5012.44141253572,27.1229706107012,11.6552467277337,11.9421939942388,17.9171653075271,30641.8760405771,31853.0920000661,-285.434881855688,0
4620,20697,5.73555573446884,3189.60705234071,25.2002383370562,15.6334776021246,16.1382327510414,24.0657856385437,35747.1342451245,22260.7113331313,-175.347893327055,0
4620,20698,5.27635421251911,3072.29093969055,26.9338539337467,16.2613766145262,16.8233339534554,25.0425291008619,27268.7043069273,24924.0784701612,-405.882847058822,0
4620,20699,5.37587105164328,3901.73107335248,24.9918175758014,13.595673890032,13.975257293812,20.9124819900358,34595.1797852667,17242.7241274107,-187.955885206561,0
4621,20700,5.52195334491529,5222.89984253572,27.1229706107012,11.3419569401268,11.6123867685293,17.4331271445177,30640.310826397,31837.5788322971,-268.618037824832,0
4621,20701,6.4063982088629,6929.61525625914,27.7085169587418,9.46402726785264,9.64540179329056,14.5344259911984,27620.7564220021,28445.6607448366,473.663005104855,0
4621,20702,5.39948400431615,3222.64041569055,26.9338539337467,15.725870139494,16.2527808804475,24.2132930762855,27291.7409224275,24935.1305685279,-400.550351898266,0
4621,20703,5.67454050526526,6881.16310228969,27.8281089536877,9.51267463303888,9.69682421904063,14.6096460698904,28527.6015879098,29917.8721458192,-367.773119946776,0
4622,20704,6.39152902097746,9193.94326052518,26.8540003508451,7.88167501287324,7.99282427959401,12.0932726159331,30495.4800126986,32743.2355637391,253.660291164802,0
4622,20705,5.48827312012267,6892.15342887783,27.8379769358832,9.50339644879124,9.68716423667185,14.595340639191,28561.9865686087,29927.1961122164,-423.561530054227,0
4622,20706,5.42126211114654,3730.91239169055,26.9338539337467,14.2089098534632,14.640482155635,21.8653523142911,27292.1569953825,24909.4128338564,-413.350362547103,0
4623,20707,6.40335084460063,8668.38087452518,26.8540003508451,8.17675214233092,8.29945502482437,12.548073870709,30493.892740912,32745.1678285965,223.81942675126,0
4623,20708,5.36864174960321,5655.23934687782,27.8379769358832,10.8074502658002,11.0543993692767,16.6086010108506,28528.1543130877,29944.6435768913,-395.293198053301,0
4623,20709,5.42325503990681,7649.2924595554,27.2881350865884,8.8662972828586,9.01930156524975,13.6117788143007,30544.1456583221,31874.9683352323,-167.633074612251,0
4623,20710,5.73965875748242,3841.09090094424,25.522160785358,13.792485582059,14.1878000854488,21.218033377001,35693.3548056189,25089.912212886,-131.097489514534,0
4623,20711,5.33102216698776,3457.78999169055,26.9338539337467,14.9737920207682,15.4526855174923,23.0490254101752,27301.5971582454,24933.4040386399,-420.478324797055,0
4624,20712,6.49585688855776,8391.88849652518,26.8540003508451,8.34469889187039,8.47414899090364,12.806976706425,30510.1901763522,32753.6705677663,209.920821530887,0
4624,20713,5.42905896296596,3492.26068169055,26.9338539337467,14.8712941702361,15.3437560376008,22.8903827546411,27293.6050058478,24920.8184452196,-406.681466258976,0
4624,20714,5.40257341676721,8196.78604908683,27.3600454156773,8.48969060596285,8.62706626481367,13.0310741887473,30564.2228112316,31879.9327768755,-153.490771755533,0
4625,20715,5.47003823629209,6728.35491653572,27.1229706107012,9.61566959049091,9.80128439043183,14.7676804060189,30638.6193189417,31851.7326724304,-280.839327869903,0
4625,20716,5.48444018009551,2519.28415769055,26.9338539337467,18.7281487320504,19.4599723449303,28.8646731570349,27294.1492324033,24943.1926671957,-416.96685366149,0
4625,20717,9.66804149566989,3570.78051988461,25.9713278394227,14.5443238433707,14.9883608529759,22.3821307639694,23098.5034607895,22773.1179359167,-1003.23261123014,0
4625,20718,10.0628866564737,2628.9450884395,26.5830163282817,18.1119590080712,18.796300877636,27.9085238731285,32718.746083501,24396.346328658,489.731939254354,0
4626,20719,5.40751574177611,4270.74170016044,24.849346574831,12.7805802644468,13.1130878011814,19.6520230080538,35882.3503238087,19109.796559481,-197.397895793972,0
4626,20720,5.44505406298018,3065.15561651064,27.075010112108,16.3053033487233,16.8715111458711,25.1109289027117,30615.9612956941,31874.7086934428,-306.97051937532,0
4626,20721,5.582405771045,2319.77396286867,26.6997254312641,19.8421082460773,20.6519333893965,30.5910622767657,31822.3990748454,24950.1834559273,-750.469980420087,0
4627,20722,6.05736936265745,4574.74555600962,24.7850996270465,12.2025487236475,12.5032565463483,18.7585907205788,35954.5307817923,19129.5385545717,-282.801503459447,0
4628,20723,6.01908772416851,4204.95386847855,24.7950960653359,12.9094093139992,13.2486314643553,19.8510440542597,36215.5515744243,20094.4703157033,92.8957992418371,0
4628,20724,5.53225797336458,3253.75486693229,25.4500238516117,15.4485171565257,15.9439677044813,23.7801441554188,33549.22685336,18752.0069793457,-598.958309633567,0
4629,20725,5.98118364579795,3085.59254847855,24.7950960653359,15.9473398913902,16.468054315415,24.5505420021131,36231.10075257,20108.1689333015,81.1417097152314,0
4630,20726,5.9444344780776,3422.76344779786,24.8013058624638,14.8450348497854,15.2970829483252,22.8445700511297,36250.4918368493,20113.9620594906,94.6646160032829,0
4631,20727,5.9464938526063,3844.01069779787,24.8013058624638,13.7149832507443,14.0999013711847,21.0965525520451,36230.0398570791,20116.633950188,81.600121161894,0
4631,20728,8.98323200817425,6654.78985190079,19.8833238672266,9.29001892093603,9.4242421171748,14.2550600728077,40078.7867771755,14894.4356183197,-1167.66369123812,0
4632,20729,5.92787218600659,4036.60604179787,24.8013058624638,13.2693987034256,13.6288319971917,20.4075711614179,36222.6711995814,20115.2210048222,87.7461150378993,0
4633,20730,5.8677105797957,3580.68986779787,24.8013058624638,14.3933497635507,14.8181470329043,22.1457672482334,36218.9792488926,20113.3848829584,129.439334922284,0
4633,20731,6.1643706937863,3006.4183328539,23.8939092652268,16.1212559373206,16.6438132454389,24.8172250111451,36994.0537543043,15963.8786302166,432.935231830482,0
4634,20732,5.97306570753603,4784.04450256898,23.9359647508148,11.7805501330867,12.0532712358495,18.1050114359806,37012.972900001,16002.1899030103,446.448236851972,0
4634,20733,5.91316192924835,3606.76865179787,24.8013058624638,14.3221986055303,14.7427533533162,22.0357029187463,36245.2006719779,20113.5224347322,60.5866938579666,0
4635,20734,6.27441531440296,4707.5964428539,23.8939092652268,11.9029061577538,12.1816272745133,18.2939295078414,36979.0258818486,15977.1366937411,387.687265541647,0
4635,20735,5.78522071150141,3331.70796379787,24.8013058624638,15.1229756160879,15.5920606218959,23.2746463575211,36235.4656348785,20094.7796597871,59.5438674452219,0
4635,20736,5.37035073706059,1940.77460276237,26.1913303622055,22.5196046032453,23.5252114414748,34.7428984656382,25472.6488295149,20953.2638224837,-173.22927092861,0
4636,20737,6.06778206749025,4711.1646548539,23.8939092652268,11.8969620567332,12.1753764321111,18.284747587816,37003.1609746659,15978.038920768,423.916120876696,0
4636,20738,5.92801718851273,3142.21828579787,24.8013058624638,15.747903086521,16.2560180313899,24.2418372048433,36222.970174147,20103.5483125448,74.5975789362528,0
4636,20739,5.9306738284811,3472.28337807142,27.2781789819724,14.9671271252148,15.4485412375612,23.039519186052,31266.2243319836,30028.3795940788,-901.046447635478,0
4636,20740,5.18025036686515,1800.00643676237,26.1913303622055,23.8209982601446,24.9289273919054,36.7628868910999,25483.4269782359,20977.793001712,-217.482230993331,0
4636,20741,6.15737382009337,3167.83456116,25.0129628552468,15.6852542116307,16.1914754303501,24.1454326218506,32100.9453142638,35693.0439359092,819.993197993011,0
4637,20742,6.15264293650118,4547.8859168539,23.8939092652268,12.1773955928368,12.4704049931065,18.7179702268281,37008.6072483817,15985.5586867359,420.966656266057,0
4637,20743,5.5041394993029,6047.74680835393,26.6170844091143,10.2732928818117,10.4872978797535,15.7819932128724,32698.167672522,30653.8079274507,-328.97998531672,0
4637,20744,10.3246108005908,6176.33680890178,26.2702977879306,10.1145477575128,10.3191775129508,15.5364491123667,19901.055297293,35470.5197658898,-1001.6619389542,0
4637,20745,11.6257525092184,7166.54402074058,27.2386599977854,9.24000547212474,9.40915900955899,14.1881903298901,31652.3546189364,30002.3089510206,-1104.01315233626,0
4637,20746,5.50817263464035,2231.12133476237,26.1913303622055,20.3238833449879,21.1629188771582,31.3364599347343,25458.3373550642,20954.0500337475,-194.119400232784,0
4637,20747,5.37747785850781,1726.57137353401,26.7701519772114,24.7161084333954,25.9047561086575,38.1551215596608,25419.1543356844,24878.5177828088,-270.814224713653,0
4637,20748,4.19128938280576,4308.15086847875,26.3904791558262,12.8377237347583,13.1847007697384,19.7434694691071,20549.4843515153,35523.5067993924,-292.413055036874,0
4637,20749,6.02904580785225,2732.16024379787,24.8013058624638,17.367171772666,17.9808217500556,26.7491668452314,36217.5395565762,20098.5227348952,92.9926655602096,0
4638,20750,6.09214986460981,4259.4334208539,23.8939092652268,12.7191354706599,13.0410402075922,19.5550590098374,37003.2169861806,15973.406126044,386.55858781766,0
4638,20751,10.3161081312737,6086.20641690178,26.2702977879306,10.211249376406,10.4204632041065,15.685713986102,19901.5417539815,35449.3991531197,-1001.04066149699,0
4638,20752,5.44949717010834,2723.62694035393,26.6170844091143,17.6649620926731,18.3186013517102,27.2159451879111,32688.1883996531,30656.3170105959,-301.766257514754,0
4638,20753,5.5383137494859,2362.59177469768,26.170613871095,19.492272973384,20.2701652958283,30.0468445746685,25123.8020345991,21014.6036195598,-169.055459891559,0
4638,20754,5.60483983222517,1895.15837753401,26.7701519772114,23.0449655163378,24.0998973989887,35.5605643046925,25449.6335408553,24848.0115058966,-240.013505011983,0
4638,20755,3.03633765768153,4653.62945838573,26.2366837569903,12.1787227650424,12.4881288155027,18.724525549847,20716.9581378878,35843.2208027481,-498.304096989054,0
4639,20756,6.06852669789838,4438.3726448539,23.8939092652268,12.3757018367917,12.6791825482525,19.0243612243466,36994.8483751445,15980.3156388695,406.333657275102,0
4639,20757,5.34714129393023,2545.82606869768,26.170613871095,18.471027814877,19.1759670005126,28.4637464054768,25097.6209961769,21032.1141618661,-143.741302770814,0
4639,20758,9.89755821976478,6288.53725290178,26.2702977879306,9.99756854457019,10.1966994865975,15.3558972715983,19919.3675331414,35474.1914170153,-1051.08720769592,0
4639,20759,5.28528927996112,2430.1229803487,26.852267356277,19.2089097935939,19.974377246711,29.609739605603,32328.1562303449,30412.6105788732,-513.323153844637,0
4639,20760,5.56285218960886,1865.88582353401,26.7701519772114,23.314738337975,24.3909875552166,35.9793283724441,25437.464557486,24857.8362110562,-297.711202240116,0
4639,20761,9.00032542499925,3248.05924288502,27.8530396243458,15.7449065732594,16.2813355634703,24.2450495741369,27397.0060275505,29607.616112354,-1198.99799347685,0
4640,20762,5.98300887448681,4701.76539345507,24.0852978984781,11.9278212548822,12.2091729767694,18.3327873870655,36992.337295376,15983.7809745425,429.441794070445,0
4640,20763,9.70990815008772,7436.40239753545,25.364739066611,8.93856297766986,9.08630281576903,13.7209202187433,35907.2655858256,27311.6645741708,-1103.97814321491,0
4640,20764,6.31461054614964,4966.33822831208,26.121985667809,11.6552266574779,11.9359203676823,17.9154088750988,23666.7385013481,20796.8868961559,598.304588269398,0
4640,20765,5.41850709819534,4761.05036962308,26.3811243684005,12.0058680083618,12.3068833155659,18.4576617941945,25079.5490591371,21016.5605483479,-183.232033176086,0
4640,20766,9.58437799750373,2874.91034396537,27.9680728685401,17.1773106845278,17.8111238674178,26.464142469642,27404.263775297,29641.892102801,-1173.14891551914,0
4640,20767,6.36107063188799,2924.43661871987,26.09587050598,16.7276336026691,17.3122883946993,25.762378764076,32438.4553486914,33187.857495757,327.029299343444,0
4641,20768,6.55430895546796,7594.61270431208,26.121985667809,8.85477594387576,9.00232548722909,13.5926357856466,23695.6203907865,20828.0838027177,533.948580541979,0
4641,20769,9.35919225785026,7435.03678553545,25.364739066611,8.93960087551364,9.08738430513914,13.7225207388859,35914.6406987469,27321.8245186873,-1113.11930312736,0
4641,20770,5.63803650262605,8381.17765162308,26.3811243684005,8.33246760862018,8.45957459956416,12.7876082281245,25103.6256043448,21031.7951258687,-209.424715978195,0
4641,20771,5.23810597154632,5069.02156606332,24.3837396353927,11.3742485947182,11.6293466177811,17.4783153749387,36943.0976433136,27300.619342922,712.434024641203,0
4641,20772,3.10773114962004,5852.80127342175,25.9200736186016,10.4527039974096,10.6715985687723,16.0579258086585,35086.6183914046,27064.7090884515,-536.14680227333,0
4642,20773,6.36245274377224,7052.72905231208,26.121985667809,9.28101014513969,9.44691250689385,14.2500463389572,23669.1915617973,20811.0718473789,548.907554409567,0
4642,20774,6.24699466742192,4427.64533650621,26.1413535284325,12.5832984702133,12.9142637456843,19.3496633558344,26716.2322171886,20567.3153733876,446.774095190369,0
4642,20775,5.47030762223625,7998.12348562308,26.3811243684005,8.5811482223502,8.71837643032316,13.1710044287455,25099.1070750048,20998.1405821984,-226.270862271735,0
4642,20776,9.29750286179288,2348.17944947499,27.9519419181266,19.8743435272007,20.7014288554095,30.6451580429272,27426.1130011853,29623.9874675042,-1161.06530733782,0
4642,20777,6.18150878190127,3043.84454801467,26.3548441830248,16.2961384486897,16.8548152022639,25.0948279002684,33914.5817137748,26626.8596266546,405.210113557773,0
4643,20778,6.19598383274882,6158.42940031208,26.121985667809,10.1251456583044,10.3295025168085,15.5525933002553,23648.9742267337,20774.1258477334,619.558309771789,0
4643,20779,5.90311544828778,2660.52997442015,26.4030524063958,17.9318474834357,18.601664963544,27.6288650793697,33889.6531141122,26623.7324557095,418.230035397512,0
4643,20780,6.29209570977474,4685.70195250621,26.1413535284325,12.1157297230746,12.4210854083241,18.6269992412678,26685.0804110728,20589.2619480814,505.951889032848,0
4643,20781,5.93628993266793,6577.45612383487,25.8885006547285,9.69232102840933,9.87546630440545,14.884308865955,25177.9023140875,19695.510250045,320.841809634797,0
4643,20782,9.53458610977787,2687.11666796537,27.9680728685401,18.027489956308,18.7206846061043,27.7816854460297,27385.6650977164,29603.2346913808,-1107.15249049575,0
4643,20783,5.39020220619848,2319.22623549251,25.7478672416855,19.6835389386827,20.4701026551055,30.3419624998693,31599.4918927782,19491.9799769795,-645.867365938754,0
4644,20784,6.44658175449068,8381.10527631489,26.1146933354171,8.32178929085517,8.4474172111581,12.7708558298261,24497.4538192847,20310.7338030064,1035.62250355365,0
4644,20785,6.17659736877795,2836.14327242015,26.4030524063958,17.1351191805897,17.7502800824498,26.3944308475726,33869.4681147067,26634.2196847626,484.021738164154,0
4644,20786,9.3699094969777,3089.04711596537,27.9680728685401,16.3244000108924,16.9002541292855,25.1428129782472,27413.967791022,29614.4436907555,-1117.39773698581,0
4644,20787,9.581678802212,6537.76393894661,26.2777983977235,9.75074762148221,9.93848243259393,14.9749975205404,22658.6078340842,23149.6796319038,-1191.42190707016,0
4644,20788,5.12835192121923,9055.45830314364,26.323530236691,7.9370704353015,8.04842589244701,12.1781093649508,23506.7452674455,21500.7104452765,-410.682653295741,0
4644,20789,5.93954402606516,1964.52322931291,24.1879223715394,21.899459246523,22.8285647794108,33.7726720356336,35348.6872670242,14193.6028678985,315.840366105199,0
4644,20790,2.64065051600974,2235.0707191212,25.8315235334035,20.23364763749,21.061442503506,31.1952568230842,32039.6376761883,19730.0112723129,711.430412250024,0
4645,20791,5.9445949937346,11797.351707038,26.1588606122713,6.74148517166786,6.80979280710613,10.3363955199362,24511.2674180514,20506.7954905033,389.92635244106,0
4645,20792,5.48489622034519,3008.43161372185,26.370746901899,16.4326450391103,17.0004758548654,25.3062701260176,28715.3723420059,22622.4722397673,-184.489181703903,0
4645,20793,8.90838936310211,3280.38697796537,27.9680728685401,15.6489551433725,16.1801236366063,24.0967487166555,27443.8858500104,29634.9295041897,-1228.51987992197,0
4645,20794,4.69243490511198,3229.683350458,27.8021810686654,15.8018567479444,16.3415653830696,24.3331141177502,29474.398307297,28603.4481023184,226.462474629619,0
4646,20795,6.2945254950771,7816.32239978936,26.1781548385095,8.69769228406782,8.83890210682419,13.3504717646953,24523.0498613419,20501.7122224724,440.857399152716,0
4646,20796,8.91277216822023,3001.78010396537,27.9680728685401,16.6585138694317,17.2568736163668,25.6603673098986,27466.3924681683,29636.5456729228,-1206.23702680799,0
4647,20797,6.18248413579382,4467.18911583487,25.8885006547285,12.4879332568636,12.811853337007,19.2017666057576,25163.537700835,19700.3644661272,301.96759040399,0
4647,20798,10.269470791548,4855.07714876584,26.5397032232334,11.8624207829679,12.1567632790888,18.236279212986,23617.6162807716,23056.9668070155,-994.982242719573,0
4647,20799,9.58344963937294,3019.11456596537,27.9680728685401,16.5907393016894,17.1845128057546,25.5553762756019,27426.5368274642,29599.5112884359,-1170.55792389184,0
4647,20800,3.41601654252568,3304.55001388943,26.8269650056798,15.4407935095991,15.9483786713086,23.7716655298118,24371.5017027809,23386.0244230398,-571.243522538976,0
4648,20801,6.02252736897816,3727.48995783487,25.8885006547285,14.1141182481379,14.5314679972786,21.7163572007106,25179.4140898367,19709.1816221004,304.158701312786,0
4648,20802,10.3051327654586,4766.23634148204,26.5965630525496,12.0133788797915,12.3162062875636,18.4696568710525,23642.320337224,23100.191792638,-1008.68408924558,0
4648,20803,9.1762394445773,3511.04324996537,27.9680728685401,14.9244349879204,15.4089303273233,22.9750283125982,27467.1613261507,29597.3791404325,-1169.33319821143,0
4648,20804,3.60907956743112,3421.41996988943,26.8269650056798,15.0723602597976,15.5565372794605,23.2013376191509,24402.447556206,23403.3953198612,-265.262798221713,0
4649,20805,6.16814370486154,3504.23442183487,25.8885006547285,14.7249009271489,15.1792832463832,22.6613504396308,25156.3499118187,19705.620270718,290.663950927,0
4649,20806,10.6593885990764,4252.43583948204,26.5965630525496,12.9684593832071,13.3243352749096,19.9460103789376,23661.2469350297,23053.2665233085,-1010.21039826746,0
4649,20807,8.701028527989,3090.39070196537,27.9680728685401,16.3193910346605,16.8949097422174,25.1350544441002,27493.4913320978,29618.3686544542,-1160.15065946783,0
4649,20808,3.25140674904354,2949.54812123678,26.7996771760579,16.7181422699085,17.3092090990119,25.7496185997832,24588.7017969411,23333.9059387449,1048.36112916792,0
4649,20809,8.9919716919385,2792.49154359674,27.7043776829791,17.5019120651573,18.1555503791575,26.966400243001,29029.2443387754,27896.3233999065,-1067.67921719329,0
4650,20810,6.17589717918835,3910.9996026492,25.8013750766296,13.6511079764074,14.0403833671189,20.9999938178952,25191.0023186976,19742.6811603412,251.437293892322,0
4650,20811,9.08249595786775,3676.1587167538,27.9266278008871,14.4526672764879,14.907174946105,22.2447364796167,27429.3874112703,29599.0199075589,-1226.2916996596,0
4650,20812,9.34615308613293,3895.04370034602,25.5949012048127,13.6693735974789,14.0580745215066,21.0277906157045,32460.1899642186,34483.5814854069,-1054.72971759333,0
4650,20813,10.3197115259069,3986.7999890852,26.4584508369964,13.5351661307236,13.92277364992,20.8220877840508,23603.4891806625,23042.1551280853,-1035.76394475828,0
4650,20814,8.92502552479218,3340.89772197599,27.6514516406743,15.4152093880713,15.9284317207096,23.7340621091,29056.9776457039,27916.6630037795,-1063.27376311026,0
4651,20815,6.06382826488151,3547.6366806492,25.8013750766296,14.5915168143729,15.036975407956,22.4547503147481,25177.5903626928,19694.1579880028,333.171096007417,0
4651,20816,9.48606295924244,3731.6422107538,27.9266278008871,14.3040215272686,14.7493125039044,22.0146981020935,27440.064443843,29584.01887848,-1206.72914260359,0
4651,20817,10.4191213752609,4047.65053370607,26.5195109878539,13.4021537962694,13.7824558378126,20.6165020697069,23665.6328010827,23142.447326683,-951.178920239137,0
4651,20818,3.36330727492899,2826.12920483564,26.7888558810178,17.2302992201078,17.8559009895222,26.5429782223281,24371.9466977066,23431.3420836418,-457.005922242234,0
4651,20819,8.81359169831427,2249.51571923045,25.1227398718934,20.0128537129331,20.8153791436992,30.8503702401584,29287.4970821315,17469.4448239463,-1379.49710297575,0
4652,20820,5.97200803422957,2919.8956806492,25.8013750766296,16.7072102032542,17.2875105999731,25.7299217580379,25195.818335529,19715.632940086,293.021011236917,0
4652,20821,9.13279741892674,3460.3479687538,27.9266278008871,15.0717547501549,15.5652839889571,23.2029868153244,27455.9085650092,29626.2388589035,-1196.68434461479,0
4652,20822,9.98506060669107,3749.79293570607,26.5195109878539,14.1191034205573,14.5418996996773,21.7254875427405,23609.3346246218,23055.3709982914,-1007.88422800446,0
4653,20823,5.9911720608803,3118.6583046492,25.8013750766296,15.9537046664991,16.4847113515072,24.5631179518623,25173.8713377424,19715.7404099491,287.426840448567,0
4653,20824,9.80976535176304,3234.8898327538,27.9266278008871,15.798221179375,16.338800761603,24.327789827165,27444.6422477193,29621.3532171464,-1193.62928828132,0
4654,20825,5.82686647902414,3924.8099046492,25.8013750766296,13.6184675149164,14.0058373902127,20.9495131797522,25187.0384098341,19723.7097323922,289.966423067227,0
4654,20826,5.44144224872749,4388.3281982868,26.2534638225685,12.6681213031076,13.0045991679435,19.4810025285609,26860.6335289383,21532.8792855534,-520.957542255707,0
4654,20827,9.35997571793507,3388.6533387538,27.9266278008871,15.2932177436558,15.8009489489013,23.5458436401351,27461.094511103,29583.2099733277,-1165.85415799161,0
4654,20828,7.51173671764578,2333.8238086101,26.3085104537682,19.6893350334983,20.4832228437137,30.3528526494228,31957.537749939,24334.4379735155,67.6128816173167,0
4655,20829,6.1501453580726,4717.4595666492,25.8013750766296,12.0352739775234,12.3340295796602,18.5020432872566,25184.2379445106,19717.92458632,270.996267850427,0
4655,20830,5.40661942003698,4638.7638182868,26.2534638225685,12.2060551478681,12.5170595018196,18.7667978436471,26854.1588827837,21527.3342942133,-522.552321575745,0
4655,20831,9.35443539678907,3576.0505467538,27.9266278008871,14.7314134089844,15.2033651467056,22.6761572734516,27418.33041932,29598.1755468022,-1162.05391253659,0
4655,20832,11.8451219327078,5207.12103559281,26.2513659589305,11.3054331792571,11.5687456579197,17.3752640815159,25820.7408421437,20675.5958440465,-758.659712644122,0
4655,20833,5.71520980415501,1472.30813144757,26.2974416156042,27.7801460145712,29.2151594396653,42.9126214901348,23531.8777479789,21930.7563777968,257.983586774881,0
4655,20834,9.88416630508494,2843.32552553167,25.7489326286391,17.0159293524819,17.6162605661986,26.2079281317472,31645.5707067107,21309.5258099699,-895.109076895969,0
4656,20835,5.98230122192224,3428.81163344757,26.2974416156042,14.9922141721145,15.4667345656964,23.0760156252974,23511.3984596267,21938.4953381938,224.564249043636,0
4656,20836,5.941730585927,5032.7837826492,25.8013750766296,11.5303481614215,11.8024944615422,17.7219273278906,25175.8416276757,19706.7591913786,308.28073539408,0
4656,20837,5.45466983035402,4084.14992726209,26.2906739317302,13.3002897367981,13.6729580297395,20.4584975171585,26848.0705178708,21546.6330182357,-516.202121249768,0
4657,20838,6.06198896991869,4827.3913326492,25.8013750766296,11.8526006743449,12.1416332880124,18.2197846840699,25171.3052245183,19710.9857114999,279.084640039439,0
4657,20839,6.04697595895668,3467.88575744757,26.2974416156042,14.8752700940844,15.3425035693414,22.8950276653613,23547.7033982969,21935.6952011282,177.349602098938,0
4657,20840,5.59819466589657,4853.83776235919,26.3019390835473,11.8468891167406,12.1388732782678,18.2118577763911,33657.5562017007,26606.2354072589,-449.567224392069,0
4657,20841,5.82721129747856,3027.22972813359,27.3888713698494,16.4878181571976,17.0691743891505,25.3944370038679,25776.1172513627,27329.2532841447,478.479552963007,0
4657,20842,5.86565381124981,2927.85253157451,25.7180738649531,16.6642996429152,17.2409068710654,25.6632306873994,34245.7970821927,23362.0323524327,-99.3192581624759,0
4658,20843,6.05806672389927,4234.13570021843,27.4266255268853,13.0770674393556,13.445125972619,20.1155904693237,25795.8987027683,27320.628072615,490.965213600048,0
4658,20844,6.05309751493502,3820.6489506492,25.8013750766296,13.8698727336992,14.271997806392,21.3383495208349,25159.2889808419,19703.6935023027,281.711808256156,0
4658,20845,5.53017065124204,5260.48177435918,26.3019390835473,11.2332127514603,11.4931225361621,17.2637938294147,33653.736163856,26594.4601693744,-448.222630264238,0
4658,20846,6.02875842576579,3338.7070592099,26.3398143018182,15.2760906307672,15.768828199696,23.515501195656,23661.4778758193,21898.6152510517,88.2988309924136,0
4658,20847,5.40488643800281,3476.75459071488,26.4074399428263,14.8608750591482,15.3281677234804,22.8730126348453,28203.8247660204,23077.7184988234,-424.557260372747,0
4659,20848,6.09915132391102,5016.27849734919,25.0254777423578,11.4993660676132,11.7649633791851,17.6727023458856,35918.4922247753,22617.0907909473,423.260680794583,0
4659,20849,5.85976509104567,2980.5552846492,25.8013750766296,16.467539595957,17.0320151445061,25.3587514856979,25177.5802792374,19709.7541442503,291.405054057477,0
4659,20850,6.09488139334528,3186.8157632099,26.3398143018182,15.7791638058757,16.3040289918384,24.2942947005663,23664.2446176451,21892.5279332673,87.2716090084774,0
4659,20851,5.42461857915054,4741.66094218283,26.2452813822698,12.0282332422078,12.3295599978712,18.4919770293347,33656.9520499138,26616.8023109359,-480.95761587718,0
4659,20852,6.07427689575057,1944.00437621843,27.4266255268853,22.7467485166707,23.787343598263,35.1001978144452,25802.5575816487,27335.0364516148,472.320048049084,0
4659,20853,6.12171722283263,4358.87774387979,25.7373516652845,12.6823389002928,13.0159285314252,19.5019657351791,33831.0230589997,22711.160647391,-904.334862456449,0
4660,20854,6.88618949239968,5044.48360677812,24.089657391162,11.389006080367,11.6429241824419,17.5005752796411,36925.1972870749,15821.0383667116,806.652277982138,0
4660,20855,6.13154501144294,3633.57594202821,25.0213109735883,14.2729873331021,14.6925164163622,21.9601034920457,35904.5487519917,22622.8288259312,401.173615975433,0
4660,20856,5.43254177899504,4801.89902873416,26.1971829580748,11.924042547456,12.2194646787207,18.3308872944748,33663.6678759117,26605.5163098794,-488.214219235308,0
4660,20857,6.25020320958753,3116.21258367178,26.4017472158789,16.0356764933423,16.5777552559753,24.6916239255479,23678.6165721758,21895.2759739371,78.0678032535063,0
4660,20858,5.81656324765769,3066.39575386475,25.8470666133106,16.1488925928139,16.6929859016379,24.8654540376558,25116.0634510605,19717.0665188691,329.01464570141,0
4661,20859,6.51276403546232,4421.74250877812,24.089657391162,12.4232104439132,12.730670144343,19.0981695659576,36929.2153672897,15836.4130786172,795.500849628249,0
4661,20860,6.12230905652895,3374.99070202821,25.0213109735883,15.0141252052649,15.478542631075,23.1067670887405,35913.4559306833,22608.9158466642,450.897616995541,0
4661,20861,5.30014099038635,3723.99064073416,26.1971829580748,14.1540101838303,14.5762873947657,21.7787686230275,33685.6313264096,26608.5518677581,-429.042656363495,0
4661,20862,6.28178108278907,4065.95167767178,26.4017472158789,13.3505989404142,13.7270162337634,20.536527880098,23664.9196618215,21882.8740928603,94.3797471429441,0
4661,20863,5.47670427047746,1664.81661343563,25.8229876213053,25.1729232965635,26.3837919842004,38.8603923632759,28257.4056506935,19884.4683777357,-221.373215072026,0
4662,20864,6.87551920713863,4472.57850945568,24.0800879224829,12.3284571260561,12.6307990288134,18.9517404516029,36468.4415966844,14989.2640446458,789.201411982907,0
4662,20865,6.0923144428903,3891.14446993953,26.3636033461468,13.7518170775302,14.1514414746824,21.1569788104541,23664.3319372083,21868.76084048,86.5252033229848,0
4662,20866,5.36163986778057,3523.37783273416,26.1971829580748,14.7026046238812,15.1582844706345,22.6275838036448,33671.7985573366,26610.6711667809,-440.502759718786,0
4663,20867,6.99039779530763,4308.28868565247,24.003639030307,12.6324590858789,12.9505134118708,19.4213411986491,36486.7299321238,14972.1608573042,809.029142171097,0
4663,20868,6.10318005582707,3765.53906367177,26.4017472158789,14.0671047364083,14.4858218989768,21.6447807508197,23664.4576114586,21887.2822769157,98.5837977022671,0
4663,20869,5.4492113285447,3711.74453778593,27.7476579267296,14.3393682074158,14.7854312382409,22.0690082053501,29037.6565872194,30905.9925257512,-439.259764510089,0
4663,20870,5.32033204733901,3565.38141473416,26.1971829580748,14.5831310721969,15.0314671863272,22.4427088053549,33670.085845048,26603.7345283531,-421.418805906692,0
4663,20871,5.43908461750602,3267.975747665,27.5080835745683,15.638584392441,16.1650095818475,24.0795700371732,29039.0096929228,30906.3155540998,-437.575687821244,0
4663,20872,5.44859987614739,1774.80713038095,25.7534071059334,23.9729695049251,25.0863251518518,36.9969697590449,32252.0607196225,20020.3329488385,-735.667083910962,0
4664,20873,5.99022729713647,3815.36187567178,26.4017472158789,13.9412626223484,14.3524450434536,21.4501059682097,23681.7263772015,21895.8693563914,119.297362795386,0
4664,20874,5.44251266088374,5346.4298724243,27.7094325297288,11.2065840490987,11.4733695599547,17.2249375918378,29133.3102140974,31017.7475418763,-422.963629961699,0
4664,20875,5.4351283278011,4645.24959329158,26.7976205902268,12.2367946467246,12.5531128061784,18.8153094372327,32477.9519278048,30374.043121091,-453.379984739863,0
4664,20876,5.38771475083304,3445.62119895772,26.2160560697899,14.9327667972964,15.4028662988576,22.9838147681851,33673.8374971886,26596.4788986333,-442.704175711904,0
4665,20877,5.34702275838498,7817.23164883781,27.6925084980246,8.7622586548465,8.91246360263746,13.4517779788341,29168.357308858,31065.4405692128,-445.729742366447,0
4665,20878,6.04558316457521,2579.21870367178,26.4017472158789,18.3342091536666,19.032130629444,28.2524147037549,23669.5235817064,21919.1860633756,105.962735497807,0
4665,20879,5.32765582855842,6042.4284068155,26.8659387890465,10.2934742234192,10.5097561360552,15.8135091712249,32459.3562219,30376.2519312931,-484.316477009672,0
4665,20880,9.55191508853486,7085.08097009251,27.8194080743489,9.33547527823528,9.51149617983948,14.336202273042,27482.0511269517,29644.7510492973,-1219.06058991929,0
4665,20881,5.6104482936878,4502.01503873416,26.1971829580748,12.4481511508555,12.7720301028184,19.1408698669276,33664.8667706577,26595.0032284579,-451.246035689812,0
4665,20882,9.5582773766503,4219.43358414807,25.796031067654,12.9675433810419,13.3175216352717,19.9429825517874,33411.3359282052,32901.4762884005,-1083.70894362539,0
4666,20883,6.05680407519842,6720.45286266863,25.5171049455567,9.54039111460799,9.71488060719195,14.6493926195831,35172.7569417224,28663.1647843767,50.7571045826383,0
4666,20884,5.38186886435666,6650.58050683781,27.6925084980246,9.7170401112965,9.91003559606181,14.9248644327734,29170.9993769514,31065.9118606495,-429.362747092205,0
4666,20885,5.95445240014713,2600.67202767178,26.4017472158789,18.2257492945787,18.9160580367544,28.0843215662622,23653.6635681351,21906.4038545329,97.3623650634089,0
4666,20886,5.45229207123173,3517.292309824,25.1898646521484,14.6123000879875,15.0536889955829,22.4854375338039,35360.5211173904,21800.7120522734,-316.888855161236,0
4666,20887,5.46098954966241,4936.1064788155,26.8659387890465,11.7562626429021,12.0469997655324,18.072812709665,32464.8153502438,30358.2358228868,-485.849792945697,0
4667,20888,5.43864340650522,6603.35676283781,27.6925084980246,9.76184429595759,9.95693641538063,14.9940149631887,29174.6834541617,31069.0582823449,-433.254157979259,0
4667,20889,5.88762817334456,3442.61298406537,27.2439849876997,15.0528546507069,15.5393963013428,23.1721359413263,28040.9428712655,26271.0470274508,48.1875355449265,0
4667,20890,5.73550588865609,2434.04533767178,26.4017472158789,19.1143403276437,19.8677219906293,29.4616718254728,23671.5125763393,21901.8952420318,127.545852855818,0
4667,20891,5.24580412630718,4460.0805668155,26.8659387890465,12.5805959406006,12.9164442814589,19.3468737029741,32462.2498644727,30374.4534324837,-493.088817459736,0
4667,20892,5.69560112761101,3433.01209611206,26.6015989952381,15.0126255280233,15.4910842119054,23.1083396234827,32738.3930624439,27126.9967932884,-652.119657012361,0
4667,20893,6.23207255967013,2396.88121866863,25.5171049455567,19.1825073655123,19.9301926367769,29.5644295694618,35178.4410950246,28670.6080673701,69.6649252689308,0
4668,20894,5.40982875596091,6901.94121883781,27.6925084980246,9.48761565986671,9.66999714585621,14.5708054522558,29161.7300874989,31056.4678776509,-428.160290502982,0
4668,20895,5.78572359176855,3394.37604406537,27.2439849876997,15.2011561354395,15.697115419993,23.4017026536947,28047.9243997681,26265.2005705549,20.9399922682659,0
4668,20896,6.07566419379891,2660.60477367178,26.4017472158789,17.9312980216038,18.601063105045,27.6280097031018,23673.2097544648,21903.2091413172,118.356681405934,0
4668,20897,5.49956714982189,4273.5423728155,26.8659387890465,12.9480229709988,13.3046642378176,19.9149439420064,32460.1396261279,30379.0801295599,-454.742000031155,0
4668,20898,5.47449212551023,3892.63323175436,26.6749746567614,13.777619305363,14.1812065806321,21.1975605498837,32704.7749253372,27135.7425235147,-625.937684567262,0
4669,20899,5.38742739863397,6397.28150683781,27.6925084980246,9.9641240489144,10.1687776568044,15.306238637005,29166.9475238625,31066.5284154649,-436.556764104545,0
4669,20900,5.79802798745043,2575.71656967178,26.4017472158789,18.3520726135385,19.0512502449689,28.2801004770646,23676.4170474807,21907.2295968089,117.040360816974,0
4669,20901,5.36883008092622,4691.68040129158,26.7976205902268,12.1557114157722,12.4675886219187,18.6899889880063,32482.5764656407,30362.4558131475,-496.411452716428,0
4669,20902,5.54757895879838,3653.84507450308,27.2315039257049,14.4441781850024,14.8925691465389,22.2300591674219,28332.4898810352,26215.9334583406,-113.153666072189,0
4670,20903,5.35332007727165,7260.71645531687,27.7452745084611,9.18676544328652,9.35577241775445,14.1066684519872,29171.1534055196,31054.871552508,-424.938756296657,0
4670,20904,5.85729721454956,2903.72907779307,26.5027978508104,16.8652302704583,17.463203839307,25.9766365380849,23659.0695898629,21908.0629367021,115.627650314479,0
4670,20905,5.35873652601191,4831.33866626288,26.7848111568208,11.9192640997858,12.218229330612,18.3245515579135,32452.803129049,30380.4217520268,-475.389227259613,0
4671,20906,5.30657150142623,7151.04900131687,27.7452745084611,9.2766943462648,9.44973312798384,14.24541584418,29159.5998288161,31050.9236096101,-424.681038121969,0
4671,20907,5.87705208562404,2396.05180379307,26.5027978508104,19.3494130312211,20.1209437441757,29.8264475270804,23695.8657879082,21903.9398810588,80.5573209908397,0
4671,20908,5.46250892216451,2272.03611603395,27.1727772853865,20.2265208267938,21.0705336943865,31.1888229215559,25761.5869845769,25660.1345253793,-291.861419983646,0
4672,20909,5.32631353758785,7139.28711731687,27.7452745084611,9.28648218788195,9.45996174863412,14.2605176162552,29169.1814627032,31057.4659423368,-426.867915766525,0
4672,20910,5.80853486115702,2525.16821579307,26.5027978508104,18.6305511325315,19.3505460977465,28.7120422610914,23668.1354796435,21907.1616729242,86.8495899800892,0
4673,20911,5.38935303751106,6822.26689931687,27.7452745084611,9.56134982680506,9.74736293542971,14.684656617547,29174.0293827324,31073.9422499572,-434.260132337656,0
4673,20912,5.54573540898755,2406.80049179307,26.5027978508104,19.2868510372767,20.0538565203633,29.7294505530966,23687.3779041085,21912.5851685955,115.137323245567,0
4674,20913,5.61004914434577,5093.76779600361,25.6023212152023,11.4250460210646,11.6905035945544,17.5589195578536,34022.8542138439,21503.4817273087,-709.922587435761,0
4674,20914,5.83846680332376,2237.20648752758,26.4610447117648,20.3313072759561,21.1742990313007,31.3489132860621,23662.5024745043,21878.4565971879,90.3816728589535,0
4674,20915,5.39229985175727,1943.62235802434,27.2564988656474,22.7152201459714,23.7509969876272,35.0506137458191,25983.9801182276,26093.5162596314,-369.772792768856,0
4675,20916,5.56721178122394,4721.88683830516,25.5636444725077,12.0094827125283,12.3052663745676,18.4617505494143,34027.6608803106,21519.2173367447,-686.442827775432,0
4675,20917,5.68189189889223,2517.75375075767,26.7076812729316,18.7015787982867,19.4289505583885,28.8227814921049,23937.6205334835,22594.3178881246,-86.6219594743189,0
4675,20918,5.4128581701386,1944.96594402434,27.2564988656474,22.7035105247794,23.7383666780746,35.0324383811126,25997.1570761331,26067.4100482506,-310.263372498429,0
4675,20919,5.62581148052445,1826.39652741498,27.1058918502068,23.76578416365,24.8828084453676,36.6809007048327,29076.6850285114,26030.6667675498,-535.983587679664,0
4676,20920,5.61366580515498,2620.72530075767,26.7076812729316,18.1709562688831,18.8607989894566,28.0003336457782,23981.7908422534,22605.4728213907,-108.016515787324,0
4676,20921,5.47389082993359,3392.48663588364,25.5146035990404,15.0161083570045,15.485141872916,23.1110738430503,34008.1896696527,21515.7338888087,-689.811250352234,0
4676,20922,5.43088919535984,1668.05507202434,27.2564988656474,25.4895033702022,26.7488956870301,39.3583287814086,26010.8821652571,26065.5838097567,-354.888015998672,0
4676,20923,5.22159801484938,2063.27362941728,25.0475916458279,21.29875736704,22.1951449030682,32.8442923569597,32428.8720358488,16259.2945118032,-356.454271754665,0
4677,20924,5.61791422058469,4860.15277275767,26.7076812729316,11.866525913123,12.1621629764564,18.2429191640423,23937.9077532218,22594.6509571209,-81.1402662507672,0
4677,20925,5.36089137181393,4297.98753741728,25.0475916458279,12.7434345316429,13.0753698049386,19.5950146780211,32423.4859520049,16296.3541066384,-393.714530065874,0
4677,20926,8.51364309835887,5743.30730486872,26.3016339316146,10.6052874094408,10.8337082752943,16.2940808585691,22347.2204087019,23442.8034000293,-1213.47365835703,0
4677,20927,5.42637753944191,1832.25890202434,27.2564988656474,23.7416975779247,24.858968869269,36.6441061400001,26012.3912726772,26073.3453842128,-320.212323383563,0
4677,20928,5.76102343894202,2760.58203182496,24.2239219070877,17.1581669157303,17.7514723769207,26.4236850037333,36678.3205969089,16004.932223935,-30.3115361694033,0
4678,20929,5.51321693475124,5339.67844956408,24.2608208676932,10.985650404497,11.2207102982317,16.8780455840934,36680.9995023663,16028.0966880866,-51.7993182757347,0
4678,20930,5.82430905997555,6393.36060675767,26.7076812729316,9.91524364017189,10.1127315238035,15.2294483319779,23949.5539303898,22603.1084140231,-124.25530157255,0
4678,20931,5.25921580627021,4918.92250341728,25.0475916458279,11.6504331807513,11.9239449144817,17.9060902535573,32401.8037069928,16295.0000620153,-398.444723889497,0
4678,20932,9.07409077378219,6096.11942233686,26.2327493321182,10.198337360757,10.4067396113784,15.6657283601681,22308.5139529407,23398.2489661357,-1174.27413860211,0
4678,20933,5.59816001549418,1865.20979802434,27.2564988656474,23.4259842554043,24.5180275436712,36.1539503598562,26011.8429258528,26078.9592401182,-318.467740156661,0
4679,20934,5.67430119232369,6221.77806675767,26.7076812729316,10.091163254971,10.2969402540916,15.5009772734551,23956.9874510519,22602.2002924824,-84.0316817943427,0
4679,20935,5.34548045523455,4231.71821795421,25.0874322836001,12.8803367379763,13.2201516468787,19.8067127298205,32433.0032450938,16295.1283888997,-388.164676395618,0
4679,20936,5.99822402914306,4341.96123184267,26.0528871305244,12.742041753092,13.0812234573427,19.5948813644855,23829.2002544908,20597.5987217738,395.386652531475,0
4679,20937,5.25341507896968,1940.38453602434,27.2564988656474,22.7435009044091,23.7815022208155,35.0945106319861,26017.9285847025,26103.2538554008,-342.193927874081,0
4679,20938,8.95318300521404,4916.97953833686,26.2327493321182,11.7406662839107,12.026567799713,18.0476086519221,22311.9012647176,23358.5722924689,-1240.04835244814,0
4680,20939,5.34057959193817,4980.76197180513,25.5043338627955,11.5882019918965,11.861456802518,17.8107766326319,32048.191143189,18161.5998807062,-579.330163980599,0
4680,20940,6.21564200353127,3620.63518961616,25.8687616035424,14.3959292429497,14.8300727971453,22.1522901594879,23833.3889503219,20603.3960035208,408.628061234731,0
4680,20941,7.11762064500789,4622.6296780087,26.493784809541,12.2532184001039,12.5684102373807,18.8401348687436,23461.248847438,23307.6491927235,792.302301616852,0
4680,20942,8.89598847104216,5335.93101062644,26.0274049875255,11.1102040677295,11.3622080466816,17.0733505252262,22310.9653667949,23402.6298158588,-1163.24067097376,0
4680,20943,5.37315069648545,1378.74973295594,27.1760860548126,29.4956045224068,31.0930811413996,45.5830402070888,26013.38192732,26083.1040951879,-319.042416071617,0
4681,20944,5.47644172079896,4630.35033780513,25.5043338627955,12.162116680422,12.4656607388957,18.6974932790789,32079.8898173662,18144.4512358192,-559.161865684777,0
4681,20945,6.16419886782609,3154.66610650911,25.9300572692486,15.8420120195921,16.3670569600786,24.3905322974326,23815.5317922536,20600.9308405908,392.399142895734,0
4681,20946,7.15448731350222,5058.50924714367,26.105949941879,11.5132307930257,11.7864002319491,17.6960121965617,22183.5852537152,24289.4312317707,762.102237307857,0
4681,20947,5.58781359814355,1633.30421495594,27.1760860548126,25.8817150784088,27.1722781929826,39.9672099930159,26016.3158432392,26064.3608065674,-332.377708756722,0
4681,20948,4.24757586592763,4735.70305108996,26.3229275692376,12.0442070512345,12.3469063697076,18.5168031238613,22804.6649304926,23804.0238938336,531.554575506352,0
4682,20949,6.95749409640076,4310.42163461648,26.0377374337096,12.8033482962117,13.1458550105945,19.6896262199329,22113.4060098752,24277.3575350786,768.032544620229,0
4682,20950,6.00310210587694,3017.07231321058,25.967532745007,16.3485915144877,16.9069123581295,25.1750083652371,23836.81605167,20589.2364614437,411.196858952769,0
4682,20951,7.92890168845501,4308.71263757891,26.4410236050453,12.8408590167945,13.188374855666,19.7484164871427,23205.7998763019,24056.994622682,-1214.87125164055,0
4682,20952,8.55611081595104,4628.96320549943,24.468293122217,12.0821854189083,12.3742884510672,18.5720040348496,36299.7263625746,15774.7527809455,-1280.13725828115,0
4682,20953,5.49751295705088,1435.51073495594,27.1760860548126,28.5842889965843,30.1030619340563,44.1665211210813,26010.5007091632,26051.1012618881,-262.015972973828,0
4683,20954,8.83543437877215,5479.96512843429,24.535254747044,10.8201288244146,11.0488139545545,16.6229600313524,36294.2771123302,15779.2386225564,-1267.70134301319,0
4683,20955,6.14330256760929,2632.79111561616,25.8687616035424,17.9877763239012,18.6555806154285,27.7139083333864,23817.9865841496,20582.7988869602,410.980076487518,0
4683,20956,5.34874589849965,4085.61519173436,27.0129973079847,13.3615023414842,13.7431197631871,20.5546484554632,25110.099181974,25681.0684392574,-155.632370422402,0
4683,20957,6.73689588708034,3231.32384261648,26.0377374337096,15.5919749742393,16.1020139612788,24.0037219467538,22136.1629009027,24307.9818812933,825.744206516378,0
4683,20958,6.73825712324885,4573.33300157891,26.4410236050453,12.3372296944997,12.6566731708174,18.9698844085791,22135.6862966425,24307.4536639492,827.202447085475,0
4683,20959,5.98897796040555,2742.24563631941,26.1521521094498,17.5141858012077,18.1525071056854,26.980965083239,31543.3274811076,23719.0235433806,-887.426444067754,0
4684,20960,6.03689555639774,4416.96067934274,27.2698483070078,12.6958844734279,13.0410026690554,19.5258756185466,25302.1855763237,27696.9246947196,584.016173742893,0
4684,20961,5.11590234069983,4414.74064649127,24.8172296053311,12.4977877601066,12.8145961374879,19.214887041947,35576.3790436845,16050.9796497039,-205.5881132487,0
4684,20962,6.69473627486602,3721.66665461648,26.0377374337096,14.1441408475573,14.5645171227619,21.7631400588886,22128.3919312734,24303.3550697976,817.759661810862,0
4684,20963,6.27924631522514,3868.08599620004,27.0306397464747,13.8708874690897,14.2828081384403,21.3426016676534,25091.2798358136,25767.537875203,-188.322441301302,0
4684,20964,6.3264297635941,3465.88814992522,25.9065012909293,14.8388945773167,15.3004576346092,22.8377936378477,23832.4242309473,20487.9948964686,417.572171048762,0
4684,20965,5.8549243471214,2832.06766431941,26.1521521094498,17.1185667610435,17.7300079181482,26.3680730394029,31569.149880076,23704.0639603386,-982.940753008308,0
4685,20966,5.24829628893212,4630.52182546086,24.8595179050194,12.1107325484169,12.4070805936438,18.6168659515487,35485.892300153,16023.810991463,-306.661565716514,0
4685,20967,5.936260175305,3052.71429134274,27.2698483070078,16.3760079446281,16.9487652310454,25.2209449885917,25293.4663503723,27671.0841003934,587.967845091684,0
4685,20968,7.06933095617968,3189.16925107667,25.6293755631403,15.6864710527978,16.1986935027507,24.1489479144761,23568.312860172,20086.6992705294,1121.36124060633,0
4685,20969,6.5046091375288,3441.71619461648,26.0377374337096,14.9250330037025,15.393085066656,22.9714143611166,22103.1808788073,24312.7140340475,851.146241309925,0
4686,20970,5.37254711995128,4704.96970546086,24.8595179050194,11.9833730236905,12.2729913739098,18.4200891750338,35461.6561915609,16002.9519465322,-300.457341686156,0
4686,20971,6.21627494318928,4277.18368334274,27.2698483070078,12.974605547474,13.3356383056377,19.956838453007,25284.8252939562,27676.4352298063,580.53266813157,0
4686,20972,6.60510945275874,3395.61577661648,26.0377374337096,15.0647526632135,15.5415060282041,23.1876495282836,22127.1157727733,24327.191548296,824.234831271856,0
4687,20973,5.28863761684207,4850.45143546086,24.8595179050194,11.7445296973311,12.0216686672605,18.0511030302206,35462.6229945027,16012.3898198002,-315.463322029875,0
4687,20974,6.38818735326603,2889.90600450785,25.1176059924894,16.7374283780159,17.3126446437403,25.7747698058156,28707.4529065305,17413.9652160946,728.556264511085,0
4687,20975,6.22252830778474,2322.9733535833,27.3075475574745,19.9243752250694,20.7475787983298,30.7206590903009,25326.3734490828,27674.9117220052,584.072270537262,0
4687,20976,6.51291021050469,3263.04128261648,26.0377374337096,15.4864419018302,15.9897617271826,23.8403547832676,22130.1721752071,24298.9135733269,799.394426997491,0
4688,20977,5.80567816076094,3637.42590759944,26.8939649386064,14.4549724913775,14.9012685937177,22.2460025762602,30527.7297558499,32846.4524651186,43.8290118678767,0
4688,20978,5.30170843512251,4058.96915146086,24.8595179050194,13.2254916965932,13.582901345914,20.3398146906296,35454.3833947029,16005.0557234124,-301.132021777566,0
4688,20979,6.32110757647165,3070.91567250785,25.1176059924894,16.0409904737868,16.5709118391373,24.6964084214415,28695.4379448789,17409.7466129651,706.384835113876,0
4688,20980,6.06554704330491,2734.7714495833,27.3075475574745,17.7101233736371,18.3741616006419,27.2879286921125,25309.7989964096,27690.5665558541,627.777888505711,0
4689,20981,5.66379370266193,4318.42365973279,26.8423218693927,12.8550524154016,13.2062265689773,19.7711476856856,30506.8290330409,32848.450069842,54.7626949427814,0
4689,20982,6.24801456335325,4032.82723934274,27.2698483070078,13.5032728907755,13.895130471524,20.774447089126,25305.0396267806,27662.8927667714,619.705615109257,0
4689,20983,6.27986384456367,3020.74044450785,25.1176059924894,16.22641822362,16.7682867389706,24.9834928926636,28700.7598167896,17378.563080475,749.019386927844,0
4689,20984,10.0716742184435,2804.49488260797,25.8122674674211,17.1907544270197,17.8034996052408,26.4789141194475,24140.269563295,20208.6036672954,-1040.36513176043,0
4690,20985,6.1397393311023,5472.72676545793,27.4459014258827,11.018499863129,11.2740573525821,16.9339817120745,25295.683993985,27687.4680648924,578.870868469513,0
4690,20986,6.34090074617382,3169.43508053495,25.2501838260866,15.7085473529248,16.2185414215032,24.1821215327472,28707.5771056207,17388.6565868054,750.73013947683,0
4690,20987,5.39761444064276,3084.75860199123,26.9165182950419,16.2130468864052,16.7716483868847,24.9676370063597,31325.9059842429,32045.1655603131,-251.449514700377,0
4691,20988,6.07946444946151,3473.50865902446,27.4812437324439,14.9849934456719,15.4692567360492,23.0676480381778,25319.7146162828,27709.0748317994,594.297268343502,0
4691,20989,6.43470438631487,2846.95241453495,25.2501838260866,16.9326659934053,17.5221914598182,26.077518724208,28699.4912981953,17396.4449255618,754.590151739437,0
4692,20990,6.23801377225228,3440.91636945793,27.4459014258827,15.0796522207405,15.5696183547828,23.2140923641685,25304.323800329,27690.3839495327,582.79571728339,0
4692,20991,6.46542234344682,3044.63576453495,25.2501838260866,16.1542404774557,16.6927768673719,24.8721083659571,28706.2302977856,17411.8186324106,734.071291722441,0
4693,20992,6.40567750048411,2976.15693053495,25.2501838260866,16.4132112926521,16.9685528717626,25.2730872319225,28683.7131751649,17393.2065091683,712.961186713873,0
4693,20993,6.17622885568618,3577.58769945793,27.4459014258827,14.6779338061745,15.1425913810684,22.5922985725504,25311.0183833838,27681.4144409258,582.352854932771,0
4694,20994,6.55571248751422,2791.38081653495,25.2501838260866,17.1695614142578,17.7748820956074,26.4444335274824,28719.1629253043,17374.2308828518,725.677381415898,0
4694,20995,6.2503231996492,3902.49322545793,27.4459014258827,13.8258647476617,14.2382788428263,21.2738312657029,25279.6084258347,27697.6255122038,605.415598486734,0
4695,20996,5.98200416928419,4173.79850961087,25.6199249963657,13.0473459609257,13.4005189375713,20.0659991479324,34410.0943516288,31387.204375048,267.221601645066,0
4695,20997,6.20907160970091,4883.32684102445,27.4812437324439,11.8852058717917,12.186734884362,18.2731337227687,25312.0163878466,27704.2174989642,619.155111141668,0
4695,20998,6.36865924431092,2709.22383653495,25.2501838260866,17.536041738525,18.1660453308301,27.0121238741754,28709.8919732806,17408.2492510064,751.472134018977,0
4695,20999,5.41745096023338,2130.47425287458,26.7032919079829,21.1174372229244,22.0224531143689,32.5691699385807,26914.1350619559,23009.4006792148,-472.347270949045,0
4696,21000,5.75302791558921,4046.66563339205,26.0816000763718,13.3646783399061,13.7394838175648,20.5576318227884,34205.0132650441,29456.2956813248,-63.5612962543345,0
4696,21001,6.08348336874662,3094.85969302445,27.4812437324439,16.2442333365273,16.8102156083302,25.0174002233529,25321.7795113472,27667.1850424839,595.34634534926,0
4696,21002,6.42214989810568,2831.97473453495,25.2501838260866,16.9956772138086,17.5893915939305,26.1751100486779,28707.2291184503,17381.6219027314,716.295205452816,0
4696,21003,5.44822092526261,2349.65497887458,26.7032919079829,19.6589771996683,20.4554239985379,30.3070965112603,26948.0896964565,23003.5847949971,-465.931919651135,0
4697,21004,6.37714632601003,2914.12052745793,27.4459014258827,16.9453337668855,17.5581237764021,26.1033147756867,25303.4831752426,27691.8305352859,586.568442180709,0
4697,21005,6.40352774998606,2796.84326453495,25.2501838260866,17.1458942838849,17.7496312390255,26.4077751866065,28702.8865651079,17401.1640508479,733.459699572586,0
4697,21006,5.78694732237943,3345.92074388619,26.1607731922059,15.2331195842219,15.7215354606936,23.4485444207168,34217.6406673403,29486.5015244453,-92.7319165321059,0
4697,21007,5.16474497642311,2611.89150393905,26.6524435653508,18.2068019497486,18.8985543330089,28.0557208813938,26978.2006210884,22970.5863317348,-457.443581634628,0
4698,21008,6.23890192022073,2599.57840853495,25.2501838260866,18.0581147133053,18.7237866422077,27.8209723232873,28689.4473334889,17390.1534916964,764.388416912689,0
4698,21009,5.96776594510974,2719.23447945793,27.4459014258827,17.8017304318391,18.4736032297812,27.4302900353423,25299.5234209037,27695.1168097922,625.425646388546,0
4698,21010,6.32501767329375,1668.67330951227,27.1399114029098,25.4538277476609,26.7084765986051,39.3024163373041,25233.8863901787,25185.4490106883,-106.04701848928,0
4699,21011,5.94757021973717,2427.52213545793,27.4459014258827,19.3185117195291,20.098800353541,29.7815686752443,25299.6626236708,27666.7991336386,609.542835995265,0
4699,21012,6.31965443768012,3191.94565253495,25.2501838260866,15.6315326618329,16.1366442352598,24.0629071142721,28703.4153989757,17408.6896471283,718.801183739429,0
4699,21013,5.38834595074479,1119.98062375609,26.2479860715434,34.403267732895,36.418258745081,53.2096900763949,27721.1308947949,21328.6867160933,-154.688877015426,0
4700,21014,6.150743224947,3319.59896626052,26.8211085221724,15.3913723144497,15.8957451905113,23.6951425069049,31626.7050799365,30866.9761264325,309.819483374334,0
4700,21015,7.43249740940502,5073.63604255533,26.5770342487131,11.5236713927664,11.800307130396,17.7129479185323,25041.7089603683,35357.1559267845,1150.34990460379,0
4700,21016,6.64834675453028,1669.22747450436,25.0986149792635,24.9414468677363,26.1218250460116,38.4976972029434,28841.1049531359,17307.3018514916,840.779409279795,0
4701,21017,5.91532555892509,3510.21351007535,27.1275633039786,14.8390266557596,15.3111093270175,22.8408934631861,30176.7737785692,31323.6790713977,80.5311834504535,0
4701,21018,6.33852987846157,1510.11557107739,25.0863351953692,26.9053944128179,28.2459208059356,41.5477022880851,28922.1435172841,17293.1110510454,927.05599891884,0
4701,21019,5.88084910818459,2997.22643026052,26.8211085221724,16.5328221409217,17.1117094247424,25.4626347329581,31623.82927058,30874.5449426643,335.255146136207,0
4702,21020,5.68968804073204,3417.15366007535,27.1275633039786,15.1180482517712,15.6077189141696,23.2727754232569,30201.4384371077,31335.5825986597,46.9252055566807,0
4702,21021,6.18340023685258,2911.66997398967,25.3690387190473,16.683049043957,17.2573033548401,25.6912782458853,27093.5941702007,19155.1275617721,266.622168772118,0
4702,21022,5.63888826721334,1497.43324357512,26.6462255829563,27.518274052743,28.9371484271326,42.5073772582535,25252.2295273242,23788.1983501834,-300.708209997537,0
4703,21023,6.02573698955172,2707.06585288987,25.4159930846902,17.5699196017754,18.2040513909803,27.0651104800543,27084.5189242348,19183.8397863077,282.050935274659,0
4703,21024,5.39038335247754,1597.51938757512,26.6462255829563,26.1869535780308,27.4943625286734,40.4390175829132,25284.503979813,23782.2902291782,-286.611498694911,0
4703,21025,5.87167453645894,1589.4877221311,25.2689418289002,25.9261648698536,27.1892458170847,40.0276237658637,29778.6886126284,17144.1726612064,351.001728237773,0
4703,21026,8.93981660686824,2945.28831646983,26.9914899601742,16.7598749886532,17.3556393936088,25.8147837044533,30692.8802009771,31546.816120447,-1194.2944563717,0
4704,21027,6.0565611654728,3458.87931088987,25.4159930846902,14.8060909157419,15.2612981348947,22.7858374027276,27109.0518457124,19184.9805098775,291.221889370006,0
4704,21028,5.48239393988662,1895.86155757512,26.6462255829563,23.0122307707521,24.0628192805866,35.5092651789657,25288.4537745114,23768.5456024291,-334.689175503027,0
4705,21029,6.13821250975916,2907.74934598967,25.3690387190473,16.6988471315068,17.2741431962971,25.7157438698331,27112.902414378,19153.680436689,280.255060658513,0
4705,21030,5.80312977651679,1795.09768480839,26.6057149484521,23.9639959682123,25.0895384779001,36.9866066626246,25275.1356232818,23776.1146087543,-292.38104399021,0
4706,21031,6.66416205083771,6181.20587514512,26.7279216199945,10.1351457784039,10.3431173460097,15.5688972764791,30503.0212294168,32764.2083857287,926.256862511077,0
4706,21032,5.89477669687543,2481.41408998967,25.3690387190473,18.6870064101868,19.3978212654335,28.7959158817235,27099.4720921923,19170.1643105598,293.476039077022,0
4707,21033,6.70537712266733,5262.67762314512,26.7279216199945,11.25880563446,11.5225746985682,17.3040282941417,30513.0563466726,32767.8031212449,935.923142721455,0
4708,21034,5.29378527264352,1103.44097682603,26.1985663889017,34.7946557618415,36.8440620105835,53.8182364954829,33673.8638760939,29065.2957074239,-286.83341236587,0
4709,21035,5.83950130423064,4414.68131205297,27.3410571826119,12.7060736741802,13.0522582957968,19.5417639340327,28660.3034309179,31400.0220105232,286.570486349014,0
4709,21036,5.19723051283648,1839.04329882603,26.1985663889017,23.4429901711309,24.521048611423,36.1761102094743,33654.0580446107,29082.2213358912,-301.006355004679,0
4709,21037,9.87664495403193,2059.37561032495,25.9647770844478,21.5087474620936,22.4336000686985,33.1735294420984,22370.0450921432,24165.6531497772,-1073.78009323726,0
4710,21038,5.92863265229686,5304.78711975632,27.2624632625678,11.2352489056072,11.5009431193353,17.2685069598569,28660.8108996636,31380.9785460251,303.565385581491,0
4710,21039,5.36018315593373,2680.63983552613,26.1970578091283,17.8060480066476,18.4649088439264,27.4333128734988,33665.4777119463,29083.0625336397,-307.894283497361,0
4710,21040,9.91369749011139,3010.33916883738,25.7396864300655,16.3452305125005,16.9010677515792,25.1691803591219,22344.973831433,24067.7564826467,-1104.6406129672,0
4711,21041,5.95768761226739,3815.90367875451,27.2691660683377,14.0232574764666,14.4462184823299,21.5788426352211,28654.7203671341,31404.8171063205,306.029409691637,0
4711,21042,9.29827653408142,3760.17028683738,25.7396864300655,14.0154628782141,14.4257088289655,21.5634098570719,22330.9744529562,24052.5772177371,-1126.68847975811,0
4712,21043,6.52520117423815,3574.72509482059,24.8058923650243,14.4102433763813,14.8360902479525,22.1719117705358,36377.0244697702,27941.4056125997,984.574614284134,0
4712,21044,6.33889826170757,3169.08505199029,27.1886355756094,15.9413940565468,16.4846830218736,24.5476596333148,28827.627132983,31720.7684260282,540.954993876697,0
4712,21045,10.131164781739,3584.77724883738,25.7396864300655,14.4810729384439,14.9192798138667,22.2837203389326,22303.3743602647,24067.9120340355,-1052.67452161017,0
4713,21046,6.69409826212075,5159.02710674724,27.2719670102514,11.4447975339729,11.7215051235511,17.5922538987532,28974.4754609542,29594.6785854433,929.408738215035,0
4713,21047,6.4736122015271,3778.56649799029,27.1886355756094,14.1104043146654,14.5380182502009,21.7135010199484,28840.7116162024,31753.6731771529,528.076323428811,0
4713,21048,9.62420248644017,4575.13228683738,25.7396864300655,12.278422638508,12.5898617034006,18.8776740711122,22344.6587189447,24045.3543397255,-1027.23905902824,0
4713,21049,5.32617965758825,3369.34118601076,25.8977731277515,15.1302704200222,15.6098641208436,23.2887056239889,21812.7190685864,25930.8870428019,-36.4727725559761,0
4714,21050,6.96411347929624,5574.43746674724,27.2719670102514,10.8749997804902,11.1222634893192,16.712069964302,28997.0392168375,29588.7869599873,954.463990328462,0
4714,21051,6.40368351734288,4207.9434297898,27.2218904901085,13.1147008489793,13.4834776129323,20.1733854824073,28817.2202910472,31717.9896341331,488.282338579266,0
4714,21052,5.78591036186749,1788.89755898579,26.2284115882588,23.9403509912495,25.0583476068483,36.9483325896557,22882.7574722674,25636.5573909698,201.927854411028,0
4714,21053,9.36342390579586,4862.88997187122,27.3412758234816,11.908340434791,12.210247075445,18.3086446568297,28755.7746952438,30476.6868429674,-301.73335951397,0
4715,21054,6.85400289254932,5515.82628074724,27.2719670102514,10.9507834270286,11.2018983987388,16.8291175325312,28972.2983302568,29589.2754860358,913.88612334453,0
4715,21055,6.26186842084281,4042.7704557898,27.2218904901085,13.4763482812012,13.866259845059,20.7327033071515,28834.9456473934,31719.2461863806,530.214188044095,0
4715,21056,6.37940045306934,2682.14347082059,24.8058923650243,17.5961259565575,18.2252342910916,27.1038350332254,36386.0794519661,27920.6774483012,983.829716467836,0
4715,21057,5.86691703874713,1909.99650698579,26.2284115882588,22.7966404935425,23.8243499105337,35.1729937264245,22850.2049763569,25611.1502546306,246.406664295016,0
4716,21058,6.95256894745757,5476.15745474724,27.2719670102514,11.0028874216327,11.2566619386509,16.9095951564395,28983.5896945998,29591.9478683577,918.093346385903,0
4716,21059,6.36806424714797,4196.26756199029,27.1886355756094,13.1365676405764,13.5063720825396,20.2071353443341,28854.9636410006,31731.9057395536,501.265228560084,0
4716,21060,5.22662323485983,3788.93788168406,25.6459599224165,13.9335817474392,14.3382081723228,21.4365440612168,33482.4321249159,15501.6300832455,-579.399988514123,0
4716,21061,6.58877068732399,2999.18571482059,24.8058923650243,16.2674435645661,16.8087919205895,25.0461381923912,36399.5075340847,27955.4087882187,961.028874915729,0
4716,21062,6.35964572473351,2307.05904490286,26.7388359875031,19.9282744900746,20.7449124327281,30.7248158939502,23889.9062122203,26895.4970426892,688.188945135568,0
4717,21063,6.8830844769557,5593.40185274724,27.2719670102514,10.8507796243445,11.0968167404837,16.6746631856363,28954.8599677328,29603.9032167413,915.993692961479,0
4717,21064,5.35057046162288,3937.70148568406,25.6459599224165,13.5735379215675,13.95706617238,20.8796906981677,33471.920822167,15495.5658180345,-568.189206398003,0
4717,21065,6.21175860070833,4424.10450599029,27.1886355756094,12.6754905629952,13.018896596526,19.4941912236253,28848.8589683549,31756.5572886928,572.407440364929,0
4717,21066,6.62973978896821,2959.36270682059,24.8058923650243,16.4200382180024,16.9712580004019,25.2824004744448,36392.0281228387,27953.210642365,1021.82688528344,0
4717,21067,6.50249382643658,2575.83892630606,27.0808419974906,18.4532992592992,19.1671772054971,28.4390766722861,24844.0508109828,27593.2838744478,856.690119561637,0
4718,21068,6.45970533473803,4365.32633882059,24.8058923650243,12.5910490629619,12.9128450371167,19.3589965294382,36373.022908641,27933.2509791265,982.018449577811,0
4718,21069,6.55095512643103,5304.46478474724,27.2719670102514,11.2363270640885,11.5021326518284,17.270187787739,28981.4110469232,29597.4716018239,936.751154272556,0
4718,21070,6.17414615023765,3842.77228799029,27.1886355756094,13.9483410339681,14.366146986287,21.4627642704587,28831.7402939904,31734.1812757335,525.500624309901,0
4718,21071,6.48432459328324,2022.80938254212,27.0398986545734,22.0074975366984,22.9851108055621,33.9514117805159,24802.8610784867,27583.0914395965,833.334239112326,0
4719,21072,6.66413616757799,4179.53702882059,24.8058923650243,12.9629782655405,13.3052586805313,19.9338732292742,36363.4386718743,27947.67033837,1005.60537716468,0
4719,21073,6.73048296482737,7490.01666074724,27.2719670102514,8.98497659732658,9.14304849169541,13.7948143300523,28999.8581766149,29592.1173142057,956.515540683028,0
4719,21074,7.76596811632838,7274.64783964121,27.2234874829763,9.15136287509719,9.31651880149624,14.0514209241869,29034.1457827591,31571.8543166448,1242.67661141967,0
4719,21075,6.73077733904446,2460.55410654212,27.0398986545734,19.0663947007607,19.8237254403364,29.3893809705683,24826.28621183,27558.5443119948,805.523503092902,0
4719,21076,5.6963601812962,1845.34410921876,25.3367778033364,23.191694852595,24.2371281595119,35.7825003801527,35669.7952597901,20487.5399084156,-192.393861812726,0
4720,21077,6.65913027417043,8241.25532913614,27.2738446730322,8.45729068641437,8.59298678689789,12.9810226344808,28981.4449242012,29575.0294802437,938.171742107047,0
4720,21078,6.01380334508338,3769.01592041456,27.1045896775856,14.1267833222564,14.5547268256459,21.7386595620963,27768.5389194612,27770.3875552547,218.041424345179,0
4720,21079,6.83667612430831,2463.18152656817,27.0735710704031,19.056976955027,19.8140130015198,29.3748861253951,24807.8284999084,27556.6088681367,874.176524217128,0
4720,21080,5.65487092938956,1610.31654061217,25.2617304217905,25.6697467602994,26.9117777530986,39.6293683202009,35657.6209450623,20475.4432181315,-170.097877165041,0
4721,21081,6.61271915943654,3823.86267295207,24.8168817258344,13.7654549032292,14.1534244990751,21.1746392844776,36387.8832470758,27930.7531574584,984.644368133372,0
4721,21082,5.50208871814816,2189.73908342909,25.2114986498197,20.4243141056335,21.2580632056015,31.4887079613503,35666.0144962459,20499.337558503,-193.470366013378,0
4721,21083,6.39479705389778,2361.06899056817,27.0735710704031,19.6511151073824,20.451400665629,30.2961224049226,24826.3539036905,27559.954747015,815.145508948582,0
4721,21084,6.63062613223051,3101.09949641456,27.1045896775856,16.1757773550478,16.7336963297809,24.9104086604817,27727.7832543078,27720.8023318515,172.89775528548,0
4721,21085,6.74356393742808,6094.00666713614,27.2738446730322,10.2599303538935,10.4767044628648,15.7623076642108,29015.600736307,29574.4707452181,906.367457529651,0
4722,21086,5.70001916748045,2627.10936542909,25.2114986498197,17.9174729024807,18.573039498857,27.6029388847855,35671.401231335,20484.9125105244,-169.806564779106,0
4722,21087,7.30517519837465,3470.87319778107,25.0072302035954,14.7261486072561,15.1728239621627,22.6611368420427,35712.4786605784,30074.6749954989,1088.02894933454,0
4722,21088,7.37517591549291,2449.92643899414,26.573283188281,19.0521721603901,19.8030913351469,29.3658462727462,27315.9579397616,35409.5846586258,1115.14484884046,0
4722,21089,6.51826970866234,2157.57077656817,27.0735710704031,20.9900119478627,21.8901416010204,32.372802098384,24797.4646107942,27570.6701543389,892.040450977392,0
4722,21090,10.9345481523734,3526.27650401522,26.8861534318896,14.7669269995577,15.2324654129878,22.7287436483157,31716.9820144174,29751.5964726506,-917.28788266966,0
4723,21091,8.27103395926055,4606.31170112385,26.8825250264459,12.3125186968425,12.6335701842496,18.9325084008584,31666.3289133179,29291.5507279035,-1411.28058036512,0
4723,21092,7.2575390327792,3622.94309499414,26.573283188281,14.462030600003,14.9061082037254,22.2561937315863,27321.9549362318,35409.8378186528,1151.61822982017,0
4723,21093,5.61620454171536,2970.07621142909,25.2114986498197,16.4316878093712,16.9878392902218,25.3015882843074,35678.269106822,20504.3123362662,-173.886838968701,0
4723,21094,5.56085168012837,2843.72449161358,24.9100912657492,16.8995071392756,17.4832164302744,26.025167717958,36117.0345899797,15055.6832729869,-26.0671986125711,0
4723,21095,6.50210878040426,1899.84455056817,27.0735710704031,23.0666807044717,24.1276202934574,35.5954587841154,24819.3112664314,27563.587002871,852.817841557801,0
4724,21096,8.02618100897575,5216.63013512385,26.8825250264459,11.3347322464111,11.6033557683447,17.4215714165365,31682.7868944294,29282.6685354565,-1452.56832034407,0
4724,21097,5.79113964583136,3835.22488161359,24.9100912657492,13.7469622355067,14.1346278642575,21.1462529081632,36129.5935836737,15054.2202160565,-20.630132462408,0
4724,21098,7.27868498198668,3424.18047099414,26.573283188281,15.0363452840671,15.5160456472672,23.1449842929649,27320.7770993626,35416.6028876302,1149.647290925,0
4724,21099,5.40101665461805,2778.09759542909,25.2114986498197,17.2220280757695,17.8304455238592,26.5255857869522,35685.7337895242,20510.5173196405,-180.484495752044,0
4724,21100,6.50840182173819,1924.02909856817,27.0735710704031,22.8497071361066,23.8935309477995,35.2586624269891,24807.3746394846,27543.5682734391,837.916919429327,0
4725,21101,5.74916133218327,4072.84273753107,24.9619096415189,13.2045461235912,13.5615725209972,20.3076523647449,36130.6899509308,15051.6231663888,-25.7121387205272,0
4725,21102,7.10465912335193,3960.3945630074,25.1472287718316,13.473830388862,13.8476501558398,20.7244147355469,31727.3863812394,14963.6119746308,952.165092490753,0
4725,21103,5.38169195789966,3005.69225342909,25.2114986498197,16.2952202259966,16.8424941503765,25.0902819369336,35678.505503041,20480.8749749825,-176.103210129183,0
4725,21104,6.69515775521266,2343.84465856817,27.0735710704031,19.756057151247,20.5640512669641,30.4588588043396,24832.7711170607,27559.8684179806,822.572095745157,0
4725,21105,9.46473508772101,3849.73294653028,26.0962950599736,13.826858832105,14.2288080229159,21.2724692112496,34027.6350350778,28387.261563445,-1198.34617803946,0
4726,21106,5.62304682869416,4297.57542889729,25.0410372236506,12.7436871159093,13.0755877697748,19.595391703541,36106.8193627917,15061.1437740988,-43.954506330681,0
4726,21107,7.16467666699536,4460.8032570074,25.1472287718316,12.4389698013968,12.7549654190867,19.1246436932159,31730.5255021906,14969.2330825009,919.994393597327,0
4726,21108,5.68308328614472,3218.19910142909,25.2114986498197,15.5383407401521,16.0371955196946,23.9185551937062,35680.7178065793,20500.2024309808,-200.988478263739,0
4726,21109,8.88715610515917,3729.66922053028,26.0962950599736,14.1292145120448,14.5491759720019,21.740181318186,34052.9535663609,28387.3999061326,-1196.94264193413,0
4726,21110,6.52849383086216,2169.37671256817,27.0735710704031,20.9059605000581,21.7997293649221,32.2424091732563,24815.4505373605,27569.0863923982,877.796162496248,0
4727,21111,7.1662140399191,4396.9058310074,25.1472287718316,12.5593657123812,12.881921560236,19.3107156738298,31744.8104311714,14989.8150306508,936.205439007358,0
4727,21112,5.6005503200554,4270.23838161359,24.9100912657492,12.7868821226027,13.1201915945664,19.661888990887,36125.8324844987,15051.1532961132,-42.820037866471,0
4727,21113,5.43637164932454,3067.47518342909,25.2114986498197,16.0653466103348,16.5977672987565,24.7343734403901,35654.9281483731,20501.7409333515,-172.61938974866,0
4727,21114,5.63730929138056,4352.50552715932,26.2558448062388,12.7382841239093,13.0787049220994,19.5894720716757,33221.2779713956,27869.0061252883,-54.0098026712415,0
4727,21115,6.63773133303806,2277.59045056817,27.0735710704031,20.1734338568414,21.0122875507165,31.1061519123265,24805.9359045217,27541.30280436,836.515296074976,0
4727,21116,7.20263810038988,3333.42220842048,24.8550092922211,15.123801781647,15.593438980653,23.2760628998638,31756.4735409009,14998.1890208267,957.228490216674,0
4728,21117,5.59955904209621,5542.19582961359,24.9100912657492,10.7654768561307,10.9937483019244,16.5392031005468,36126.6344264369,15052.485128924,2.04689945609046,0
4728,21118,6.71527498442698,5544.7027170074,25.1472287718316,10.7777079274411,11.0079732010519,16.5584731858777,31753.3919492,14979.3897465345,918.59944131155,0
4728,21119,5.46708099245881,3054.92036342909,25.2114986498197,16.1113735263486,16.646758049775,24.8056331445638,35655.7378433428,20494.8957971912,-168.84446528509,0
4728,21120,6.58605793884298,1820.55095056817,27.0735710704031,23.8159751624306,24.9365502843638,36.7586968171984,24831.942011726,27559.1275410656,825.247341021592,0
4729,21121,5.86745820702708,6575.32535961358,24.9100912657492,9.64209199882977,9.81807914438766,14.805455350673,36120.9275899693,15057.6577212492,-40.0197128258307,0
4729,21122,6.50259980347897,5349.35288034443,25.0745455682316,11.0280098978718,11.2701575340749,16.9448332287091,31004.6139589041,15465.3731901182,778.595650571444,0
4729,21123,5.75202263443426,3489.37662661217,25.2617304217905,14.7002356866779,15.147603517513,22.6216683986601,35653.8661134115,20488.0165759996,-169.997929351988,0
4729,21124,6.89651717939596,4717.05805456817,27.0735710704031,12.1328664992456,12.4452980567367,18.655178401673,24796.5470701001,27570.5375139361,830.973033280223,0
4729,21125,5.88628055934017,3617.7362707719,25.029681559656,14.3165095911748,14.7387061146577,22.0274483752436,31839.9902910639,14982.6283360311,850.67508453927,0
4730,21126,6.66113417138881,3817.08110503932,25.0052407843093,13.800638353824,14.1922073838242,21.2294787818258,31017.0594214785,15461.4458427359,839.98662265992,0
4730,21127,6.14784650692931,7563.94953510022,24.906059566719,8.82201473313915,8.96285304423605,13.5406378514626,36178.766426254,15120.2460570229,-108.387024181615,0
4730,21128,5.34459863091926,4769.91490666096,25.4325804345749,11.9190969361521,12.2092056120367,18.3218520213735,35540.6908176522,18185.2802446828,-354.33819989607,0
4730,21129,6.81218562830062,4549.96425822138,26.9666141069755,12.4211243328017,12.7487562114934,19.1005410299075,24790.3529319085,27574.6868581468,813.708099264491,0
4730,21130,7.0368499694793,3219.01023187225,27.1031692648597,15.7579184363113,16.2884530245524,24.2633405314295,25179.1891983475,27853.2351294694,89.2424226391975,0
4731,21131,6.85990911098392,14252.2930222798,24.6804487871603,5.98292535158468,6.02434944305173,9.16800275784718,36617.6910928394,15322.5840544571,628.487854499787,0
4731,21132,6.59536946590809,5863.12924992795,26.9977509653362,10.5051039206562,10.7323989646489,16.1404429481367,24877.4768700493,27574.0458475337,782.20834892512,0
4731,21133,5.43054014898992,6794.3540544272,25.421896443156,9.46907869820101,9.63994232276539,14.5392490835807,35519.043598159,18192.2025103687,-323.645483314382,0
4731,21134,6.94633644980331,11754.3065449798,24.7686766958784,6.71757654170212,6.78102027319606,10.2984548127299,36478.1641690802,14860.4873304008,-1340.85124482092,0
4732,21135,7.04541981414416,16757.1558202798,24.6804487871603,5.43747849242365,5.46463614558918,8.32926838196518,36601.6104841282,15298.5648944152,623.669546541742,0
4732,21136,6.30478079446742,3171.84149022138,26.9666141069755,15.905493697875,16.4443856551658,24.4915037132019,24780.0005595527,27553.9188771712,693.020656326837,0
4732,21137,7.74548709207986,3857.62322894604,25.1631389686123,13.717463656263,14.105486133883,21.1012043667303,31576.603682263,15377.8688536289,1222.30397811565,0
4732,21138,6.69796937320568,17634.4828027482,25.3286993309198,5.289051248336,5.31394808401838,8.10148181952009,36287.9692683322,16199.7195096917,-134.908606077695,0
4732,21139,7.34016704230557,10720.5905563187,25.2717605651218,7.11911460635551,7.19726549731407,10.9170663306219,36055.3455150136,18078.2748253162,521.606487085971,0
4733,21140,6.93691801956385,17061.1146202798,24.6804487871603,5.38047553842986,5.40623989086696,8.24164197485787,36608.6610175431,15307.9230207217,652.491034125614,0
4733,21141,7.41573763506634,12574.8934183187,25.2717605651218,6.46308378379489,6.52007078313116,9.90717676458122,36078.4360396516,18087.5575486243,510.85249375785,0
4733,21142,6.31700989113038,3243.35991222138,26.9666141069755,15.6594008545967,16.182307855144,24.1104602699584,24763.9447533263,27539.5470485281,721.744473920233,0
4733,21143,8.01540516787376,4310.63197094604,25.1631389686123,12.7283255519457,13.0602805378636,19.5718962423523,31534.8880961678,15433.4418275165,1224.27460459985,0
4733,21144,8.67486593649654,4124.2389883456,24.9716963592004,13.0944588861027,13.4453607577987,20.1374780922056,36030.479333396,22916.6993444379,-1386.36504816348,0
4733,21145,5.46813799982414,4261.26916270137,26.5229840894157,12.9440380485517,13.297992683389,19.908104492835,26367.9837250255,24793.2191421673,-488.044426627519,0
4733,21146,9.08123061246723,6040.8063836901,26.5174415787287,10.2752067571832,10.4887792357258,15.7848027824533,33299.8255186672,30932.410556116,-1082.11636452957,0
4734,21147,7.32509763014431,16292.9944703829,25.575102791632,5.54542594739442,5.57724363825014,8.49576931817261,34987.5442567118,16341.1034930657,917.541555188998,0
4734,21148,5.51866763847807,15760.9509143488,25.1818096754633,5.64723863804053,5.68082728496413,8.65207914824042,35471.4201157537,14902.2668645596,-286.509760638133,0
4734,21149,6.8375683591378,14233.3066102798,24.6804487871603,5.98766721373894,6.02922257281826,9.17529633566212,36613.6955493294,15304.745735772,651.938817816748,0
4734,21150,6.38198723894601,3773.92220022138,26.9666141069755,14.1007927196799,14.5260645643072,21.6981454200795,24754.9289997278,27539.9780389606,730.299117222368,0
4734,21151,7.38477238159753,9600.76141634961,25.2080455244755,7.61531076302164,7.71062845123636,11.681227671416,36089.3585799458,18100.945874342,571.083008433735,0
4734,21152,9.54804705878526,5035.85338135012,26.0755174472665,11.545259855355,11.8199068935028,17.7454394461274,34316.6016064641,30628.1270171497,-1083.26775600947,0
4734,21153,8.42666094224737,3918.9346423456,24.9716963592004,13.5533259829198,13.9303088079052,20.8469527101973,36015.1117971189,22894.3968136489,-1410.74113882564,0
4734,21154,9.68345727086161,10821.4166044587,25.6448237031625,7.09001534899788,7.16837186856008,10.8725887035688,34872.7892049123,17213.5214846226,-428.845730067737,0
4734,21155,5.43450071323352,4893.52549270137,26.5229840894157,11.7991877276384,12.0900468635583,18.1385418745643,26394.3038103378,24778.3404570324,-449.797114876444,0
4734,21156,5.50186284497963,3932.60638373109,25.9275270606053,13.6120128105137,13.9999986037052,20.9398041458262,26960.1099724977,22750.9483606796,-104.413450923178,0
4735,21157,7.14640562638399,10077.0370103829,25.575102791632,7.4040946330355,7.49312695706111,11.3562303192893,34984.7456921721,16355.7443553173,935.575682088664,0
4735,21158,6.10541230671635,3804.29605422138,26.9666141069755,14.0235331790756,14.4441346413808,21.5786145232117,24774.4087135834,27526.3824489814,678.149477198645,0
4735,21159,5.62472379105816,3947.88569359545,25.193062449429,13.5070337654537,13.8831266372482,20.7758582725917,30703.3593469845,16742.6968003028,13.2236664075262,0
4735,21160,9.31608179808767,5720.73997324392,26.0406192891113,10.6164587949627,10.8439726299508,16.3109276162547,34344.2226003797,30690.5214918047,-1096.22937228007,0
4735,21161,8.42761469425074,3861.9313543456,24.9716963592004,13.6884618208331,14.0732420060267,21.055924107059,36041.1739020679,22925.4023934847,-1422.74193932767,0
4735,21162,7.44018255445414,3204.28642634114,24.4104852867711,15.4886117818626,15.9766233133133,23.8394591984692,31961.8931569304,12837.4068885649,1026.20500291716,0
4735,21163,5.6469941697914,7640.43133066096,25.4325804345749,8.79017951251962,8.93202957150083,13.4921959455524,35477.0623854907,18199.9375072674,-380.43820808922,0
4735,21164,5.64005000648066,4036.14141670137,26.5229840894157,13.428399641341,13.8102575946449,20.6570995470902,26380.0202305158,24791.9282145746,-444.903258914017,0
4735,21165,5.70966817405238,2507.79857774223,25.9195161313013,18.6324314371216,19.3458627421954,28.7131111464048,26970.757199568,22750.6657189139,-73.6401959852297,0
4736,21166,7.00004534326554,9575.37283438294,25.575102791632,7.64065787186614,7.73820434509817,11.7206380791879,34987.3460208323,16360.4007490464,924.029713115616,0
4736,21167,5.79129138981043,3938.89908559545,25.193062449429,13.527880630932,13.9051737589305,20.8080947390348,30698.9730108716,16733.4329898491,19.1087246100908,0
4736,21168,6.22240087276363,5150.01857622138,26.9666141069755,11.4371738070826,11.7116491599511,17.5799699697754,24781.4458562097,27524.62292918,709.808150802867,0
4736,21169,9.17646699596033,6409.69122724392,26.0406192891113,9.8628154383686,10.0545194648532,15.1476099638151,34343.7762424783,30685.8927178822,-1118.43823643344,0
4736,21170,8.66492425203131,3985.0126423456,24.9716963592004,13.4010211720736,13.7692790948925,20.6114488433015,36031.277594676,22866.6719376429,-1426.82218128572,0
4737,21171,5.74539845815176,4207.02158359545,25.193062449429,12.9403573014291,13.284311462249,19.8997139847765,30678.9433738222,16731.1989141902,-60.3239116836578,0
4737,21172,6.50679856656528,6474.88294438294,25.575102791632,9.77368732321112,9.95895742979357,15.0094239680973,34931.6761000755,16326.4853210922,865.480302799318,0
4737,21173,6.28042288672092,4798.48361622138,26.9666141069755,11.9870622498834,12.2908573524297,18.429647004008,24786.1741554562,27529.5699882119,629.766356354412,0
4737,21174,6.82579405133611,5954.13488768177,25.1763563642755,10.2926552554919,10.49983029886,15.8097385995491,35326.6397103212,15559.8691044047,-73.28418532196,0
4737,21175,8.12544722511538,2797.4368003456,24.9716963592004,17.104398996945,17.7023610695981,26.3426767600127,36049.0472256794,22931.3933130517,-1487.6452810254,0
4737,21176,10.1293001752826,2936.49939124392,26.0406192891113,16.6719981017391,17.2523944560675,25.6760566961694,34289.9636231104,30640.1207592705,-1107.71369355161,0
4737,21177,6.05142985364176,1664.26550055437,24.7787194297982,24.9165482344707,26.089639593602,38.4575757696799,24742.7205403277,19119.1717670459,556.599030688587,0
4738,21178,5.87196190824108,4082.61753123641,25.3546235325027,13.2190861309578,13.5799767573896,20.3309708136741,35235.308263537,15488.594773088,123.394664385817,0
4738,21179,5.6817818353625,3971.29933159545,25.193062449429,13.4531169360913,13.826111385226,20.6924857990178,30711.0384181223,16765.9718257657,-85.8988566151893,0
4738,21180,6.40972931642973,5208.93812622138,26.9666141069755,11.3514768684146,11.6214736227135,17.4475775398203,24775.4728040625,27501.3158211752,503.027393579179,0
4738,21181,6.17875769906403,1584.09944386047,24.7452610066065,25.8531001493048,27.1012575402578,39.9116722883321,24731.6420676716,19129.0706256137,429.811572816963,0
4739,21182,5.492968686718,4242.01489088458,25.2275527726844,12.8716048790801,13.211982260848,19.7935039610686,30714.7893834651,16753.6714757461,-215.135307576762,0
4739,21183,5.54985321384114,3716.17096923641,25.3546235325027,14.0897139835544,14.5011770923093,21.677384976206,35232.1140951276,15491.0086231165,12.4188544911641,0
4739,21184,7.52031967444729,3236.8334743456,24.9716963592004,15.4478484228743,15.9387305942201,23.7778623423161,36026.9890396203,22976.1980898074,1141.50887281784,0
4739,21185,6.36398751768141,5138.23466622138,26.9666141069755,11.4545221118359,11.7299071194109,17.606772035509,24790.3745168235,27496.4081795575,393.371646804758,0
4739,21186,5.95996447662846,2142.53806455438,24.7787194297982,20.6691193356271,21.5150599523068,31.8667369337377,24719.0879642408,19098.903300631,318.833832079237,0
4740,21187,5.46965342641512,4054.06601173902,25.2746843546397,13.2745007406475,13.637925458991,20.4164800836181,30688.6280229213,16754.4490805126,-200.240388220558,0
4740,21188,6.87973754021718,3399.09802925378,25.1309599453853,14.9530443044906,15.4147072416869,23.0125251467159,36040.944522641,22974.298031175,1125.35158334378,0
4740,21189,6.52894233774224,5465.10785058286,26.8845335958952,10.9927143966526,11.243765079162,16.8932736184037,24804.7310721054,27504.8659926684,399.155168307791,0
4740,21190,6.07816258044309,4364.40958556139,25.4038131273516,12.6434876696434,12.9725202788199,19.4412482745881,35224.8402298585,15445.6115335176,66.8519778805773,0
4740,21191,6.13149550849692,2650.38962533759,24.8021230842722,17.7445887869004,18.3837062811169,27.333811745079,24708.9850762899,19097.7698780721,265.563244069096,0
4740,21192,4.14839547370282,4674.23885896362,26.8325929606674,12.1886784468486,12.5025893528041,18.7410050174048,24992.5661874477,26872.820883498,-204.526928240457,0
4741,21193,5.6034874617068,8222.84744367355,24.9280511305497,8.3725555437197,8.49539227493628,12.8477773473935,35501.045990763,14276.0779477223,-83.3320095162912,0
4741,21194,6.64146737092036,5011.51680890394,26.8676931765592,11.6386472894406,11.9231379321293,17.8910825169795,24789.1107979397,27432.4484999477,351.773158099855,0
4741,21195,5.63603207060081,6949.15139715656,25.5897126956327,9.34248836320499,9.50859238480722,14.3441915568332,34648.5164482821,15695.5562259287,-784.940000932876,0
4741,21196,7.48124353998605,3034.08315725378,25.1309599453853,16.178266957913,16.7171594200101,24.9089785442545,36052.3599668156,22967.4149944593,1082.51155764613,0
4741,21197,6.10923137632478,1910.38210333759,24.8021230842722,22.4875539861582,23.4704743369571,34.6875810861193,24717.4747944674,19115.6471947168,309.415477988915,0
4742,21198,5.57678815829369,7470.81372567355,24.9280511305497,8.89221019784013,9.03604924863648,13.6488994339606,35515.1718510911,14271.8423211673,-113.086595084165,0
4742,21199,6.2834820622145,4778.66450225578,26.8487252645498,12.0114084300228,12.315764486344,18.4670628532141,24771.8452957818,27177.8614743868,172.325987054776,0
4742,21200,7.02722514335081,2690.23527125378,25.1309599453853,17.6062593067245,18.2396990149519,27.1205370622284,36053.6571555211,22965.8006758236,1075.13001251584,0
4742,21201,5.93232952672861,2357.90637133759,24.8021230842722,19.2893702006656,20.035818138205,29.7276394854075,24761.5451157214,19150.0331310952,286.642938663748,0
4742,21202,5.44978494561156,4816.59966545176,25.6767856136053,11.8608389806212,12.1494885101561,18.2322874324875,34633.8782712631,15689.7156450286,-889.775926476611,0
4743,21203,5.4866440078452,8319.32132367354,24.9280511305497,8.31178699158036,8.43224204088858,12.7541143712823,35580.4565723565,14340.2965824041,-143.757786131274,0
4743,21204,6.00330219231482,3153.04497133759,24.8021230842722,15.710466359634,16.2162235385359,24.1838915489657,24746.6964899343,19122.061207725,312.295201661697,0
4743,21205,6.34491911068305,5416.31720225578,26.8487252645498,11.0553835017625,11.3094195377417,16.9900107407474,24753.6495278097,27139.4681707838,160.408316420041,0
4743,21206,7.43698649217447,3472.64284325378,25.1309599453853,14.7345577240916,15.1828519866303,22.6744528278007,36040.525287234,22959.1204214077,1163.59984166816,0
4743,21207,5.70068217903025,8041.27062690338,25.5364050741735,8.51636169460533,8.64745447920809,13.0701525018652,34654.4460735762,15682.9685355119,-870.510943266572,0
4744,21208,5.47185851786767,9059.07474461477,24.8649953737712,7.88072162329012,7.98450331697817,12.089770921595,35652.5964039507,14356.4509392941,-36.7342016397171,0
4744,21209,6.06495247707846,3009.74381533759,24.8021230842722,16.2271163130589,16.7658266744207,24.9836914699085,24728.1928202539,19106.8924883392,477.774575038165,0
4744,21210,5.96967538295522,4075.79281625578,26.8487252645498,13.368737887936,13.7495588441342,20.5655027954317,24731.8601972279,27184.4173307277,282.546732148224,0
4745,21211,6.07477413635018,9196.84737461477,24.8649953737712,7.80749229225937,7.90856700952117,11.9769469919348,35618.3368074746,14300.3957517275,287.289554976583,0
4745,21212,6.22538228620029,4528.07470025578,26.8487252645498,12.4520503010758,12.7806056663318,19.1481270444597,24698.4212993547,27194.4571019761,429.909226256624,0
4745,21213,5.09476230024827,8245.73391315655,25.5897126956327,8.38555405397873,8.51161979098224,12.8685656459624,34629.8563510179,15689.1699521582,-463.178686334426,0
4746,21214,6.25618540541728,9322.69372767355,24.9280511305497,7.74452621347784,7.84352575551652,11.8800055550076,35614.4838414883,14310.7445876593,396.847633409474,0
4746,21215,6.27770488242658,4492.54676225578,26.8487252645498,12.5180633228491,12.8502967614522,19.2501724289478,24709.0944445355,27197.8052927316,522.440909392233,0
4746,21216,5.16493975505727,8423.15334315655,25.5897126956327,8.27460599882428,8.39627715416294,12.6975479416127,34606.1428889149,15697.5742465689,-408.196943514286,0
4747,21217,5.26921680796492,4169.42614515656,25.5897126956327,13.0538866290208,13.4072025131653,20.0760488727962,34595.3882738687,15696.4807511378,-227.401490649272,0
4747,21218,6.59685100412944,3693.90036186829,26.810974087242,14.2943194945469,14.7301006972581,21.9972296099284,24676.0865232703,27221.3125354548,693.539214872184,0
4748,21219,5.50976114804579,2736.10622115656,25.5897126956327,17.4623570006037,18.0910853461925,26.8989994914967,34602.4578527835,15674.0100004279,-106.117630445756,0
4749,21220,5.5076008850582,3277.34771988822,25.5569758254309,15.3838059375256,15.8761819795711,23.6802579576498,34595.7646813158,15667.5155860582,-61.6798516613769,0
4750,21221,5.51229087027264,3429.32838704198,25.9515261257074,14.9527893725469,15.4218036757668,23.0141600246113,34600.3126285713,15665.4989885609,5.22920797554647,0
4751,21222,5.57794655873753,3300.23400104198,25.9515261257074,15.3551682198478,15.8493808245469,23.6369343082545,34558.9104821997,15640.8742276523,76.6519361214174,0
4752,21223,5.43255315475929,3398.35983104198,25.9515261257074,15.0467890039119,15.5216524245991,23.1596358905922,34582.3500213036,15652.8712293676,75.8199257649121,0
4753,21224,5.56933166710156,4230.17172104198,25.9515261257074,12.9588661270541,13.3095011471259,19.9298833100366,34592.0425354563,15654.3574218469,49.9633012209553,0
4754,21225,6.41443085246136,10649.9356597598,25.5992420865363,7.15813549541733,7.23867188968078,10.9774473775294,35951.0118842631,15626.4301596742,659.378561474206,0
4754,21226,5.80962420378963,10094.726377042,25.9515261257074,7.4085315860101,7.49899113005293,11.3634167040465,34581.8238415144,15655.612383726,153.655687831168,0
4755,21227,5.93295103903874,10238.203741042,25.9515261257074,7.34453171620025,7.43271514361789,11.2648372841837,34582.7658161551,15650.2849873481,282.356359193125,0
4755,21228,6.79493029627338,11869.2950197598,25.5992420865363,6.70127381256277,6.76665545058117,10.2740423632839,35945.4036625671,15633.5110583324,823.816022520364,0
4755,21229,6.71462287191611,7395.68038713265,24.7256298975934,8.93955069710433,9.0844346532915,13.7216409830143,35950.8124414329,15628.4518818777,827.201604420155,0
4755,21230,5.76401423129839,3212.82311300586,25.8648831391123,15.6339919210345,16.1450946857804,24.068321136905,32034.9970855146,20533.9044670519,32.8815614997522,0
4756,21231,7.02909854468622,10535.4224857598,25.5992420865363,7.20562692692444,7.28779711419036,11.0505834957993,35933.3323404953,15634.8484995342,945.124363880829,0
4756,21232,5.96127802877039,2709.15457100586,25.8648831391123,17.6248853265671,18.2676791215641,27.1516206341178,32033.4402252873,20525.4800535666,128.85873713827,0
4756,21233,6.65509700156351,8939.61864547909,25.9878051940778,7.98836729401718,8.10044715185844,12.2568171372135,34918.4786451658,15967.5430227661,1103.69923322403,0
4757,21234,6.83831928299033,6081.29853036772,25.6401417283799,10.1801867748672,10.3845877516779,15.6368435421238,35942.6517454917,15644.7604734985,936.130693393934,0
4757,21235,5.95050701718081,3258.61516700586,25.8648831391123,15.4809661337471,15.9823388053748,23.8314379062945,32042.2390936868,20500.5711906333,145.046765521102,0
4757,21236,5.75916277046437,3204.93539935111,26.1229401074905,15.6912939923684,16.2084802271048,24.1576965084793,34257.262705224,17931.1908439602,382.424685393952,0
4757,21237,5.3614367827012,3883.05195395308,26.9149278117601,13.8234303035884,14.2316123938386,21.2689393727699,33356.8159249066,29386.9725704693,-216.695521695178,0
4758,21238,7.00948147548663,5562.45828375983,25.5992420865363,10.7843877732813,11.0176195299622,16.5695160294353,35948.987032246,15636.0604630124,921.569967790524,0
4758,21239,7.23926139587219,5130.81960684992,26.6441647935181,11.4432353456496,11.7160749551874,17.5887954809715,33793.874350432,28823.0353434278,1088.60933459752,0
4758,21240,6.1813924805388,3055.11695300586,25.8648831391123,16.1928144266226,16.7399409195923,24.9335110499271,32000.9138486875,20614.6851054171,141.575207298853,0
4759,21241,7.21031211753106,5569.18105884992,26.6441647935181,10.8423141458823,11.0844058502888,16.6606174936184,33809.3080652799,28829.5988260105,1109.4093151591,0
4759,21242,6.98288852431736,5964.96140775983,25.5992420865363,10.3057500969826,10.5158604289668,15.8305911328407,35939.9324972284,15641.5923518654,934.565432389412,0
4759,21243,5.81647157323315,2548.69504470858,25.8546064901804,18.4076627823069,19.1045420665583,28.364546656047,31925.8031933513,20663.1383667543,206.866218827458,0
4760,21244,7.01061164919042,4732.00834743927,26.9272295409863,12.0962154362089,12.4056921233272,18.5982699822778,33807.6270525082,28827.5965194162,1152.91933536914,0
4760,21245,5.92542636097106,1644.8750782781,25.8649837235084,25.414120582807,26.6452887075237,39.2351453335807,31919.8868543467,20651.7394644708,190.672090125928,0
4761,21246,7.52662681356001,5281.29273543927,26.9272295409863,11.2459351155356,11.5102183844987,17.2844723578063,33817.2808386784,28807.9835623527,1127.19570630852,0
4762,21247,7.18070044454715,5127.35302143927,26.9272295409863,11.4678919224676,11.7437404021463,17.627362003665,33812.1901179147,28809.8162705053,1137.73646907667,0
4763,21248,7.20841831897252,4803.15232743927,26.9272295409863,11.9763730209759,12.2793360989781,18.4130579361585,33823.9194122376,28836.0447141542,1155.46930678878,0
4764,21249,7.34263410372612,4432.85121543927,26.9272295409863,12.6374768523336,12.9769400866557,19.4349251600099,33816.660191357,28830.798763854,1154.93886420524,0
4765,21250,7.27834879182729,5725.27081743927,26.9272295409863,10.6653400770763,10.9001745898987,16.3877609184328,33820.5898170585,28812.6571988674,1136.56663067082,0
4765,21251,5.400033476285,5214.18198396158,27.428014208495,11.3750149717783,11.6489791987803,17.484696856372,33261.9633320095,29329.6238640798,-54.6490169458544,0
4766,21252,7.09700097334147,5935.50898743927,26.9272295409863,10.417295569237,10.6399128630128,16.0047633509973,33815.210743581,28836.5999469887,1136.58986611754,0
4766,21253,5.91302846529981,4048.0418734996,27.9793569871675,13.5317877985678,13.9305691220661,20.8199963790451,29682.4230226215,31148.9952627941,543.83049864343,0
4766,21254,9.48755401669247,2698.35179348663,26.8004537605223,17.8088683086752,18.474428227247,27.4394749863834,33705.8027508882,31242.2950134345,95.782788579115,0
4767,21255,5.89782498262925,7760.3920174996,27.9793569871675,8.81524075546449,8.96889612231199,13.533819577924,29691.768043655,31173.1398339848,511.858160168189,0
4767,21256,7.24825003427712,5899.84889343927,26.9272295409863,10.4582714285564,10.6828916215557,16.0680286627694,33813.4271221108,28828.6715678141,1141.31828875822,0
4768,21257,5.85656304038706,8015.4090454996,27.9793569871675,8.63617749164677,8.78214942890029,13.2576452190339,29705.4305384481,31177.9394050679,518.273441054079,0
4768,21258,7.24366082332476,6681.74986743927,26.9272295409863,9.6487423504879,9.83494729259114,14.8184599766597,33819.6090724531,28815.0796213255,1135.10388256423,0
4768,21259,6.22930953827019,5555.65110036917,26.1684329770388,10.8294101300941,11.0681493266066,16.6399424097979,33898.3940883358,28798.8250467387,1135.38672121548,0
4768,21260,6.48924610233875,2318.12852975065,25.7440767448837,19.6896379951786,20.4765967218881,30.3514058404785,31764.8754673618,16339.3715927639,752.044991963608,0
4768,21261,6.74272394155273,3897.96226123665,26.2756951566293,13.7271171030622,14.1245928325739,21.1185839433169,34618.1733054499,26706.1251298554,658.897915134447,0
4769,21262,5.741914268839,8243.0037034996,27.9793569871675,8.48451628806227,8.624086680633,13.0237629734115,29699.2946544073,31163.228210822,555.010897284852,0
4769,21263,7.08549550404946,6065.08794543927,26.9272295409863,10.2719744427868,10.4875378615952,15.7804060838934,33804.7841643885,28808.8072932606,1150.26016557068,0
4769,21264,6.51982503783045,3851.90589523665,26.2756951566293,13.8387573763497,14.2428375000571,21.2912668673208,34593.2519391601,26677.178086863,656.074619711472,0
4769,21265,10.516956184169,4925.66344836917,26.1684329770388,11.7222576247814,12.0067759842045,18.0190530951983,34263.627466175,27858.9860013726,-63.6346251663131,0
4770,21266,5.82498922260439,7747.00485875702,28.1817875405561,8.83358563666396,8.98886027667862,13.56234371281,29697.2795876759,31158.9821794379,531.687887307961,0
4770,21267,7.18950089605101,5140.77342734785,27.1125436318963,11.4607882667916,11.7373816823352,17.6166956831544,33820.4801682964,28824.547409252,1115.78525276691,0
4770,21268,6.09273532610157,3695.86257935263,26.3866097537776,14.2466970691217,14.6761192763832,21.92259255144,34617.7298787772,26677.8992935337,697.058164769617,0
4771,21269,7.23651745885106,4610.16708734785,27.1125436318963,12.3234562268429,12.6466422284292,18.9498366423054,33809.8511276826,28833.6123830365,1142.85346287574,0
4771,21270,6.30560291382258,3020.00666035736,26.3578019862688,16.3867286005475,16.9514006270618,25.2351258018686,34607.6629113362,26674.1517807459,651.228589766748,0
4771,21271,10.5659497667431,3278.85742707999,26.0265428973305,15.4332197729911,15.9330587417347,23.757940517993,35030.0550508099,18640.4304367592,-1072.3572512478,0
4772,21272,7.30018470599377,5155.55287334785,27.1125436318963,11.4390280756282,11.7144779391137,17.5830768228225,33818.5015511459,28855.3832713596,1123.6705712079,0
4772,21273,6.11497761227199,3457.60733735263,26.3866097537776,14.9154402259519,15.3859496692923,22.9574096900208,34617.7600364028,26697.2994571722,608.25473918616,0
4772,21274,5.65365370864467,1399.37597075702,28.1817875405561,29.4547674366946,31.0661555081134,45.5244133615769,29695.8887780674,31225.0261085827,595.4257773075,0
4773,21275,7.33355652172287,8001.31207334785,27.1125436318963,8.6097641137335,8.75115810880467,13.2159532803444,33833.3371309464,28835.4680648224,1150.11266134455,0
4773,21276,6.12946701125344,3859.52765035736,26.3578019862688,13.827963103282,14.2320527774601,21.2747490949114,34615.2521093554,26692.1425824969,634.017103642821,0
4773,21277,5.30819339300004,5968.40924927515,26.2973168354395,10.3430747630569,10.5587380007459,15.8892497754852,34481.668055424,28318.5300038169,201.234749497516,0
4773,21278,5.94577992973149,6442.75263983599,27.6351501671445,9.91548439433199,10.1175465081834,15.2310813756389,33130.7099216084,29370.7438582752,183.58830516484,0
4774,21279,7.38193233015114,7835.36818934785,27.1125436318963,8.72464273236369,8.87087176566533,13.3931079397476,33847.6741335832,28797.5928645634,1177.89918081565,0
4774,21280,6.20938517188383,3726.35845435736,26.3578019862688,14.1638302255565,14.5880107990395,21.7943224025049,34609.6875012693,26664.2600298383,684.208025117659,0
4774,21281,8.17645187548666,5827.38970033169,25.1994195469385,10.4383822393682,10.6525865105517,16.0347106334336,25537.6082937477,19318.0973418559,-1517.53677520484,0
4774,21282,6.25950740667927,6153.44112983599,27.6351501671445,10.2155682716706,10.4320329902401,15.6943278063786,33125.472621341,29357.9086265817,188.721759651314,0
4775,21283,7.37389130564843,7173.22257734785,27.1125436318963,9.22855144333212,9.39663436737446,14.1703642507874,33807.9449483437,28815.6076568873,1139.34400032694,0
4775,21284,7.16856284155991,7410.83053811187,25.3820932455085,8.95886465533548,9.10753606951756,13.752248851885,25875.8792186867,19931.7270201581,565.82058760283,0
4775,21285,6.56828511269106,4194.31095935264,26.3866097537776,13.0713781386307,13.4316030913701,20.1047238857366,34599.1442592366,26685.0075850182,648.660131428234,0
4775,21286,5.7752789312017,5520.67820183599,27.6351501671445,10.967326576375,11.2213212759457,16.8552313344375,33101.6178263333,29336.0076077119,192.140517291301,0
4775,21287,8.57250201855947,6847.97594788291,24.8964167140184,9.39479636774207,9.55984306246639,14.4239537446612,25594.8139202147,19396.765634714,-1304.02329467377,0
4776,21288,7.62247529195731,7859.99325734785,27.1125436318963,8.70733001182879,8.85282683521368,13.3664089671925,33780.6410497883,28811.0280937618,1213.59797339538,0
4776,21289,6.9924756559422,7747.9727896814,25.4244651687335,8.71272882014584,8.85134688539927,13.3727665570763,25873.7770344321,19935.6513972913,577.830733134318,0
4776,21290,6.20747552462452,5404.90397135263,26.3866097537776,11.0405777986233,11.2911772714439,16.9664022199951,34599.9302934864,26692.2493205798,696.595835442975,0
4776,21291,6.88878835905509,5588.92623106656,25.3944478669115,10.7379695241104,10.967738636795,16.4975180607063,25880.5109422336,19929.0366808336,576.145963722728,0
4776,21292,7.08393650472432,7113.54502574442,25.152265881703,9.18310208378835,9.34023879368171,14.0977766246483,25186.5130219502,19866.2081671727,-427.5474750226,0
4776,21293,8.69031799278337,7391.11508188291,24.8964167140184,8.95111380208493,9.09725972622554,13.7396872083863,25577.1067432455,19428.72370202,-1333.61074985586,0
4777,21294,7.4708762513189,8325.31453334785,27.1125436318963,8.39694381158837,8.5295284093333,12.8878030843272,33759.0967634316,28812.5579222849,1179.33855009637,0
4777,21295,6.33763159320882,7004.58165263279,25.5719291414877,9.2944536039597,9.45837545244846,14.2700727632566,23873.6549030016,22136.8387774945,986.771445027511,0
4777,21296,8.633065326773,8854.02641233169,25.1994195469385,8.00621408016967,8.11598322396481,12.2834900724493,25588.7749836355,19416.6136479057,-1306.87164194693,0
4777,21297,6.2816085670532,6289.20612093219,27.6809251245556,10.0742152058791,10.2840805126689,15.4761690005406,33478.542914055,28526.5978166101,538.727036128808,0
4777,21298,6.76057210091477,5120.41615535263,26.3866097537776,11.440720866755,11.7118554027979,17.5844765204082,34601.1500602216,26726.2602617568,679.700268877942,0
4777,21299,4.89761055561006,9235.56668039127,25.605303863333,7.81441131291551,7.91848596925248,11.9883680109717,25209.7825727052,20548.052635779,687.570114662367,0
4777,21300,4.00282379669936,5281.24347140144,25.4739565036142,11.1480988350454,11.3986795786054,17.1309540328321,26294.4919155502,19625.5954063244,-361.554190200276,0
4778,21301,7.43896425616831,6758.09855534785,27.1125436318963,9.58791073680104,9.77220311196446,14.7248309999135,33802.4917361252,28831.9787294212,1154.01193189543,0
4778,21302,7.28668714715165,10460.7707581119,25.3820932455085,7.23015264481342,7.31245858518584,11.0881563205533,25870.3779331987,19873.4737899215,513.88234778212,0
4778,21303,7.82048711010982,5120.01884056849,26.040527154763,11.4171763549052,11.6849587431659,17.5475171159807,35097.646264323,26425.756302042,-52.7592193613915,0
4779,21304,6.93224519091673,5356.60020714311,25.7227979187761,11.0617565663438,11.3094990300755,16.998026546343,35579.6601835909,25598.3491957747,1054.72860311058,0
4779,21305,6.85003539250051,10166.8407301879,25.361824238219,7.35685022741164,7.44349512493778,11.2832632503742,25775.8771899079,19822.2187964501,241.82701237593,0
4779,21306,6.90641816938168,4714.67014229035,26.4682915813313,12.0910610735017,12.3972518419025,18.5894749781943,34702.3175576432,27284.4426161583,966.555702348862,0
4780,21307,8.04935002666309,4049.46627243131,25.5407000623991,13.3090820642746,13.6765396780588,20.4705176802403,35897.7479049354,26282.5192966974,-1389.10030403598,0
4780,21308,6.3107391334635,3650.02115991693,27.1775689371755,14.4491856243045,14.8974465771015,22.23768714539,26492.3359117172,26195.4687867921,648.843022404799,0
4780,21309,8.64475959397631,4967.81127060741,25.3216421750184,11.5947998008175,11.8672195445315,17.8206438354172,36614.1302083367,19554.306297852,-1469.41038765139,0
4780,21310,6.78650459339158,3308.33744504324,26.1651133168419,15.3534409582802,15.8494932008051,23.6347974692115,33516.4935243493,23727.3194801562,918.861386543631,0
4780,21311,8.29938470119576,6827.02231488062,25.73474224077,9.456121637043,9.62792445385037,14.519678817428,26572.0515660275,20783.449989052,-1315.63425653682,0
4780,21312,9.56109304272103,7609.74808275757,25.4064320422949,8.81133333631553,8.95394611390968,13.5247820062537,25853.3644442496,19988.836475445,-53.2835844168573,0
4781,21313,8.51730242425502,4850.17745043131,25.5407000623991,11.7961933635848,12.0805403622393,18.1321620420376,35902.6860132079,26253.860616473,-1422.74831324746,0
4781,21314,6.73733097320022,3970.65926504324,26.1651133168419,13.5453971328422,13.9313444074024,20.8372885549521,33514.0288410919,23705.7374268078,894.316105600316,0
4781,21315,8.71364130661425,4414.37636327156,25.2386863131282,12.5337817751794,12.8555991761976,19.2713565144656,36622.5967660057,19554.0157987915,-1437.96724331921,0
4781,21316,6.39611452177831,2691.44963991693,27.1775689371755,17.8950989548381,18.5706792260321,27.5742100921946,26447.7386801133,26194.9877132801,675.24993563198,0
4781,21317,6.8687907931388,5744.91807629051,25.2621206680977,10.5392026500616,10.7585835119457,16.1904428112448,26302.8997443421,19132.1977077541,1016.03905535865,0
4782,21318,8.74980831988542,4562.32500527156,25.2386863131282,12.2612340016254,12.5682678995629,18.8501521267814,36637.9400059266,19579.1039521903,-1392.33171864429,0
4782,21319,8.00613921925156,5989.67698421077,25.4123167760676,10.2671498645664,10.474415956373,15.7707288725618,24676.3157144763,20444.1722899174,1252.54178298318,0
4782,21320,6.65890327473685,2954.64393704324,26.1651133168419,16.6160164852234,17.1939502544047,25.589699549817,33513.7605122387,23730.6542017845,914.52392549201,0
4782,21321,6.20967752794329,4518.14646436086,25.8153392478692,12.3876693355824,12.7055805472755,19.0466582185737,26962.9865731678,21085.347243503,771.551754969413,0
4782,21322,7.53395226771201,2788.87875938117,27.3233884801835,17.4664193832808,18.1137151962862,26.910331970889,26252.378596351,27136.6018509141,1154.97664838085,0
4783,21323,6.48911222927496,5248.94440138565,25.8450514698521,11.2184125399145,11.474808506246,17.2401724395161,35689.9168731621,16489.7320059983,724.724544796649,0
4783,21324,8.57723037947057,5004.54100727156,25.2386863131282,11.5326061857415,11.801282725316,17.7244253059407,36635.8566788063,19574.6404083176,-1412.23676880529,0
4783,21325,6.37651573852024,4544.35740436086,25.8153392478692,12.3399036793746,12.6552080760116,18.9728352289816,26984.7884903745,21062.4858668583,846.638411441983,0
4783,21326,7.2101562472479,2630.89263682507,27.3539950965231,18.2149077856726,18.9148631374112,28.0703871937268,26240.2618132587,27135.4150074992,1172.69470983997,0
4783,21327,6.64833920456295,2671.25742104324,26.1651133168419,17.8459624671997,18.5072319008619,27.4950647242105,33524.6431167585,23744.4290354605,940.398001560161,0
4783,21328,7.25337346852133,5540.03622648478,25.2805838490347,10.792262017485,11.0240216341532,16.5811605229822,26298.2671344149,19089.2804612526,1151.99036134743,0
4783,21329,9.24698668458654,2676.00724536997,25.3073803607078,17.6984419393028,18.3401164384892,27.2638892577174,29917.1072399935,17428.4435590593,-1164.78603209417,0
4784,21330,6.4711334585926,6723.98156938564,25.8450514698521,9.55419851191514,9.73090488037631,14.6711375519671,35699.7986188003,16502.6183701118,724.940393684677,0
4784,21331,7.23776898203095,2861.58658538117,27.3233884801835,17.149460539621,17.7749608425051,26.4192282441381,26250.6668103835,27115.5451302572,1191.61289623932,0
4784,21332,6.40366029639354,3634.81576036086,25.8153392478692,14.3519043282046,14.7829340996651,22.0840530453522,26965.3190621079,21075.7154462662,840.135526128516,0
4784,21333,6.9306507978953,3083.38590704324,26.1651133168419,16.1259290967204,16.6716206120137,24.8307489962639,33521.9767154257,23708.4382178363,905.481976947371,0
4785,21334,6.40606268263268,6988.73408938564,25.8450514698521,9.32142867965857,9.48781485058033,14.3120388271134,35701.9757892997,16486.6361560483,720.259542869692,0
4785,21335,6.39694249166299,5090.44599759001,25.7532331001512,11.4406303422852,11.7078355767948,17.5832533007254,35215.0489934523,24516.555609281,851.621067872449,0
4785,21336,7.35856546751285,3008.25771938117,27.3233884801835,16.5529878222741,17.1380837639938,25.4952080748683,26238.1553443304,27118.4399346858,1170.91062239095,0
4785,21337,6.99434665623748,5123.19174104324,26.1651133168419,11.421208099337,11.6899681873302,17.5539574576669,33512.6384127164,23709.2008505399,932.523154530895,0
4785,21338,9.57933973949418,2773.11987936997,25.3073803607078,17.2573543246658,17.8691801987974,26.5805908080236,29945.5094992477,17413.0261678403,-1165.55357360088,0
4786,21339,6.51888597857604,7045.40698738564,25.8450514698521,9.2735852726007,9.43787665910872,14.2382370867867,35708.1075314405,16493.0384449482,718.793705038184,0
4786,21340,6.54924826394428,5161.54592559001,25.7532331001512,11.3366024436799,11.5984651633773,17.4225672853139,35195.5663238371,24483.7432589002,844.256979030877,0
4787,21341,6.34974958165925,7291.67969338564,25.8450514698521,9.07321387807928,9.22883136000202,13.9291776811873,35711.1553711387,16489.8687042254,743.08436445085,0
4787,21342,6.68262291394599,3838.07373949019,27.2179207650298,13.9628161014871,14.3817231996446,21.485221446639,27586.6032608658,26239.8218026259,867.63590600965,0
4787,21343,6.26659506688011,6136.72504959001,25.7532331001512,10.1271983642217,10.329712686074,15.5552254811013,35225.157228548,24557.204223253,851.793583367908,0
4788,21344,6.53293564976044,7524.84692938564,25.8450514698521,8.89404215689855,9.0420407027425,13.6528550348422,35710.0631264728,16507.9654505901,720.262782387001,0
4788,21345,6.74002504115394,3782.19387385209,27.2194119971512,14.1040876515463,14.5315607800932,21.7037947000561,27573.5112415539,26231.6702697298,862.104023914955,0
4788,21346,6.50259504347931,3578.30725174475,25.7683330860945,14.5020394566352,14.9417648790004,22.3162275351843,35242.2587046225,24572.6838050041,860.48507411298,0
4788,21347,5.53721265880011,1138.30620350121,27.1028023272311,34.2865822903631,36.3085236294169,53.0330665840504,31824.2220409865,26485.3875130061,210.852026043858,0
4789,21348,6.36991270332886,7414.14425338564,25.8450514698521,8.9778902216315,9.12943798076057,13.782162933016,35715.4274664968,16486.5898257989,734.527184289894,0
4789,21349,6.60543896790617,4490.08739149019,27.2179207650298,12.5521368112782,12.8887888050537,19.3035393408126,27581.2539523264,26246.9880571104,867.411170312601,0
4789,21350,6.36652364612829,3696.36661174475,25.7683330860945,14.1831270614431,14.6036115026429,21.8228374571804,35216.3517997664,24580.9735369468,834.344479039549,0
4790,21351,6.45480460436838,6442.09939473492,25.4428667678686,9.79837487206842,9.98409499342608,15.0473315983928,35710.0275084905,16503.0926302826,725.983242464846,0
4790,21352,6.6672892577916,3794.66470215242,27.3834542045229,14.0880253961159,14.5158116475179,21.6792979985256,27589.8877145015,26240.6462081015,878.188129353863,0
4790,21353,6.37869452896374,3018.8419904839,25.7337746636788,16.3122093167299,16.8658290682927,25.1180312447075,35231.7944382269,24583.5929131326,838.248300202173,0
4790,21354,5.64466279336779,2078.95467098303,26.1060546773117,21.3868625981814,22.3043865651722,32.984966839082,30519.129012323,21298.3696287866,404.304845760654,0
4791,21355,6.34173818395571,7053.65128473492,25.4428667678686,9.24689435340654,9.4081430166984,14.1965457767585,35705.4832473787,16484.2138750826,735.666860612808,0
4791,21356,6.54042228264819,4678.25419013935,25.750488703496,12.098313764158,12.4001064220034,18.5993616677086,35233.0808379429,24596.2593154882,814.666534718949,0
4791,21357,6.74696261804942,3114.45974709172,27.329859278557,16.154073811803,16.7126681015196,24.8773777759175,27535.0158819493,26301.4579819591,854.267150317461,0
4791,21358,6.08040907987542,1926.93121898303,26.1060546773117,22.6217373371229,23.6340653430217,34.9010640921841,30526.1655101436,21318.7910733562,394.857467007555,0
4792,21359,6.39450520291649,7149.11196873492,25.4428667678686,9.16825459125414,9.32611087780234,14.0752524890503,35710.5536472493,16484.7951891484,720.352681851797,0
4792,21360,5.72762233549075,4231.08356172011,25.7440064509728,12.938976390768,13.2869602582358,19.898711638548,32423.3368164906,17310.1189805233,236.532001772856,0
4792,21361,6.58966219429664,3424.86466013935,25.750488703496,14.9441195362634,15.4108107179948,23.0002510755857,35236.1456184647,24569.5829739623,874.167302571124,0
4792,21362,6.50205975833993,1866.74847658297,27.284715693848,23.4175587825915,24.5093313519244,36.1409808528873,27419.0623958763,25953.1226612306,780.782539595664,0
4793,21363,6.43860340624573,7286.42205273492,25.4428667678686,9.05828364579744,9.21143749945819,13.9056456549244,35704.6505097929,16494.7630951114,710.368055103385,0
4793,21364,5.78148643369873,4357.33659372011,25.7440064509728,12.6859065494388,13.0197421139694,19.5074937445727,32446.6691713094,17319.7528080693,234.130799872775,0
4793,21365,6.25145336303243,2911.11126658297,27.284715693848,16.9368886938137,17.5475147215157,26.0897936413222,27431.2403841387,25950.8243784447,776.340470127888,0
4793,21366,6.26055819053688,4153.24245413935,25.750488703496,13.102418986376,13.4596918331145,20.1514173181194,35237.9135136951,24583.1080355126,852.258718630496,0
4794,21367,6.77845723978401,7010.82193424752,25.3628355935517,9.2788020479536,9.44105581611861,14.2456571295228,35897.0237692531,16382.4900260347,859.170165142254,0
4794,21368,5.81362802501428,6130.03312572011,25.7440064509728,10.1338077249994,10.3365832418477,15.5654130334466,32435.3315834656,17316.6574349769,207.107034267069,0
4794,21369,6.55569511126815,4240.1396384839,25.7337746636788,12.9194886763424,13.2663007027788,19.8685631027761,35220.866133905,24559.5705644548,817.222568849693,0
4794,21370,6.0406109181492,4329.61397772584,25.6849965182804,12.7353451801292,13.071502129251,19.5837983711277,34845.8304131344,21465.754070569,541.256023555113,0
4794,21371,6.14851665260161,2930.0076679016,27.8308074546497,16.9294270466078,17.5448949262752,26.0797075336895,31366.3023674557,28106.3482933975,44.5806902414755,0
4794,21372,8.93261530161923,6748.42321770003,25.0558356657482,9.49113606108797,9.66117837619432,14.5727795232527,31663.7538895206,15005.7822641074,-1422.41593250398,0
4794,21373,11.3116846788721,7484.27795415683,25.4742223095438,8.90744386730999,9.05436680739799,13.6730678164471,32448.5394137438,16000.5512961953,-88.4840142918312,0
4795,21374,6.79525001850382,5580.58565024752,25.3628355935517,10.7463939804106,10.9763909722917,16.5104743171442,35903.6939871925,16402.2110744685,865.402031319742,0
4795,21375,5.98151747451419,5060.01004572011,25.7440064509728,11.4852952864004,11.7547474618669,17.6522317432702,32430.1136203252,17322.156219013,200.555560173289,0
4795,21376,5.70845721967753,2479.57097355354,27.8971252129005,19.0935323419976,19.8625187667861,29.4341279167098,31308.4033649257,28371.3869112273,92.0203522916574,0
4795,21377,8.69559471152901,6063.06220170003,25.0558356657482,10.1657893778149,10.3663669794134,15.6137518391228,31617.0116651238,15021.4842396906,-1440.00720131997,0
4795,21378,11.252795159886,6122.76279015683,25.4742223095438,10.1260324300114,10.3270100782167,15.553016201047,32417.9890117233,16000.5994522686,-113.865925690238,0
4796,21379,5.93923040704334,3816.22385172011,25.7440064509728,13.8752301648185,14.2772075149226,21.3465082454022,32438.729147061,17318.105052568,236.680084345046,0
4796,21380,6.93620755777247,5699.92251824752,25.3628355935517,10.5994655843464,10.8223233580419,16.283633624456,35886.7193578571,16377.2026737209,836.63554289742,0
4796,21381,5.72436383215429,3268.65242355354,27.8971252129005,15.6803019173025,16.2128943154226,24.1451165843026,31299.5754379588,28387.4154100212,82.1579122298456,0
4797,21382,5.74815549616962,4659.24697572011,25.7440064509728,12.1306280031184,12.434113193264,18.6492845787846,32445.6493441647,17315.4332171844,242.879039540541,0
4797,21383,5.8022177768391,3850.75555155354,27.8971252129005,13.9952597624239,14.4213744676543,21.5368615194829,31306.5187008467,28369.2887532834,46.8734102914793,0
4797,21384,6.01020382711228,2453.42285221485,26.5280699066832,19.0253832083756,19.7738523447361,29.3241711157222,29929.9542673028,23378.4044136739,420.235551471626,0
4798,21385,5.80718875688558,4042.23263772011,25.7440064509728,13.3437990450671,13.7148149504893,20.5246320225212,32438.9196666875,17322.7002291514,235.262300750635,0
4798,21386,5.74293432447919,3935.37944355354,27.8971252129005,13.7881223621146,14.201676935749,21.2163815288291,31287.6047764045,28370.8000506091,60.867456502925,0
4798,21387,6.3939739722532,3477.5955511013,26.7316492135715,14.8931052315456,15.3652027469715,22.9236638259778,28407.1373450091,24010.3649093827,735.098205681789,0
4798,21388,6.42502233768112,3143.57573146728,25.906486562218,15.878122309761,16.4052668236924,24.44637673979,26301.8242706749,20405.1478354214,858.67962151454,0
4799,21389,5.93507980761089,6295.97700972011,25.7440064509728,9.96071581880175,10.1554262900097,15.2982735029583,32424.4958714552,17308.9278949037,225.369161849142,0
4799,21390,5.84437826661375,3833.90566155354,27.8971252129005,14.037488461039,14.4661785551174,21.6022012079466,31319.7451329669,28389.0905088489,61.2763298807186,0
4799,21391,6.42714407933663,3237.47256946728,25.906486562218,15.5560066356418,16.0625315225974,23.9477051501304,26288.9482551607,20387.7056908701,835.248072901554,0
4800,21392,5.83911470732455,6441.01240606372,25.8869158000397,9.82359995023882,10.0127244282311,15.0868790360293,32435.7495379082,17311.1915530506,225.270301370777,0
4800,21393,5.75931217237211,3564.9486398421,28.0986022444911,14.7807550815197,15.2572206607387,22.7529171035517,31317.5852885152,28397.2221365683,38.8686240875734,0
4800,21394,6.92120606732556,3463.6561840767,27.2076267510678,14.9854593571019,15.4674302903295,23.0677297075625,32241.70125068,24905.5283366019,1000.0470297416,0
4800,21395,6.83864924351762,3007.6285392201,26.2045297158043,16.4146807513589,16.9796893390327,25.2779987728803,26257.2918570104,20391.9108028864,833.777071325377,0
4801,21396,5.97857785535455,5446.62661006371,25.8869158000397,10.9524552128882,11.1956953463477,16.8295014347752,32438.6882698651,17314.4419441417,219.852083362467,0
4801,21397,7.01773004368984,2999.8987540767,27.2076267510678,16.571039147507,17.1562304723497,25.5228615712211,32243.6283180916,24912.3830107946,1007.49843323938,0
4801,21398,5.85155682296965,3009.9374918421,28.0986022444911,16.6426586488031,17.2411778048139,25.6361451057531,31291.5769376515,28389.2842875456,73.7915506012782,0
4801,21399,6.4682816668469,2479.6432932201,26.2045297158043,18.8291564575692,19.5598381818236,29.0189482398055,26287.9974037824,20396.7632907932,826.354891076871,0
4802,21400,5.88744604713264,6186.79683677111,28.3220535521853,10.2175310723408,10.4375320552376,15.6983088821765,30914.9880459618,30116.5631326467,309.632148712481,0
4802,21401,8.79984726587566,7654.77707616423,28.276229141585,8.90529199846404,9.06408354499185,13.6730601428868,28136.8111870571,30633.8071989783,-1312.19257716451,0
4802,21402,5.9002211196862,3879.49873606371,25.8869158000397,13.7345232344822,14.1293634496097,21.1291925897284,32412.2925109092,17314.5106964522,231.964839697891,0
4802,21403,6.6394463207706,2735.1692314854,27.1727050352583,17.6895176780611,18.3507153194693,27.2556094520359,32233.2861492702,24899.0471676476,1031.42653532545,0
4802,21404,6.46173843154975,2510.9202132201,26.2045297158043,18.6602265700287,19.3789152282256,28.7570997952909,26298.6092225928,20379.2323219084,802.358563347351,0
4803,21405,5.52471922826435,9053.85517877111,28.3220535521853,8.01063411856333,8.13205535483129,12.2934841381193,30917.8060151544,30113.5098507511,318.682811788417,0
4803,21406,5.78047175217802,3870.35794606371,25.8869158000397,13.756581483354,14.1527178430242,21.1633094389785,32430.3740958313,17314.9200200813,208.972840600677,0
4803,21407,9.09502149682127,9032.34919416423,28.276229141585,8.02093698907066,8.142609286987,12.3093216859318,28149.2398394726,30629.076393388,-1276.35351000678,0
4803,21408,6.86275076969081,2656.1830240767,27.2076267510678,18.0692327138962,18.7573444265729,27.8441710349455,32204.5851224785,24919.2429454502,1033.90882275385,0
4803,21409,6.73854925071383,4306.4356812201,26.2045297158043,12.8254495430347,13.1703999800537,19.7241253847452,26275.1908690011,20410.050014563,848.573864352409,0
4803,21410,6.65835781717179,4819.49823583388,26.5597206467853,11.9220739583073,12.2197433136713,18.3284944452519,24968.5294719741,22201.5003182515,876.031024382731,0
4803,21411,9.36127880520601,5115.58231494562,24.9344844435237,11.3456736452135,11.6028675840715,17.435161280821,36799.4461129708,16373.138021777,-1154.80378911806,0
4804,21412,5.65836014354863,8791.04094677111,28.3220535521853,8.16013345966534,8.28758857138713,12.5239565156312,30927.6034649605,30116.9067171744,305.340595718887,0
4804,21413,9.00271640701122,8121.66219816423,28.276229141585,8.5765032856165,8.72110259100283,13.165936843968,28130.3622641779,30636.9707468453,-1299.38519328581,0
4804,21414,6.73423018378297,2518.3883680767,27.2076267510678,18.7748860734741,19.5131308520849,28.9379734022305,32224.108640282,24910.9861149187,1017.7159151856,0
4804,21415,6.66054610140952,4444.08709183388,26.5597206467853,12.5861777511777,12.9202245969275,19.354919775555,24950.7262791995,22213.9132743748,908.15229549217,0
4804,21416,6.70870065918217,4541.69273673767,26.2545213329157,12.3798449034115,12.7003590535837,19.0354010749928,26261.2693077934,20430.0580318501,787.410171423094,0
4804,21417,8.4315107578509,3998.24347206087,26.683282366827,13.5294003217851,13.9183851579316,20.8136429058623,25613.3059113044,21345.1894926056,217.704923718483,0
4805,21418,5.66818755600924,8977.79940077111,28.3220535521853,8.05312059886084,8.17624647286046,12.358979698739,30911.5429903794,30127.1690697243,302.020124970608,0
4805,21419,8.95338074434344,8570.17763616423,28.276229141585,8.29012344437015,8.42273602651987,12.724327912644,28112.4214325929,30628.2075300572,-1340.58843801482,0
4805,21420,7.00395508059759,7618.24585299437,26.2625670387247,8.84368495800835,8.99137269099988,13.5756998651841,23947.4244540979,22062.9070737918,-1405.37655420993,0
4805,21421,6.8299821846238,2374.9780534854,27.1727050352583,19.58362251848,20.3801287699766,30.1917848525092,32246.1631037672,24895.9695570165,994.387803159501,0
4805,21422,8.10776958249944,8282.29454919191,28.2120557362601,8.46830911946775,8.60809329018117,12.9990179399661,27731.1942769696,29329.6526718741,-1501.78853814671,0
4805,21423,6.14257352660926,5492.02226849692,26.4565990455377,10.929892386817,11.1753118066505,16.7955717665333,24972.562798646,22078.2224197267,1147.14305691462,0
4806,21424,5.75677853326839,8138.82906077111,28.3220535521853,8.5668906106282,8.71125943909987,13.1511613218906,30921.9114211793,30106.5597724246,264.925776252631,0
4806,21425,9.17336900085898,8372.67049416423,28.276229141585,8.41295803287782,8.55066860402928,12.9137317392544,28125.9752930091,30642.438221475,-1317.19625989012,0
4806,21426,7.10122192462033,7291.68837699437,26.2625670387247,9.09288217578432,9.25122390500372,13.9600331547806,23934.4116990206,22042.9059232834,-1424.70051144201,0
4806,21427,6.55181884750876,2269.8910360767,27.2076267510678,20.2464902175603,21.0924157512354,31.2199130334685,32242.8477648745,24891.1836376015,1002.12926163606,0
4806,21428,5.73130434311913,2493.93388983552,27.124614894811,18.8947880483477,19.6407138465332,29.1235975596852,26606.1660902048,23982.6352929691,591.582007587907,0
4806,21429,6.08279784956552,5782.39102649692,26.4565990455377,10.5679289255332,10.7953732495039,16.2366353774632,24963.3399047948,22062.1363989204,1174.98943408709,0
4806,21430,7.43510904961295,8442.74857611703,27.1538599717283,8.32493344864498,8.4547400950618,12.7768255276135,32631.3078087418,31747.7574509588,870.040578905266,0
4806,21431,4.0814621698655,5888.60760474433,26.4215389049453,10.441317517189,10.6623953466886,16.0411025942827,34565.8746461811,31283.5358662995,-990.258092585906,0
4807,21432,8.79310530457933,7263.08871816423,28.276229141585,9.20928208994898,9.38159400416884,14.1420434635419,28140.3127885881,30633.1760660598,-1299.38982354656,0
4807,21433,7.19735564332671,8109.93779233241,27.5252255623394,8.55373806816454,8.69443485512445,13.1300152470087,32587.8406573583,31759.5951833573,797.981180338593,0
4807,21434,7.30110104184917,7855.64208099437,26.2625670387247,8.6738541526596,8.81442755848255,13.3138124938556,23921.6522705003,22073.0507446757,-1413.27099048584,0
4807,21435,5.89354135547007,3085.66237983552,27.124614894811,16.2350514868935,16.7970764000062,25.002257573081,26643.0365432709,23988.9934033363,619.089917280409,0
4807,21436,4.68306091103359,4426.59936058109,25.7610386726356,12.5539654036104,12.8806230862687,19.3035819684095,34861.93031362,31073.1031890412,304.802641346273,0
4807,21437,6.13130566800238,6785.71188118153,26.4053576004164,9.52708618625226,9.70526896040557,14.6300518691785,24963.38374699,22070.4587913418,1091.00306344815,0
4808,21438,8.89013865315044,6837.29533830397,28.285814940309,9.57442410016405,9.76351178615249,14.7055164124617,28159.7641783102,30608.7532654411,-1339.58490718509,0
4808,21439,7.62976162292984,6940.75366033241,27.5252255623394,9.44534454516601,9.62503379304794,14.5053668079797,32635.6924535505,31760.3784206904,838.653756168284,0
4808,21440,7.12584974439415,7610.38257099437,26.2625670387247,8.84946708936423,8.99739914457314,13.5846167715725,23946.5043415321,22033.8414251223,-1464.93015562604,0
4808,21441,5.93355115546157,3360.11631074047,27.1679608953953,15.300445151861,15.8020760371244,23.5552248661666,26244.2004250867,24296.7315642914,683.830539076095,0
4808,21442,8.77632605020347,5854.67015409702,28.3364462199277,10.593722261865,10.8325028868578,16.2792424394467,28168.8968989561,30610.4693322701,-1342.19574104841,0
4808,21443,6.03877645452364,5863.77709649692,26.4565990455377,10.4721573840517,10.6949239156507,16.0887683883069,24976.8039397573,22038.4218884733,1168.9649881911,0
4809,21444,8.9978641452499,7917.72346416423,28.276229141585,8.71597673916893,8.86654095665284,13.3810452885298,28157.8860629722,30607.8746990639,-1269.91046126094,0
4809,21445,7.76159122489809,8052.82437433241,27.5252255623394,8.59203570626994,8.73433965139973,13.189072851393,32605.5965693964,31785.0647692964,833.850249389546,0
4809,21446,7.44127423719902,3848.68114541035,26.2175449595629,13.8410840152038,14.2448404342135,21.2947385405763,23966.7307192219,22011.0368990562,1224.19531015772,0
4809,21447,5.94416247539652,1914.40650656501,27.0913658274257,22.9391439153871,23.9902634181185,35.3975567593772,26229.7706700049,24296.1773193422,620.675505928892,0
4810,21448,8.71133609113874,8233.99253409171,28.3989794479603,8.50713720557454,8.64927118714109,13.0590929993526,28148.268837922,30624.0123539838,-1331.41879327757,0
4810,21449,6.81042977880051,6268.52089665721,27.6151601628596,10.0922017782219,10.3026051609413,15.5038454115368,32533.5757165352,31813.9371061863,881.316793323224,0
4811,21450,8.96680516733626,8036.81578209172,28.3989794479603,8.63880813593583,8.7865427754355,13.2621593012222,28170.7257131383,30618.3179012524,-1298.78856352294,0
4811,21451,6.42481972715476,4455.84717465721,27.6151601628596,12.6487740864439,12.9935722022134,19.4536861180278,32511.889522524,31823.8224889268,842.309855153564,0
4811,21452,5.4823600172309,5676.07343872221,28.5183528847895,10.82249915105,11.0738811229268,16.6328567244331,29076.6565449634,30381.576853628,401.200918583621,0
4812,21453,8.67903951112221,7283.48253009171,28.3989794479603,9.19835907509576,9.37070427102285,14.1253355074912,28146.4500853671,30616.279059362,-1262.14430959973,0
4812,21454,6.59084168497849,4324.26385065721,27.6151601628596,12.9075119355769,13.2671021384449,19.8537556592597,32530.0242844625,31843.1903423257,823.05782331506,0
4812,21455,5.91336103006667,5462.94005062723,28.5171477676008,11.0992562243209,11.3649797690329,17.0603828307815,29073.3492323252,30374.1547471319,454.274508646796,0
4813,21456,8.77866196784557,6801.20123409172,28.3989794479603,9.61274776323359,9.80413776120593,14.7648056739498,28158.2434472042,30622.4976399688,-1279.8299122342,0
4813,21457,6.58976605677974,4343.22823665721,27.6151601628596,12.8693557727808,13.2267517523659,19.7947537468543,32512.8660813323,31816.8795601188,863.789303532852,0
4813,21458,4.90518062740788,5251.11600862723,28.5171477676008,11.3940324353107,11.6753304207992,17.5158262521945,29050.3528185549,30465.817458529,489.466483875225,0
4813,21459,9.33488020691265,2600.06867541696,25.68197740632,18.1209239526377,18.7958520370361,27.9196507270598,27510.5556591778,18058.126417184,-1206.72865249485,0
4814,21460,9.03571595756632,6942.47599809172,28.3989794479603,9.48615441847886,9.67165416485243,14.5694314559206,28156.6326523113,30645.8698035328,-1282.4018797119,0
4814,21461,6.50572068686567,4303.82372265721,27.6151601628596,12.948974692725,13.3109542642663,19.9178720170748,32512.9186951151,31819.2585981516,892.498581156083,0
4814,21462,6.34500223955688,2148.39540969556,26.1889747455889,20.8926309978182,21.7740009391755,32.2185873009984,35242.8665658201,18592.9689903761,721.321914683947,0
4814,21463,6.12978049479178,4835.07670672221,28.5183528847895,12.0394090881405,12.3558333587871,18.5132456071792,29031.2112653882,30333.6757157075,303.191264245311,0
4814,21464,8.99108172955304,2714.87111330889,25.7522887039101,17.5823976193152,18.221062639115,27.085456629667,27565.6967567802,18095.7312499604,-1161.11989140591,0
4815,21465,6.46795690652843,3999.72476169556,26.1889747455889,13.4806881808685,13.8630462664952,20.7372638000161,35224.7869045053,18602.1422815013,696.35532441587,0
4815,21466,6.78194462744533,4302.91328926555,27.6908140242414,12.9571097734061,13.3200860035048,19.9305972746142,32479.5360110441,31819.7355762245,856.429633512804,0
4815,21467,8.4770260090631,3982.07146809171,28.3989794479603,13.7223843580406,14.1356906789118,21.1157024391066,28143.1902201365,30672.1635734769,-1332.32203118615,0
4816,21468,6.44750131601292,4341.46615665721,27.6151601628596,12.8728884671011,13.2304874137757,19.8002163973718,32519.892705002,31814.3567335889,868.0839025738,0
4816,21469,6.11194307922964,1333.77795077762,27.6999556443959,30.4348562600491,32.1237247141883,47.0458488388735,26240.4967712246,24734.805589272,596.279657540115,0
4817,21470,6.41065951019617,4993.54588665721,27.6151601628596,11.7192345277626,12.012622812403,18.0168737806796,32507.7120877229,31794.0131148674,888.308999458132,0
4817,21471,5.91561564090249,1869.75863477762,27.6999556443959,23.478042025764,24.5805004612122,36.2365018340153,26278.3130465285,24738.0510560093,604.048082362977,0
4818,21472,6.57753852789569,4296.07057065721,27.6151601628596,12.9647944716337,13.3276870554017,19.9423354685292,32503.4950477331,31792.221970053,871.195421714362,0
4819,21473,7.17181651822806,3371.45507981167,25.9529407647821,15.1298807176189,15.6099463378493,23.2882391808887,36002.9164606233,21069.1281511197,1187.59541852218,0
4820,21474,7.61596440369247,3206.40982961488,26.3369676649651,15.7115002263376,16.2319809412305,24.1895291826828,36004.0376350789,21055.7328259617,1198.76790019404,0
4821,21475,7.65611016606977,2820.60241361488,26.3369676649651,17.1929600625028,17.8113559892596,26.4838463571815,36013.4192041236,21055.5746821329,1192.79248216197,0
4822,21476,7.45359905199601,3077.64583361488,26.3369676649651,16.1681970918252,16.7183085450592,24.8966567867607,36001.2889635376,21072.2272523659,1205.07458994646,0
4823,21477,5.48862118054149,2296.22592320321,27.7924570521971,20.1754930513714,21.0231601120803,31.1117348899494,31897.8762148027,24693.7687788777,-7.32771611777849,0
4823,21478,7.94882716983148,2281.71429761488,26.3369676649651,20.0199485235159,20.8383934154543,30.8656184430679,36024.242882471,21089.5350233944,1251.11782817885,0
4824,21479,7.37259275736109,3780.0538497968,26.5818804221087,14.0477123636859,14.4667120384303,21.6151789590005,23059.669865443,23168.1119139308,1222.78209858529,0
4824,21480,5.46867127343032,2179.15773320321,27.7924570521971,20.9661512104474,21.8735070973093,32.3382789035198,31872.2934150232,24685.8946800199,-18.4332087919804,0
4824,21481,5.66132567236808,2048.29758961911,28.2851801257412,22.0436613926135,23.0404526099978,34.0120568691477,30440.9862774835,27682.8140699232,-69.8703898243178,0
4824,21482,7.55560646405581,2169.27758280356,27.1538090912426,20.9212174532073,21.8171571849174,32.2663584772758,23172.1579398161,25945.5581841075,-1527.53391026676,0
4825,21483,7.28493473812991,5316.25090584785,26.6265703768786,11.177181577044,11.4361508110038,17.1777804195719,23082.3766634551,23190.8045792705,1215.76341259078,0
4825,21484,5.67955990117246,2122.57293920321,27.7924570521971,21.377405316658,22.3162309368062,32.9763736988427,31884.7182087978,24704.3957285899,-5.61244355740285,0
4825,21485,5.71269813538771,2532.09804754608,26.7312235885648,18.6288774189876,19.3513389336585,28.7101604796756,34153.7021165187,17574.9570866211,375.262355223972,0
4825,21486,5.48991341360031,908.386011619113,28.2851801257412,41.7387041676941,44.4811081306892,64.6383991797165,30437.6767779216,27708.0332072035,-32.2476546967638,0
4826,21487,6.98326358960447,7567.35262759739,26.7012078869978,8.90100269181358,9.05300999932822,13.6646176983646,23149.2209683783,23287.0309174934,1114.16888178664,0
4826,21488,5.68406373114627,3746.83194754608,26.7312235885648,14.1475703886943,14.5737921684621,21.7699994184644,34116.3860104503,17550.9539906163,429.825648951726,0
4826,21489,5.47444550680145,1806.56591720321,27.7924570521971,24.114490609557,25.2694968178495,37.2250799060687,31890.2046679245,24716.4401694112,4.06562380040217,0
4826,21490,5.60118870552416,1418.44209361911,28.2851801257412,29.1749258128447,30.7636680001067,45.0898580774803,30434.113652337,27685.8792652852,-126.053228380148,0
4826,21491,5.61207587831624,5719.85523984167,26.0448441315991,10.6177895566624,10.8453921043276,16.3129888048912,22598.3155430287,23817.0851614122,-17.0940517468721,0
4826,21492,6.27261580773536,3972.46267569641,27.4561848270904,13.6598364792007,14.0623833689764,21.0170097515153,23925.9058460268,25475.3714181004,210.379770638246,0
4827,21493,5.83750702312331,3814.60594954608,26.7312235885648,13.9749394216414,14.3907556482131,21.5029243573594,34127.7727741064,17560.9009890689,368.198491710661,0
4827,21494,7.32886906728376,7750.76312959739,26.7012078869978,8.76696418197708,8.91327419566039,13.4579011721866,23141.6997388898,23285.4050756404,1182.57791388863,0
4827,21495,5.38886574901599,2273.67129920321,27.7924570521971,20.3219206682796,21.1805591590143,31.3388641812175,31881.2789132065,24690.8780297825,10.4758118994446,0
4827,21496,5.70004305417262,1956.69145561911,28.2851801257412,22.8100172654878,23.8672200069289,35.2016179789345,30426.6691386446,27694.9980804392,-57.3657670399709,0
4827,21497,6.49223379639078,1561.75899803736,28.1420057436918,27.037208295997,28.439883446167,41.7666645507523,26622.4144602653,26223.903801554,755.836001108744,0
4827,21498,5.45072861751963,5852.45175984167,26.0448441315991,10.4606284840603,10.6805906904926,16.0703489528204,22567.8111787098,23777.1393697287,-47.4518970528836,0
4828,21499,5.7564491622988,3584.96287354608,26.7312235885648,14.5836357265979,15.0365067268117,22.4447304071758,34134.9162431721,17556.845751589,415.514425107057,0
4828,21500,7.10230727871638,6857.47667359739,26.7012078869978,9.47793298493345,9.65529604936185,14.5545984313217,23103.2422204469,23270.0775683694,1101.59406321807,0
4828,21501,5.7422139323262,2214.04691720321,27.7924570521971,20.7223690427139,21.611205307286,31.9600684579689,31851.0631755604,24692.2074755811,-2.88907693355398,0
4828,21502,6.02430334387639,1918.93261403736,28.1420057436918,23.1164237263468,24.1960872829532,35.6767644741892,26629.5555452135,26192.5525732893,774.644594821,0
4828,21503,5.77758047858178,2106.20394361911,28.2851801257412,21.5915373386813,22.5531159306884,33.3103763708485,30417.0510995783,27689.0658425004,-104.42975300071,0
4829,21504,7.25074810214031,7269.49502959739,26.7012078869978,9.13113214425506,9.29309301478612,14.0195745622868,23139.0366935854,23290.0072950871,1118.19448155505,0
4829,21505,5.58325738751176,3398.35860154608,26.7312235885648,15.1327480982439,15.6199003774695,23.2945796220302,34126.8695259282,17559.447534231,373.767100531586,0
4829,21506,5.63209920526125,3317.96801120321,27.7924570521971,15.5051893632552,16.0254618834557,23.8737166833496,31885.3482511413,24698.8459477804,-24.7581878140658,0
4829,21507,5.81575710655243,2311.13384761911,28.2851801257412,20.1623275252801,21.0148198400027,31.0929169289407,30453.3788503177,27697.8304244509,-117.879765802204,0
4829,21508,6.44515026510947,2263.79889455754,28.126340943526,20.4439254223194,21.3157425812959,31.5292244925797,26586.4607222141,26202.5560031762,715.061202510146,0
4829,21509,5.94114495133502,2679.98677711019,27.7209909664415,18.0270188074436,18.717597643703,27.780243487978,32902.6268198143,27145.2893050223,376.256851453663,0
4830,21510,7.24372068039845,7020.9617149389,26.6668420659364,9.33441106455121,9.5051844512437,14.3331217777655,23118.6958638876,23268.1047084553,1138.14417811379,0
4830,21511,5.85190035906667,2777.31406166759,27.7162875676953,17.5717763510006,18.2303935992367,27.074697881114,32916.9463300998,27170.8841471612,318.293734668312,0
4830,21512,5.36670360929061,2434.21033995323,27.9600622001176,19.3611566943293,20.1504200096007,29.8493103658821,31896.2085535076,24711.7646606698,10.5837921518346,0
4830,21513,5.72836787282272,1704.64121041147,28.3538107026932,25.3322009716445,26.5951553953068,39.1185785999085,30450.7691339973,27683.8422761021,-83.94851733735,0
4830,21514,6.44258807127667,1258.47309922128,28.2271311577722,32.0372522669817,33.8778792734944,49.5403185245824,26603.0477806453,26226.2710115011,797.824950761991,0
4831,21515,7.26378745861099,6590.4415189389,26.6668420659364,9.72097969718374,9.90925199518603,14.929587712624,23137.1872199027,23289.3293133393,1140.16976853,0
4831,21516,5.93037501400618,2937.46510766759,27.7162875676953,16.8843115192296,17.4955914056878,26.009505399771,32910.1520825042,27164.6443377729,334.190938685222,0
4831,21517,5.79716933761503,2416.89663087934,27.9681244765163,19.4632477875491,20.2601064158104,30.0076522574706,31881.6297543868,24725.4494592759,-16.5720462518729,0
4831,21518,6.05641727008088,1253.46892230121,28.2481237545352,32.1456740752419,33.9964004655967,49.7090540109561,26617.9487463298,26204.5186934345,704.89471837541,0
4831,21519,5.55632276436134,1461.84861241147,28.3538107026932,28.5165489022147,30.049310657892,44.0667406477865,30424.0276121146,27679.0060240148,-56.2298207697058,0
4831,21520,3.45731089396721,4385.37577944111,25.936541137189,12.6475238319246,12.9806061904524,19.4485423351957,22593.8554079276,23450.117098896,-425.691963617901,0
4832,21521,7.28752667097631,6852.3306589389,26.6668420659364,9.48077420653965,9.65810433979592,14.5589376778202,23141.9342593083,23286.9834767182,1151.000959548,0
4832,21522,5.71549188247293,2785.33152566759,27.7162875676953,17.5356353212608,18.1917381000185,27.0186919954962,32917.2575334409,27166.843215273,318.382925296025,0
4832,21523,5.76248387773008,2321.34911595323,27.9600622001176,20.0433744535008,20.8831494352986,30.9073547230983,31857.4635202657,24692.5137486308,-30.1447475578177,0
4832,21524,5.78180169364046,1235.44335841147,28.3538107026932,32.5534766112932,34.4427800956048,50.3438777149419,30432.1693765284,27692.8661590451,-85.872720122103,0
4833,21525,5.76124443572075,2561.45926166759,27.7162875676953,18.6228256877639,19.3557735891313,28.7037888429084,32900.2307004116,27167.2511115176,279.704238603085,0
4833,21526,6.35832634266629,4016.03923542731,26.958298625592,13.5135575318435,13.9036903542052,20.7897122217481,25874.3797984206,21592.135725716,767.907946039815,0
4833,21527,5.74131673134441,1437.37772641147,28.3538107026932,28.8941217948359,30.4595966777408,44.6536576423125,30438.1642459114,27684.1290796139,-72.972162767611,0
4833,21528,5.61186740869305,2968.45096995323,27.9600622001176,16.7898550899468,17.3970560061391,25.8638180042821,31880.6540168307,24699.3154625511,-9.26834284269475,0
4833,21529,6.00670179073458,2008.64849316885,27.3175747218858,22.1774354290207,23.1719634133852,34.2161655815206,31233.4121261896,20420.5740523455,329.626986735299,0
4833,21530,8.67729514714313,2969.09132238248,26.0272741393087,16.5413291538072,17.1129348393779,25.4736489530097,26914.6281432198,18825.7036507435,-1397.03108207938,0
4834,21531,6.05225569852501,2950.24018766759,27.7162875676953,16.8324291647564,17.4401794235468,25.929128139014,32916.9602064969,27153.9640181578,272.497310927585,0
4834,21532,5.92359148644792,1888.49223241147,28.3538107026932,23.4401530467062,24.5486235425452,36.1801784129612,30413.4785582812,27702.3165571908,-81.7107288781989,0
4834,21533,5.46295218429344,3532.86721995323,27.9600622001176,14.8595214854411,15.3398350747195,22.8745275569114,31867.7909570787,24688.6103849782,-15.0346132430849,0
4834,21534,5.80436029378928,2368.22294316885,27.3175747218858,19.647958155953,20.4508892445799,30.2920203720002,31231.9563858387,20444.9569240081,329.507664354544,0
4834,21535,6.57870209286104,3671.77285542731,26.958298625592,14.3682369866605,14.8097356189055,22.1119339579988,25887.1257602861,21592.7622760693,752.486949352498,0
4834,21536,8.49722220150209,3124.07073983652,25.9529344234603,15.9529043289916,16.4853189678598,24.5622808356741,26890.1891916068,18826.9409080397,-1402.50058687263,0
4835,21537,5.77646358352851,2801.69684366759,27.7162875676953,17.462454744336,18.1134747437033,26.905290240119,32920.612617384,27161.7106972887,341.071041316543,0
4835,21538,5.62351439643199,3290.73540195323,27.9600622001176,15.6135761918306,16.1423646460503,24.0419463279106,31891.8995928732,24702.3347045071,-27.3506487842767,0
4835,21539,6.14261676368692,2572.38537733593,27.2772939026388,18.5004464665869,19.2198389361866,28.5127541867519,31219.7503609221,20394.4470381484,345.008589067084,0
4836,21540,5.84188079062603,3033.52049366759,27.7162875676953,16.5040408878328,17.0895936428379,25.4204215183719,32930.8161306919,27158.865434912,338.891601824172,0
4836,21541,5.68347825159008,3401.32794795323,27.9600622001176,15.2570507691287,15.7627388214407,23.48992798305,31884.4520298006,24681.1525007266,-43.7555860108716,0
4836,21542,7.05180270565078,2875.44252816114,26.9482233471211,17.0413244497852,17.655684533015,26.2506591904633,23954.4848970799,23139.8231394134,1038.38009124323,0
4836,21543,5.83126983081266,2668.65758316885,27.3175747218858,18.0244025042795,18.7105352767412,27.7750140877166,31225.6880591194,20450.4074529664,336.424732904045,0
4836,21544,11.0282796116821,1432.50303159656,27.4801023168822,28.7191050789662,30.2546998513883,44.3775132847632,23742.0832528723,25156.3004319939,-70.1128740646772,0
4837,21545,6.72100054067518,4389.40476393691,26.9979740335463,12.7273445974691,13.0723669288599,19.573998110179,23940.0803404618,23171.4507431109,1015.12440578124,0
4837,21546,5.75322933826,3578.41698795323,27.9600622001176,14.7280628781513,15.2000761097637,22.6710462843455,31874.4308652871,24684.7367188948,-21.2847762888398,0
4837,21547,5.78379008741306,2989.0830350486,27.6563600554048,16.6696820811076,17.2658266436222,25.6768498516345,32929.1150967076,27164.1492861436,333.368132550585,0
4837,21548,6.16504566652098,4108.67080990909,27.1235015181772,13.3202689049017,13.7002903912621,20.491101784615,30608.5229536381,19979.0603744251,690.262337414419,0
4837,21549,7.60441339855838,3509.43937443862,26.4372742866002,14.7683561599789,15.2301613053689,22.7299025983046,23584.0590616387,23913.2999079186,-201.660446201553,0
4837,21550,9.48142983914089,2245.89865988263,27.3959649516796,20.437284456815,21.2997757744898,31.5164872584213,23760.2511404717,25234.2328972661,-10.2051257709715,0
4838,21551,6.77603896310184,4726.79903193691,26.9979740335463,12.1104529719049,12.4211669500722,18.6204013986559,23958.9605295446,23165.0761893543,1034.58721025261,0
4838,21552,6.0227299043403,2826.31532890826,26.6505225541869,17.2108124513279,17.833664501552,26.5123966203367,34822.2547237783,16879.8805220945,516.838212357184,0
4838,21553,6.1941793108292,2108.22543790909,27.1235015181772,21.3601720439802,22.2891044387179,32.9472673256785,30653.1539730096,20049.6291996925,721.67387678868,0
4838,21554,5.48303628876547,3240.42801795323,27.9600622001176,15.7830795953075,16.3229620303758,24.3044238857627,31878.5575709967,24695.786370453,-33.5372678679946,0
4838,21555,5.54195801939726,3052.15929476399,27.72160408258,16.4334442511856,17.0143076259285,25.3110829775668,32933.9384787616,27149.165098091,297.750364048339,0
4839,21556,6.71858627387131,4669.28914593691,26.9979740335463,12.2099697649954,12.5261372611049,18.7742131623878,23949.398252697,23166.4909727251,976.56463476507,0
4839,21557,5.62877158051454,3117.98548395323,27.9600622001176,16.2164377812505,16.785002191498,24.9755708461317,31898.1808897008,24682.2624737078,-39.6601495601862,0
4839,21558,6.03372684047879,3131.51118821292,27.4514567126544,16.1066965065832,16.6632881102786,24.8043160479627,33326.3109740816,28555.5674320696,626.137186221381,0
4839,21559,6.33445611092566,2736.62721790909,27.1235015181772,17.6759368351528,18.3356766735337,27.2344225992291,30658.8833905493,20027.1909709139,712.768317718569,0
4839,21560,8.80786997741759,1705.29767913604,26.1374116171068,24.7967104005397,25.982096031271,38.2775740009701,24284.683473589,20932.8218985605,230.785268384222,0
4840,21561,6.77171402697878,5211.45153641658,26.9446513369874,11.3463739594441,11.6159738907509,17.4396581783327,23944.8369298878,23156.6030046201,1024.07390909771,0
4840,21562,5.53288125636327,2998.64806830554,28.0010757306426,16.6749338514612,17.2747193538847,25.6858905265675,31900.7361362717,24682.3627738351,3.08775790710565,0
4840,21563,10.6554848320422,4115.25945848603,26.2782374766479,13.231028056345,13.5996088175313,20.3513674997548,35179.2384557122,28229.430408202,-1016.50688502852,0
4840,21564,6.25708116097557,1953.60423439772,27.2243439671589,22.6220264734195,23.6500405296725,34.9058407244102,30670.920137716,20008.9224123287,823.146178105343,0
4840,21565,9.09991527875533,2341.98636718133,25.546305729722,19.5107324305265,20.2823072272609,30.0733546314249,33936.1579307299,13990.9812960412,-1355.74604035184,0
4840,21566,6.25864623348371,4254.81040416419,26.3687185479885,12.9441040979871,13.2969477127977,19.9078992925073,23470.3299264777,23799.5680070105,-78.2533419968582,0
4840,21567,11.1507386416241,3452.63480212665,27.4247758357289,15.0418249638527,15.529210370872,23.1554876022692,23664.2383528892,25121.3785203759,-133.433928557098,0
4841,21568,6.78705104123106,4472.41315841658,26.9446513369874,12.5635938474786,12.8990289897691,19.3207385167228,23965.1566781576,23179.7429772952,1009.52883533004,0
4841,21569,5.67624389147874,2504.01018630554,28.0010757306426,18.9741122009453,19.7355614156186,29.249280647935,31897.7642635912,24682.8101696785,-8.31608237003558,0
4841,21570,10.2412599843302,3894.58953145408,26.2974519944228,13.7372709355419,14.1355167269896,21.1343363647144,35183.1333045024,28242.9956986221,-1014.13710802593,0
4841,21571,9.65641037705564,3101.45449382651,25.5278499991407,15.9816845497585,16.511838069834,24.6057056884549,35230.2840003609,28247.1565168762,-999.731724109447,0
4842,21572,6.8870511646666,4935.24549641658,26.9446513369874,11.7632872800294,12.0548930415712,18.0838033682133,23949.2544550602,23166.2524957082,1023.80634022163,0
4842,21573,6.76259699108217,4604.5912918963,27.8424692224619,12.3897508526811,12.7214371819251,19.0536427364905,31313.4437725649,22288.7645254481,-345.33965942813,0
4842,21574,5.46465166640585,2680.70275830554,28.0010757306426,18.0631138600277,18.7591744555933,27.8369968178235,31913.35265929,24671.2373602652,29.7538893174345,0
4843,21575,5.4367389624646,3619.96959196355,27.8299765954337,14.5976879176442,15.0604648715056,22.4689656933174,31600.7008802431,22294.1725594304,18.334638650057,0
4843,21576,6.24814765309892,2276.35829812665,27.4247758357289,20.2416093407008,21.0898070537328,31.2130698901991,24049.2926113525,25497.2918832781,426.569192956993,0
4844,21577,5.46608660575109,3396.07530196355,27.8299765954337,15.2594567737868,15.7641898850111,23.4933473148666,31580.8410506538,22310.3218786077,36.3604600959744,0
4844,21578,6.52018035068943,2706.2443480563,27.6677523868287,17.8939537002597,18.5746044841249,27.5738545037145,25556.4450890371,24165.9679298953,715.474462297327,0
4844,21579,11.8812254738224,4623.6155779544,25.631048293475,12.1838986913621,12.4894820222222,18.7313925939341,36371.7671952334,27016.2381647233,-925.543285151528,0
4845,21580,5.92663522021364,4981.70706912792,27.6240014660841,11.7383908531419,12.0328645524515,18.0464914034603,26223.1135972576,23501.8063750324,500.085538698403,0
4845,21581,5.44455136239319,4003.06780996355,27.8299765954337,13.6221075458439,14.0251870210659,20.9594131517285,31577.6874133671,22305.6046667533,23.3608032442362,0
4845,21582,10.49432901224,4185.45210024621,26.7229273992382,13.119306514253,13.4847401878433,20.179512889235,35420.5813083241,23096.2462516544,-994.028743935484,0
4845,21583,10.7050934930107,4553.4627679544,25.631048293475,12.3086684033532,12.6209974906011,18.9242098349142,36376.6374846957,26979.8357996828,-970.690477284392,0
4846,21584,6.04647162136879,5357.16226512791,27.6240014660841,11.1861975661946,11.4514317828404,17.1933085760646,26231.841576991,23499.124667379,488.388648053026,0
4846,21585,5.58185415655679,3950.40364396355,27.8299765954337,13.746066347199,14.1565834179629,21.1511787780858,31587.3128702722,22303.0894649041,-13.8334514622814,0
4846,21586,6.49108162305262,4489.62840887035,27.9980740226994,12.614785803355,12.9602202298295,19.4018433190283,25478.7865707828,26950.6819224775,870.507599604888,0
4846,21587,10.6055414852507,4601.69944824621,26.7229273992382,12.3083488786491,12.6281035651923,18.925768965494,35405.7178566104,23115.3259476073,-1013.43561041117,0
4847,21588,5.52134653310917,3772.45558996355,27.8299765954337,14.1879332836005,14.625315789934,21.8348486994885,31588.92402101,22285.430443189,27.7512527472072,0
4847,21589,5.46424795286179,2773.83586812328,28.5481978636212,17.7001263664573,18.3761277707093,27.2759249569606,28725.0434997622,27812.555693346,417.197313270439,0
4847,21590,6.56447006593294,4638.19377887035,27.9980740226994,12.3411765025233,12.6711489284742,18.9788284019335,25458.7500377899,26912.1372939871,862.660569128337,0
4847,21591,5.82509716627689,3722.41704753877,27.6502475099233,14.3015055321617,14.7444612330508,22.0102041265428,26246.6197361208,23511.9683197413,502.46913044334,0
4847,21592,9.87942510663985,4438.06829424621,26.7229273992382,12.6109103797934,12.9474710933327,19.3934655749199,35427.0067817245,23155.7783147531,-1027.82402801512,0
4848,21593,7.12881344470156,5866.36946242951,25.8059455825374,10.4301241780814,10.6473042624102,16.0228945054101,34858.3939937552,14765.5791231042,1009.57845380525,0
4848,21594,5.5484869246758,2180.10301212328,28.5481978636212,21.0938934388041,22.0203123665597,32.5390459477415,28721.5146503182,27818.747918239,392.327622855535,0
4848,21595,6.68042066238733,5298.18084287035,27.9980740226994,11.2928805228661,11.5658429226466,17.3587162869437,25475.5852166624,26917.1064870517,899.735434424261,0
4848,21596,10.504037701493,5178.27405024621,26.7229273992382,11.3792355642551,11.6492169612815,17.4900570484574,35419.5334442065,23121.4949753648,-1032.95495197002,0
4849,21597,7.11346457914713,6261.58198042951,25.8059455825374,9.99940493150128,10.1962300088374,15.3580702055665,34874.4562005864,14771.3768604318,1005.41413455701,0
4849,21598,6.10429924091253,3514.25331408101,28.0992453263478,14.9285678859331,15.4144096641587,22.981724492737,31105.3078982914,24170.0535482043,500.50818377324,0
4849,21599,6.59771018064538,4583.23971516254,28.0410698946419,12.4438432455313,12.7798710123525,19.1376267378046,25500.6610028756,26924.5010020959,825.678244418076,0
4849,21600,10.7195733500225,7629.92203224621,26.7229273992382,8.85561214087102,9.00577415547847,13.5946388820863,35411.4974412097,23128.1590263603,-1020.75763027953,0
4849,21601,6.05178085007187,2298.46762915905,28.4560764561875,20.2723117267516,21.135078156922,31.2640787007581,28034.8610585985,27138.5294264365,644.977380551916,0
4850,21602,7.24782707899383,6435.48107581629,25.6622072509933,9.81680831746171,10.004484311967,15.0760841305955,34879.0091639537,14761.5955820683,1015.03869538612,0
4850,21603,8.35811717122918,5775.00954564566,28.0877831042643,10.6746707527318,10.91623024331,16.403898524386,26578.373151148,26751.2626462279,-1212.44297014401,0
4850,21604,6.21163438390865,2349.42134926926,27.9361715352993,19.8640841611228,20.6902232607861,30.6291954091948,31131.7833115283,24500.2830143148,457.622750749245,0
4850,21605,9.76231969931159,3404.92333829186,28.288755823276,15.2811004809716,15.7911256442802,23.527930196961,27980.4182933922,27084.1512431211,-1100.52252366287,0
4850,21606,4.7606012085867,5321.79360273634,27.7569533501743,11.2439539857059,11.5129638830844,17.2827449831658,24804.5775073219,27450.995426136,486.297602195417,0
4851,21607,7.05015969783665,7188.1094958163,25.6622072509933,9.14723252208564,9.30519754389005,14.0431093673611,34861.1503926862,14766.8908306949,1008.57679407903,0
4851,21608,8.52434680914356,5563.73615364565,28.0877831042643,10.9395022552197,11.1945707410541,16.8129436393726,26601.7971885016,26764.7813286388,-1187.2509979122,0
4851,21609,5.81296895203699,5901.36176573528,25.7847121225726,10.3886798988794,10.603755607963,15.9588841567674,34402.6866966811,15385.8185938407,-133.93297870446,0
4851,21610,5.77115685793733,3037.31535526926,27.9361715352993,16.5164350400735,17.1048932441041,25.4401908522952,31111.8436912583,24495.5891312103,500.692274910115,0
4851,21611,10.2027237966499,3447.56601770397,26.5713554078246,14.9654568406204,15.4406964423335,23.0352621232304,35401.308642917,23145.1454890148,-1048.49557846362,0
4851,21612,5.5311626989995,5117.68791738042,27.8508667001313,11.5455863419266,11.8310867289036,17.7489342958543,25077.0561685161,27609.7875186293,-136.060907063334,0
4852,21613,6.97997909914811,7976.17774981629,25.6622072509933,8.56534288634669,8.69894517817349,13.1458108156029,34869.7356978323,14766.2679384052,994.899816873432,0
4852,21614,8.35052375688014,5219.6064710314,28.1097459989196,11.4126978372416,11.6926411205563,17.5440192585241,26632.5640802356,26767.7314285852,-1200.83995311958,0
4852,21615,6.94800891845641,5348.27582557238,27.8873462482154,11.215580621145,11.4838533498968,17.2391170319972,25479.054095739,26929.0630626362,862.686728638904,0
4852,21616,5.74166186241484,3047.82175726926,27.9361715352993,16.4761633327742,17.0619092666486,25.3778086458434,31136.2331338581,24496.9458702651,462.473209091114,0
4852,21617,6.23492839130823,6907.57552373528,25.7847121225726,9.38810000000387,9.557134050804,14.4148088138014,34507.2653714528,15404.2703359745,-275.696507387449,0
4852,21618,9.50929962935429,3580.42650629186,28.288755823276,14.7556742756035,15.232096441309,22.7145194213407,28008.2527123577,27100.7136150055,-1102.28955347405,0
4853,21619,7.06545777878685,8298.7264938163,25.6622072509933,8.3549651473079,8.4801068559252,12.8214949487623,34863.2843201839,14765.5760743313,998.27221999082,0
4853,21620,8.18817954227034,5096.4811310314,28.1097459989196,11.5951896820793,11.8848837597198,17.8260077348881,26596.077486373,26737.4973069056,-1209.66229531337,0
4853,21621,6.76013423690935,5418.25242757238,27.8873462482154,11.1196560936527,11.382927950412,17.0909274393342,25475.0146525515,26907.1731983412,848.346737257336,0
4853,21622,5.85795495457982,3789.23538085606,27.978239054459,14.1588183313355,14.595564221708,21.7901134496586,30979.6521678984,24912.3524059291,70.5283512400034,0
4853,21623,6.92758868871636,7064.64292973528,25.7847121225726,9.25454225106718,9.41772177298508,14.2087849466148,34542.6688217099,15448.1760921344,-314.406811358367,0
4853,21624,6.83321857283505,5294.7309566154,26.5885844610622,11.2045373482837,11.4646856205548,17.2199729795513,35424.3965192903,20043.1282500778,765.951533145273,0
4854,21625,7.20272313000524,7217.52305624333,25.6972874571167,9.12522553505382,9.28240460400368,14.0092112056383,34846.7778093425,14759.0971673283,994.466381035547,0
4854,21626,6.57822701491178,6220.7480486154,26.5885844610622,10.0856049589674,10.290508889187,15.4922291954288,35426.7425544931,20019.0412182489,745.556723378616,0
4854,21627,6.61724696321866,5049.60326557238,27.8873462482154,11.6513883477818,11.9427757778007,17.9124852571594,25478.5815264528,26920.1925947638,845.456946889265,0
4854,21628,5.94753149235517,5508.82367721103,25.9288584120626,10.874113949494,11.1136943990322,16.7085922656215,35759.2510296774,19283.839890931,-146.440105214781,0
4854,21629,5.90364606827592,2322.15271824868,28.3720822042142,20.1065179806817,20.9558339455678,31.0066260533477,28122.3705349865,28430.6832245063,699.742284455694,0
4854,21630,5.59924973525948,2530.27327285606,27.978239054459,18.8278307616735,19.5784186520883,29.0224064878575,30987.9737434798,24942.1035075555,108.988810910172,0
4854,21631,10.3799348146399,5212.22305970397,26.5713554078246,11.3199499355837,11.585943111075,17.3982215142858,35403.7411574301,23127.8749782489,-992.853780944522,0
4855,21632,7.21108122923213,7632.0214998163,25.6622072509933,8.80665141884777,8.9501877308844,13.5178723475591,34858.5125867746,14767.3424421073,998.100820373732,0
4855,21633,6.37340833113011,6667.8978746154,26.5885844610622,9.64418192372884,9.82855513495381,14.8109738366344,35419.2202589089,20024.7881173629,790.450157893297,0
4855,21634,5.91459840071622,2284.79662224868,28.3720822042142,20.3472198222934,21.2146511060582,31.3800099780139,28108.9380989363,28413.017710123,692.619273083013,0
4855,21635,6.0961625888999,6156.24637166201,27.945352299768,10.2297562994495,10.4484752750405,15.7166648949243,29965.2549862456,23986.5641764606,754.396701473827,0
4855,21636,10.3955959342067,6249.97804970397,26.5713554078246,10.0541076805398,10.2574343112746,15.4435879320475,35427.4569015939,23136.506906962,-1044.40732131032,0
4856,21637,7.28046208226302,8175.71128381629,25.6622072509933,8.43350990457851,8.56178833727519,12.9425725657721,34869.3475782748,14772.618271919,979.841189827495,0
4856,21638,5.690455604115,3579.5817708206,27.9524285116277,14.7239648241953,15.1956578889415,22.6646860996927,31041.1373095411,24449.161849701,58.5211318159125,0
4856,21639,6.63579610031011,6142.9081646154,26.5885844610622,10.1681768530762,10.3770027361771,15.619686080126,35413.2924985586,20035.791095001,764.26353145163,0
4856,21640,6.18346162414531,2335.87491624868,28.3720822042142,20.019900999979,20.8627234833202,30.8722702734513,28110.3482030747,28419.4627383417,676.290761067729,0
4856,21641,6.43932831861736,7232.61320573528,25.7847121225726,9.11731038830616,9.27454823276634,13.9971137413325,34450.254637796,15458.6322943482,-209.425736723578,0
4856,21642,10.6633336617344,5772.01384970397,26.5713554078246,10.5872796084033,10.816303714563,16.2666872923338,35405.7895058123,23120.3089987117,-1023.38981638287,0
4857,21643,7.11718387284952,7807.43656381629,25.6622072509933,8.68135883984059,8.81970687602628,13.3246816649114,34874.7714464914,14752.4798918152,989.028386070014,0
4857,21644,6.79555193583547,6416.6693186154,26.5885844610622,9.88556800435107,10.0810765094253,15.1834837885571,35421.0315696439,20036.216523268,812.465027226374,0
4857,21645,6.29043779216942,3027.75562824868,28.3720822042142,16.6067170743974,17.2053615102755,25.5811717183207,28139.1615533453,28452.4501355135,689.889677560426,0
4857,21646,5.74824461339178,2984.53150897131,27.9425574207883,16.7234822305125,17.3260051723739,25.7609469713792,31009.0025937043,24431.3805513105,107.846056744669,0
4857,21647,10.0138915007373,6225.11069570397,26.5713554078246,10.0800699482334,10.284623616314,15.483661273163,35393.950013313,23123.6807379553,-1022.89067153742,0
4857,21648,6.78310114075446,5674.17285921103,25.9288584120626,10.6661942573744,10.8955133129827,16.387544528871,35723.454008116,19260.1056142425,-206.438632910362,0
4858,21649,7.25338592548214,8164.1476338163,25.6622072509933,8.44099812489746,8.5695769799294,12.954116119397,34864.9683543052,14777.5619736183,1012.09753589981,0
4858,21650,5.99028785120798,2683.48924824868,28.3720822042142,18.1017421986626,18.8043941517769,27.8979331606606,28099.1756259506,28415.7823963707,677.338445075239,0
4858,21651,6.36082674885146,6942.0114446154,26.5885844610622,9.39830173556481,9.57156395970928,14.431592028773,35443.3751721701,20047.9415410251,773.215244040404,0
4858,21652,5.89257489015547,3242.07761666478,27.7331546888836,15.7516051791733,16.287405656836,24.2551285635705,30127.5863519826,22549.8831229755,364.81358584351,0
4858,21653,4.58849022710327,7097.74800773528,25.7847121225726,9.22704909609275,9.38903222987167,14.166376892172,34292.3151827063,15276.3948822796,37.0635232133683,0
4858,21654,10.5429463189111,8648.71957970397,26.5713554078246,8.17747770007783,8.29913769494726,12.5488953129975,35348.0680620682,23135.9753725284,-1068.00106300061,0
4859,21655,7.37677693549302,8372.8439838163,25.6622072509933,8.3086032962797,8.43190594332666,12.7500310577396,34850.5629574193,14777.167341734,1007.95359728226,0
4859,21656,6.26540731284566,7474.4239166154,26.5885844610622,8.96597141516979,9.12027851280727,13.7646857267406,35427.0173777591,20048.9962362162,812.084022533638,0
4859,21657,5.94180636920857,2343.87035424868,28.3720822042142,19.9698676448527,20.8089454072171,30.7946628436145,28095.3620694831,28425.3485105954,678.378633001657,0
4859,21658,7.55792801221188,7718.48992408688,26.3618374305027,8.77524238731175,8.92047018987327,13.4702708721153,35837.0894420888,21855.4847387508,1212.94170171767,0
4859,21659,5.86209949375161,3061.20010466478,27.7331546888836,16.4005758666619,16.9793448264441,25.2602016164301,30152.8464556514,22549.868092013,372.924431763419,0
4859,21660,4.07540938345872,7450.47237173528,25.7847121225726,8.94735057315849,9.09733484607441,13.7349906649796,34219.0054111383,15206.0659563796,202.909038423541,0
4860,21661,7.29929869208618,8880.39077457672,25.7327372533366,8.01181164147789,8.12383004599222,12.2926803619256,34852.2678952452,14775.8549805144,1030.07445605273,0
4860,21662,7.47078657218361,7717.19606418971,26.4905684662252,8.78183682470669,8.92788730993577,13.4805911248627,35858.9314910931,21847.2910392596,1210.78500958052,0
4860,21663,6.4365622788096,7784.05803086597,26.7515242186226,8.74540326072063,8.89101384636835,13.424709620246,35422.0246770862,20032.2887695711,832.569999341647,0
4860,21664,5.92990749176198,1968.47924356631,28.025332610041,22.6557146755354,23.6972267242629,34.9611293540424,28148.0258695345,28438.3636255336,720.586953729671,0
4860,21665,5.87964847589569,2377.62368824943,27.7252427161338,19.6576808502847,20.4660830015123,30.3084095588771,30155.2068224869,22562.4974989808,391.375320815535,0
4860,21666,4.69656064144222,6944.61670332166,25.8636982226243,9.36007296561753,9.52824577347037,14.3716764633957,34176.3168518684,15255.9274877111,255.020224034687,0
4860,21667,5.14538478810087,2204.14755506591,26.5401322324415,20.5678740845052,21.4294709121089,31.7161031162651,23177.7893562279,23247.4673452979,101.749112609144,0
4861,21668,7.25425035554527,7262.69120457672,25.7327372533366,9.09084844492198,9.24671320117711,13.9562349524856,34859.1885029654,14781.3818577093,1013.82183731105,0
4861,21669,6.47173901823755,6721.54581686597,26.7515242186226,9.60301460768908,9.78628906414385,14.7476652429778,35429.7607566874,20050.7345810641,804.645302832076,0
4861,21670,7.3897801762509,7209.93728418971,26.4905684662252,9.16915344492805,9.33183522550347,14.0779638189548,35841.9015467812,21862.6884743912,1150.22926497046,0
4861,21671,5.88229943783862,2391.92909356631,28.025332610041,19.6202026240911,20.4292918714712,30.2512398717908,28104.818633868,28417.2769452114,694.473280711061,0
4861,21672,5.70385947054073,2157.09937624943,27.7252427161338,21.1119066410158,22.0295422287575,32.5641891780079,30149.5895087863,22538.0631044797,373.209648038294,0
4861,21673,4.5953746005328,6519.52917307564,25.8715524224963,9.74659815361333,9.93212621806585,14.9680365962474,34267.8696544014,15275.4319290288,71.7560855596914,0
4862,21674,7.25728011790329,6005.07268257673,25.7327372533366,10.2690026394338,10.4780939255095,15.7740690241493,34877.7011539255,14761.5326588923,991.935936724068,0
4862,21675,7.21890586860378,7032.51785418971,26.4905684662252,9.31602362373333,9.48517068252298,14.3045306729128,35838.6560694061,21861.4589604291,1183.32742987681,0
4862,21676,5.94822697924879,2273.01071956631,28.025332610041,20.365888679887,21.2306176558536,31.4078361900351,28098.3907681903,28448.3563333398,674.661486601966,0
4862,21677,6.52610025879503,6081.18391886597,26.7515242186226,10.2442840177718,10.4575986462172,15.7374055520938,35416.2602179879,20031.5353163798,845.995348234868,0
4862,21678,5.81908207041503,1642.96848424943,27.7252427161338,25.9016472893655,27.2024167856775,40.0005430686383,30154.4761385902,22546.3923593406,411.279887419508,0
4863,21679,6.37923957784168,3266.40198750786,27.4503426485141,15.6373017021825,16.1631289913749,24.0774422254582,31611.5338131327,32441.7992804792,789.737122107876,0
4863,21680,7.31630869786848,6531.84484818971,26.4905684662252,9.76770594596406,9.95726837504625,15.0014569164148,35849.3033678605,21867.0860225022,1205.32262783408,0
4863,21681,6.35304254693366,5922.31038086597,26.7515242186226,10.4220914269546,10.6440072998758,16.0119094097682,35417.6076246631,20040.8957928659,786.290430321949,0
4863,21682,5.94073705896458,2029.15034224943,27.7252427161338,22.0901509924546,23.0832897033098,34.0821975073712,30156.6990362885,22553.7628846021,361.364125163207,0
4864,21683,8.40808395955041,7389.57503438374,25.9709341490646,9.00265194638073,9.15581462309416,13.8205066055316,35270.8846757128,29536.456613321,-1384.85806876898,0
4864,21684,6.36851385995436,4829.20405286597,26.7515242186226,11.9203137867522,12.2191222200833,18.3261148143401,35414.7247597642,20049.8925406954,850.058213654503,0
4864,21685,5.71149722706316,1807.45865224943,27.7252427161338,24.0906117960018,25.2427202673725,37.187733214959,30178.9562953474,22568.0744017173,384.115947851678,0
4864,21686,6.28594139946204,1415.64531150786,27.4503426485141,28.9760199093883,30.5332816702076,44.7767084735142,31603.7016608901,32460.3418433936,819.46818943635,0
4864,21687,10.7803660970989,4562.2805406694,25.4411671924927,12.277584433463,12.5869116716233,18.8758086508448,34265.7318971412,13988.5704708955,-1090.69528638787,0
4865,21688,8.39183012794361,7202.02364438374,25.9709341490646,9.15080827000214,9.31034014267801,14.049015594807,35284.0563440509,29537.2663712294,-1392.53966723758,0
4865,21689,5.71464234360706,2157.76015624943,27.7252427161338,21.1071363856273,22.0244076453482,32.5567879274804,30142.9019930396,22566.5939747278,354.697048532356,0
4865,21690,6.37626346674024,3852.83552486597,26.7515242186226,13.8819130175487,14.2923157495751,21.3590578065141,35402.1487254878,20027.6919582627,809.532365154831,0
4865,21691,7.34100415888442,4113.61030818971,26.4905684662252,13.2534876146136,13.6249479234947,20.3865350188469,35823.7177255411,21843.3462333652,1183.74763687951,0
4865,21692,10.2818099110603,5774.5915806694,25.4411671924927,10.5150850857023,10.7343190308092,16.1534912762728,34312.9375854793,14029.9314579891,-1109.8181301886,0
4866,21693,8.22791261285144,6838.11007238374,25.9709341490646,9.45831798752278,9.63134968088198,14.5233802586311,35256.8740154509,29532.8992250032,-1378.96929309138,0
4866,21694,5.88239201446336,5105.49026400701,27.1048304202114,11.5126555270417,11.7919344370886,17.6968179620168,33421.3748071469,27296.2022110834,530.466208381181,0
4866,21695,6.43075880661338,3349.87181486597,26.7515242186226,15.2867457522964,15.7838331902191,23.533006772856,35420.3075136154,20001.756869143,798.400300805044,0
4866,21696,6.36168285209566,2474.45424799499,27.6880629896957,19.0898054386791,19.8561822547148,29.4277044640071,30069.9139680726,22562.6994510031,400.884004173123,0
4866,21697,10.4683515550514,6517.9470546694,25.4411671924927,9.72500141736149,9.90738930429163,14.9341151663214,34290.619632609,14021.1778740274,-1098.56648521012,0
4867,21698,8.55814816517161,6069.53482838374,25.9709341490646,10.2121249616493,10.419796591606,15.6866277316576,35279.9160543844,29509.1592912214,-1432.17138674041,0
4867,21699,6.54041164293347,3921.57867086597,26.7515242186226,13.715325246588,14.1158071279415,21.1013651333765,35420.1041450887,20016.2213088267,786.621351953762,0
4867,21700,6.0133741446388,1808.21398510273,27.7118850704243,24.0800564856009,25.231119226428,37.1712896980918,30075.8775268909,22586.4249362831,449.199830998609,0
4867,21701,6.4839148625621,1829.69005950786,27.4503426485141,23.8093131210505,24.9347959920134,36.7498586440738,31615.2192877869,32489.2139509835,782.525103422965,0
4867,21702,5.93882544811213,1957.44624000701,27.1048304202114,22.5645631360438,23.5864309892164,34.8161978120978,33396.1726044822,27294.4779213182,517.214465779731,0
4867,21703,5.67411431171121,3767.33898949389,20.9226290158986,13.5018096995714,13.8409224528397,20.757665609266,38656.3292045062,12875.1854763318,587.705939200254,0
4868,21704,8.3863592426148,6548.75451038374,25.9709341490646,9.7239433204778,9.90893441623131,14.9332158921094,35284.4575521356,29534.1858546151,-1440.61153419063,0
4868,21705,6.38961946594871,4257.78353486597,26.7515242186226,12.9706572516731,13.327773226178,19.9497160120273,35422.2395455268,20032.309039664,804.830752308511,0
4868,21706,6.12283207411706,2933.53297331656,27.7560721020487,16.9054448611304,17.5185509617242,26.0423526473667,30294.4095848784,22814.7590697374,623.597169725003,0
4868,21707,9.52704501005346,4125.35039715722,25.4085034492869,13.1314661715497,13.4877995972581,20.1956143125761,34943.9147931078,14129.4551501149,-1188.32435201365,0
4868,21708,6.10063028699691,3916.45532550786,27.4503426485141,13.7925293982915,14.2029743317744,21.2222696526017,31580.3427867961,32458.7327061135,780.776755138694,0
4869,21709,8.50312303407194,7828.35498038374,25.9709341490646,8.68023353981414,8.81984548771959,13.3233095260714,35282.78482788,29519.2176238881,-1425.56647688237,0
4869,21710,6.39674721971908,4532.09533886597,26.7515242186226,12.4369346366237,12.7639909579326,19.1245795522643,35413.0733279845,20004.8851234247,772.974559715524,0
4869,21711,6.13297489933264,3483.65434931656,27.7560721020487,14.9836378842571,15.4701269706917,23.0661864362171,30288.9254447972,22795.3548127401,606.673365334271,0
4869,21712,9.79117658263234,5122.11038906164,25.3205691595287,11.3635286182183,11.6240691371133,17.4634117657662,34932.3518872776,14095.4675130511,-1118.77911685552,0
4870,21713,6.33003804196558,4345.43023264721,26.8259197162006,12.7997602988036,13.147680318596,19.6856273761347,35425.6625244347,20043.7760618682,768.521886076407,0
4870,21714,6.13332887259868,4141.2851242017,27.7985825994303,13.307602972377,13.6917855508738,20.4728635783466,30293.1013290519,22802.5338466703,624.312185279889,0
4870,21715,5.67192622544267,5188.22966785235,27.7113725026968,11.4317515228242,11.710376268434,17.5728164699765,30579.8990519419,26468.0000471108,336.895570506884,0
4870,21716,6.27594482848879,1152.28556053863,27.1933907070571,33.9878393707425,35.9845028563694,52.5688449994858,31617.1583022726,32477.0875122611,773.255943336719,0
4870,21717,9.999939640001,5235.43436275094,25.4829532735376,11.2126016232819,11.4664912052257,17.230586936772,35005.6251805066,14109.5811286224,-1179.18516991308,0
4871,21718,5.81385046702445,6327.99124881213,27.7327415530124,10.0368957260736,10.2452252895592,15.4186286468163,30544.8745260486,26436.36267659,331.980785200213,0
4871,21719,5.88578181565913,3861.4668202017,27.7985825994303,13.9593746414742,14.3825526648008,21.4811310122321,30298.9823878361,22801.336749997,589.55837289092,0
4871,21720,6.35739969860548,3591.45822664721,26.8259197162006,14.575203329784,15.0283440680431,22.4318990867354,35436.0403696465,20010.7774858786,829.386317757725,0
4871,21721,6.15993753714134,3078.98788453863,27.1933907070571,16.268173538498,16.8330414697121,25.0537333455937,31580.2533628328,32429.3290703057,676.864304373434,0
4872,21722,6.13959565504389,4093.6428862017,27.7985825994303,13.4128978249515,13.8032971526705,20.6357281708382,30289.0632280069,22796.9802940625,585.511415442556,0
4872,21723,5.69188591927337,6079.19907327427,27.7627387636983,10.3037993630964,10.5252144996616,15.8307297870567,30153.6984388305,27195.2749348539,156.571117678675,0
4872,21724,6.09937522557572,2774.43438253863,27.1933907070571,17.5134058632793,18.1626124723169,26.9827702550796,31580.5452793916,32451.2335308542,756.719937965921,0
4872,21725,6.02040328976607,1608.83414915418,27.1340860324039,26.171121606963,27.485055752045,40.4165967343486,33101.5386552332,26152.2284507332,154.266183444317,0
4873,21726,6.16376302681035,4481.8070842017,27.7985825994303,12.613872066126,12.9579224076815,19.4000633038428,30298.3248989111,22824.5804660017,581.107147886433,0
4873,21727,6.28244617527289,3447.00351757129,26.5077107011583,14.9602612789531,15.4346226039829,23.0270684916943,35765.2322814226,17892.3536613793,759.296575850434,0
4873,21728,5.92892514243788,5524.69452327427,27.7627387636983,10.9700784358715,11.2249246513443,16.8596780497331,30105.6913024869,27180.5953302778,93.2902408687026,0
4874,21729,6.37194564054436,4346.6114962017,27.7985825994303,12.8776232699295,13.2367602511903,19.8078868447212,30283.8877844955,22799.1395689404,577.318603135691,0
4874,21730,6.97957238223231,4026.61748063203,26.1105580967628,13.4123796061658,13.7901676726311,20.6314595595003,36396.559190524,17833.1931811737,1020.23635975946,0
4874,21731,5.65904399420675,4138.51023927427,27.7627387636983,13.3105728954756,13.6946726252324,20.4773861495963,30105.2035350187,27179.0844805578,94.0425711109704,0
4875,21732,6.98801362318219,3515.61428063203,26.1105580967628,14.7157535774429,15.1714974195294,22.6477256566639,36416.9631843776,17810.5719608767,1058.4811991762,0
4875,21733,5.98444773002592,3350.9481922017,27.7985825994303,15.3990977686833,15.9125571103824,23.7094688365457,30292.2950729621,22803.7553005083,559.501822141165,0
4875,21734,5.70754458171112,3423.14981127427,27.7627387636983,15.168052775612,15.6663520731991,23.351683055665,30106.2912101371,27176.4306296844,81.587288165752,0
4875,21735,6.0730002826855,1637.01174253863,27.1933907070571,25.8413080464515,27.1287945300692,39.9045181835333,31621.5792853741,32441.7121060697,798.118977103183,0
4875,21736,6.57109866461006,2675.33325005285,25.002133122406,17.65675486816,18.292176735711,27.1983655787355,36448.4350159701,17812.1931370395,1039.69484505115,0
4876,21737,5.9443325797167,4069.06752334156,27.8171663585578,13.4697178516131,13.8636209651635,20.7236554819663,30180.0707541699,23301.1552333359,339.557147992474,0
4876,21738,5.36192712941062,4045.3500681683,27.7631002764959,13.5187537714331,13.9151752236882,20.7993978348226,30077.3390252172,27165.7014756898,2.07342337385533,0
4876,21739,6.35710642756233,1549.52447053863,27.1933907070571,26.9510398848455,28.3312006631,41.6285465749621,31595.8740029365,32442.4199699049,707.730388447296,0
4877,21740,5.82967794936951,3824.17462024521,27.7655143734993,14.0495853688341,14.4780008079026,21.620639625597,30165.3612754272,26683.2615419821,256.022863886227,0
4877,21741,6.0569333531597,3926.33904334156,27.8171663585578,13.8025297529402,14.2163527552315,21.2385057045171,30181.4157668599,23278.8991504271,357.86688050447,0
4877,21742,6.24504322204999,2722.07858053863,27.1933907070571,17.753128185927,18.4189675502905,27.3542429080793,31605.5702684312,32458.7236088414,762.186753384147,0
4878,21743,5.874059000841,3671.88685624521,27.7655143734993,14.4483370937591,14.9012904015238,22.2376810559989,30159.5198432496,26691.0716914842,208.712689740329,0
4878,21744,5.97231046760387,3898.85059534156,27.8171663585578,13.8691452295229,14.2869933538651,21.3415683036241,30187.5769331279,23282.9065358047,330.009352595699,0
4878,21745,6.91743183455873,2995.08950351949,27.2369286925912,16.5934994442487,17.180479726053,25.5577294074436,31624.8320675516,32354.0868719211,680.134282874959,0
4879,21746,5.68871755648932,2933.44318024521,27.7655143734993,16.9070175511616,17.5203225801414,26.0448144189907,30153.9381209326,26670.0289212302,231.769028938719,0
4879,21747,5.69568426372847,3023.33912134156,27.8171663585578,16.5557436066557,17.1457299388418,25.5007728139283,30197.1504963359,23293.5382321376,383.731483948799,0
4879,21748,6.32552194638919,1952.73242653863,27.1933907070571,22.6232353364646,23.6509192096445,34.907599574111,31609.4253915167,32439.6015852539,744.141113440876,0
4880,21749,5.77474867278327,4985.81625296117,27.6618562776279,11.7346131058258,12.0291146166297,18.0407173482158,30156.0922575453,26692.8027739965,277.284191587453,0
4880,21750,6.00585624932712,3316.54189894096,27.6839832969332,15.4977920065238,16.0166367622862,23.8620019163426,30177.2168593964,23266.5565046562,327.18710434897,0
4880,21751,5.75588681186768,4668.51224074304,27.8275379466729,12.2743824865221,12.599518213495,18.8752682744393,29416.5676385387,28792.9320711103,3.1971466111473,0
4880,21752,6.14099555972368,1392.42124897092,27.2440474283571,29.2900367115833,30.8708836295112,45.2638240795439,31626.8594589925,32456.9645346372,818.219188801154,0
4880,21753,6.12614490608375,1863.92048521945,26.6891147632058,23.3155727562048,24.390719805671,35.9803006909543,34005.179924588,16500.9513722924,300.245322241227,0
4881,21754,5.90908205455849,5703.13699496117,27.6618562776279,10.7371014281834,10.9795318546773,16.4996868887534,30166.4549198078,26681.3450226645,220.024020701528,0
4881,21755,5.41178201422048,5920.07361274304,27.8275379466729,10.4874774804972,10.7182873729903,16.114437338248,29406.1327098607,28787.6364320099,50.6624863280283,0
4881,21756,5.85090030992522,3729.28711294096,27.6839832969332,14.2866410579677,14.7289481208805,21.9872756501807,30212.2562411719,23321.3805014909,375.527410367237,0
4881,21757,6.48208384912047,2810.64992491181,26.5616048994769,17.2667200896512,17.8924610439005,26.5987580017921,24697.9391707906,22009.5390323948,875.885689194072,0
4881,21758,6.04511594018533,1644.06829897092,27.2440474283571,25.7692663469515,27.0515794702435,39.7928314178389,31617.0508283803,32439.1526599737,822.801576976207,0
4882,21759,5.82314422437997,6296.84782496117,27.6618562776279,10.0652441125613,10.2745840266314,15.4622939104511,30150.1907454902,26688.8740628787,286.626899487945,0
4882,21760,6.05768435267395,4236.03929494096,27.6839832969332,13.0948553916457,13.46576913163,20.1436014486852,30194.8196236239,23290.5076381224,347.281417649983,0
4882,21761,5.60086299365232,6578.49683074304,27.8275379466729,9.7926195686712,9.98979799657732,15.041691978244,29408.2005958995,28782.2949397854,42.1725986787574,0
4882,21762,6.53885897454737,3152.05292491181,26.5616048994769,15.9270633079278,16.463584422527,24.5238626326113,24730.6221338894,22036.4694792824,880.656653103922,0
4882,21763,6.39107905846396,2319.25330297092,27.2440474283571,19.9370307885547,20.7604122887402,30.7400770875009,31619.8097077173,32460.8977294457,768.244489979379,0
4882,21764,10.0556005999213,4015.46325276699,27.4126738149282,13.5559034308665,13.9519406517843,20.8561487235065,33211.9823710105,21351.2153069122,-1088.38613285518,0
4883,21765,5.47807507547134,5494.88370874304,27.8275379466729,11.0133304763102,11.2707631732976,16.9265878450514,29427.8804994712,28769.4052917625,78.1306306790577,0
4883,21766,6.49238500699455,3599.10153744344,26.6721481561893,14.538061940701,14.9876312385329,22.3740710725054,24738.86242514,22007.0701876095,878.061110587906,0
4883,21767,5.62967810501224,4150.24218817856,27.6651998538003,13.2765315461786,13.6579284629114,20.4245417868996,30369.645591147,22621.2146156843,367.647641081328,0
4883,21768,6.19851693858746,1988.97343297092,27.2440474283571,22.3256947943816,23.3307882851001,34.4459877740456,31623.7939043358,32465.0346287385,815.605233100206,0
4883,21769,9.15784103466061,4154.16007094921,25.9471754460948,13.1178902165452,13.4775165372215,20.1757444507305,27628.1691600809,18500.6956284429,-1382.46119711548,0
4884,21770,6.32604359718246,5802.69523362784,26.4474157060338,10.5432597780244,10.7694457493086,16.1985325587652,30902.0166436411,17162.0121344432,617.24626104269,0
4884,21771,5.637884485847,3173.34503617856,27.6651998538003,15.9823044673137,16.5326455286417,24.6122146436597,30383.6274839186,22630.9472081526,382.192902899404,0
4884,21772,5.70131018729632,3729.87425074304,27.8275379466729,14.2990661480758,14.7432717085788,22.0068149923819,29410.5201221372,28773.0669042155,53.3309238756339,0
4884,21773,6.55065313006285,2882.78851297092,27.2440474283571,17.0494039489133,17.6672794573545,26.2639931068537,31623.6798157601,32464.8065549895,751.165283457966,0
4884,21774,7.02491211353701,3645.69361202957,26.8641117274962,14.4293796556684,14.8738582410501,22.2063325499155,24749.5619076765,22091.1312574824,805.404163110117,0
4885,21775,6.17832106087343,6446.93370762784,26.4474157060338,9.84804092111223,10.0411022228718,15.1253735650338,30896.8072998889,17162.4630361959,651.797689566372,0
4885,21776,6.13197444444751,2928.70225417857,27.6651998538003,16.9135989815407,17.5263764070157,26.0547418297832,30329.8112419798,22613.1800764389,373.95331119523,0
4885,21777,5.89530156011336,4300.30014533947,27.0727902226031,12.9109129651902,13.2669008918824,19.8579678872513,32903.2494498975,17968.0564962687,206.779133086372,0
4885,21778,5.72371848970394,2158.33030319431,27.8255578659863,21.1211654405765,22.0407637744414,32.5789012475575,29164.7634072241,28478.8301334637,413.553690652613,0
4885,21779,6.12698144256524,1443.47751697092,27.2440474283571,28.4814402605989,29.992549325755,44.0069952764041,31599.5591974522,32444.6559642367,758.81629504697,0
4885,21780,6.52905295547499,2148.6148360226,26.8968611747275,21.0218861594355,21.9221690190544,32.4216265733441,24779.5442467287,22776.9133193218,926.489633633631,0
4886,21781,6.19151076886755,3992.86286562784,26.4474157060338,13.5201804901459,13.9068259968339,20.7988874791287,30928.5688275037,17174.9431507857,668.523683108746,0
4886,21782,5.89393698814911,2830.95237914034,27.6720589530434,17.3276891984887,17.9689361723561,26.6963417637679,30301.3336119379,22717.1415269591,430.859778115479,0
4886,21783,5.54171426841168,2655.66277733947,27.0727902226031,18.0523406088439,18.7378196818323,27.8175925942902,32895.1357937379,17979.7980551847,193.684859965072,0
4886,21784,6.53048060470201,1181.83066297092,27.2440474283571,33.3273605163178,35.2653423378157,51.5417375444367,31592.9989521656,32469.8182916073,815.999804487316,0
4887,21785,5.64231541577574,2008.53889733947,27.0727902226031,22.1299164642284,23.1174607614856,34.1415109907933,32922.8764232692,17986.1582776698,215.813232845252,0
4887,21786,6.24005860009171,1516.58181097092,27.2440474283571,27.414124091308,28.8342162097273,42.3483251850002,31613.8528164544,32456.0661579666,843.675071497979,0
4887,21787,5.73263462174748,1559.98610114034,27.6720589530434,26.9380401725384,28.3248480511611,41.6104958850013,30302.2003189242,22783.539008753,387.585548094164,0
4888,21788,5.97805863721718,2504.80670333947,27.0727902226031,18.8275515172438,19.5680608075655,29.0192007110347,32894.4488714493,17975.0733027264,199.75188462844,0
4888,21789,6.38757337935319,1378.78715497092,27.2440474283571,29.5156198386378,31.1160374810741,45.6144885290076,31618.2270668658,32478.9623297813,792.583203669153,0
4888,21790,6.07331096305079,2147.38380516052,26.4812422509508,20.9540433825129,21.8438374926065,32.3149012072267,35719.5310768258,21229.8907427404,728.211394416694,0
4889,21791,5.64947579413332,1543.12951733947,27.0727902226031,27.0045865056835,28.3872780504081,41.7111960013976,32897.783882083,17960.5194723133,192.02577813144,0
4889,21792,6.14900531164413,1490.30479297092,27.2440474283571,27.7862957460165,29.2379873155863,42.9266617389092,31650.0190873088,32466.7086276098,767.50123916122,0
4889,21793,10.0264097562902,2244.32470082719,26.897823782256,20.3608956150679,21.2115403002563,31.3963083782824,23040.6516947647,26417.6671815615,-1046.58431348175,0
4890,21794,5.61728574640114,2157.92380648027,27.0590413433199,20.9848330632107,21.8843853344003,32.3647166647282,32885.7342046647,17980.9820306874,236.660915638811,0
4890,21795,6.43522279466297,1792.99366006728,27.2062266663602,24.1208412617399,25.2678578143477,37.2325881797025,31598.9546963079,32446.4094646161,797.570409331238,0
4890,21796,9.43957089779927,2436.41235005748,26.82005848976,19.1678811659335,19.9300073458803,29.5460252639997,23067.4600112688,26415.4270807944,-1063.62348137955,0
4891,21797,5.76967991833775,1644.25546048027,27.0590413433199,25.7210301774307,26.99645654805,39.7171021500581,32893.4732829883,17973.1247087909,215.435871407158,0
4891,21798,6.38265361523929,1155.58324606728,27.2062266663602,33.9151855125289,35.9055239654647,52.4558974899945,31611.622509818,32461.393375174,806.224621979216,0
4891,21799,9.97418221307658,2215.7329025252,26.7523061646794,20.526970121108,21.3881925828765,31.6533977844941,23052.2911439587,26444.7527454128,-1052.10010349331,0
4892,21800,5.66922086011756,1993.85213248027,27.0590413433199,22.248126552894,23.2446703562445,34.3249115741772,32897.1765752075,17983.3158777339,179.3054900834,0
4892,21801,6.35518013073568,1661.85085606728,27.2062266663602,25.5495879986775,26.8131573761726,39.4514401873373,31622.0796719513,32468.6444568572,785.628682491865,0
4892,21802,9.68003747814649,2596.2540785252,26.7523061646794,18.3001753339962,18.9995968894169,28.2007400929642,23021.7773140675,26438.849037982,-1043.27405141468,0
4893,21803,5.68932572625938,2295.14578648027,27.0590413433199,20.0581897527328,20.8883147206128,30.9273669178062,32891.6300104349,17973.231450696,200.720155413294,0
4893,21804,6.06333385562801,1320.77824606728,27.2062266663602,30.5130040095068,32.199839068458,47.1648759832565,31602.3540261626,32476.0280080553,842.808445339214,0
4893,21805,6.74762708568748,1915.14903054779,27.5330237388901,23.024587729307,24.0886047405213,35.531888815166,25899.6457712636,27236.0010659698,1150.55126282472,0
4894,21806,5.6752043900226,1498.83980848027,27.0590413433199,27.6129271999657,29.046786358523,42.6563915145108,32912.2120162983,17972.2157620024,203.100391962806,0
4894,21807,6.22493718527785,1492.64712406728,27.2062266663602,27.7421243111244,29.1894242747628,42.8578434410137,31633.5890831625,32456.8900991431,778.600934805931,0
4894,21808,7.01276597067015,1121.50819854779,27.5330237388901,34.8617533734972,36.9447065035976,53.9302838233437,25919.491172855,27269.3610433485,1097.54703310067,0
4894,21809,7.84840824319335,2065.51923483951,25.263681443222,21.3243827078,22.2256936949679,32.88486948937,36579.0892598213,15452.5717159708,1248.20883998287,0
4895,21810,6.03404108091588,3876.43146899607,26.2230469784033,13.7739991687898,14.1738286655028,21.1909845378019,34613.3677054206,15489.8454152656,494.993477761928,0
4895,21811,5.67635288649816,2411.42104048027,27.0590413433199,19.349979744831,20.1280910982773,29.8291292183357,32909.154535402,17985.0298615971,200.239019239006,0
4895,21812,6.30541155867278,1647.02735806728,27.2062266663602,25.7245812024983,27.0026058629691,39.7232565867404,31615.6712925157,32454.7665738081,752.563836303468,0
4896,21813,6.25272362924908,3034.48761899607,26.2230469784033,16.3148741790778,16.8734962866882,25.1234875540371,34583.5427434618,15473.374548051,531.038538009981,0
4896,21814,5.56904567640875,2125.28127448027,27.0590413433199,21.2216386595823,22.1391719126676,32.7321010444203,32904.5617200428,17976.94554166,221.63597728965,0
4896,21815,6.36498678182597,1997.65925206728,27.2062266663602,22.2459362750624,23.2443010233616,34.3220625336731,31628.9408312294,32479.6103047253,795.306678624758,0
4897,21816,6.00917582115111,3729.84843899607,26.2230469784033,14.1413656374693,14.5630940439108,21.7592651973871,34602.7993887746,15479.3015770908,515.781429177002,0
4897,21817,6.40172711814481,5506.55523406728,27.2062266663602,10.9587371126119,11.209886881736,16.8412999706078,31625.814018219,32441.2280741165,807.018446934556,0
4897,21818,5.86511845632468,2331.51071248027,27.0590413433199,19.8296577058338,20.642896512769,30.5729485754176,32919.3542079427,17987.8775023649,201.413505406692,0
4898,21819,6.22757243807232,3159.13275299607,26.2230469784033,15.8615927250682,16.390680700113,24.4216137794367,34601.3389447988,15484.3601563266,502.097435389106,0
4898,21820,5.65988412647891,2294.37487648027,27.0590413433199,20.0631072597017,20.8935966301134,30.9349935135687,32903.8925704907,17970.2563941025,237.825506657171,0
4898,21821,6.22558681400271,5295.12766006728,27.2062266663602,11.2450554258889,11.5109306629294,17.2835654741793,31614.523494528,32431.6844463933,782.981768021805,0
4898,21822,5.53351690399277,3169.11737423212,27.6962012612016,16.00090980746,16.5527604977417,24.6411055852759,29473.8730703169,30323.1547311711,372.752246510929,0
4899,21823,6.19670690843179,3461.65986299607,26.2230469784033,14.8857015705248,15.3529352574956,22.9109929049969,34604.3899602412,15470.4312833767,512.175670613279,0
4899,21824,5.73825367899667,4417.77131423212,27.6962012612016,12.7287553024942,13.0786557726674,19.5775019715183,29457.9704371119,30319.3696058123,356.189234444047,0
4899,21825,5.62562486620594,2532.27770248027,27.0590413433199,18.6779484355376,19.4075892467056,28.7872412196998,32895.5134418175,17961.2374156252,205.403346294739,0
4899,21826,6.67291222390473,5635.38530806728,27.2062266663602,10.7936152905431,11.0364026686167,16.5862778419557,31628.3340368302,32478.9195096353,745.668334313159,0
4900,21827,6.3667143257595,4000.32727773463,26.0749864590488,13.4688191913833,13.8496096966664,20.7186665488292,34603.1526392653,15475.7549213407,501.051297212849,0
4900,21828,5.80807316794767,5428.5985090001,27.7023281955903,11.093843558958,11.3547320200616,17.0507643239695,29429.5028028768,30320.969756253,347.586274318889,0
4900,21829,5.86001658995754,3068.63397888675,26.9686034937803,16.279259487696,16.8427301436149,25.0703153368364,32911.8313209273,17967.2146805864,217.50449419675,0
4900,21830,6.62489764678655,6122.19472000861,27.2622459670382,10.2285411310265,10.4437361843854,15.713831384944,31619.6919664975,32472.8055423986,800.937184729148,0
4900,21831,8.71961170737105,2063.41101357361,25.7982157804542,21.4452575288338,22.3630285342199,33.0744060997421,22384.5978000869,23602.9103359619,-1258.19764066533,0
4901,21832,6.23498869270387,3655.95076773463,26.0749864590488,14.3215332296584,14.7529060521909,22.0376652012107,34596.2425185468,15481.9920097167,486.178555397726,0
4901,21833,5.7811116406895,3309.1686850001,27.7023281955903,15.5239596472525,16.0446607383448,23.9025623132155,29433.5180071175,30310.7414829781,333.552557840188,0
4901,21834,5.81849568889017,2752.67100888675,26.9686034937803,17.5809112729231,18.2324493769216,27.0867282459535,32910.7798241885,17968.1271878525,221.429623423059,0
4901,21835,6.50840580788559,4554.64835200861,27.2622459670382,12.4357497028507,12.7661790554315,19.1236961692336,31620.2962698185,32452.7287029089,748.293251552597,0
4901,21836,8.74870533827773,1681.76651157361,25.7982157804542,24.9748848797041,26.1693071811475,38.5527576652355,22362.4961804531,23599.4525824759,-1276.2719446657,0
4902,21837,5.80311511945478,4221.02399899264,27.7080887720512,13.1284945935609,13.5015377057975,20.1956723389951,29429.7430169597,30332.7395308924,352.898076927471,0
4902,21838,6.19225355145998,6695.25242973463,26.0749864590488,9.59235135064593,9.77188937910029,14.7303120654687,34633.9341396355,15493.8307584582,511.09724810453,0
4902,21839,6.6230575970878,6744.72585239572,26.3547403632235,9.56156447387507,9.74106166563922,14.6831828928382,35088.4617452162,16649.2527941863,911.092310480597,0
4902,21840,5.87181011794705,3486.51125088675,26.9686034937803,14.8919524375157,15.3660046322304,22.9224379059527,32913.0912520222,17963.13110108,203.526606943945,0
4902,21841,6.14089999875639,3800.03759200861,27.2622459670382,14.0627264563713,14.488025602323,21.639893282974,31629.833801436,32473.7965946586,771.99693489048,0
4902,21842,9.21607555356879,2365.29567032427,25.8384381150661,19.4206965226737,20.1893791763001,29.9347598035465,22335.1005314123,23640.690993795,-1253.83928033418,0
4903,21843,6.21632537828963,9831.99711573463,26.0749864590488,7.5340232568936,7.62942547634449,11.5568452947261,34635.0571743948,15496.1509634369,539.225667585981,0
4903,21844,6.84754587011438,9945.91861439572,26.3547403632235,7.49000810690498,7.58475997196514,11.4893022868856,35097.8683379967,16593.3974048347,948.248711963667,0
4903,21845,5.80497037037063,4455.89753688675,26.9686034937803,12.5968120411262,12.9342744526643,19.372137061317,32906.5259883203,17988.0108920918,196.792383347747,0
4903,21846,6.60162687858886,3533.50096600862,27.2622459670382,14.7853322374713,15.2551826869442,22.7581002767851,31634.4395421859,32472.0791129413,796.809786042353,0
4903,21847,9.29160973005204,3089.99866413713,26.7278086608348,16.1707225800002,16.7247437405559,24.9015988427827,23454.8943699506,26655.5461010798,-1221.0574483076,0
4903,21848,5.91141127213277,1474.33247601488,27.702782640514,28.1473035181187,29.6374986886239,43.4898318863415,29407.4824731629,30301.1270614977,323.100012448551,0
4904,21849,6.23326440491116,9787.10812773463,26.0749864590488,7.55532805246873,7.65150648752481,11.5896663224509,34634.4537929331,15459.4419539251,511.86924129778,0
4904,21850,6.99286774953639,10262.6745203957,26.3547403632235,7.34674560906598,7.43633575525983,11.2686157206412,35113.3721911267,16610.3388901517,936.360697383022,0
4904,21851,5.77385731186705,4121.52083088675,26.9686034937803,13.2784387936974,13.6548823084114,20.4260956676119,32909.3031744591,17976.7406833796,195.456430636421,0
4904,21852,8.23285999177516,8841.72937437953,25.2025131564629,8.01324773536187,8.1232956410053,12.294331966149,36279.7559069135,15254.3295763386,1184.33655783393,0
4904,21853,5.37511312417415,7785.60545810537,27.3053085132661,8.76822250161944,8.91709667326428,13.4605369213774,31663.6235577797,32432.0366657846,705.334432015761,0
4905,21854,6.29042969703174,8237.66713173463,26.0749864590488,8.41073019502968,8.5397675884727,12.9079197297503,34613.1578410444,15462.4237400656,523.053824892701,0
4905,21855,6.82514372767299,8334.27619439572,26.3547403632235,8.36078744757835,8.48892933142833,12.8312369409267,35085.0753060295,16630.9699518132,919.072129009232,0
4905,21856,8.40282149505763,3975.58873784243,26.1099247790051,13.5288740471031,13.9134299774906,20.8116168970026,34732.4147435446,30462.9578367166,-1401.50345156084,0
4905,21857,6.22482091500789,2077.97883400862,27.2622459670382,21.6157825208226,22.566115472036,33.3443765799474,31623.776909112,32453.1280604901,832.250242887619,0
4905,21858,8.17794965858036,1524.1709944247,26.9405981117615,27.226576078646,28.6257813499448,42.055508259141,24257.3939856042,25978.2258869858,-1340.80832610923,0
4906,21859,6.10291364220805,3784.27424373463,26.0749864590488,13.9874725878071,14.398785760986,21.5208653770558,34602.351463543,15469.9079953206,529.316707447372,0
4906,21860,8.0944012897579,3981.03521578239,26.1446594792274,13.519520621027,13.9037998203648,20.7972254245708,34719.5717361706,30439.4370355219,-1393.0839088564,0
4906,21861,6.24331890441354,1716.81851200862,27.2622459670382,24.938904374886,26.1531782333976,38.5031875752419,31630.6980107264,32453.567808276,797.187980466224,0
4906,21862,6.67800232809544,2325.297840325,26.9033437717353,19.8420879617778,20.654372673558,30.591709549889,24465.5037346589,25304.4481464605,946.698859703661,0
4907,21863,6.03927139712546,3237.61094973463,26.0749864590488,15.5752612674539,16.0845803032208,23.9779436179677,34581.4807471714,15432.3845202556,507.470784829678,0
4907,21864,8.21983744504539,3878.17379578239,26.1446594792274,13.7623184817214,14.1608388603264,21.1727467548921,34750.8918533723,30450.3544616967,-1435.43722461705,0
4907,21865,6.52767341783777,2560.887936325,26.9033437717353,18.5040285036914,19.2195442201695,28.5171679323539,24444.4117670052,25301.5818940433,917.000689703681,0
4907,21866,6.15514691235997,1421.11946200861,27.2622459670382,28.8340515643581,30.3758063964876,44.5551354761133,31639.0766965474,32476.4196236244,756.767682580131,0
4908,21867,6.95577910822028,4122.13710418554,26.5032008434952,13.2360317310737,13.606577648869,20.3595671690964,34675.9262175737,28099.9345093668,1057.09587870357,0
4908,21868,6.45397078198688,1565.36773600862,27.2622459670382,26.7594499910478,28.1246234554045,41.331181401849,31612.9569270042,32474.6438885167,762.601215462941,0
4908,21869,6.6727740840004,2387.785602325,26.9033437717353,19.4633876105371,20.2479349298324,30.0044712429974,24466.7965079279,25296.7083767505,917.206632405885,0
4908,21870,5.81536007878705,2742.58322381207,26.9286112334772,17.6214160059411,18.2753360187748,27.1493761463285,34328.8647774742,18556.7990773996,507.148724490971,0
4909,21871,5.93100324112069,3683.66609981207,26.9286112334772,14.3333501921545,14.7724712406753,22.0578854132797,34336.0343486663,18574.9822646345,545.887995463366,0
4909,21872,6.99230692371415,3529.50554818554,26.5032008434952,14.7173373755816,15.1765462396314,22.6511041268473,34675.8191905299,28086.7472309858,1055.29513838395,0
4909,21873,6.86918037143255,2719.805526325,26.9033437717353,17.7229992143008,18.3836900727886,27.3067126090318,24462.7101046149,25273.7115893987,945.492037822576,0
4909,21874,6.32918134829186,1255.94648800862,27.2622459670382,31.7647279518224,33.5631767759999,49.1115134727527,31632.9876060827,32426.9837830846,793.731060356073,0
4910,21875,6.22806427538892,3739.53071165277,26.6118239294305,14.1547409966123,14.580434130348,21.7808282454579,34341.889314889,18621.7928087734,498.290469237067,0
4910,21876,6.63583111001658,1674.47956287,27.0770537725933,25.3713564107804,26.6182468750403,39.1740520508176,31636.9100825128,32449.3231279744,796.626822738514,0
4910,21877,6.30562329646272,2231.62427882763,26.6682136422407,20.4050826447983,21.2561574272814,31.4640537289188,24441.5708994308,25277.2798911576,927.030610032777,0
4911,21878,6.63050663989524,2244.42138482763,26.6682136422407,20.3200083987095,21.1647551737501,31.3321048661897,24473.04351816,25308.6213122835,993.906489460839,0
4911,21879,9.46560939164732,2747.63328026118,26.4883475319573,17.5369252390037,18.1803820034041,27.0171820974847,34796.5587503945,19213.2259469328,-1207.41407353825,0
4911,21880,6.06411296768779,1408.89005487,27.0770537725933,28.9735955240573,30.5241582684028,44.7711366270907,31635.4770391066,32438.7267176571,784.562885738761,0
4912,21881,9.5400849314189,4524.34377261204,25.7124178549027,12.3680355007241,12.684158875743,19.0161160652401,35689.2120706315,28166.2867077062,-1124.17604370798,0
4912,21882,9.64764412042219,4415.70185134815,24.7121248424383,12.4871361935769,12.8026023692657,19.1982148774094,36092.7931053392,14561.7408329981,-1143.35478407911,0
4912,21883,6.46525920908744,2400.51964682763,26.6682136422407,19.3502783488765,20.1238297303433,29.8283289705672,24442.9545681602,25316.2485381716,923.564443231862,0
4912,21884,6.53748055453308,1811.26102287,27.0770537725933,23.908570787602,25.0366218543889,36.9024760964462,31619.1735371331,32439.6909578076,776.530696510484,0
4913,21885,6.05081873360836,1015.13125287,27.0770537725933,37.5859190036032,39.9104489164999,58.1665412434926,31614.2439578187,32440.4595408716,768.40747043409,0
4913,21886,9.64906041549658,3409.06959934815,24.7121248424383,14.875950488737,15.3290666295676,22.892180066474,36093.0422742973,14496.7502486228,-1197.87120589671,0
4913,21887,10.3279182550463,2080.58598964151,25.8292579981126,21.32104473041,22.2298525318467,32.8818296289382,25947.01881122,19999.7633598165,-1106.06556532154,0
4914,21888,9.99988603093191,2469.6681098025,25.7772887722477,18.8159489415578,19.540690663613,28.9970973739223,25989.2155835691,19982.2720274502,-1021.31328229434,0
4915,21889,7.6322533202452,6158.98528615059,27.3592263635962,10.1942164695286,10.4082480151905,15.6609773654218,27852.3815945742,29555.8004568457,-1437.37744223295,0
4915,21890,8.75106426992028,4688.19881966051,27.290010636812,12.1991829456534,12.5166663107818,18.7580671511044,28422.7172243079,28942.1736626397,-15.7865365447509,0
4915,21891,10.1804389177579,2390.55788764151,25.8292579981126,19.270764189481,20.0285537602169,29.7022895207172,25994.9277086206,20041.3211289764,-1084.55295964909,0
4915,21892,8.64194894406297,4517.65805328228,27.4513832338708,12.5190067581957,12.8553688280575,19.2527547208661,28424.2390957898,28952.5561191515,-13.347840732644,0
4916,21893,7.94002360610399,6518.42776260713,27.3736826691755,9.82718868474928,10.0238197922386,15.0944471919121,27845.3659702706,29548.113339038,-1397.93672612296,0
4916,21894,6.79317226101812,6446.56049090157,27.2802318277282,9.89289390960235,10.0921596287321,15.1957345655521,27874.8835555733,28413.1566389144,879.533842905942,0
4916,21895,6.01794056972903,1707.58972251079,26.8042188526348,24.9318390710925,26.1385513079024,38.4902811106369,33609.0919170065,19121.1831388497,414.150603800928,0
4917,21896,5.91503068003055,3696.11902851079,26.8042188526348,14.2877513958314,14.7230772648034,21.9870518237686,33603.962879287,19090.5845512535,327.299963299235,0
4917,21897,6.6805775618819,3614.72172290157,27.2802318277282,14.5567563328689,15.0125090916886,22.4043858176172,27805.8664685758,28388.3446515169,895.549177838806,0
4917,21898,7.55917348223968,3062.41716950997,26.0337529777413,16.1868447508871,16.7352343092727,24.9247224465329,24598.7242258248,22016.7206016699,1175.79723109472,0
4917,21899,5.89489521606246,3100.38868641947,26.961168645606,16.1610148775738,16.7166091546963,24.887174657746,32261.4201457548,32166.0121981544,861.586762983547,0
4918,21900,7.10868555577183,3505.09571750997,26.0337529777413,14.7379583245112,15.194405568258,22.681903367201,24616.0318995553,22011.3082704502,1187.17678977811,0
4918,21901,6.84235849160075,4398.59498070792,27.4122726713447,12.7431845927642,13.0919672451203,19.5992774924224,30240.4950642506,29378.6933876707,1114.33262284941,0
4919,21902,6.39719611826176,3806.40066614654,27.4518669946759,14.0647354714114,14.4916402080905,21.6434103753889,28746.8119456236,30863.3146487901,856.481165946784,0
4920,21903,6.52069190823906,7278.4232418202,27.1886411162757,9.14671520067551,9.31151303885729,14.0442087908657,28749.4162905921,30892.6750066341,870.817035945891,0
4921,21904,6.64853215878792,5959.5504138202,27.1886411162757,10.405112841832,10.6285154750533,15.9863351609713,28736.8161647949,30896.154696914,844.468035515914,0
4922,21905,6.44012274488622,5993.4043758202,27.1886411162757,10.3667872862682,10.5883167817338,15.9271618854609,28738.1848237971,30888.8383566329,885.050234435896,0
4922,21906,6.33034191806866,2296.37948390188,26.8095852753686,20.0078123368596,20.8311774782949,30.8484014083991,31629.642341609,32457.6629675781,772.967021601597,0
4922,21907,4.86403900196537,860.912262337449,26.7997753761941,42.8703319693991,45.686805747394,66.3908084750446,31097.1209947965,19895.6132751538,496.41178300716,0
4923,21908,6.41676466727835,5866.1601738202,27.1886411162757,10.5128535208669,10.7415505638942,16.1526907290775,28739.136455286,30886.7223786481,870.019276269566,0
4923,21909,5.95026273585532,1351.75042190188,26.8095852753686,29.8405114494183,31.4613791220385,46.1173754158042,31621.1081880629,32441.322706496,770.441970127361,0
4924,21910,6.45444294188813,4992.1244418202,27.1886411162757,11.6913764594795,11.9806548608184,17.9731039431725,28749.880105333,30885.6004700718,848.883163174627,0
4925,21911,6.42802832534871,3086.78249390188,26.8095852753686,16.1925339507665,16.7487678734547,24.935590219355,31609.6050241,32435.903254209,869.904277812914,0
4926,21912,6.17349373491273,3272.17533590188,26.8095852753686,15.5450914480548,16.0592086238102,23.9330907844657,31631.3440484153,32452.4802933244,780.340833902872,0
4930,21913,9.69577400187078,1512.84845233074,26.6292681014159,27.2976780545441,28.697656926037,42.1645368152068,30158.8179400642,19889.1089757884,-1123.0663061095,0
4931,21914,5.7634066890137,4468.06983444865,26.4880386515534,12.5349892782086,12.8656876267282,19.2756538443463,33520.6629812091,18028.2008999272,318.857457084296,0
4932,21915,5.78276779492512,4443.77515644865,26.4880386515534,12.5809406102119,12.9141975667953,19.346686662475,33515.4431294409,18009.4638825444,254.308506129647,0
4933,21916,5.64068231107274,5061.82471644865,26.4880386515534,11.5352006806583,11.8118913167061,17.7306082637629,33528.9006704537,18025.5873264411,270.124166760643,0
4934,21917,5.63208622767597,3704.80285644865,26.4880386515534,14.233251055215,14.6626894046296,21.9020181426894,33520.8877801346,18023.6824581181,302.683956164214,0
4935,21918,5.70917404810708,2369.82902244865,26.4880386515534,19.5018021455233,20.2842099952922,30.0626736705453,33531.5539374787,18007.6769186179,236.620558566929,0
4936,21919,5.59318441165839,1490.46299844865,26.4880386515534,27.5729633648331,28.993757360375,42.5916058702272,33532.4842618596,18050.6379492356,266.278638617141,0
4937,21920,5.67029382381513,2932.59332244865,26.4880386515534,16.7459467066928,17.3357744985765,25.7918314957597,33508.4737352299,18013.806836853,285.152375399923,0
4938,21921,5.67271821320186,3472.64881644865,26.4880386515534,14.881668506125,15.3509529740881,22.905385271978,33511.8259279522,18020.8375551139,291.565323039205,0
4939,21922,5.81714246813129,4296.92781444865,26.4880386515534,12.8685485392396,13.217967319661,19.791319230394,33528.2475179901,18017.4325368978,258.460850914418,0
4940,21923,5.72644994267651,3548.39377345154,26.3899464039108,14.6513965193746,15.1055685356528,22.5487954082799,33508.2239922232,18011.6009900253,271.948296315212,0
4941,21924,5.78864777405008,2946.26901145154,26.3899464039108,16.678396909732,17.2627315748233,25.6869347169666,33532.6513241773,18013.0452401647,225.898149055714,0
4941,21925,6.30911724330158,5915.16436300001,25.6749992600567,10.3663937967771,10.5798034017026,15.9243157110615,35225.0532879584,24514.8664970874,827.714733628516,0
4942,21926,5.96496778700632,2628.74219545154,26.3899464039108,18.0845635107996,18.7648691313022,27.8654835036079,33502.510070059,18003.7633080085,289.837627173391,0
4942,21927,6.42019097628301,6258.26336500001,25.6749992600567,9.99547328768995,10.1914353948448,15.3518143700506,35197.9999184293,24494.4415141057,843.630314409243,0
4942,21928,4.53511750091743,5964.03107990431,25.6975903754421,10.3126230496784,10.5235948095553,15.8413480125582,35336.6743827855,26888.2247171349,-17.2780012734595,0
4943,21929,5.52975542376821,3849.37906345154,26.3899464039108,13.8558998392402,14.261903102004,21.3180329599027,33523.3068310606,18022.6636224888,280.134640794757,0
4943,21930,6.37492834312266,6280.22328700001,25.6749992600567,9.97294414493859,10.1678629652285,15.3170460240307,35194.9678746937,24502.1790348514,787.180711340216,0
4943,21931,4.50864182200112,6544.29138762247,25.4504536412049,9.70039388673136,9.88171842544408,14.8961603286818,35381.7986915912,26909.1928576395,-3.26812782358294,0
4944,21932,5.69753606678271,3315.40274545154,26.3899464039108,15.356234311146,15.8545002276875,23.6396823682397,33529.0785475579,18031.7830507445,294.612292767234,0
4944,21933,4.80536359374883,6463.55123537406,25.4583975070609,9.77834109439818,9.96323064655582,15.0164410833766,35431.4121139003,26965.0491031221,-273.394110656628,0
4945,21934,5.95209071110557,4594.06540988839,26.5129868961433,12.305607029631,12.6237999363356,18.9211419033268,33297.7932010292,20741.0091107543,301.138067044681,0
4945,21935,11.2995026058657,5945.49965017442,25.5838332906461,10.3266628346815,10.5376819519505,15.8628483973015,35440.5096299554,25739.7211678159,50.2091399721673,0
4946,21936,5.9921137941347,6178.28545988839,26.5129868961433,10.1261696437362,10.3326069926192,15.5547355968851,33275.7399223487,20730.711977058,324.371819568134,0
4946,21937,5.65935701363345,6494.05145456049,26.5678138843601,9.80837312169068,10.000193905648,15.0643207313512,32178.4579707095,21408.7331732539,196.416850205468,0
4947,21938,5.78908503982917,6708.64951388839,26.5129868961433,9.60263906072692,9.78475625810142,14.7467703872147,33273.9256915677,20728.6554350244,326.052778305459,0
4947,21939,7.41471374522412,3735.26359109758,25.4857804808016,14.0537479243423,14.4641708182466,21.6220530595761,26228.6605639793,19014.7687738297,1092.89117697974,0
4947,21940,5.44668398350233,6793.59746146232,26.5900394283207,9.52935392308481,9.70851573016888,14.6337933695669,32204.8782635865,21353.8829398627,159.285181553654,0
4947,21941,10.2438037854007,4748.68775319139,25.5806047706229,11.9657440831266,12.2593148143539,18.3941993375773,35370.3527647399,25702.3486201918,53.0846374899274,0
4948,21942,5.86418266250659,7619.82108188839,26.5129868961433,8.85370948594901,9.00289559129115,13.5914567674996,33267.604815359,20716.1015164677,350.235448103562,0
4948,21943,7.68693325896676,3691.47590309758,25.4857804808016,14.1673009345669,14.584477932305,21.7977045913188,26245.0937266063,19001.0203296141,1111.64704042971,0
4948,21944,5.84491700023854,5380.57672572245,26.5738249320392,11.0856315743393,11.339612831279,17.0362892050259,30795.6277094298,21273.7946307752,357.781045412607,0
4948,21945,6.41308544081746,9060.74629514784,26.4902867493836,7.9403275206001,8.05241932243069,12.1832982627207,32601.49044208,21277.1822919124,1034.98325045285,0
4949,21946,5.89597225243422,9520.64285588839,26.5129868961433,7.70061462367122,7.80368256181643,11.8139295291463,33258.8186567022,20733.9115811252,339.761469076571,0
4949,21947,6.13601827575924,10259.2910851478,26.4902867493836,7.35258241833801,7.44282455911358,11.2777294629177,32629.2056724255,21241.3419503981,1161.27437890835,0
4950,21948,5.84786485110115,6500.42049974921,26.7414403406408,9.81139868892874,10.0042142322766,15.0692263043325,33268.2848878033,20716.2277473943,348.151838391693,0
4950,21949,6.15530339281411,2496.6251111646,26.3327001320745,18.7569978479418,19.4840297731851,28.9075053243308,27499.5697307422,21413.2850004665,607.441423283129,0
4950,21950,8.50112503063151,2206.54273891389,25.6234037330122,20.3861254280895,21.2224642763131,31.4309756299411,27450.5971821687,18168.7222174049,-1356.88153232434,0
4950,21951,5.98440674587758,1951.78607713515,26.8052636842303,22.5518855816308,23.5686228653808,34.795377839024,26672.9570311348,25116.125988199,637.247299886908,0
4950,21952,10.537414780721,4969.87105186968,25.8897048824908,11.6329475366756,11.9109967685222,17.8805815525204,35476.8976577982,25731.2477140977,74.3543961204197,0
4951,21953,6.12938498399829,3345.85566913515,26.8052636842303,15.3054883541881,15.8042443835703,23.5621515757463,26680.8728099975,25103.1823992479,630.868348939679,0
4951,21954,6.29998922140132,3150.13653116459,26.3327001320745,15.9063927147873,16.4394155962892,24.4912631508084,27486.3959603606,21406.7700681928,604.715215501524,0
4951,21955,8.8251283552153,2565.34627891389,25.6234037330122,18.2867616615711,18.9725457082515,28.1764529235838,27472.1834882491,18140.9846111975,-1494.86932457787,0
4952,21956,6.08748408861999,4237.92028975387,26.7956238452105,13.0154684982232,13.3754654477402,20.0190926949992,26787.0778784567,25142.9335489506,562.881040658268,0
4952,21957,6.06327894063937,2017.35642710288,26.3495420435938,21.9148153629902,22.8759221288185,33.8050075475907,27480.0912935084,21410.3092659889,614.947594340739,0
4953,21958,5.96033588831795,4828.98799975387,26.7956238452105,11.923925304883,12.2232109533852,18.3317737882297,26774.23945329,25138.2019301941,565.723116646196,0
4953,21959,5.48427405132668,5217.11149638249,25.3370531613293,11.2283526344785,11.4821391382233,17.2546648153353,35309.4646449334,29756.8286137767,326.995892958848,0
4953,21960,6.31808563650786,2132.0067071646,26.3327001320745,21.0371574118001,21.9312723882097,32.4432964030201,27522.4269761619,21398.7750196875,625.978125419727,0
4954,21961,5.98985207459202,4457.01291175387,26.7956238452105,12.5807401784089,12.9161131784786,19.346963388138,26785.2563723269,25140.6127553093,578.043068732496,0
4954,21962,6.3697176769443,2739.25857710288,26.3495420435938,17.5555490985313,18.1988102883396,27.0456316651027,27501.4915022302,21390.0937848029,512.526881700085,0
4955,21963,6.19114449722598,4945.50553975387,26.7956238452105,11.7363623533993,12.0255970664566,18.0419413917416,26775.2275240623,25153.0677419381,592.734857864205,0
4955,21964,7.4430149227882,5046.38787191773,24.7927334384468,11.4373681161718,11.6983026539604,17.5765292506909,36416.698495088,16194.4719121758,1062.34042863565,0
4956,21965,7.3941331175531,7044.16809791773,24.7927334384468,9.22251554877659,9.37963548373583,14.1580922975705,36405.6865138661,16209.6411289881,1079.27982363293,0
4956,21966,5.984016293415,4446.13206775387,26.7956238452105,12.6014244915641,12.9379559825264,19.3789396158709,26780.3603957761,25123.7785726159,570.321280549395,0
4956,21967,6.68765058608697,4777.42414359305,23.8038983129192,11.7809818936873,12.0528097465325,18.1054256082987,36461.6171878874,16205.5799468246,1051.65185918795,0
4957,21968,6.23125651828534,2523.50455375387,26.7956238452105,18.6843904494163,19.4115317301192,28.79641162498,26777.7855790709,25128.9530114592,537.965267833046,0
4969,21969,5.7131402695821,3279.57997685734,27.3638818101659,15.5835707817454,16.1051433104883,23.9940361255775,29830.2494498679,30617.2294230081,319.231222054603,0
4969,21970,5.72000976340621,1449.92217634538,26.4289336781616,28.1483156912585,29.6168456842072,43.4853652433576,34368.9855096921,20256.7770522025,551.911553691191,0
4970,21971,5.7322440415715,5074.5241402219,27.3790929910132,11.5782057595546,11.8626159866269,17.7985564861781,29806.5097460426,30622.59092192,329.882701566376,0
4970,21972,6.00295892476652,2794.33607794893,26.5405905371509,17.3353274076048,17.9655290526706,26.7049889901585,34351.9941463191,20253.7979492519,533.619661404997,0
4970,21973,6.06331130946957,3110.70461782733,26.7883538963528,16.1024738389894,16.6525876113265,24.796069143346,30673.3675877243,22482.9040264819,284.186894754159,0
4971,21974,6.74316058080805,12437.9352626328,27.2721731110928,6.55775262555416,6.62319922273764,10.0544098636479,30172.5437063369,31261.4258208092,-831.411724764746,0
4971,21975,6.27381722333741,3500.44558594893,26.5405905371509,14.8055269728524,15.2705253152653,22.7876714291345,34353.3102638727,20261.4123686651,513.046681352797,0
4971,21976,6.95946142644059,3253.40799561309,26.9022833458224,15.6182279638797,16.1378926335072,24.0465528623587,31487.4343222022,21872.5021606412,1018.83480171661,0
4971,21977,5.35189031397358,11312.28292367,27.3002931481637,6.94851387971782,7.02708352417026,10.6560882321755,30222.6453094812,29885.6266380517,383.877656062836,0
4971,21978,5.74023374401186,10188.1552745675,27.4752026026772,7.41571449441093,7.51143948307864,11.3758700693272,29858.1747427834,30620.7787495108,295.249566410028,0
4972,21979,5.8748592583531,13029.5381300517,27.2801937378898,6.37612067429515,6.43579332807366,9.7748305123086,30715.0261105046,29653.9252698462,40.7166689733802,0
4972,21980,8.16727868053069,13930.5697339058,27.2450142556721,6.12369628689412,6.17551901938613,9.38633118995641,30340.6340180798,31139.2675717401,-1145.49686648625,0
4972,21981,7.54552873538152,3381.39389761256,26.9116717516401,15.2052596061424,15.6985835911687,23.4072570963767,31599.1667681467,21798.8136959814,1175.15651672232,0
4973,21982,5.86902868879136,13700.1478369966,27.0888345755903,6.18177513408297,6.23496742381007,9.4755975404898,30677.9151352625,31639.2353262942,569.422127508346,0
4973,21983,5.76545028803342,13496.0047580517,27.2801937378898,6.24230872488069,6.29782284061598,9.56888507472607,30716.1686223694,29677.8105645297,53.0189633153646,0
4973,21984,6.1258578215933,15784.8648742219,27.3790929910132,5.68594268689774,5.72542517903615,8.7129498683035,29891.1379565102,30638.9299850565,388.460524305134,0
4974,21985,5.80166441237511,12884.2986860517,27.2801937378898,6.41945144169064,6.4804910229628,9.84152505282866,30722.1892992319,29645.2320170815,42.6989638028408,0
4974,21986,5.80847667607419,14401.6051255322,27.392118444051,6.00601618952989,6.05468506459249,9.2053533835143,29859.9984736554,30617.8634975475,319.497723662122,0
4974,21987,5.79479153674791,11640.6507589966,27.0888345755903,6.82229684031031,6.89596218791224,10.4615597623799,30668.7696438583,31650.3632014533,555.724293054517,0
4974,21988,7.87721184218425,3103.24956961256,26.9116717516401,16.1445559185876,16.698599382944,24.8615573724754,31686.0361721216,21748.46859728,1248.32608325211,0
4975,21989,5.61912934234506,9942.94664605167,27.2801937378898,7.52194013261436,7.62095278354146,11.539353981589,30735.409552108,29633.4026847248,29.0381495639948,0
4975,21990,5.9579151026532,9952.74959353216,27.392118444051,7.52101731595339,7.62036474726215,11.5380344930697,29827.9553558245,30609.4798091808,326.472801049271,0
4975,21991,6.58080277438295,3592.55367181194,26.5238594880556,14.5410079157777,14.9895179877536,22.378288042789,32668.9087610848,17904.886770313,-329.72270894697,0
4976,21992,5.5898992940117,8240.95357405168,27.2801937378898,8.45774238840023,8.59348201199154,12.9817259952931,30775.3303627508,29634.6148980188,-6.85160884830176,0
4976,21993,5.67189056141195,3346.03695642815,26.4559486339127,15.2658827107088,15.759015162886,23.4999869217437,33011.381627196,17936.5653693311,222.834601870489,0
4976,21994,6.27854898466171,8211.15094465637,27.4115684826905,8.48240599081053,8.61968144262023,13.0198977135406,29816.1621700362,30606.2449918454,377.293070672944,0
4977,21995,5.85856635967125,3403.54684242815,26.4559486339127,15.0865576226202,15.5683823030056,23.2224184963309,32992.5975732305,17930.8459009395,167.260733568703,0
4977,21996,5.5018797621067,3539.32766605168,27.2801937378898,14.770350324081,15.2394127213261,22.7349536649804,30774.0320210038,29635.8020140706,-44.7978222214854,0
4978,21997,6.06864892224203,2625.67662642815,26.4559486339127,18.1093855874722,18.792151348681,27.904151020756,32975.3964620892,17919.598739739,229.104741484419,0
4979,21998,6.47897010480036,4265.18629484146,24.5932842233477,12.7693259420989,13.0992907172439,19.6340972926965,35232.2640431196,14914.7257258096,683.511627045699,0
4979,21999,7.29573492645315,1893.19353029099,26.122167242734,22.924332690692,23.9604904422534,35.3707541001485,34032.1783453194,30771.4298691936,1182.53417911395,0
4980,22000,7.26433116187304,3560.45916048069,26.0978494287659,14.5865806902043,15.034281636037,22.4478134035396,34010.3753090665,30811.0118027148,1170.26641800873,0
4980,22001,6.54771344835082,2238.03190026052,24.6466884626312,20.001258314459,20.796718605532,30.8306759389323,35230.1202445529,14941.0942913719,699.927524829865,0
4982,22002,5.80072057552893,5197.81361118055,27.0970354824441,11.3763625275144,11.6484357254373,17.4862373306785,30487.8119891296,31394.4045496228,457.077830872318,0
4983,22003,5.81507076764235,5107.00041318055,27.0970354824441,11.5098616253648,11.788945979505,17.6924882949158,30490.9667093735,31396.905288949,447.801298898361,0
4983,22004,8.84743154901624,3053.83966020469,26.8737672454493,16.3229889497196,16.8884476146871,25.1377900634794,24297.215155207,26986.9013732065,-1264.02153932024,0
4984,22005,5.76507750175803,2298.88282820893,26.9490222357123,20.0156857027899,20.8413294866806,30.8610798312102,32253.2506790344,18739.8110383565,417.576725057956,0
4984,22006,6.13638943346304,1273.55398662537,26.9870151382501,31.3261214962774,33.0805201129125,48.4280307316668,30857.2323188974,25738.5153723875,86.3293256919864,0
4984,22007,9.27902298958917,2706.79244893429,26.8529919420186,17.7766503718806,18.4405316059322,27.3897035959546,24330.6735457054,26958.4978719785,-1291.54311184038,0
4984,22008,5.83682297066946,2128.60064118055,27.0970354824441,21.2042943549569,22.1209967601516,32.7053269677611,30534.5981071246,31392.9483226439,428.050952781979,0
4985,22009,5.80972486254403,3869.18244620893,26.9490222357123,13.8604949597701,14.2711586631061,21.3263498193912,32229.0243192446,18729.6033810992,451.001334403023,0
4985,22010,5.92087312412984,2952.38104882456,26.977736273564,16.7296494626885,17.3232455085639,25.7679268169476,30855.7850166518,25758.5534152092,62.6873087112088,0
4985,22011,11.0673840998571,3514.59174738068,26.5801791275077,14.7685461692188,15.2315860268281,22.7305335167278,32433.4235637705,31454.4351611176,-1010.74407055411,0
4985,22012,7.53893094278407,2750.69114906629,26.2613072090165,17.491288732712,18.1292081178756,26.9458108461962,26929.1524716132,20686.1118784675,326.109566175295,0
4986,22013,5.83604446603178,4555.13816420893,26.9490222357123,12.4102746891526,12.7371851776961,19.0837370144327,32217.3245053268,18738.6891151219,432.940425926047,0
4986,22014,6.39982158550341,4257.0719711112,26.874725164805,12.9825934882326,13.3412751379897,19.9684157235001,27659.3882135397,25346.5142333086,883.07193406095,0
4986,22015,5.98031796139674,3897.6102463809,26.8528871492972,13.7823224442156,14.187571026055,21.2052163663332,32508.112585259,30016.1946843281,514.297481838709,0
4986,22016,5.799288480535,2866.81003882456,26.977736273564,17.0815946023865,17.6989890723022,26.3131277708382,30830.6931919506,25756.861312239,92.8851082359009,0
4986,22017,11.2623198532267,4607.66154667006,26.9382730891151,12.3144331820897,12.6359619445437,18.9355700922904,26344.1740597779,25680.8929336067,1235.55582818519,0
4987,22018,5.90245524575188,3768.56767820893,26.9490222357123,14.1128177715694,14.5386780224463,21.7167116294471,32226.9673131215,18736.9387016595,457.599180961362,0
4987,22019,6.11898837947555,2707.20964282455,26.977736273564,17.7923358026353,18.4586309686558,27.414374916464,30842.8194078122,25763.5327918991,86.0389983593014,0
4987,22020,6.19730429677695,5248.5240001523,26.5838145392429,11.2691066203046,11.5325487626641,17.3197033452281,32952.4997467465,30897.3703709823,791.064073446855,0
4988,22021,6.41715344061641,5749.4833441523,26.5838145392429,10.6150880926917,10.8455494378562,16.3096441466025,32955.7540833679,30946.9047275661,814.801432481758,0
4988,22022,5.96506768675999,3718.50684797242,26.9538664631351,14.2434207469702,14.6772553317799,21.9187937994362,30763.0736246797,25518.5975938468,185.836371577937,0
4988,22023,5.44739379738794,3812.22321020893,26.9490222357123,14.0018630708918,14.421018960157,21.5450505886669,32264.4419210689,18761.0427328429,432.294411771789,0
4988,22024,6.20302755894263,1999.54447234166,26.2748581841765,22.0440406136144,23.0140541955216,34.0052403254125,27154.8416307578,20551.0496821846,208.449872016146,0
4989,22025,5.71977923681345,4033.5458856495,27.0713355542912,13.483796419259,13.8730244668432,20.7439141630421,32496.9725386413,19549.5232713478,287.946534088926,0
4989,22026,6.25856310901356,4137.35326397242,26.9538664631351,13.2426516584763,13.6169059761025,20.3707209215371,30762.9528384761,25506.137772143,210.623186058552,0
4989,22027,6.43569248844133,2406.51918125244,26.8497495826647,19.3447429421641,20.1200281708572,29.8203352245851,24939.7888483091,26015.0570021562,824.321576426121,0
4989,22028,6.67272464606424,2504.74927238084,26.3034468263919,18.7086655433202,19.4319266503942,28.8324946424086,32949.0202466065,30939.9445156917,886.106198175883,0
4990,22029,5.67503884215649,2637.01568636732,27.2291696966016,18.1664376830992,18.8616266280189,27.9948912958116,32474.0354157332,19551.7802669187,267.858094658589,0
4990,22030,5.87262802906484,5282.73518230616,27.0858871639066,11.2544708698951,11.5201297471521,17.2979157670651,31921.5765159481,26304.3237676492,104.513715947615,0
4990,22031,10.4066634661887,6760.02390563553,27.6334161598016,9.61235391472537,9.8002064164196,14.7632247495472,26835.5565097045,30259.258496084,-1037.94524073919,0
4990,22032,5.61975087491048,4294.75820338795,27.6345661035527,12.9690922843159,13.332368564722,19.9490189271764,27957.2175416664,30294.4449221978,718.245670882207,0
4990,22033,6.48962244471635,2388.74028348788,27.0002872313813,19.4735383658884,20.2599668371034,30.0205253795374,24990.911654129,26070.6464553806,750.355321781428,0
4990,22034,4.58173029751009,4956.50078710971,27.5283828293596,11.771335019796,12.0669974625138,18.0972394040196,26147.1679213412,30338.7313502372,-290.515049617863,0
4990,22035,5.956880764895,5821.66823443393,27.0653918190396,10.5579027995791,10.7881637279527,16.2220689221966,30481.9772421826,25751.2121919399,-124.899645310314,0
4991,22036,5.91384789991711,5248.61690830616,27.0858871639066,11.3027217329926,11.5708873839118,17.3724540244209,31918.6030300306,26294.8518811664,111.698669685203,0
4991,22037,10.4235285537405,6952.37047598505,27.6391627131583,9.44074782928136,9.62074487094256,14.498416881005,26846.084358201,30249.2015913696,-980.043906164152,0
4991,22038,7.65362439893184,4815.98146738795,27.6345661035527,12.0071155851468,12.3162518542803,18.4618113349673,28030.0789155867,30150.922446441,589.471567032958,0
4991,22039,5.71028220996926,4971.5213873433,27.0503388603593,11.7137198491285,12.0033359837222,18.0073929906386,30307.2882028374,25675.2219359366,105.61777507105,0
4991,22040,5.67996048525711,5030.42071776006,27.4880924290431,11.6531393225834,11.9422072148532,17.9145251114356,25743.283843124,30290.815958172,601.941638583109,0
4992,22041,5.73643294186712,4378.94232430616,27.0858871639066,12.7550443255073,13.1022464356131,19.6169927893953,31920.3474208352,26309.5167233807,172.045609973303,0
4992,22042,10.3530739111507,6007.30738163553,27.6334161598016,10.3766614639537,10.6009871850966,15.9430464874582,26835.5098613414,30259.947773562,-1042.4657561504,0
4992,22043,5.10850254269105,4119.65150338795,27.6345661035527,13.3408595336766,13.7258168582815,20.5239755122637,27924.1414934604,30336.4055505195,758.634407909561,0
4992,22044,5.61075005121682,2553.56070429857,27.3119824183413,18.6037846976941,19.3309343759276,28.6730488541693,29569.2515010477,27539.0089857064,120.656329961528,0
4993,22045,5.72165827186244,4488.67585630616,27.0858871639066,12.544266587112,12.8795811307378,19.2911254016431,31926.2332225336,26293.5242122952,86.6046361542257,0
4993,22046,10.0068840257854,6262.45656563553,27.6334161598016,10.099541951457,10.3103892899259,15.5152019374691,26871.7074605398,30280.0586872975,-1012.3384701983,0
4993,22047,5.66757937460156,3330.04328229857,27.3119824183413,15.412578859191,15.9226605297112,23.7291711107875,29524.6482963301,27598.4234650077,153.206055527158,0
4993,22048,5.89592322980061,4579.53235738795,27.6345661035527,12.4192390077931,12.7512152796623,19.0988535277581,27973.1768587654,30296.4750760613,701.066076656962,0
4993,22049,6.33048731396347,3823.58484877253,26.8260620654538,13.9615821118028,14.3773452996482,21.4824666553378,25121.6114388692,24973.853897855,850.323018477044,0
4994,22050,5.89707540584571,4526.71475830616,27.0858871639066,12.4733362188889,12.8046813146186,19.1814738374112,31934.3216774751,26315.1096349666,156.98658980018,0
4994,22051,10.2466089845851,6769.07659163553,27.6334161598016,9.60407295567281,9.79154248575287,14.7504452075148,26853.0859291121,30278.8824592421,-1016.49911897529,0
4994,22052,6.40632229200489,4544.62798477253,26.8260620654538,12.419818586865,12.7464298955449,19.098261186566,25109.6559282437,24968.5931593579,795.329469939765,0
4994,22053,5.58966509802699,3697.32683229857,27.3119824183413,14.3349413875549,14.7772566737242,22.0612006506567,29580.2196344643,27613.8040081266,83.3986538034649,0
4994,22054,8.37257475126142,5391.94252368925,26.8226914905546,11.0865313422837,11.3420071951118,17.038078941599,23905.2300665402,26586.2734146459,-1493.94032154094,0
4994,22055,5.13821286959244,4627.69733376006,27.4880924290431,12.321023335894,12.6465497497907,18.9467585696084,25757.9820201255,30273.1524357917,711.785506609639,0
4994,22056,5.33205501148678,2074.04453637906,27.2950436292238,21.6523599468794,22.6059362916308,33.4012522804092,32229.5141454935,22515.9396136944,-105.203803310711,0
4995,22057,10.3871512338051,6554.32309163553,27.6334161598016,9.80589969146054,10.0027787909004,15.0619338770156,26853.9069318117,30266.699920993,-1030.47234578774,0
4995,22058,5.98865514601031,3668.42761630616,27.0858871639066,14.3900318011912,14.833905785858,22.1459448584692,31927.9524286764,26289.8898464657,124.144598557661,0
4995,22059,5.47821203659521,3366.49631229857,27.3119824183413,15.2961076332582,15.7987196294715,23.5488565966721,29561.8055279857,27628.2689574191,105.048584138323,0
4995,22060,6.45021159950743,4655.46786070474,27.639671841922,12.283203549237,12.6076141546506,18.8885687190329,27984.6633374275,30209.2024848886,608.32955695862,0
4995,22061,6.4980486267677,4257.47502277253,26.8260620654538,12.9776291994669,13.3356782446368,19.9606436185325,25135.8323896989,24961.2427370613,780.137548136137,0
4995,22062,8.08853919406796,4770.57463585178,26.846782249702,12.0248430619005,12.329915194723,18.4878216923207,23924.5928880077,26615.2414979467,-1433.86222505695,0
4995,22063,5.11632762899351,4736.94629376006,27.4880924290431,12.1298540329035,12.4447978344565,18.6512607998175,25748.8655992588,30267.0276617223,706.156890748208,0
4995,22064,5.45060731507201,2402.31876747021,27.2829746685809,19.4392663797629,20.2264944556222,29.9682936127633,32231.3624269415,22543.2028679818,-105.90014897381,0
4996,22065,10.0225486923744,6317.89600763554,27.6334161598016,10.041936053895,10.2500174616585,15.4262740721915,26844.178033618,30228.3599844597,-1037.33664906858,0
4996,22066,5.45297841251671,3502.37470629857,27.3119824183413,14.8814229078849,15.3577223125738,22.9069416305103,29530.518708333,27603.8632522519,97.9301901136425,0
4996,22067,6.214403544978,3506.60583389263,26.4342330906705,14.7762673121708,15.2385367655274,22.7421383675547,34931.3450999187,19011.6205692094,606.250895499053,0
4996,22068,6.50694117065167,2651.91177877253,26.8260620654538,18.0349273477997,18.7165261363282,27.7898727610095,25087.319618254,24963.9399413106,850.037947276011,0
4996,22069,4.85651951589073,3718.17436644829,27.6188757189002,14.3096766794245,14.7528870257306,22.0227800597107,27898.0412012869,30339.3283321443,832.236876721793,0
4997,22070,6.14311071876319,6639.95992815555,26.3919540793641,9.66001742387559,9.84416250851888,14.8351462445165,34928.3939647467,18973.20336412,660.47392943563,0
4997,22071,10.3303682819591,7036.71451763553,27.6334161598016,9.36769152621115,9.54434239384305,14.3856820056864,26827.933912092,30256.365586045,-1032.18845108143,0
4997,22072,5.92448506839324,3439.6209671421,27.0525157831545,15.0413539729928,15.5255250095559,23.1538814061031,32439.2207017672,27242.2936877649,339.066306037835,0
4997,22073,5.68428185393648,4562.31602492085,26.6907652463492,12.3768661869354,12.7001844338381,19.0316155812628,33024.426845499,17901.5545913094,195.611190785398,0
4997,22074,8.09886246496762,3221.90103229424,26.939160110064,15.7290080982616,16.2561706389388,24.2181650191485,25250.1037418447,25296.8031547259,354.988528729007,0
4998,22075,6.10868924503839,6797.88634815555,26.3919540793641,9.51547144690451,9.69306715574658,14.6121136470959,34938.512875245,18979.0746427057,660.227360348764,0
4998,22076,10.4611547720567,5824.64576363553,27.6334161598016,10.5881199720444,10.8229199643794,16.2695689586497,26819.3890031065,30242.9510061867,-1029.44844421828,0
4998,22077,5.80205917977931,3323.4998951421,27.0525157831545,15.4047411654184,15.9120278946969,23.7164058557346,32416.62733118,27243.7736287186,401.545333507824,0
4998,22078,6.71239042915049,3804.87793738795,27.6345661035527,14.0860399911781,14.5156648372435,21.6767658910269,27978.3373159005,30181.1586396497,624.744713498617,0
4998,22079,6.79051756497567,2128.53362581945,26.7347801514111,21.1374632274101,22.0444051721524,32.6003505286573,30555.9600192976,17931.1363489066,929.297256628755,0
4998,22080,6.53948356900249,2754.77532698134,26.7956165445344,17.5473429729828,18.1947538159134,27.0342155659409,25131.5296718273,24935.0604342762,849.549950589109,0
4999,22081,5.77423687727938,5715.0795303501,27.0530652629855,10.685445571879,10.9219703662457,16.4189984954353,34085.2595130693,23190.7763679001,52.4502263692029,0
4999,22082,6.20025214193174,6087.07711608899,27.261045788547,10.266800129284,10.4838414128118,15.7728954050249,31276.200130981,29100.9231673349,170.401473421824,0
4999,22083,8.46518631288777,6138.40966567374,27.2696893612137,10.2113919179275,10.4257964424675,15.6873667567182,31036.0570336744,30225.6087725045,164.899466564163,0
4999,22084,6.39883233123022,3410.44316677253,26.8260620654538,15.1058898648661,15.5921748927047,23.2532347038912,25110.0699584795,24969.0487382202,808.765091437427,0
5000,22085,8.27616760314516,7330.66436602965,27.3661863775542,9.11325649862583,9.2773539363875,13.9928080473279,31007.1048029784,30272.3557331751,163.034421734774,0
5000,22086,6.59918898393361,7005.75558287947,27.2888668380924,9.37759341432634,9.55313865795405,14.4005305340662,31265.9535179774,29138.4126611106,191.464583651478,0
5000,22087,7.05732683672771,2000.59248002042,26.8904278723892,22.1588173790436,23.1461350641481,34.1856797847216,30550.7822840735,17943.047784097,909.693513837364,0
5000,22088,6.38580812694869,1897.39610410958,26.8887959041362,23.0498273809099,24.1068266383542,35.568576551253,25110.8223336763,24939.3532381394,786.395559120605,0
